"",002
"Tue 16-Feb-21   5:28:30 pm"
"Energy Use","Hour"
"Meter","Mon","Day","Hr","Subhr","Tot","Clg","Htg","HPHtg","Dhw","DhwBU","DhwMFL","FanC","FanH","FanV","Fan","Aux","Proc","Lit","Rcp","Ext","Refr","Dish","Dry","Wash","Cook","User1","User2","BT","PV"
"MtrElec",1,1,1,"",15.9446,0,4.28392,2.06035,0,0,0.0330909,0,0.997903,0.756867,0,1.09188,0,0.537112,4.64792,0.23202,1.29578,0,0,0,0.00771089,0,0,0,0
"MtrElec",1,1,2,"",16.4757,0,4.88847,2.35959,0,0,0.0330909,0,1.14446,0.756867,0,1.09188,0,0.443701,4.27654,0.23202,1.24293,0,0,0,0.00616872,0,0,0,0
"MtrElec",1,1,3,"",17.2081,0,5.52364,2.6417,0,0,0.0330909,0,1.3031,0.756867,0,1.09188,0,0.35029,4.05412,0.226976,1.22181,0,0,0,0.00462654,0,0,0,0
"MtrElec",1,1,4,"",18.014,0,6.00535,2.83743,0,0,0.0330909,0,1.42464,0.756867,0,1.09188,0,0.396996,4.04258,0.226976,1.19355,0,0,0,0.00462654,0,0,0,0
"MtrElec",1,1,5,"",18.8034,0,6.59899,3.03083,0,0,0.0330909,0,1.57906,0.756867,0,1.09188,0,0.490407,3.83942,0.23202,1.14624,0,0,0,0.00462654,0,0,0,0
"MtrElec",1,1,6,"",19.1304,0,6.51338,2.91841,0,0,0.0330909,0,1.55766,0.756867,0,1.09188,0,0.723934,4.16041,0.226976,1.14005,0,0,0,0.00771089,0,0,0,0
"MtrElec",1,1,7,"",19.1092,0,5.62905,2.56187,0,0,0.0330909,0,1.3312,0.756867,0,1.09188,0,0.980813,4.67234,0.221932,1.15989,0,0,0.654821,0.0154218,0,0,0,0
"MtrElec",1,1,8,"",18.017,0,4.31979,2.07586,0,0,0.0330909,0,1.00557,0.756867,0,1.09188,0,0.957461,5.01958,0.2068,1.27103,0,0.276577,2.39027,0.0416388,0,0,0,-1.4294
"MtrElec",1,1,9,"",7.46661,0,2.81438,0.0933159,0.0264844,0,0.0330909,0,0.619854,0.756867,0,1.09188,0,0.793992,4.71994,0.181581,1.47694,0,1.00958,0.98054,0.0740246,0,0,0,-7.20587
"MtrElec",1,1,10,"",0.892966,0,0.41947,0,0.0264844,0,0.0330909,0,0.0886752,0.756867,0,0,0,0.677228,4.53847,0.151317,1.42455,0,0.414151,5.67248,0.0740246,0,0,0,-13.3838
"MtrElec",1,1,11,"",-6.32328,0,0,0,0.0264844,0,0.0330909,0,0,0.756867,0,0,0,0.630523,4.61538,0.121054,1.40268,0,2.39589,3.48997,0.0709402,0,0,0,-19.8661
"MtrElec",1,1,12,"",-12.299,0,0,0,0.0264844,0,0.0330909,0,0,0.756867,0,0,0,0.583817,4.54226,0.0807026,1.43358,3.08103,1.47406,0.0386261,0.0848198,0,0,0,-24.4344
"MtrElec",1,1,13,"",-17.1319,0,0,0,0.0264844,0,0.0330909,0,0,0.756867,0,0,0,0.490407,4.501,0.060527,1.4655,1.86899,0.0163145,0.514046,0.0971573,0,0,0,-26.9622
"MtrElec",1,1,14,"",-18.0184,0,0,0,0.0264844,0,0.0330909,0,0,0.756867,0,0,0,0.490407,4.63842,0.055483,1.48635,0,0.217118,0.369024,0.0909886,0,0,0,-26.1826
"MtrElec",1,1,15,"",-9.19504,0,0,0,0.0264844,0,0.0330909,0,0,0.756867,0,0,0,0.490407,4.86538,0.055483,1.46411,0,0.155865,0.673276,0.0956151,0,0,0,-17.8116
"MtrElec",1,1,16,"",-1.70532,0,0,0,0.0264844,0,0.0330909,0,0,0.756867,0,0,0,0.60717,5.1168,0.060527,1.51745,0,0.284372,0.208307,0.104868,0,0,0,-10.4213
"MtrElec",1,1,17,"",8.59745,0,0,0,0,0,0.0330909,0,0,0.756867,0,0,0,0.723934,5.74202,0.0958344,1.47084,0,0.0879827,0.881776,0.140338,0,0,0,-1.33523
"MtrElec",1,1,18,"",10.6372,0,0,0,0,0,0.0330909,0,0,0.756867,0,0,0,1.02752,6.47423,0.191669,1.56698,0,0.372436,0,0.214363,0,0,0,0
"MtrElec",1,1,19,"",11.8569,0,0,0,0,0,0.0330909,0,0,0.756867,0,0,0,1.96163,6.95786,0.242108,1.70642,0,0,0,0.198941,0,0,0,0
"MtrElec",1,1,20,"",15.3121,0,0,0,0,0,0.0330909,0,0,0.756867,0,0,0,2.73227,7.23308,0.302635,1.66748,2.47561,0,0,0.111037,0,0,0,0
"MtrElec",1,1,21,"",13.8929,0,0,0,0,0,0.0330909,0,0,0.756867,0,0,0,2.63885,7.49676,0.418645,1.61707,0,0,0.882255,0.0493497,0,0,0,0
"MtrElec",1,1,22,"",12.8989,0,0,0,0,0,0.0330909,0,0,0.756867,0,0,0,2.24186,7.42686,0.494303,1.5517,0,0.372638,0,0.0215905,0,0,0,0
"MtrElec",1,1,23,"",10.7511,0,0,0,0,0,0.0330909,0,0,0.756867,0,0,0,1.47122,6.63975,0.428733,1.40757,0,0,0,0.0138796,0,0,0,0
"MtrElec",1,1,24,"",9.11242,0,0,0,0,0,0.0330909,0,0,0.756867,0,0,0,0.910755,5.66234,0.297591,1.44407,0,0,0,0.00771089,0,0,0,0
"MtrElec",1,2,1,"",7.46923,0,0,0,0,0,0.0330909,0,0,0.756867,0,0,0,0.537112,4.63532,0.23202,1.26711,0,0,0,0.00771089,0,0,0,0
"MtrElec",1,2,2,"",8.63804,0,0,0,0,0,0.0330909,0,0,0.756867,0,0,0,0.443701,4.22793,0.23202,1.24063,1.69764,0,0,0.00616872,0,0,0,0
"MtrElec",1,2,3,"",7.47184,0,0.0441669,0,0,0,0.0330909,0,0.00927356,0.756867,0,0,0,0.35029,4.06638,0.23202,1.19567,0.777912,0,0,0.00616872,0,0,0,0
"MtrElec",1,2,4,"",7.40551,0,0.62861,0,0,0,0.0330909,0,0.133348,0.756867,0,0,0,0.396996,4.04224,0.23202,1.17617,0,0,0,0.00616872,0,0,0,0
"MtrElec",1,2,5,"",7.56618,0,0.873797,0,0,0,0.0330909,0,0.186766,0.756867,0,0,0,0.490407,3.85168,0.23202,1.13538,0,0,0,0.00616872,0,0,0,0
"MtrElec",1,2,6,"",8.02766,0,0.796653,0,0,0,0.0330909,0,0.169946,0.756867,0,0,0,0.723934,4.17266,0.186625,1.16629,0,0,0,0.0215905,0,0,0,0
"MtrElec",1,2,7,"",8.81752,0,0.621275,0,0,0,0.0330909,0,0.131897,0.756867,0,0,0,0.980813,4.75662,0.176537,1.33112,0,0,0,0.0293014,0,0,0,0
"MtrElec",1,2,8,"",9.57487,0,0.842969,0,0,0,0.0330909,0,0.180185,0.756867,0,0,0,0.957461,5.11646,0.171493,1.47779,0,0,0,0.0385545,0,0,0,0
"MtrElec",1,2,9,"",9.62803,0,0.920158,0,0,0,0.0330909,0,0.196419,0.756867,0,0,0,0.793992,4.74336,0.166449,1.4276,0,0,0.628229,0.0400967,0,0,0,-0.0782394
"MtrElec",1,2,10,"",8.2018,0,0.641523,0,0,0,0.0330909,0,0.134744,0.756867,0,0,0,0.677228,4.45277,0.14123,1.3053,0,0.265345,0.253982,0.0339279,0,0,0,-0.494203
"MtrElec",1,2,11,"",5.29856,0,0.214651,0,0,0,0.0330909,0,0.0442259,0.756867,0,0,0,0.630523,4.50554,0.110966,1.26954,0,0.107274,0,0.0323858,0,0,0,-2.4065
"MtrElec",1,2,12,"",5.40734,0,0,0,0,0,0.0330909,0,0,0.756867,0,0,0,0.583817,4.50554,0.0756587,1.28719,0,0,0.882056,0.0447232,0,0,0,-2.7616
"MtrElec",1,2,13,"",4.71767,0,0,0,0,0,0.0330909,0,0,0.756867,0,0,0,0.490407,4.51254,0.060527,1.33881,0,0.372554,0,0.0539763,0,0,0,-2.9011
"MtrElec",1,2,14,"",6.34464,0,0,0,0,0,0.0330909,0,0,0.756867,0,0,0,0.490407,4.61395,0.055483,1.30629,0,0,1.76392,0.0493497,0,0,0,-2.72471
"MtrElec",1,2,15,"",5.66742,0,0,0,0,0,0.0330909,0,0,0.756867,0,0,0,0.490407,4.7811,0.055483,1.33938,0,0.745026,0,0.0524341,0,0,0,-2.58637
"MtrElec",1,2,16,"",5.51266,0,0,0,0,0,0.0330909,0,0,0.756867,0,0,0,0.60717,4.9234,0.060527,1.3487,0,0,0,0.0801933,0,0,0,-2.29729
"MtrElec",1,2,17,"",8.24892,0,0.0235096,0,0,0,0.0330909,0,0.00492336,0.756867,0,0,0,0.723934,5.56121,0.0958344,1.37114,0,0,0,0.177351,0,0,0,-0.498939
"MtrElec",1,2,18,"",10.4319,0,0.187689,0,0,0,0.0330909,0,0.0392581,0.756867,0,0,0,1.02752,6.40183,0.186625,1.50135,0,0,0,0.297641,0,0,0,0
"MtrElec",1,2,19,"",15.307,0,0,0,0,0,0.0330909,0,0,0.756867,0,0,0,1.96163,6.96974,0.247152,1.63844,3.4225,0,0,0.277592,0,0,0,0
"MtrElec",1,2,20,"",14.5126,0,0,0,0,0,0.0330909,0,0,0.756867,0,0,0,2.73227,7.32996,0.327854,1.65593,1.52552,0,0,0.151134,0,0,0,0
"MtrElec",1,2,21,"",13.1617,0,0,0,0,0,0.0330909,0,0,0.756867,0,0,0,2.63885,7.6419,0.458996,1.56718,0,0,0,0.0647715,0,0,0,0
"MtrElec",1,2,22,"",12.7121,0,0.0413898,0,0,0,0.0330909,0,0.00865375,0.756867,0,0,0,2.24186,7.58459,0.529611,1.48517,0,0,0,0.0308436,0,0,0,0
"MtrElec",1,2,23,"",11.5833,0,0.606838,0,0,0,0.0330909,0,0.128632,0.756867,0,0,0,1.47122,6.72474,0.458996,1.3844,0,0,0,0.0185061,0,0,0,0
"MtrElec",1,2,24,"",10.3812,0,1.0931,0,0,0,0.0330909,0,0.235388,0.756867,0,0,0,0.910755,5.76204,0.317767,1.25673,0,0,0,0.0154218,0,0,0,0
"MtrElec",1,3,1,"",9.48477,0,1.61956,0,0,0,0.0330909,0,0.35189,0.756867,0,0,0,0.537112,4.64792,0.23202,1.29861,0,0,0,0.00771089,0,0,0,0
"MtrElec",1,3,2,"",10.0603,0,2.51998,0,0,0,0.0330909,0,0.54855,0.756867,0,0,0,0.443701,4.27654,0.23202,1.2434,0,0,0,0.00616872,0,0,0,0
"MtrElec",1,3,3,"",10.4152,0,3.09062,0,0,0,0.0330909,0,0.676801,0.756867,0,0,0,0.35029,4.05412,0.226976,1.22181,0,0,0,0.00462654,0,0,0,0
"MtrElec",1,3,4,"",12.0307,0,3.51121,0,0,0,0.0330909,0,0.77289,0.756867,0,1.09188,0,0.396996,4.04258,0.226976,1.19355,0,0,0,0.00462654,0,0,0,0
"MtrElec",1,3,5,"",12.4179,0,3.9491,0,0,0,0.0330909,0,0.874215,0.756867,0,1.09188,0,0.490407,3.83942,0.23202,1.14624,0,0,0,0.00462654,0,0,0,0
"MtrElec",1,3,6,"",12.8035,0,3.81805,0,0,0,0.0330909,0,0.844518,0.756867,0,1.09188,0,0.723934,4.16041,0.226976,1.14005,0,0,0,0.00771089,0,0,0,0
"MtrElec",1,3,7,"",13.9921,0,3.01327,0,0,0,0.0330909,0,0.660766,0.756867,0,1.09188,0,0.980813,4.67234,0.221932,1.15989,0,0,1.38578,0.0154218,0,0,0,0
"MtrElec",1,3,8,"",5.86039,0,1.09671,0,0.0264844,0,0.0330909,0,0.235551,0.756867,0,1.09188,0,0.957461,5.01958,0.2068,1.27103,0,0.585314,1.45432,0.0416388,0,0,0,-6.91635
"MtrElec",1,3,9,"",-5.76168,0,0.130387,0,0.0264844,0,0.0330909,0,0.0275054,0.756867,0,0,0,0.793992,4.71994,0.181581,1.47695,0,0.614262,2.45266,0.0740246,0,0,0,-17.0494
"MtrElec",1,3,10,"",-16.5075,0,0,0,0.0264844,0,0.0330909,0,0,0.756867,0,0,0,0.677228,4.53847,0.151317,1.4261,0,1.03593,0.364414,0.0740246,0,0,0,-25.5915
"MtrElec",1,3,11,"",-22.1103,0,0,0,0.0264844,0,0.0330909,0,0,0.756867,0,0,0,0.630523,4.61538,0.121054,1.4061,0,0.153917,1.32043,0.0709402,0,0,0,-31.2451
"MtrElec",1,3,12,"",-24.2786,0,0,0,0.0264844,0,0.0330909,0,0,0.756867,0,0,0,0.583817,4.54226,0.0807026,1.43202,0,0.557711,1.39571,0.0848198,0,0,0,-33.7721
"MtrElec",1,3,13,"",-24.8213,0,0,0,0.0264844,0,0.0330909,0,0,0.756867,0,0,0,0.490407,4.501,0.060527,1.45914,0,0.589505,0.448594,0.0971573,0,0,0,-33.284
"MtrElec",1,3,14,"",-21.201,0,0,0,0.0264844,0,0.0330909,0,0,0.756867,0,0,0,0.490407,4.63842,0.055483,1.47922,0,0.189473,0.88202,0.0909886,0,0,0,-29.8435
"MtrElec",1,3,15,"",-15.5505,0,0,0,0.0264844,0,0.0330909,0,0,0.756867,0,0,0,0.490407,4.86538,0.055483,1.45678,0,0.372539,0,0.0956151,0,0,0,-23.7031
"MtrElec",1,3,16,"",-5.4392,0,0,0,0.0264844,0,0.0330909,0,0,0.756867,0,0,0,0.60717,5.1168,0.060527,1.5119,0,0,1.292,0.104868,0,0,0,-14.9489
"MtrElec",1,3,17,"",5.42284,0,0,0,0.0264844,0,0.0330909,0,0,0.756867,0,0,0,0.723934,5.74202,0.0958344,1.46194,0,0.545702,0.472187,0.140338,0,0,0,-4.57555
"MtrElec",1,3,18,"",10.4564,0,0,0,0,0,0.0330909,0,0,0.756867,0,0,0,1.02752,6.47423,0.191669,1.55925,0,0.199438,0,0.214363,0,0,0,0
"MtrElec",1,3,19,"",11.8502,0,0,0,0,0,0.0330909,0,0,0.756867,0,0,0,1.96163,6.95786,0.242108,1.69969,0,0,0,0.198941,0,0,0,0
"MtrElec",1,3,20,"",14.2805,0,0,0,0,0,0.0330909,0,0,0.756867,0,1.09188,0,2.73227,7.23308,0.302635,1.65775,0,0,0.361887,0.111037,0,0,0,0
"MtrElec",1,3,21,"",14.7615,0,0,0,0,0,0.0330909,0,0,0.756867,0,1.09188,0,2.63885,7.49676,0.418645,1.6031,0,0.15285,0.520064,0.0493497,0,0,0,0
"MtrElec",1,3,22,"",14.2208,0,0.328591,0,0,0,0.0330909,0,0.0703117,0.756867,0,1.09188,0,2.24186,7.42686,0.494303,1.53576,0,0.219659,0,0.0215905,0,0,0,0
"MtrElec",1,3,23,"",13.2689,0,1.19021,0,0,0,0.0330909,0,0.260105,0.756867,0,1.09188,0,1.47122,6.63975,0.428733,1.38315,0,0,0,0.0138796,0,0,0,0
"MtrElec",1,3,24,"",12.4394,0,1.83952,0,0,0,0.0330909,0,0.410939,0.756867,0,1.09188,0,0.910755,5.66234,0.297591,1.42875,0,0,0,0.00771089,0,0,0,0
"MtrElec",1,4,1,"",12.4095,0,3.10744,0,0,0,0.0330909,0,0.697249,0.756867,0,1.09188,0,0.537112,4.64792,0.23202,1.29825,0,0,0,0.00771089,0,0,0,0
"MtrElec",1,4,2,"",15.0129,0,4.16885,1.79614,0,0,0.0330909,0,0.964667,0.756867,0,1.09188,0,0.443701,4.27654,0.23202,1.24298,0,0,0,0.00616872,0,0,0,0
"MtrElec",1,4,3,"",16.4146,0,5.02502,2.47111,0,0,0.0330909,0,1.17877,0.756867,0,1.09188,0,0.35029,4.05412,0.226976,1.22181,0,0,0,0.00462654,0,0,0,0
"MtrElec",1,4,4,"",17.5003,0,5.67978,2.7306,0,0,0.0330909,0,1.34334,0.756867,0,1.09188,0,0.396996,4.04258,0.226976,1.19355,0,0,0,0.00462654,0,0,0,0
"MtrElec",1,4,5,"",18.366,0,6.30522,2.96248,0,0,0.0330909,0,1.50371,0.756867,0,1.09188,0,0.490407,3.83942,0.23202,1.14624,0,0,0,0.00462654,0,0,0,0
"MtrElec",1,4,6,"",18.884,0,6.34198,2.88688,0,0,0.0330909,0,1.51426,0.756867,0,1.09188,0,0.723934,4.16041,0.226976,1.14005,0,0,0,0.00771089,0,0,0,0
"MtrElec",1,4,7,"",19.3656,0,5.89469,2.63787,0,0,0.0330909,0,1.39697,0.756867,0,1.09188,0,0.980813,4.67234,0.221932,1.15989,0,0,0.503799,0.0154218,0,0,0,0
"MtrElec",1,4,8,"",10.3619,0,3.57044,1.64018,0.0264844,0,0.0330909,0,0.820302,0.756867,0,1.09188,0,0.957461,5.01958,0.2068,1.27103,1.15916,0.21279,0.768643,0.0416388,0,0,0,-7.21444
"MtrElec",1,4,9,"",-4.206,0,1.32409,0.173652,0.0264844,0,0.0330909,0,0.288873,0.756867,0,1.09188,0,0.793992,4.71994,0.181581,1.47694,1.31639,0.324652,0.491988,0.0740246,0,0,0,-17.2804
"MtrElec",1,4,10,"",-16.6153,0,0.354696,0,0.0264844,0,0.0330909,0,0.0750372,0.756867,0,0,0,0.677228,4.53847,0.151317,1.42455,0,0.207801,0,0.0740246,0,0,0,-24.9349
"MtrElec",1,4,11,"",-22.0881,0,0,0,0.0264844,0,0.0330909,0,0,0.756867,0,0,0,0.630523,4.61538,0.121054,1.40222,0,0,0,0.0709402,0,0,0,-29.7446
"MtrElec",1,4,12,"",-23.4741,0,0,0,0.0264844,0,0.0330909,0,0,0.756867,0,0,0,0.583817,4.54226,0.0807026,1.42748,1.15919,0,0,0.0848198,0,0,0,-32.1688
"MtrElec",1,4,13,"",-22.891,0,0,0,0.0264844,0,0.0330909,0,0,0.756867,0,0,0,0.490407,4.501,0.060527,1.45609,1.31657,0,0,0.0971573,0,0,0,-31.6292
"MtrElec",1,4,14,"",-21.2468,0,0,0,0.0264844,0,0.0330909,0,0,0.756867,0,0,0,0.490407,4.63842,0.055483,1.47927,0,0,0,0.0909886,0,0,0,-28.8178
"MtrElec",1,4,15,"",-14.3953,0,0,0,0.0264844,0,0.0330909,0,0,0.756867,0,0,0,0.490407,4.86538,0.055483,1.45865,0,0,1.16947,0.0956151,0,0,0,-23.3467
"MtrElec",1,4,16,"",-5.58431,0,0,0,0.0264844,0,0.0330909,0,0,0.756867,0,0,0,0.60717,5.1168,0.060527,1.51452,0,0.493951,0.5946,0.104868,0,0,0,-14.8932
"MtrElec",1,4,17,"",4.63016,0,0,0,0.0264844,0,0.0330909,0,0,0.756867,0,0,0,0.723934,5.74202,0.0958344,1.46853,0,0.251141,0,0.140338,0,0,0,-4.60808
"MtrElec",1,4,18,"",10.2636,0,0,0,0,0,0.0330909,0,0,0.756867,0,0,0,1.02752,6.47423,0.191669,1.56585,0,0,0,0.214363,0,0,0,0
"MtrElec",1,4,19,"",11.8547,0,0,0,0,0,0.0330909,0,0,0.756867,0,0,0,1.96163,6.95786,0.242108,1.70417,0,0,0,0.198941,0,0,0,0
"MtrElec",1,4,20,"",12.832,0,0,0,0,0,0.0330909,0,0,0.756867,0,0,0,2.73227,7.23308,0.302635,1.66299,0,0,0,0.111037,0,0,0,0
"MtrElec",1,4,21,"",14.4032,0,0,0,0,0,0.0330909,0,0,0.756867,0,0,0,2.63885,7.49676,0.418645,1.60884,1.27111,0,0.129719,0.0493497,0,0,0,0
"MtrElec",1,4,22,"",15.6194,0,0,0,0,0,0.0330909,0,0,0.756867,0,1.09188,0,2.24186,7.42686,0.494303,1.54236,1.20354,0.0547896,0.752216,0.0215905,0,0,0,0
"MtrElec",1,4,23,"",13.3582,0,0.271409,0,0,0,0.0330909,0,0.0580179,0.756867,0,1.09188,0,1.47122,6.63975,0.428733,1.39356,0,0.317714,0.882053,0.0138796,0,0,0,0
"MtrElec",1,4,24,"",12.048,0,1.21523,0,0,0,0.0330909,0,0.265177,0.756867,0,1.09188,0,0.910755,5.66234,0.297591,1.43479,0,0.372553,0,0.00771089,0,0,0,0
"MtrElec",1,5,1,"",10.725,0,1.78042,0,0,0,0.0330909,0,0.396112,0.756867,0,1.09188,0,0.537112,4.63532,0.23202,1.25449,0,0,0,0.00771089,0,0,0,0
"MtrElec",1,5,2,"",12.4096,0,2.19424,0,0,0,0.0330909,0,0.495653,0.756867,0,1.09188,0,0.443701,4.22793,0.23202,1.23036,1.69764,0,0,0.00616872,0,0,0,0
"MtrElec",1,5,3,"",12.0932,0,2.9281,0,0,0,0.0330909,0,0.664925,0.756867,0,1.09188,0,0.35029,4.06638,0.23202,1.18558,0.777912,0,0,0.00616872,0,0,0,0
"MtrElec",1,5,4,"",14.5864,0,4.12292,1.77992,0,0,0.0330909,0,0.957106,0.756867,0,1.09188,0,0.396996,4.04224,0.23202,1.16714,0,0,0,0.00616872,0,0,0,0
"MtrElec",1,5,5,"",16.0188,0,4.88577,2.39612,0,0,0.0330909,0,1.14715,0.756867,0,1.09188,0,0.490407,3.85168,0.23202,1.12767,0,0,0,0.00616872,0,0,0,0
"MtrElec",1,5,6,"",16.7258,0,5.01857,2.38145,0,0,0.0330909,0,1.17969,0.756867,0,1.09188,0,0.723934,4.17266,0.186625,1.15942,0,0,0,0.0215905,0,0,0,0
"MtrElec",1,5,7,"",17.1473,0,4.69814,2.19844,0,0,0.0330909,0,1.09882,0.756867,0,1.09188,0,0.980813,4.75662,0.176537,1.32675,0,0,0,0.0293014,0,0,0,0
"MtrElec",1,5,8,"",11.741,0,3.93939,1.23714,0,0,0.0330909,0,0.899216,0.756867,0,1.09188,0,0.957461,5.11646,0.171493,1.47471,0,0,0,0.0385545,0,0,0,-3.97527
"MtrElec",1,5,9,"",-0.243937,0,1.97282,0,0.0264844,0,0.0330909,0,0.427182,0.756867,0,1.09188,0,0.793992,4.74336,0.166449,1.42486,0,0,0.628229,0.0400967,0,0,0,-12.3493
"MtrElec",1,5,10,"",-12.5057,0,0.165463,0,0.0264844,0,0.0330909,0,0.0347087,0.756867,0,0,0,0.677228,4.45277,0.14123,1.3031,0,0.265345,0.253982,0.0339279,0,0,0,-20.6498
"MtrElec",1,5,11,"",-15.9123,0,0,0,0.0264844,0,0.0330909,0,0,0.756867,0,0,0,0.630523,4.50554,0.110966,1.26791,0,0.107274,0,0.0323858,0,0,0,-23.3834
"MtrElec",1,5,12,"",-23.2637,0,0,0,0.0264844,0,0.0330909,0,0,0.756867,0,0,0,0.583817,4.50554,0.0756587,1.28823,0,0,0,0.0447232,0,0,0,-30.5782
"MtrElec",1,5,13,"",-23.1679,0,0,0,0.0264844,0,0.0330909,0,0,0.756867,0,0,0,0.490407,4.51254,0.060527,1.34431,0,0,0,0.0539763,0,0,0,-30.4461
"MtrElec",1,5,14,"",-19.4725,0,0,0,0.0264844,0,0.0330909,0,0,0.756867,0,0,0,0.490407,4.61395,0.055483,1.31765,0,0,0.881958,0.0493497,0,0,0,-27.6978
"MtrElec",1,5,15,"",-14.32,0,0,0,0.0264844,0,0.0330909,0,0,0.756867,0,0,0,0.490407,4.7811,0.055483,1.35363,0,0.372513,0,0.0524341,0,0,0,-22.242
"MtrElec",1,5,16,"",-6.25845,0,0,0,0.0264844,0,0.0330909,0,0,0.756867,0,0,0,0.60717,4.9234,0.060527,1.37076,0,0,0,0.0801933,0,0,0,-14.1169
"MtrElec",1,5,17,"",4.35323,0,0,0,0.0264844,0,0.0330909,0,0,0.756867,0,0,0,0.723934,5.56121,0.0958344,1.40956,0,0,0,0.177351,0,0,0,-4.4311
"MtrElec",1,5,18,"",10.2544,0,0,0,0,0,0.0330909,0,0,0.756867,0,0,0,1.02752,6.40183,0.186625,1.5508,0,0,0,0.297641,0,0,0,0
"MtrElec",1,5,19,"",13.6413,0,0,0,0,0,0.0330909,0,0,0.756867,0,0,0,1.96163,6.96974,0.247152,1.68395,1.71125,0,0,0.277592,0,0,0,0
"MtrElec",1,5,20,"",13.7833,0,0,0,0,0,0.0330909,0,0,0.756867,0,0,0,2.73227,7.32996,0.327854,1.68934,0.762762,0,0,0.151134,0,0,0,0
"MtrElec",1,5,21,"",13.1963,0,0,0,0,0,0.0330909,0,0,0.756867,0,0,0,2.63885,7.6419,0.458996,1.6018,0,0,0,0.0647715,0,0,0,0
"MtrElec",1,5,22,"",19.804,0,0,0,0,0,0.0330909,0,0,0.756867,0,0,0,2.24186,7.58459,0.529611,1.51852,4.95711,0,2.15151,0.0308436,0,0,0,0
"MtrElec",1,5,23,"",14.7537,0,0,0,0,0,0.0330909,0,0,0.756867,0,0,0,1.47122,6.72474,0.458996,1.41951,2.46723,0.908732,0.494762,0.0185061,0,0,0,0
"MtrElec",1,5,24,"",9.30497,0,0,0,0,0,0.0330909,0,0,0.756867,0,0,0,0.910755,5.76204,0.317767,1.30006,0,0.208973,0,0.0154218,0,0,0,0
"MtrElec",1,6,1,"",8.3607,0,0,0,0,0,0.0330909,0,0,0.756867,0,0,0,0.537112,4.63532,0.23202,1.27651,0,0,0.882062,0.00771089,0,0,0,0
"MtrElec",1,6,2,"",8.40954,0,0,0,0,0,0.0330909,0,0,0.756867,0,1.09188,0,0.443701,4.22793,0.23202,1.24532,0,0.372557,0,0.00616872,0,0,0,0
"MtrElec",1,6,3,"",8.73467,0,0.823056,0,0,0,0.0330909,0,0.177291,0.756867,0,1.09188,0,0.35029,4.06638,0.23202,1.19763,0,0,0,0.00616872,0,0,0,0
"MtrElec",1,6,4,"",9.26797,0,1.25766,0,0,0,0.0330909,0,0.274053,0.756867,0,1.09188,0,0.396996,4.04224,0.23202,1.17698,0,0,0,0.00616872,0,0,0,0
"MtrElec",1,6,5,"",9.50054,0,1.55929,0,0,0,0.0330909,0,0.343193,0.756867,0,1.09188,0,0.490407,3.85168,0.23202,1.13594,0,0,0,0.00616872,0,0,0,0
"MtrElec",1,6,6,"",10.0255,0,1.53517,0,0,0,0.0330909,0,0.337911,0.756867,0,1.09188,0,0.723934,4.17266,0.186625,1.16579,0,0,0,0.0215905,0,0,0,0
"MtrElec",1,6,7,"",10.9275,0,1.45305,0,0,0,0.0330909,0,0.319547,0.756867,0,1.09188,0,0.980813,4.75662,0.176537,1.32976,0,0,0,0.0293014,0,0,0,0
"MtrElec",1,6,8,"",8.1835,0,1.35569,0,0,0,0.0330909,0,0.297281,0.756867,0,1.09188,0,0.957461,5.11646,0.171493,1.47601,0,0,0.881945,0.0385545,0,0,0,-3.99324
"MtrElec",1,6,9,"",-0.622729,0,0.714918,0,0.0264844,0,0.0330909,0,0.153459,0.756867,0,0,0,0.793992,4.74336,0.166449,1.42589,0,0.372507,0,0.0400967,0,0,0,-9.84985
"MtrElec",1,6,10,"",-9.70483,0,0.00321905,0,0.0264844,0,0.0330909,0,0.000665247,0.756867,0,0,0,0.677228,4.45277,0.14123,1.30514,0,0,0.476651,0.0339279,0,0,0,-17.6121
"MtrElec",1,6,11,"",-13.0209,0,0,0,0.0264844,0,0.0330909,0,0,0.756867,0,0,0,0.630523,4.50554,0.110966,1.27208,0,0.201323,1.28735,0.0323858,0,0,0,-21.8775
"MtrElec",1,6,12,"",-13.4732,0,0,0,0.0264844,0,0.0330909,0,0,0.756867,0,0,0,0.583817,4.50554,0.0756587,1.29567,0,0.543737,0,0.0447232,0,0,0,-21.3388
"MtrElec",1,6,13,"",-4.7301,0,0,0,0.0264844,0,0.0330909,0,0,0.756867,0,0,0,0.490407,4.51254,0.060527,1.35106,0,0,0,0.0539763,0,0,0,-12.015
"MtrElec",1,6,14,"",-3.8518,0,0,0,0.0264844,0,0.0330909,0,0,0.756867,0,0,0,0.490407,4.61395,0.055483,1.32071,0,0,0.400627,0.0493497,0,0,0,-11.5988
"MtrElec",1,6,15,"",-2.35768,0,0,0,0.0264844,0,0.0330909,0,0,0.756867,0,0,0,0.490407,4.7811,0.055483,1.35167,0,0.169213,0.481249,0.0524341,0,0,0,-10.5557
"MtrElec",1,6,16,"",0.629631,0,0,0,0.0264844,0,0.0330909,0,0,0.756867,0,0,0,0.60717,4.9234,0.060527,1.36395,0,0.203265,0,0.0801933,0,0,0,-7.42531
"MtrElec",1,6,17,"",6.73625,0,0,0,0.0264844,0,0.0330909,0,0,0.756867,0,0,0,0.723934,5.56121,0.0958344,1.39536,0,0,0,0.177351,0,0,0,-2.03387
"MtrElec",1,6,18,"",10.2345,0,0,0,0,0,0.0330909,0,0,0.756867,0,0,0,1.02752,6.40183,0.186625,1.53088,0,0,0,0.297641,0,0,0,0
"MtrElec",1,6,19,"",11.9119,0,0,0,0,0,0.0330909,0,0,0.756867,0,0,0,1.96163,6.96974,0.247152,1.66584,0,0,0,0.277592,0,0,0,0
"MtrElec",1,6,20,"",13.0076,0,0,0,0,0,0.0330909,0,0,0.756867,0,0,0,2.73227,7.32996,0.327854,1.67648,0,0,0,0.151134,0,0,0,0
"MtrElec",1,6,21,"",13.7268,0,0,0,0,0,0.0330909,0,0,0.756867,0,0,0,2.63885,7.6419,0.458996,1.59025,0.54211,0,0,0.0647715,0,0,0,0
"MtrElec",1,6,22,"",14.4433,0,0,0,0,0,0.0330909,0,0,0.756867,0,0,0,2.24186,7.58459,0.529611,1.5113,0.873087,0,0.882062,0.0308436,0,0,0,0
"MtrElec",1,6,23,"",12.3086,0,0,0,0,0,0.0330909,0,0,0.756867,0,0,0,1.47122,6.72474,0.458996,1.41236,1.06029,0.372557,0,0.0185061,0,0,0,0
"MtrElec",1,6,24,"",9.08621,0,0,0,0,0,0.0330909,0,0,0.756867,0,0,0,0.910755,5.76204,0.317767,1.29028,0,0,0,0.0154218,0,0,0,0
"MtrElec",1,7,1,"",7.47233,0,0,0,0,0,0.0330909,0,0,0.756867,0,0,0,0.537112,4.63532,0.23202,1.2702,0,0,0,0.00771089,0,0,0,0
"MtrElec",1,7,2,"",7.48552,0,0.448534,0,0,0,0.0330909,0,0.0957118,0.756867,0,0,0,0.443701,4.22793,0.23202,1.24149,0,0,0,0.00616872,0,0,0,0
"MtrElec",1,7,3,"",9.03039,0,1.06767,0,0,0,0.0330909,0,0.231127,0.756867,0,1.09188,0,0.35029,4.06638,0.23202,1.1949,0,0,0,0.00616872,0,0,0,0
"MtrElec",1,7,4,"",9.52386,0,1.46646,0,0,0,0.0330909,0,0.321988,0.756867,0,1.09188,0,0.396996,4.04224,0.23202,1.17615,0,0,0,0.00616872,0,0,0,0
"MtrElec",1,7,5,"",9.82438,0,1.82175,0,0,0,0.0330909,0,0.405259,0.756867,0,1.09188,0,0.490407,3.85168,0.23202,1.13525,0,0,0,0.00616872,0,0,0,0
"MtrElec",1,7,6,"",10.4389,0,1.86977,0,0,0,0.0330909,0,0.417472,0.756867,0,1.09188,0,0.723934,4.17266,0.186625,1.16497,0,0,0,0.0215905,0,0,0,0
"MtrElec",1,7,7,"",11.228,0,1.69702,0,0,0,0.0330909,0,0.376874,0.756867,0,1.09188,0,0.980813,4.75662,0.176537,1.32898,0,0,0,0.0293014,0,0,0,0
"MtrElec",1,7,8,"",6.73509,0,1.08433,0,0.0264844,0,0.0330909,0,0.235848,0.756867,0,1.09188,0,0.957461,5.11646,0.171493,1.47535,0,0,0.881945,0.0385545,0,0,0,-5.13468
"MtrElec",1,7,9,"",-6.4915,0,0.187831,0,0.0264844,0,0.0330909,0,0.0397192,0.756867,0,0,0,0.793992,4.74336,0.166449,1.42581,0,0.372507,0,0.0400967,0,0,0,-15.0777
"MtrElec",1,7,10,"",-13.5756,0,0,0,0.0264844,0,0.0330909,0,0,0.756867,0,0,0,0.677228,4.45277,0.14123,1.3074,0.484958,0,0.881802,0.0339279,0,0,0,-22.3714
"MtrElec",1,7,11,"",-17.4069,0,0,0,0.0264844,0,0.0330909,0,0,0.756867,0,0,0,0.630523,4.50554,0.110966,1.27916,1.69357,0.372447,0.881985,0.0323858,0,0,0,-27.7299
"MtrElec",1,7,12,"",-22.5809,0,0,0,0.0264844,0,0.0330909,0,0,0.756867,0,0,0,0.583817,4.50554,0.0756587,1.30812,0.296245,0.372524,0,0.0447232,0,0,0,-30.584
"MtrElec",1,7,13,"",-23.1403,0,0,0,0.0264844,0,0.0330909,0,0,0.756867,0,0,0,0.490407,4.51254,0.060527,1.36218,0,0,0,0.0539763,0,0,0,-30.4363
"MtrElec",1,7,14,"",-19.229,0,0,0,0.0264844,0,0.0330909,0,0,0.756867,0,0,0,0.490407,4.61395,0.055483,1.33216,0,0,0,0.0493497,0,0,0,-26.5868
"MtrElec",1,7,15,"",-6.86838,0,0,0,0.0264844,0,0.0330909,0,0,0.756867,0,0,0,0.490407,4.7811,0.055483,1.36161,0,0,0.673737,0.0524341,0,0,0,-15.0996
"MtrElec",1,7,16,"",1.39266,0,0,0,0.0264844,0,0.0330909,0,0,0.756867,0,0,0,0.60717,4.9234,0.060527,1.37435,0,0.284566,1.97224,0.0801933,0,0,0,-8.72623
"MtrElec",1,7,17,"",9.59447,0,0,0,0,0,0.0330909,0,0,0.756867,0,0,0,0.723934,5.56121,0.0958344,1.40984,0,0.833016,0.881924,0.177351,0,0,0,-0.878601
"MtrElec",1,7,18,"",11.5065,0,0,0,0,0,0.0330909,0,0,0.756867,0,0,0,1.02752,6.40183,0.186625,1.54842,0,0.372498,0.882049,0.297641,0,0,0,0
"MtrElec",1,7,19,"",12.3013,0,0,0,0,0,0.0330909,0,0,0.756867,0,0,0,1.96163,6.96974,0.247152,1.68264,0,0.372551,0,0.277592,0,0,0,0
"MtrElec",1,7,20,"",13.0208,0,0,0,0,0,0.0330909,0,0,0.756867,0,0,0,2.73227,7.32996,0.327854,1.68965,0,0,0,0.151134,0,0,0,0
"MtrElec",1,7,21,"",13.1977,0,0,0,0,0,0.0330909,0,0,0.756867,0,0,0,2.63885,7.6419,0.458996,1.60318,0,0,0,0.0647715,0,0,0,0
"MtrElec",1,7,22,"",12.6988,0,0,0,0,0,0.0330909,0,0,0.756867,0,0,0,2.24186,7.58459,0.529611,1.52195,0,0,0,0.0308436,0,0,0,0
"MtrElec",1,7,23,"",10.8829,0,0,0,0,0,0.0330909,0,0,0.756867,0,0,0,1.47122,6.72474,0.458996,1.41947,0,0,0,0.0185061,0,0,0,0
"MtrElec",1,7,24,"",10.1824,0,0,0,0,0,0.0330909,0,0,0.756867,0,1.09188,0,0.910755,5.76204,0.317767,1.29457,0,0,0,0.0154218,0,0,0,0
"MtrElec",1,8,1,"",8.67914,0,0.0928578,0,0,0,0.0330909,0,0.0199116,0.756867,0,1.09188,0,0.537112,4.63532,0.23202,1.27237,0,0,0,0.00771089,0,0,0,0
"MtrElec",1,8,2,"",9.33867,0,1.07109,0,0,0,0.0330909,0,0.233441,0.756867,0,1.09188,0,0.443701,4.22793,0.23202,1.24247,0,0,0,0.00616872,0,0,0,0
"MtrElec",1,8,3,"",9.81751,0,1.70505,0,0,0,0.0330909,0,0.37967,0.756867,0,1.09188,0,0.35029,4.06638,0.23202,1.19609,0,0,0,0.00616872,0,0,0,0
"MtrElec",1,8,4,"",11.027,0,2.1681,0.623977,0,0,0.0330909,0,0.499244,0.756867,0,1.09188,0,0.396996,4.04224,0.23202,1.17645,0,0,0,0.00616872,0,0,0,0
"MtrElec",1,8,5,"",12.1071,0,2.60239,1.29162,0,0,0.0330909,0,0.616539,0.756867,0,1.09188,0,0.490407,3.85168,0.23202,1.13443,0,0,0,0.00616872,0,0,0,0
"MtrElec",1,8,6,"",13.8799,0,3.35371,1.58695,0,0,0.0330909,0,0.789991,0.756867,0,1.09188,0,0.723934,4.17266,0.186625,1.16258,0,0,0,0.0215905,0,0,0,0
"MtrElec",1,8,7,"",15.3637,0,3.65493,1.70298,0,0,0.0330909,0,0.853866,0.756867,0,1.09188,0,0.980813,4.75662,0.176537,1.32681,0,0,0,0.0293014,0,0,0,0
"MtrElec",1,8,8,"",7.69307,0,2.51617,0.730789,0.0264844,0,0.0330909,0,0.568932,0.756867,0,1.09188,0,0.957461,5.11646,0.171493,1.47471,0,0,0,0.0385545,0,0,0,-5.78982
"MtrElec",1,8,9,"",-6.34958,0,0.655684,0,0.0264844,0,0.0330909,0,0.141265,0.756867,0,0,0,0.793992,4.74336,0.166449,1.42486,0,0,0.287278,0.0400967,0,0,0,-15.419
"MtrElec",1,8,10,"",-14.5137,0,0,0,0.0264844,0,0.0330909,0,0,0.756867,0,0,0,0.677228,4.45277,0.14123,1.30356,0.484958,0.121338,0.594891,0.0339279,0,0,0,-23.14
"MtrElec",1,8,11,"",-19.2703,0,0,0,0.0264844,0,0.0330909,0,0,0.756867,0,0,0,0.630523,4.50554,0.110966,1.27249,1.69357,0.251264,0,0.0323858,0,0,0,-28.5835
"MtrElec",1,8,12,"",-20.8719,0,0,0,0.0264844,0,0.0330909,0,0,0.756867,0,0,0,0.583817,4.50554,0.0756587,1.29834,0.296245,0,1.76411,0.0447232,0,0,0,-30.2568
"MtrElec",1,8,13,"",-20.2265,0,0,0,0.0264844,0,0.0330909,0,0,0.756867,0,0,0,0.490407,4.51254,0.060527,1.35479,0,0.745108,0,0.0539763,0,0,0,-28.2603
"MtrElec",1,8,14,"",-19.9306,0,0,0,0.0264844,0,0.0330909,0,0,0.756867,0,0,0,0.490407,4.61395,0.055483,1.33031,0,0,0,0.0493497,0,0,0,-27.2865
"MtrElec",1,8,15,"",-14.7229,0,0,0,0.0264844,0,0.0330909,0,0,0.756867,0,0,0,0.490407,4.7811,0.055483,1.36364,0,0,0.336868,0.0524341,0,0,0,-22.6193
"MtrElec",1,8,16,"",-3.67758,0,0,0,0.0264844,0,0.0330909,0,0,0.756867,0,0,0,0.60717,4.9234,0.060527,1.37738,1.26327,0.142283,1.4272,0.0801933,0,0,0,-14.3755
"MtrElec",1,8,17,"",7.04967,0,0,0,0.0264844,0,0.0330909,0,0,0.756867,0,0,0,0.723934,5.56121,0.0958344,1.41612,1.21212,0.602807,0.881924,0.177351,0,0,0,-4.43807
"MtrElec",1,8,18,"",11.5152,0,0,0,0,0,0.0330909,0,0,0.756867,0,0,0,1.02752,6.40183,0.186625,1.55708,0,0.372498,0.882049,0.297641,0,0,0,0
"MtrElec",1,8,19,"",12.985,0,0,0,0,0,0.0330909,0,0,0.756867,0,0,0,1.96163,6.96974,0.247152,1.68875,0,0.372551,0.677641,0.277592,0,0,0,0
"MtrElec",1,8,20,"",13.5147,0,0,0,0,0,0.0330909,0,0,0.756867,0,0,0,2.73227,7.32996,0.327854,1.69315,0,0.286215,0.204201,0.151134,0,0,0,0
"MtrElec",1,8,21,"",13.2881,0,0,0,0,0,0.0330909,0,0,0.756867,0,0,0,2.63885,7.6419,0.458996,1.60733,0,0.0862486,0,0.0647715,0,0,0,0
"MtrElec",1,8,22,"",12.7025,0,0,0,0,0,0.0330909,0,0,0.756867,0,0,0,2.24186,7.58459,0.529611,1.52564,0,0,0,0.0308436,0,0,0,0
"MtrElec",1,8,23,"",10.8862,0,0,0,0,0,0.0330909,0,0,0.756867,0,0,0,1.47122,6.72474,0.458996,1.42274,0,0,0,0.0185061,0,0,0,0
"MtrElec",1,8,24,"",9.09482,0,0,0,0,0,0.0330909,0,0,0.756867,0,0,0,0.910755,5.76204,0.317767,1.29889,0,0,0,0.0154218,0,0,0,0
"MtrElec",1,9,1,"",7.47902,0,0,0,0,0,0.0330909,0,0,0.756867,0,0,0,0.537112,4.63532,0.23202,1.27689,0,0,0,0.00771089,0,0,0,0
"MtrElec",1,9,2,"",11.4342,0,0,0,0,0,0.0330909,0,0,0.756867,0,1.09188,0,0.443701,4.22793,0.23202,1.2473,3.39527,0,0,0.00616872,0,0,0,0
"MtrElec",1,9,3,"",10.0473,0,0.620554,0,0,0,0.0330909,0,0.132831,0.756867,0,1.09188,0,0.35029,4.06638,0.23202,1.2014,1.55582,0,0,0.00616872,0,0,0,0
"MtrElec",1,9,4,"",9.17884,0,1.18116,0,0,0,0.0330909,0,0.256784,0.756867,0,1.09188,0,0.396996,4.04224,0.23202,1.18162,0,0,0,0.00616872,0,0,0,0
"MtrElec",1,9,5,"",9.41034,0,1.48201,0,0,0,0.0330909,0,0.325414,0.756867,0,1.09188,0,0.490407,3.85168,0.23202,1.14081,0,0,0,0.00616872,0,0,0,0
"MtrElec",1,9,6,"",9.9356,0,1.45764,0,0,0,0.0330909,0,0.320082,0.756867,0,1.09188,0,0.723934,4.17266,0.186625,1.17122,0,0,0,0.0215905,0,0,0,0
"MtrElec",1,9,7,"",10.6899,0,1.25656,0,0,0,0.0330909,0,0.274145,0.756867,0,1.09188,0,0.980813,4.75662,0.176537,1.3341,0,0,0,0.0293014,0,0,0,0
"MtrElec",1,9,8,"",7.26816,0,0.958795,0,0,0,0.0330909,0,0.206534,0.756867,0,0,0,0.957461,5.11646,0.171493,1.47936,0,0,0,0.0385545,0,0,0,-2.45045
"MtrElec",1,9,9,"",1.55802,0,0.407741,0,0.0264844,0,0.0330909,0,0.0859286,0.756867,0,0,0,0.793992,4.74336,0.166449,1.42933,0,0,0,0.0400967,0,0,0,-6.92532
"MtrElec",1,9,10,"",-10.6682,0,0,0,0.0264844,0,0.0330909,0,0,0.756867,0,0,0,0.677228,4.45277,0.14123,1.30876,0,0,0,0.0339279,0,0,0,-18.0985
"MtrElec",1,9,11,"",-15.853,0,0,0,0.0264844,0,0.0330909,0,0,0.756867,0,0,0,0.630523,4.50554,0.110966,1.2765,0,0,0,0.0323858,0,0,0,-23.2254
"MtrElec",1,9,12,"",-17.7986,0,0,0,0.0264844,0,0.0330909,0,0,0.756867,0,0,0,0.583817,4.50554,0.0756587,1.30123,0,0,0,0.0447232,0,0,0,-25.126
"MtrElec",1,9,13,"",-17.3583,0,0,0,0.0264844,0,0.0330909,0,0,0.756867,0,0,0,0.490407,4.51254,0.060527,1.35616,0,0,1.32501,0.0539763,0,0,0,-25.9733
"MtrElec",1,9,14,"",-14.4626,0,0,0,0.0264844,0,0.0330909,0,0,0.756867,0,0,0,0.490407,4.61395,0.055483,1.32832,0,0.559643,0.439085,0.0493497,0,0,0,-22.8153
"MtrElec",1,9,15,"",-9.97189,0,0,0,0.0264844,0,0.0330909,0,0,0.756867,0,0,0,0.490407,4.7811,0.055483,1.35964,0,0.185457,0,0.0524341,0,0,0,-17.7128
"MtrElec",1,9,16,"",-1.09574,0,0,0,0.0264844,0,0.0330909,0,0,0.756867,0,0,0,0.60717,4.9234,0.060527,1.37323,1.26327,0,0,0.0801933,0,0,0,-10.22
"MtrElec",1,9,17,"",7.16948,0,0,0,0.0264844,0,0.0330909,0,0,0.756867,0,0,0,0.723934,5.56121,0.0958344,1.40874,1.21212,0,0,0.177351,0,0,0,-2.82614
"MtrElec",1,9,18,"",10.2512,0,0,0,0,0,0.0330909,0,0,0.756867,0,0,0,1.02752,6.40183,0.186625,1.54761,0,0,0,0.297641,0,0,0,0
"MtrElec",1,9,19,"",13.2005,0,0,0,0,0,0.0330909,0,0,0.756867,0,0,0,1.96163,6.96974,0.247152,1.68206,1.27235,0,0,0.277592,0,0,0,0
"MtrElec",1,9,20,"",14.2242,0,0,0,0,0,0.0330909,0,0,0.756867,0,0,0,2.73227,7.32996,0.327854,1.69028,1.2028,0,0,0.151134,0,0,0,0
"MtrElec",1,9,21,"",14.9663,0,0,0,0,0,0.0330909,0,0,0.756867,0,0,0,2.63885,7.6419,0.458996,1.60743,0,0,1.76438,0.0647715,0,0,0,0
"MtrElec",1,9,22,"",14.7229,0,0,0,0,0,0.0330909,0,0,0.756867,0,0,0,2.24186,7.58459,0.529611,1.53159,1.26921,0.74522,0,0.0308436,0,0,0,0
"MtrElec",1,9,23,"",12.1044,0,0,0,0,0,0.0330909,0,0,0.756867,0,0,0,1.47122,6.72474,0.458996,1.4346,1.20634,0,0,0.0185061,0,0,0,0
"MtrElec",1,9,24,"",9.11236,0,0,0,0,0,0.0330909,0,0,0.756867,0,0,0,0.910755,5.76204,0.317767,1.31643,0,0,0,0.0154218,0,0,0,0
"MtrElec",1,10,1,"",7.55424,0,0,0,0,0,0.0330909,0,0,0.756867,0,0,0,0.537112,4.64792,0.23202,1.33952,0,0,0,0.00771089,0,0,0,0
"MtrElec",1,10,2,"",7.02554,0,0,0,0,0,0.0330909,0,0,0.756867,0,0,0,0.443701,4.27654,0.23202,1.27715,0,0,0,0.00616872,0,0,0,0
"MtrElec",1,10,3,"",6.67647,0,0,0,0,0,0.0330909,0,0,0.756867,0,0,0,0.35029,4.05412,0.226976,1.2505,0,0,0,0.00462654,0,0,0,0
"MtrElec",1,10,4,"",6.73251,0,0.044948,0,0,0,0.0330909,0,0.0095287,0.756867,0,0,0,0.396996,4.04258,0.226976,1.21689,0,0,0,0.00462654,0,0,0,0
"MtrElec",1,10,5,"",8.55125,0,0.770709,0,0,0,0.0330909,0,0.165292,0.756867,0,1.09188,0,0.490407,3.83942,0.23202,1.16693,0,0,0,0.00462654,0,0,0,0
"MtrElec",1,10,6,"",9.40794,0,1.02747,0,0,0,0.0330909,0,0.222504,0.756867,0,1.09188,0,0.723934,4.16041,0.226976,1.15709,0,0,0,0.00771089,0,0,0,0
"MtrElec",1,10,7,"",10.7757,0,1.08682,0,0,0,0.0330909,0,0.236027,0.756867,0,1.09188,0,0.980813,4.67234,0.221932,1.17673,0,0,0.503799,0.0154218,0,0,0,0
"MtrElec",1,10,8,"",4.3119,0,0.560409,0,0.0264844,0,0.0330909,0,0.119964,0.756867,0,0,0,0.957461,5.01958,0.2068,1.28522,0,0.21279,0.768643,0.0416388,0,0,0,-5.67705
"MtrElec",1,10,9,"",-6.39717,0,0.0103441,0,0.0264844,0,0.0330909,0,0.00216175,0.756867,0,0,0,0.793992,4.71994,0.181581,1.48631,0,0.324652,0.491988,0.0740246,0,0,0,-15.2986
"MtrElec",1,10,10,"",-14.5799,0,0,0,0.0264844,0,0.0330909,0,0,0.756867,0,0,0,0.677228,4.53847,0.151317,1.44108,0,0.207801,0,0.0740246,0,0,0,-22.4863
"MtrElec",1,10,11,"",-17.3058,0,0,0,0.0264844,0,0.0330909,0,0,0.756867,0,0,0,0.630523,4.61538,0.121054,1.42583,0.853184,0,0.882176,0.0709402,0,0,0,-26.7213
"MtrElec",1,10,12,"",-20.1261,0,0,0,0.0264844,0,0.0330909,0,0,0.756867,0,0,0,0.583817,4.54226,0.0807026,1.4618,1.62204,0.372605,0,0.0848198,0,0,0,-29.6906
"MtrElec",1,10,13,"",-21.5469,0,0,0,0.0264844,0,0.0330909,0,0,0.756867,0,0,0,0.490407,4.501,0.060527,1.49785,0,0,0.882003,0.0971573,0,0,0,-29.8923
"MtrElec",1,10,14,"",-19.4637,0,0,0,0.0264844,0,0.0330909,0,0,0.756867,0,0,0,0.490407,4.63842,0.055483,1.52422,0,0.372532,0,0.0909886,0,0,0,-27.4522
"MtrElec",1,10,15,"",-14.5802,0,0,0,0.0264844,0,0.0330909,0,0,0.756867,0,0,0,0.490407,4.86538,0.055483,1.50907,0,0,0,0.0956151,0,0,0,-22.4126
"MtrElec",1,10,16,"",-5.64884,0,0,0,0.0264844,0,0.0330909,0,0,0.756867,0,0,0,0.60717,5.1168,0.060527,1.55425,0,0,0.614468,0.104868,0,0,0,-14.5234
"MtrElec",1,10,17,"",7.25717,0,0,0,0.0264844,0,0.0330909,0,0,0.756867,0,0,0,0.723934,5.74202,0.0958344,1.52591,2.47485,0.259533,0.267453,0.140338,0,0,0,-4.78914
"MtrElec",1,10,18,"",10.4322,0,0,0,0,0,0.0330909,0,0,0.756867,0,0,0,1.02752,6.47423,0.191669,1.62154,0,0.112964,0,0.214363,0,0,0,0
"MtrElec",1,10,19,"",11.8938,0,0,0,0,0,0.0330909,0,0,0.756867,0,0,0,1.96163,6.95786,0.242108,1.7433,0,0,0,0.198941,0,0,0,0
"MtrElec",1,10,20,"",12.8776,0,0,0,0,0,0.0330909,0,0,0.756867,0,0,0,2.73227,7.23308,0.302635,1.7086,0,0,0,0.111037,0,0,0,0
"MtrElec",1,10,21,"",14.3968,0,0,0,0,0,0.0330909,0,0,0.756867,0,0,0,2.63885,7.49676,0.418645,1.66249,1.34073,0,0,0.0493497,0,0,0,0
"MtrElec",1,10,22,"",13.7032,0,0,0,0,0,0.0330909,0,0,0.756867,0,0,0,2.24186,7.42686,0.494303,1.59533,1.13329,0,0,0.0215905,0,0,0,0
"MtrElec",1,10,23,"",10.8095,0,0,0,0,0,0.0330909,0,0,0.756867,0,0,0,1.47122,6.63975,0.428733,1.46592,0,0,0,0.0138796,0,0,0,0
"MtrElec",1,10,24,"",9.14766,0,0,0,0,0,0.0330909,0,0,0.756867,0,0,0,0.910755,5.66234,0.297591,1.4793,0,0,0,0.00771089,0,0,0,0
"MtrElec",1,11,1,"",7.5767,0,0,0,0,0,0.0330909,0,0,0.756867,0,0,0,0.537112,4.64792,0.23202,1.36199,0,0,0,0.00771089,0,0,0,0
"MtrElec",1,11,2,"",7.04498,0,0,0,0,0,0.0330909,0,0,0.756867,0,0,0,0.443701,4.27654,0.23202,1.29659,0,0,0,0.00616872,0,0,0,0
"MtrElec",1,11,3,"",7.78628,0,0,0,0,0,0.0330909,0,0,0.756867,0,1.09188,0,0.35029,4.05412,0.226976,1.26842,0,0,0,0.00462654,0,0,0,0
"MtrElec",1,11,4,"",7.78618,0,0,0,0,0,0.0330909,0,0,0.756867,0,1.09188,0,0.396996,4.04258,0.226976,1.23316,0,0,0,0.00462654,0,0,0,0
"MtrElec",1,11,5,"",7.63186,0,0,0,0,0,0.0330909,0,0,0.756867,0,1.09188,0,0.490407,3.83942,0.23202,1.18354,0,0,0,0.00462654,0,0,0,0
"MtrElec",1,11,6,"",9.10616,0,0.653058,0.138525,0,0,0.0330909,0,0.143382,0.756867,0,1.09188,0,0.723934,4.16041,0.226976,1.17032,0,0,0,0.00771089,0,0,0,0
"MtrElec",1,11,7,"",10.2425,0,0.932904,0.144123,0,0,0.0330909,0,0.20501,0.756867,0,1.09188,0,0.980813,4.67234,0.221932,1.18815,0,0,0,0.0154218,0,0,0,0
"MtrElec",1,11,8,"",3.66246,0,0.258745,0,0.0264844,0,0.0330909,0,0.0554525,0.756867,0,1.09188,0,0.957461,5.01958,0.2068,1.29445,0,0,0,0.0416388,0,0,0,-6.08
"MtrElec",1,11,9,"",-7.22167,0,0,0,0.0264844,0,0.0330909,0,0,0.756867,0,0,0,0.793992,4.71994,0.181581,1.49147,0,0,0,0.0740246,0,0,0,-15.2991
"MtrElec",1,11,10,"",-13.8206,0,0,0,0.0264844,0,0.0330909,0,0,0.756867,0,0,0,0.677228,4.53847,0.151317,1.4492,0,0,0.600887,0.0740246,0,0,0,-22.1282
"MtrElec",1,11,11,"",-14.952,0,0,0,0.0264844,0,0.0330909,0,0,0.756867,0,0,0,0.630523,4.61538,0.121054,1.43455,0.853184,0.253797,2.92782,0.0709402,0,0,0,-26.6757
"MtrElec",1,11,12,"",-19.4457,0,0,0,0.0264844,0,0.0330909,0,0,0.756867,0,0,0,0.583817,4.54226,0.0807026,1.47298,1.62204,1.23662,0,0.0848198,0,0,0,-29.8854
"MtrElec",1,11,13,"",-22.8287,0,0,0,0.0264844,0,0.0330909,0,0,0.756867,0,0,0,0.490407,4.501,0.060527,1.51111,0,0,0,0.0971573,0,0,0,-30.3054
"MtrElec",1,11,14,"",-20.011,0,0,0,0.0264844,0,0.0330909,0,0,0.756867,0,0,0,0.490407,4.63842,0.055483,1.53382,0,0,0,0.0909886,0,0,0,-27.6366
"MtrElec",1,11,15,"",-13.3568,0,0,0,0.0264844,0,0.0330909,0,0,0.756867,0,0,0,0.490407,4.86538,0.055483,1.51362,0,0,0.882055,0.0956151,0,0,0,-22.0758
"MtrElec",1,11,16,"",-5.47632,0,0,0,0.0264844,0,0.0330909,0,0,0.756867,0,0,0,0.60717,5.1168,0.060527,1.55793,0,0.372554,0,0.104868,0,0,0,-14.1126
"MtrElec",1,11,17,"",4.45114,0,0,0,0.0264844,0,0.0330909,0,0,0.756867,0,0,0,0.723934,5.74202,0.0958344,1.53295,0,0,0,0.140338,0,0,0,-4.60038
"MtrElec",1,11,18,"",12.8012,0,0,0,0,0,0.0330909,0,0,0.756867,0,0,0,1.02752,6.47423,0.191669,1.62837,2.47509,0,0,0.214363,0,0,0,0
"MtrElec",1,11,19,"",12.7816,0,0,0,0,0,0.0330909,0,0,0.756867,0,0,0,1.96163,6.95786,0.242108,1.74904,0,0,0.882107,0.198941,0,0,0,0
"MtrElec",1,11,20,"",15.8318,0,0,0,0,0,0.0330909,0,0,0.756867,0,0,0,2.73227,7.23308,0.302635,1.71299,2.47456,0.372576,0.102667,0.111037,0,0,0,0
"MtrElec",1,11,21,"",13.8845,0,0,0,0,0,0.0330909,0,0,0.756867,0,0,0,2.63885,7.49676,0.418645,1.66811,0,0.0433635,0.779442,0.0493497,0,0,0,0
"MtrElec",1,11,22,"",12.9048,0,0,0,0,0,0.0330909,0,0,0.756867,0,0,0,2.24186,7.42686,0.494303,1.60097,0,0.329213,0,0.0215905,0,0,0,0
"MtrElec",1,11,23,"",10.8175,0,0,0,0,0,0.0330909,0,0,0.756867,0,0,0,1.47122,6.63975,0.428733,1.47399,0,0,0,0.0138796,0,0,0,0
"MtrElec",1,11,24,"",9.15382,0,0,0,0,0,0.0330909,0,0,0.756867,0,0,0,0.910755,5.66234,0.297591,1.48547,0,0,0,0.00771089,0,0,0,0
"MtrElec",1,12,1,"",7.53129,0,0,0,0,0,0.0330909,0,0,0.756867,0,0,0,0.537112,4.63532,0.23202,1.32916,0,0,0,0.00771089,0,0,0,0
"MtrElec",1,12,2,"",6.99313,0,0,0,0,0,0.0330909,0,0,0.756867,0,0,0,0.443701,4.22793,0.23202,1.29335,0,0,0,0.00616872,0,0,0,0
"MtrElec",1,12,3,"",6.69254,0,0,0,0,0,0.0330909,0,0,0.756867,0,0,0,0.35029,4.06638,0.23202,1.24773,0,0,0,0.00616872,0,0,0,0
"MtrElec",1,12,4,"",6.69349,0,0,0,0,0,0.0330909,0,0,0.756867,0,0,0,0.396996,4.04224,0.23202,1.2261,0,0,0,0.00616872,0,0,0,0
"MtrElec",1,12,5,"",6.55913,0,0,0,0,0,0.0330909,0,0,0.756867,0,0,0,0.490407,3.85168,0.23202,1.1889,0,0,0,0.00616872,0,0,0,0
"MtrElec",1,12,6,"",7.12166,0,0,0,0,0,0.0330909,0,0,0.756867,0,0,0,0.723934,4.17266,0.186625,1.22689,0,0,0,0.0215905,0,0,0,0
"MtrElec",1,12,7,"",8.11193,0,0,0,0,0,0.0330909,0,0,0.756867,0,0,0,0.980813,4.75662,0.176537,1.37871,0,0,0,0.0293014,0,0,0,0
"MtrElec",1,12,8,"",8.20147,0,0,0,0,0,0.0330909,0,0,0.756867,0,0,0,0.957461,5.11646,0.171493,1.51343,0,0,0,0.0385545,0,0,0,-0.385876
"MtrElec",1,12,9,"",2.06832,0,0,0,0.0264844,0,0.0330909,0,0,0.756867,0,0,0,0.793992,4.74336,0.166449,1.46677,0,0,0.4939,0.0400967,0,0,0,-6.45269
"MtrElec",1,12,10,"",-12.4792,0,0,0,0.0264844,0,0.0330909,0,0,0.756867,0,0,0,0.677228,4.45277,0.14123,1.35431,0,0.208609,0.864884,0.0339279,0,0,0,-21.0286
"MtrElec",1,12,11,"",-19.3053,0,0,0,0.0264844,0,0.0330909,0,0,0.756867,0,0,0,0.630523,4.50554,0.110966,1.32165,0,0.365301,0.405362,0.0323858,0,0,0,-27.4934
"MtrElec",1,12,12,"",-20.9089,0,0,0,0.0264844,0,0.0330909,0,0,0.756867,0,0,0,0.583817,4.50554,0.0756587,1.34446,0,0.171213,0.882056,0.0447232,0,0,0,-29.3328
"MtrElec",1,12,13,"",-17.3473,0,0,0,0.0264844,0,0.0330909,0,0,0.756867,0,0,0,0.490407,4.51254,0.060527,1.39182,1.41802,0.372554,0,0.0539763,0,0,0,-26.4635
"MtrElec",1,12,14,"",-14.4306,0,0,0,0.0264844,0,0.0330909,0,0,0.756867,0,0,0,0.490407,4.61395,0.055483,1.36672,1.0564,0,0,0.0493497,0,0,0,-22.8793
"MtrElec",1,12,15,"",-13.6929,0,0,0,0.0264844,0,0.0330909,0,0,0.756867,0,0,0,0.490407,4.7811,0.055483,1.39014,0,0,0.336868,0.0524341,0,0,0,-21.6158
"MtrElec",1,12,16,"",-4.45755,0,0,0,0.0264844,0,0.0330909,0,0,0.756867,0,0,0,0.60717,4.9234,0.060527,1.40596,1.26327,0.142283,0.545039,0.0801933,0,0,0,-14.3018
"MtrElec",1,12,17,"",6.1304,0,0,0,0.0264844,0,0.0330909,0,0,0.756867,0,0,0,0.723934,5.56121,0.0958344,1.45226,1.21212,0.230208,0,0.177351,0,0,0,-4.13895
"MtrElec",1,12,18,"",10.2961,0,0,0,0,0,0.0330909,0,0,0.756867,0,0,0,1.02752,6.40183,0.186625,1.59247,0,0,0,0.297641,0,0,0,0
"MtrElec",1,12,19,"",11.9642,0,0,0,0,0,0.0330909,0,0,0.756867,0,0,0,1.96163,6.96974,0.247152,1.71812,0,0,0,0.277592,0,0,0,0
"MtrElec",1,12,20,"",13.0461,0,0,0,0,0,0.0330909,0,0,0.756867,0,0,0,2.73227,7.32996,0.327854,1.71491,0,0,0,0.151134,0,0,0,0
"MtrElec",1,12,21,"",13.2269,0,0,0,0,0,0.0330909,0,0,0.756867,0,0,0,2.63885,7.6419,0.458996,1.63239,0,0,0,0.0647715,0,0,0,0
"MtrElec",1,12,22,"",12.7325,0,0,0,0,0,0.0330909,0,0,0.756867,0,0,0,2.24186,7.58459,0.529611,1.55561,0,0,0,0.0308436,0,0,0,0
"MtrElec",1,12,23,"",10.9183,0,0,0,0,0,0.0330909,0,0,0.756867,0,0,0,1.47122,6.72474,0.458996,1.45485,0,0,0,0.0185061,0,0,0,0
"MtrElec",1,12,24,"",9.13465,0,0,0,0,0,0.0330909,0,0,0.756867,0,0,0,0.910755,5.76204,0.317767,1.33871,0,0,0,0.0154218,0,0,0,0
"MtrElec",1,13,1,"",7.51304,0,0,0,0,0,0.0330909,0,0,0.756867,0,0,0,0.537112,4.63532,0.23202,1.31092,0,0,0,0.00771089,0,0,0,0
"MtrElec",1,13,2,"",6.97613,0,0,0,0,0,0.0330909,0,0,0.756867,0,0,0,0.443701,4.22793,0.23202,1.27635,0,0,0,0.00616872,0,0,0,0
"MtrElec",1,13,3,"",6.67376,0,0,0,0,0,0.0330909,0,0,0.756867,0,0,0,0.35029,4.06638,0.23202,1.22895,0,0,0,0.00616872,0,0,0,0
"MtrElec",1,13,4,"",7.76546,0,0,0,0,0,0.0330909,0,0,0.756867,0,1.09188,0,0.396996,4.04224,0.23202,1.20619,0,0,0,0.00616872,0,0,0,0
"MtrElec",1,13,5,"",7.62712,0,0,0,0,0,0.0330909,0,0,0.756867,0,1.09188,0,0.490407,3.85168,0.23202,1.165,0,0,0,0.00616872,0,0,0,0
"MtrElec",1,13,6,"",8.68183,0,0.411358,0,0,0,0.0330909,0,0.0876254,0.756867,0,1.09188,0,0.723934,4.17266,0.186625,1.19619,0,0,0,0.0215905,0,0,0,0
"MtrElec",1,13,7,"",9.7342,0,0.458799,0,0,0,0.0330909,0,0.0977583,0.756867,0,1.09188,0,0.980813,4.75662,0.176537,1.35253,0,0,0,0.0293014,0,0,0,0
"MtrElec",1,13,8,"",3.14375,0,0.104923,0,0.0264844,0,0.0330909,0,0.0221925,0.756867,0,0,0,0.957461,5.11646,0.171493,1.49289,0,0,0,0.0385545,0,0,0,-5.57666
"MtrElec",1,13,9,"",-2.75876,0,0,0,0.0264844,0,0.0330909,0,0,0.756867,0,0,0,0.793992,4.74336,0.166449,1.44449,0,0,0.287278,0.0400967,0,0,0,-11.0509
"MtrElec",1,13,10,"",-12.9162,0,0,0,0.0264844,0,0.0330909,0,0,0.756867,0,0,0,0.677228,4.45277,0.14123,1.33011,0,0.121338,1.47712,0.0339279,0,0,0,-21.9664
"MtrElec",1,13,11,"",-18.0672,0,0,0,0.0264844,0,0.0330909,0,0,0.756867,0,0,0,0.630523,4.50554,0.110966,1.30392,0,0.623892,0.443457,0.0323858,0,0,0,-26.5343
"MtrElec",1,13,12,"",-19.6853,0,0,0,0.0264844,0,0.0330909,0,0,0.756867,0,0,0,0.583817,4.50554,0.0756587,1.33383,0,0.187303,1.32029,0.0447232,0,0,0,-28.5529
"MtrElec",1,13,13,"",-21.0565,0,0,0,0.0264844,0,0.0330909,0,0,0.756867,0,0,0,0.490407,4.51254,0.060527,1.38729,0,0.55765,0,0.0539763,0,0,0,-28.9354
"MtrElec",1,13,14,"",-19.6874,0,0,0,0.0264844,0,0.0330909,0,0,0.756867,0,0,0,0.490407,4.61395,0.055483,1.36687,0,0,0,0.0493497,0,0,0,-27.0799
"MtrElec",1,13,15,"",-14.7611,0,0,0,0.0264844,0,0.0330909,0,0,0.756867,0,0,0,0.490407,4.7811,0.055483,1.39363,0,0,0,0.0524341,0,0,0,-22.3506
"MtrElec",1,13,16,"",-6.61277,0,0,0,0.0264844,0,0.0330909,0,0,0.756867,0,0,0,0.60717,4.9234,0.060527,1.41053,0,0,0,0.0801933,0,0,0,-14.511
"MtrElec",1,13,17,"",4.10219,0,0,0,0.0264844,0,0.0330909,0,0,0.756867,0,0,0,0.723934,5.56121,0.0958344,1.4569,0,0,0,0.177351,0,0,0,-4.72948
"MtrElec",1,13,18,"",11.7924,0,0,0,0,0,0.0330909,0,0,0.756867,0,0,0,1.02752,6.40183,0.186625,1.59724,1.49164,0,0,0.297641,0,0,0,0
"MtrElec",1,13,19,"",12.955,0,0,0,0,0,0.0330909,0,0,0.756867,0,0,0,1.96163,6.96974,0.247152,1.72517,0.98377,0,0,0.277592,0,0,0,0
"MtrElec",1,13,20,"",13.054,0,0,0,0,0,0.0330909,0,0,0.756867,0,0,0,2.73227,7.32996,0.327854,1.72285,0,0,0,0.151134,0,0,0,0
"MtrElec",1,13,21,"",13.2379,0,0,0,0,0,0.0330909,0,0,0.756867,0,0,0,2.63885,7.6419,0.458996,1.64344,0,0,0,0.0647715,0,0,0,0
"MtrElec",1,13,22,"",12.9091,0,0,0,0,0,0.0330909,0,0,0.756867,0,0,0,2.24186,7.58459,0.529611,1.57039,0,0,0.161806,0.0308436,0,0,0,0
"MtrElec",1,13,23,"",11.4296,0,0,0,0,0,0.0330909,0,0,0.756867,0,0,0,1.47122,6.72474,0.458996,1.4723,0,0.0683418,0.425533,0.0185061,0,0,0,0
"MtrElec",1,13,24,"",9.63344,0,0,0,0,0,0.0330909,0,0,0.756867,0,0,0,0.910755,5.76204,0.317767,1.36288,0,0.179732,0.294889,0.0154218,0,0,0,0
"MtrElec",1,14,1,"",7.66047,0,0,0,0,0,0.0330909,0,0,0.756867,0,0,0,0.537112,4.63532,0.23202,1.33379,0,0.124552,0,0.00771089,0,0,0,0
"MtrElec",1,14,2,"",6.99698,0,0,0,0,0,0.0330909,0,0,0.756867,0,0,0,0.443701,4.22793,0.23202,1.2972,0,0,0,0.00616872,0,0,0,0
"MtrElec",1,14,3,"",6.69567,0,0,0,0,0,0.0330909,0,0,0.756867,0,0,0,0.35029,4.06638,0.23202,1.25085,0,0,0,0.00616872,0,0,0,0
"MtrElec",1,14,4,"",6.69577,0,0,0,0,0,0.0330909,0,0,0.756867,0,0,0,0.396996,4.04224,0.23202,1.22838,0,0,0,0.00616872,0,0,0,0
"MtrElec",1,14,5,"",6.5609,0,0,0,0,0,0.0330909,0,0,0.756867,0,0,0,0.490407,3.85168,0.23202,1.19067,0,0,0,0.00616872,0,0,0,0
"MtrElec",1,14,6,"",7.12283,0,0,0,0,0,0.0330909,0,0,0.756867,0,0,0,0.723934,4.17266,0.186625,1.22806,0,0,0,0.0215905,0,0,0,0
"MtrElec",1,14,7,"",8.11193,0,0,0,0,0,0.0330909,0,0,0.756867,0,0,0,0.980813,4.75662,0.176537,1.3787,0,0,0,0.0293014,0,0,0,0
"MtrElec",1,14,8,"",3.53151,0,0,0,0.0264844,0,0.0330909,0,0,0.756867,0,0,0,0.957461,5.11646,0.171493,1.51267,0,0,0.881945,0.0385545,0,0,0,-5.96351
"MtrElec",1,14,9,"",-6.33132,0,0,0,0.0264844,0,0.0330909,0,0,0.756867,0,0,0,0.793992,4.74336,0.166449,1.468,0,0.372507,0.287278,0.0400967,0,0,0,-15.0194
"MtrElec",1,14,10,"",-14.1425,0,0,0,0.0264844,0,0.0330909,0,0,0.756867,0,0,0,0.677228,4.45277,0.14123,1.36569,0,0.121338,0.594891,0.0339279,0,0,0,-22.346
"MtrElec",1,14,11,"",-18.7883,0,0,0,0.0264844,0,0.0330909,0,0,0.756867,0,0,0,0.630523,4.50554,0.110966,1.34293,0,0.251264,0.881985,0.0323858,0,0,0,-27.3603
"MtrElec",1,14,12,"",-21.8962,0,0,0,0.0264844,0,0.0330909,0,0,0.756867,0,0,0,0.583817,4.50554,0.0756587,1.37011,0,0.372524,0,0.0447232,0,0,0,-29.665
"MtrElec",1,14,13,"",-22.0689,0,0,0,0.0264844,0,0.0330909,0,0,0.756867,0,0,0,0.490407,4.51254,0.060527,1.41753,0,0,0.285975,0.0539763,0,0,0,-29.7063
"MtrElec",1,14,14,"",-18.831,0,0,0,0.0264844,0,0.0330909,0,0,0.756867,0,0,0,0.490407,4.61395,0.055483,1.3973,0,0.120787,1.04577,0.0493497,0,0,0,-27.4205
"MtrElec",1,14,15,"",-13.4739,0,0,0,0.0264844,0,0.0330909,0,0,0.756867,0,0,0,0.490407,4.7811,0.055483,1.41832,0,0.441701,0.868033,0.0524341,0,0,0,-22.3978
"MtrElec",1,14,16,"",-5.99512,0,0,0,0.0264844,0,0.0330909,0,0,0.756867,0,0,0,0.60717,4.9234,0.060527,1.44129,0,0.366631,0.446611,0.0801933,0,0,0,-14.7374
"MtrElec",1,14,17,"",4.04795,0,0,0,0.0264844,0,0.0330909,0,0,0.756867,0,0,0,0.723934,5.56121,0.0958344,1.50325,0,0.188635,0,0.177351,0,0,0,-5.0187
"MtrElec",1,14,18,"",10.3534,0,0,0,0,0,0.0330909,0,0,0.756867,0,0,0,1.02752,6.40183,0.186625,1.64982,0,0,0,0.297641,0,0,0,0
"MtrElec",1,14,19,"",12.9007,0,0,0,0,0,0.0330909,0,0,0.756867,0,0,0,1.96163,6.96974,0.247152,1.77266,0,0,0.881937,0.277592,0,0,0,0
"MtrElec",1,14,20,"",13.4648,0,0,0,0,0,0.0330909,0,0,0.756867,0,0,0,2.73227,7.32996,0.327854,1.76112,0,0.372504,0,0.151134,0,0,0,0
"MtrElec",1,14,21,"",13.2836,0,0,0,0,0,0.0330909,0,0,0.756867,0,0,0,2.63885,7.6419,0.458996,1.68907,0,0,0,0.0647715,0,0,0,0
"MtrElec",1,14,22,"",13.6788,0,0,0,0,0,0.0330909,0,0,0.756867,0,0,0,2.24186,7.58459,0.529611,1.62002,0,0,0.881911,0.0308436,0,0,0,0
"MtrElec",1,14,23,"",11.3585,0,0,0,0,0,0.0330909,0,0,0.756867,0,0,0,1.47122,6.72474,0.458996,1.52262,0,0.372493,0,0.0185061,0,0,0,0
"MtrElec",1,14,24,"",9.22021,0,0,0,0,0,0.0330909,0,0,0.756867,0,0,0,0.910755,5.76204,0.317767,1.42427,0,0,0,0.0154218,0,0,0,0
"MtrElec",1,15,1,"",8.46908,0,0,0,0,0,0.0330909,0,0,0.756867,0,0,0,0.537112,4.63532,0.23202,1.3849,0,0,0.882062,0.00771089,0,0,0,0
"MtrElec",1,15,2,"",9.11064,0,0,0,0,0,0.0330909,0,0,0.756867,0,0,0,0.443701,4.22793,0.23202,1.34067,1.69764,0.372557,0,0.00616872,0,0,0,0
"MtrElec",1,15,3,"",7.51893,0,0,0,0,0,0.0330909,0,0,0.756867,0,0,0,0.35029,4.06638,0.23202,1.29621,0.777912,0,0,0.00616872,0,0,0,0
"MtrElec",1,15,4,"",6.73973,0,0,0,0,0,0.0330909,0,0,0.756867,0,0,0,0.396996,4.04224,0.23202,1.27235,0,0,0,0.00616872,0,0,0,0
"MtrElec",1,15,5,"",6.60778,0,0,0,0,0,0.0330909,0,0,0.756867,0,0,0,0.490407,3.85168,0.23202,1.23755,0,0,0,0.00616872,0,0,0,0
"MtrElec",1,15,6,"",7.17665,0,0,0,0,0,0.0330909,0,0,0.756867,0,0,0,0.723934,4.17266,0.186625,1.28188,0,0,0,0.0215905,0,0,0,0
"MtrElec",1,15,7,"",8.15436,0,0,0,0,0,0.0330909,0,0,0.756867,0,0,0,0.980813,4.75662,0.176537,1.42113,0,0,0,0.0293014,0,0,0,0
"MtrElec",1,15,8,"",6.18624,0,0,0,0,0,0.0330909,0,0,0.756867,0,0,0,0.957461,5.11646,0.171493,1.54384,0,0,0,0.0385545,0,0,0,-2.43152
"MtrElec",1,15,9,"",-2.46596,0,0,0,0.0264844,0,0.0330909,0,0,0.756867,0,0,0,0.793992,4.74336,0.166449,1.49872,0,0,0.574556,0.0400967,0,0,0,-11.0996
"MtrElec",1,15,10,"",-6.39865,0,0,0,0.0264844,0,0.0330909,0,0,0.756867,0,0,0,0.677228,4.45277,0.14123,1.39469,0,0.242675,1.66643,0.0339279,0,0,0,-15.824
"MtrElec",1,15,11,"",-15.2366,0,0,0,0.0264844,0,0.0330909,0,0,0.756867,0,0,0,0.630523,4.50554,0.110966,1.36393,0,0.703851,0.405362,0.0323858,0,0,0,-23.8056
"MtrElec",1,15,12,"",-22.8643,0,0,0,0.0264844,0,0.0330909,0,0,0.756867,0,0,0,0.583817,4.50554,0.0756587,1.38653,0,0.171213,0,0.0447232,0,0,0,-30.4482
"MtrElec",1,15,13,"",-21.0043,0,0,0,0.0264844,0,0.0330909,0,0,0.756867,0,0,0,0.490407,4.51254,0.060527,1.42671,0,0,0,0.0539763,0,0,0,-28.3649
"MtrElec",1,15,14,"",-20.3886,0,0,0,0.0264844,0,0.0330909,0,0,0.756867,0,0,0,0.490407,4.61395,0.055483,1.40206,0,0,0,0.0493497,0,0,0,-27.8163
"MtrElec",1,15,15,"",-14.875,0,0,0,0.0264844,0,0.0330909,0,0,0.756867,0,0,0,0.490407,4.7811,0.055483,1.41871,0,0,0,0.0524341,0,0,0,-22.4896
"MtrElec",1,15,16,"",-3.39583,0,0,0,0.0264844,0,0.0330909,0,0,0.756867,0,0,0,0.60717,4.9234,0.060527,1.43851,1.26327,0,0,0.0801933,0,0,0,-12.5853
"MtrElec",1,15,17,"",5.02124,0,0,0,0.0264844,0,0.0330909,0,0,0.756867,0,0,0,0.723934,5.56121,0.0958344,1.49605,1.21212,0,0,0.177351,0,0,0,-5.06169
"MtrElec",1,15,18,"",10.3438,0,0,0,0,0,0.0330909,0,0,0.756867,0,0,0,1.02752,6.40183,0.186625,1.64021,0,0,0,0.297641,0,0,0,0
"MtrElec",1,15,19,"",12.0081,0,0,0,0,0,0.0330909,0,0,0.756867,0,0,0,1.96163,6.96974,0.247152,1.76207,0,0,0,0.277592,0,0,0,0
"MtrElec",1,15,20,"",13.0809,0,0,0,0,0,0.0330909,0,0,0.756867,0,0,0,2.73227,7.32996,0.327854,1.74975,0,0,0,0.151134,0,0,0,0
"MtrElec",1,15,21,"",13.2667,0,0,0,0,0,0.0330909,0,0,0.756867,0,0,0,2.63885,7.6419,0.458996,1.67219,0,0,0,0.0647715,0,0,0,0
"MtrElec",1,15,22,"",14.5397,0,0,0,0,0,0.0330909,0,0,0.756867,0,0,0,2.24186,7.58459,0.529611,1.59858,0,0,1.76426,0.0308436,0,0,0,0
"MtrElec",1,15,23,"",11.7081,0,0,0,0,0,0.0330909,0,0,0.756867,0,0,0,1.47122,6.72474,0.458996,1.49951,0,0.745171,0,0.0185061,0,0,0,0
"MtrElec",1,15,24,"",9.19122,0,0,0,0,0,0.0330909,0,0,0.756867,0,0,0,0.910755,5.76204,0.317767,1.39529,0,0,0,0.0154218,0,0,0,0
"MtrElec",1,16,1,"",7.56104,0,0,0,0,0,0.0330909,0,0,0.756867,0,0,0,0.537112,4.63532,0.23202,1.35891,0,0,0,0.00771089,0,0,0,0
"MtrElec",1,16,2,"",8.71468,0,0,0,0,0,0.0330909,0,0,0.756867,0,0,0,0.443701,4.22793,0.23202,1.31726,1.69764,0,0,0.00616872,0,0,0,0
"MtrElec",1,16,3,"",7.49451,0,0,0,0,0,0.0330909,0,0,0.756867,0,0,0,0.35029,4.06638,0.23202,1.27178,0.777912,0,0,0.00616872,0,0,0,0
"MtrElec",1,16,4,"",6.71664,0,0,0,0,0,0.0330909,0,0,0.756867,0,0,0,0.396996,4.04224,0.23202,1.24926,0,0,0,0.00616872,0,0,0,0
"MtrElec",1,16,5,"",6.58381,0,0,0,0,0,0.0330909,0,0,0.756867,0,0,0,0.490407,3.85168,0.23202,1.21358,0,0,0,0.00616872,0,0,0,0
"MtrElec",1,16,6,"",7.1503,0,0,0,0,0,0.0330909,0,0,0.756867,0,0,0,0.723934,4.17266,0.186625,1.25553,0,0,0,0.0215905,0,0,0,0
"MtrElec",1,16,7,"",8.13491,0,0,0,0,0,0.0330909,0,0,0.756867,0,0,0,0.980813,4.75662,0.176537,1.40169,0,0,0,0.0293014,0,0,0,0
"MtrElec",1,16,8,"",6.56312,0,0,0,0,0,0.0330909,0,0,0.756867,0,0,0,0.957461,5.11646,0.171493,1.53091,0,0,0,0.0385545,0,0,0,-2.04171
"MtrElec",1,16,9,"",3.64852,0,0,0,0,0,0.0330909,0,0,0.756867,0,0,0,0.793992,4.74336,0.166449,1.48672,0,0,0,0.0400967,0,0,0,-4.37206
"MtrElec",1,16,10,"",-13.7859,0,0,0,0.0264844,0,0.0330909,0,0,0.756867,0,0,0,0.677228,4.45277,0.14123,1.37913,0,0,0,0.0339279,0,0,0,-21.2867
"MtrElec",1,16,11,"",-20.3821,0,0,0,0.0264844,0,0.0330909,0,0,0.756867,0,0,0,0.630523,4.50554,0.110966,1.34483,0,0,0,0.0323858,0,0,0,-27.8228
"MtrElec",1,16,12,"",-21.6252,0,0,0,0.0264844,0,0.0330909,0,0,0.756867,0,0,0,0.583817,4.50554,0.0756587,1.36711,0,0,0,0.0447232,0,0,0,-29.0185
"MtrElec",1,16,13,"",-22.2351,0,0,0,0.0264844,0,0.0330909,0,0,0.756867,0,0,0,0.490407,4.51254,0.060527,1.41164,0,0,0,0.0539763,0,0,0,-29.5806
"MtrElec",1,16,14,"",-15.7792,0,0,0,0.0264844,0,0.0330909,0,0,0.756867,0,0,0,0.490407,4.61395,0.055483,1.38795,0,0,0,0.0493497,0,0,0,-23.1928
"MtrElec",1,16,15,"",-6.57274,0,0,0,0.0264844,0,0.0330909,0,0,0.756867,0,0,0,0.490407,4.7811,0.055483,1.40696,0,0,0.336868,0.0524341,0,0,0,-14.5124
"MtrElec",1,16,16,"",-0.621904,0,0,0,0.0264844,0,0.0330909,0,0,0.756867,0,0,0,0.60717,4.9234,0.060527,1.42197,0,0.142283,0.545039,0.0801933,0,0,0,-9.21892
"MtrElec",1,16,17,"",5.88777,0,0,0,0.0264844,0,0.0330909,0,0,0.756867,0,0,0,0.723934,5.56121,0.0958344,1.47045,0,0.230208,0,0.177351,0,0,0,-3.18765
"MtrElec",1,16,18,"",10.3136,0,0,0,0,0,0.0330909,0,0,0.756867,0,0,0,1.02752,6.40183,0.186625,1.61007,0,0,0,0.297641,0,0,0,0
"MtrElec",1,16,19,"",11.9807,0,0,0,0,0,0.0330909,0,0,0.756867,0,0,0,1.96163,6.96974,0.247152,1.73462,0,0,0,0.277592,0,0,0,0
"MtrElec",1,16,20,"",13.9416,0,0,0,0,0,0.0330909,0,0,0.756867,0,0,0,2.73227,7.32996,0.327854,1.72831,0,0,0.882094,0.151134,0,0,0,0
"MtrElec",1,16,21,"",14.252,0,0,0,0,0,0.0330909,0,0,0.756867,0,0,0,2.63885,7.6419,0.458996,1.64821,0,0.37257,0.636767,0.0647715,0,0,0,0
"MtrElec",1,16,22,"",13.2649,0,0,0,0,0,0.0330909,0,0,0.756867,0,0,0,2.24186,7.58459,0.529611,1.5738,0,0.268951,0.245309,0.0308436,0,0,0,0
"MtrElec",1,16,23,"",13.5161,0,0,0,0,0,0.0330909,0,0,0.756867,0,0,0,1.47122,6.72474,0.458996,1.47394,2.47514,0.103611,0,0.0185061,0,0,0,0
"MtrElec",1,16,24,"",9.15953,0,0,0,0,0,0.0330909,0,0,0.756867,0,0,0,0.910755,5.76204,0.317767,1.3636,0,0,0,0.0154218,0,0,0,0
"MtrElec",1,17,1,"",7.58947,0,0,0,0,0,0.0330909,0,0,0.756867,0,0,0,0.537112,4.64792,0.23202,1.37475,0,0,0,0.00771089,0,0,0,0
"MtrElec",1,17,2,"",7.05755,0,0,0,0,0,0.0330909,0,0,0.756867,0,0,0,0.443701,4.27654,0.23202,1.30916,0,0,0,0.00616872,0,0,0,0
"MtrElec",1,17,3,"",8.17482,0,0,0,0,0,0.0330909,0,0,0.756867,0,0,0,0.35029,4.05412,0.226976,1.28273,1.46611,0,0,0.00462654,0,0,0,0
"MtrElec",1,17,4,"",7.72081,0,0,0,0,0,0.0330909,0,0,0.756867,0,0,0,0.396996,4.04258,0.226976,1.2503,1.00937,0,0,0.00462654,0,0,0,0
"MtrElec",1,17,5,"",6.56319,0,0,0,0,0,0.0330909,0,0,0.756867,0,0,0,0.490407,3.83942,0.23202,1.20676,0,0,0,0.00462654,0,0,0,0
"MtrElec",1,17,6,"",7.10697,0,0,0,0,0,0.0330909,0,0,0.756867,0,0,0,0.723934,4.16041,0.226976,1.19799,0,0,0,0.00771089,0,0,0,0
"MtrElec",1,17,7,"",7.90435,0,0,0,0,0,0.0330909,0,0,0.756867,0,0,0,0.980813,4.67234,0.221932,1.22389,0,0,0,0.0154218,0,0,0,0
"MtrElec",1,17,8,"",5.32688,0,0,0,0.0264844,0,0.0330909,0,0,0.756867,0,0,0,0.957461,5.01958,0.2068,1.33063,1.15916,0,0,0.0416388,0,0,0,-4.20483
"MtrElec",1,17,9,"",-1.44382,0,0,0,0.0264844,0,0.0330909,0,0,0.756867,0,0,0,0.793992,4.71994,0.181581,1.51606,1.31639,0,0,0.0740246,0,0,0,-10.8623
"MtrElec",1,17,10,"",-14.5829,0,0,0,0.0264844,0,0.0330909,0,0,0.756867,0,0,0,0.677228,4.53847,0.151317,1.47851,0,0,0.882173,0.0740246,0,0,0,-23.2011
"MtrElec",1,17,11,"",-18.9984,0,0,0,0.0264844,0,0.0330909,0,0,0.756867,0,0,0,0.630523,4.61538,0.121054,1.45724,0.853184,0.372603,0.785681,0.0709402,0,0,0,-28.7214
"MtrElec",1,17,12,"",-20.7593,0,0,0,0.0264844,0,0.0330909,0,0,0.756867,0,0,0,0.583817,4.54226,0.0807026,1.49087,1.62204,0.331848,0.978263,0.0848198,0,0,0,-31.2904
"MtrElec",1,17,13,"",-22.371,0,0,0,0.0264844,0,0.0330909,0,0,0.756867,0,0,0,0.490407,4.501,0.060527,1.52374,0,0.413189,0.882055,0.0971573,0,0,0,-31.1555
"MtrElec",1,17,14,"",-20.7752,0,0,0,0.0264844,0,0.0330909,0,0,0.756867,0,0,0,0.490407,4.63842,0.055483,1.54548,0,0.372554,0,0.0909886,0,0,0,-28.785
"MtrElec",1,17,15,"",-15.6633,0,0,0,0.0264844,0,0.0330909,0,0,0.756867,0,0,0,0.490407,4.86538,0.055483,1.52572,0,0,0,0.0956151,0,0,0,-23.5124
"MtrElec",1,17,16,"",-7.10068,0,0,0,0.0264844,0,0.0330909,0,0,0.756867,0,0,0,0.60717,5.1168,0.060527,1.56314,0,0,0,0.104868,0,0,0,-15.3696
"MtrElec",1,17,17,"",3.6838,0,0,0,0.0264844,0,0.0330909,0,0,0.756867,0,0,0,0.723934,5.74202,0.0958344,1.5331,0,0,0,0.140338,0,0,0,-5.36787
"MtrElec",1,17,18,"",10.3215,0,0,0,0,0,0.0330909,0,0,0.756867,0,0,0,1.02752,6.47423,0.191669,1.62378,0,0,0,0.214363,0,0,0,0
"MtrElec",1,17,19,"",11.8943,0,0,0,0,0,0.0330909,0,0,0.756867,0,0,0,1.96163,6.95786,0.242108,1.74381,0,0,0,0.198941,0,0,0,0
"MtrElec",1,17,20,"",12.8777,0,0,0,0,0,0.0330909,0,0,0.756867,0,0,0,2.73227,7.23308,0.302635,1.70874,0,0,0,0.111037,0,0,0,0
"MtrElec",1,17,21,"",13.0566,0,0,0,0,0,0.0330909,0,0,0.756867,0,0,0,2.63885,7.49676,0.418645,1.66302,0,0,0,0.0493497,0,0,0,0
"MtrElec",1,17,22,"",12.5691,0,0,0,0,0,0.0330909,0,0,0.756867,0,0,0,2.24186,7.42686,0.494303,1.59458,0,0,0,0.0215905,0,0,0,0
"MtrElec",1,17,23,"",11.6896,0,0,0,0,0,0.0330909,0,0,0.756867,0,0,0,1.47122,6.63975,0.428733,1.46402,0,0,0.882053,0.0138796,0,0,0,0
"MtrElec",1,17,24,"",9.52011,0,0,0,0,0,0.0330909,0,0,0.756867,0,0,0,0.910755,5.66234,0.297591,1.47921,0,0.372553,0,0.00771089,0,0,0,0
"MtrElec",1,18,1,"",7.57887,0,0,0,0,0,0.0330909,0,0,0.756867,0,0,0,0.537112,4.64792,0.23202,1.36416,0,0,0,0.00771089,0,0,0,0
"MtrElec",1,18,2,"",7.04835,0,0,0,0,0,0.0330909,0,0,0.756867,0,0,0,0.443701,4.27654,0.23202,1.29996,0,0,0,0.00616872,0,0,0,0
"MtrElec",1,18,3,"",6.69922,0,0,0,0,0,0.0330909,0,0,0.756867,0,0,0,0.35029,4.05412,0.226976,1.27324,0,0,0,0.00462654,0,0,0,0
"MtrElec",1,18,4,"",6.70125,0,0,0,0,0,0.0330909,0,0,0.756867,0,0,0,0.396996,4.04258,0.226976,1.24011,0,0,0,0.00462654,0,0,0,0
"MtrElec",1,18,5,"",6.55082,0,0,0,0,0,0.0330909,0,0,0.756867,0,0,0,0.490407,3.83942,0.23202,1.19438,0,0,0,0.00462654,0,0,0,0
"MtrElec",1,18,6,"",7.09414,0,0,0,0,0,0.0330909,0,0,0.756867,0,0,0,0.723934,4.16041,0.226976,1.18515,0,0,0,0.00771089,0,0,0,0
"MtrElec",1,18,7,"",8.89684,0,0,0,0,0,0.0330909,0,0,0.756867,0,0,0,0.980813,4.67234,0.221932,1.20878,0,0,1.0076,0.0154218,0,0,0,0
"MtrElec",1,18,8,"",9.80386,0,0,0,0,0,0.0330909,0,0,0.756867,0,0,0,0.957461,5.01958,0.2068,1.31666,1.15916,0.42558,1.53729,0.0416388,0,0,0,-1.65026
"MtrElec",1,18,9,"",8.83738,0,0,0,0,0,0.0330909,0,0,0.756867,0,0,0,0.793992,4.71994,0.181581,1.50763,1.31639,0.649304,0.983976,0.0740246,0,0,0,-2.17942
"MtrElec",1,18,10,"",4.98399,0,0,0,0,0,0.0330909,0,0,0.756867,0,0,0,0.677228,4.53847,0.151317,1.46625,0,0.415602,0,0.0740246,0,0,0,-3.12886
"MtrElec",1,18,11,"",1.28235,0,0,0,0.0264844,0,0.0330909,0,0,0.756867,0,0,0,0.630523,4.61538,0.121054,1.43866,0,0,0.882176,0.0709402,0,0,0,-7.29282
"MtrElec",1,18,12,"",-4.32495,0,0,0,0.0264844,0,0.0330909,0,0,0.756867,0,0,0,0.583817,4.54226,0.0807026,1.46245,0,0.372605,0,0.0848198,0,0,0,-12.2681
"MtrElec",1,18,13,"",-18.981,0,0,0,0.0264844,0,0.0330909,0,0,0.756867,0,0,0,0.490407,4.501,0.060527,1.48928,0,0,0,0.0971573,0,0,0,-26.4358
"MtrElec",1,18,14,"",-13.644,0,0,0,0.0264844,0,0.0330909,0,0,0.756867,0,0,0,0.490407,4.63842,0.055483,1.51034,0,0,0,0.0909886,0,0,0,-21.2461
"MtrElec",1,18,15,"",-4.16661,0,0,0,0.0264844,0,0.0330909,0,0,0.756867,0,0,0,0.490407,4.86538,0.055483,1.49133,0,0,0.287418,0.0956151,0,0,0,-12.2687
"MtrElec",1,18,16,"",4.13286,0,0,0,0.0264844,0,0.0330909,0,0,0.756867,0,0,0,0.60717,5.1168,0.060527,1.53771,0,0.121397,0.5946,0.104868,0,0,0,-4.82665
"MtrElec",1,18,17,"",7.06026,0,0,0,0.0264844,0,0.0330909,0,0,0.756867,0,0,0,0.723934,5.74202,0.0958344,1.49613,0,0.251141,0,0.140338,0,0,0,-2.20558
"MtrElec",1,18,18,"",10.2873,0,0,0,0,0,0.0330909,0,0,0.756867,0,0,0,1.02752,6.47423,0.191669,1.58957,0,0,0,0.214363,0,0,0,0
"MtrElec",1,18,19,"",11.8728,0,0,0,0,0,0.0330909,0,0,0.756867,0,0,0,1.96163,6.95786,0.242108,1.72228,0,0,0,0.198941,0,0,0,0
"MtrElec",1,18,20,"",12.8551,0,0,0,0,0,0.0330909,0,0,0.756867,0,0,0,2.73227,7.23308,0.302635,1.68614,0,0,0,0.111037,0,0,0,0
"MtrElec",1,18,21,"",13.0316,0,0,0,0,0,0.0330909,0,0,0.756867,0,0,0,2.63885,7.49676,0.418645,1.63799,0,0,0,0.0493497,0,0,0,0
"MtrElec",1,18,22,"",12.5455,0,0,0,0,0,0.0330909,0,0,0.756867,0,0,0,2.24186,7.42686,0.494303,1.5709,0,0,0,0.0215905,0,0,0,0
"MtrElec",1,18,23,"",11.6583,0,0,0,0,0,0.0330909,0,0,0.756867,0,0,0,1.47122,6.63975,0.428733,1.43267,0,0,0.882053,0.0138796,0,0,0,0
"MtrElec",1,18,24,"",9.50109,0,0,0,0,0,0.0330909,0,0,0.756867,0,0,0,0.910755,5.66234,0.297591,1.46019,0,0.372553,0,0.00771089,0,0,0,0
"MtrElec",1,19,1,"",7.55453,0,0,0,0,0,0.0330909,0,0,0.756867,0,0,0,0.537112,4.64792,0.23202,1.33981,0,0,0,0.00771089,0,0,0,0
"MtrElec",1,19,2,"",7.02681,0,0,0,0,0,0.0330909,0,0,0.756867,0,0,0,0.443701,4.27654,0.23202,1.27842,0,0,0,0.00616872,0,0,0,0
"MtrElec",1,19,3,"",6.67848,0,0,0,0,0,0.0330909,0,0,0.756867,0,0,0,0.35029,4.05412,0.226976,1.2525,0,0,0,0.00462654,0,0,0,0
"MtrElec",1,19,4,"",6.6812,0,0,0,0,0,0.0330909,0,0,0.756867,0,0,0,0.396996,4.04258,0.226976,1.22006,0,0,0,0.00462654,0,0,0,0
"MtrElec",1,19,5,"",6.5286,0,0,0,0,0,0.0330909,0,0,0.756867,0,0,0,0.490407,3.83942,0.23202,1.17216,0,0,0,0.00462654,0,0,0,0
"MtrElec",1,19,6,"",7.07163,0,0,0,0,0,0.0330909,0,0,0.756867,0,0,0,0.723934,4.16041,0.226976,1.16264,0,0,0,0.00771089,0,0,0,0
"MtrElec",1,19,7,"",8.63544,0,0,0,0,0,0.0330909,0,0,0.756867,0,0,0,0.980813,4.67234,0.221932,1.18296,0,0,0.772025,0.0154218,0,0,0,0
"MtrElec",1,19,8,"",6.77248,0,0,0,0.0264844,0,0.0330909,0,0,0.756867,0,0,0,0.957461,5.01958,0.2068,1.29216,0,0.32608,2.25727,0.0416388,0,0,0,-4.14495
"MtrElec",1,19,9,"",-3.30854,0,0,0,0.0264844,0,0.0330909,0,0,0.756867,0,0,0,0.793992,4.71994,0.181581,1.49215,0,0.953402,0.944678,0.0740246,0,0,0,-13.2847
"MtrElec",1,19,10,"",-11.6035,0,0,0,0.0264844,0,0.0330909,0,0,0.756867,0,0,0,0.677228,4.53847,0.151317,1.45063,0,0.399004,0.87815,0.0740246,0,0,0,-20.5888
"MtrElec",1,19,11,"",-18.2876,0,0,0,0.0264844,0,0.0330909,0,0,0.756867,0,0,0,0.630523,4.61538,0.121054,1.43334,0,0.370904,0.440121,0.0709402,0,0,0,-26.7863
"MtrElec",1,19,12,"",-19.8569,0,0,0,0.0264844,0,0.0330909,0,0,0.756867,0,0,0,0.583817,4.54226,0.0807026,1.46538,0,0.185894,2.55979,0.0848198,0,0,0,-30.176
"MtrElec",1,19,13,"",-20.3979,0,0,0,0.0264844,0,0.0330909,0,0,0.756867,0,0,0,0.490407,4.501,0.060527,1.49606,0,1.08118,1.39843,0.0971573,0,0,0,-30.3391
"MtrElec",1,19,14,"",-19.2717,0,0,0,0.0264844,0,0.0330909,0,0,0.756867,0,0,0,0.490407,4.63842,0.055483,1.51898,0,0.590653,0.451746,0.0909886,0,0,0,-27.9248
"MtrElec",1,19,15,"",-14.4796,0,0,0,0.0264844,0,0.0330909,0,0,0.756867,0,0,0,0.490407,4.86538,0.055483,1.49896,0,0.190804,0,0.0956151,0,0,0,-22.4927
"MtrElec",1,19,16,"",-6.31088,0,0,0,0.0264844,0,0.0330909,0,0,0.756867,0,0,0,0.60717,5.1168,0.060527,1.54345,0,0,0,0.104868,0,0,0,-14.5601
"MtrElec",1,19,17,"",4.15207,0,0,0,0.0264844,0,0.0330909,0,0,0.756867,0,0,0,0.723934,5.74202,0.0958344,1.50642,0,0,0,0.140338,0,0,0,-4.87292
"MtrElec",1,19,18,"",10.2976,0,0,0,0,0,0.0330909,0,0,0.756867,0,0,0,1.02752,6.47423,0.191669,1.59986,0,0,0,0.214363,0,0,0,0
"MtrElec",1,19,19,"",11.8787,0,0,0,0,0,0.0330909,0,0,0.756867,0,0,0,1.96163,6.95786,0.242108,1.72817,0,0,0,0.198941,0,0,0,0
"MtrElec",1,19,20,"",17.8111,0,0,0,0,0,0.0330909,0,0,0.756867,0,0,0,2.73227,7.23308,0.302635,1.69089,4.95121,0,0,0.111037,0,0,0,0
"MtrElec",1,19,21,"",13.0369,0,0,0,0,0,0.0330909,0,0,0.756867,0,0,0,2.63885,7.49676,0.418645,1.64337,0,0,0,0.0493497,0,0,0,0
"MtrElec",1,19,22,"",12.5499,0,0,0,0,0,0.0330909,0,0,0.756867,0,0,0,2.24186,7.42686,0.494303,1.57538,0,0,0,0.0215905,0,0,0,0
"MtrElec",1,19,23,"",13.2541,0,0,0,0,0,0.0330909,0,0,0.756867,0,0,0,1.47122,6.63975,0.428733,1.43633,2.47428,0,0,0.0138796,0,0,0,0
"MtrElec",1,19,24,"",11.6053,0,0,0,0,0,0.0330909,0,0,0.756867,0,0,0,0.910755,5.66234,0.297591,1.46193,2.47502,0,0,0.00771089,0,0,0,0
"MtrElec",1,20,1,"",7.49647,0,0,0,0,0,0.0330909,0,0,0.756867,0,0,0,0.537112,4.63532,0.23202,1.29435,0,0,0,0.00771089,0,0,0,0
"MtrElec",1,20,2,"",6.96202,0,0,0,0,0,0.0330909,0,0,0.756867,0,0,0,0.443701,4.22793,0.23202,1.26224,0,0,0,0.00616872,0,0,0,0
"MtrElec",1,20,3,"",6.65949,0,0,0,0,0,0.0330909,0,0,0.756867,0,0,0,0.35029,4.06638,0.23202,1.21467,0,0,0,0.00616872,0,0,0,0
"MtrElec",1,20,4,"",6.66024,0,0,0,0,0,0.0330909,0,0,0.756867,0,0,0,0.396996,4.04224,0.23202,1.19286,0,0,0,0.00616872,0,0,0,0
"MtrElec",1,20,5,"",6.60032,0,0.065054,0,0,0,0.0330909,0,0.0137535,0.756867,0,0,0,0.490407,3.85168,0.23202,1.15128,0,0,0,0.00616872,0,0,0,0
"MtrElec",1,20,6,"",7.45848,0,0.315506,0,0,0,0.0330909,0,0.0667132,0.756867,0,0,0,0.723934,4.17266,0.186625,1.18149,0,0,0,0.0215905,0,0,0,0
"MtrElec",1,20,7,"",9.25746,0,0.247737,0,0,0,0.0330909,0,0.0522308,0.756867,0,0,0,0.980813,4.75662,0.176537,1.34203,0,0,0.882236,0.0293014,0,0,0,0
"MtrElec",1,20,8,"",7.20253,0,0.314612,0,0,0,0.0330909,0,0.0663305,0.756867,0,0,0,0.957461,5.11646,0.171493,1.48602,0,0.37263,0,0.0385545,0,0,0,-2.11098
"MtrElec",1,20,9,"",1.54769,0,0.183044,0,0.0264844,0,0.0330909,0,0.0384078,0.756867,0,0,0,0.793992,4.74336,0.166449,1.43729,0,0,0,0.0400967,0,0,0,-6.67139
"MtrElec",1,20,10,"",-5.09511,0,0,0,0.0264844,0,0.0330909,0,0,0.756867,0,0,0,0.677228,4.45277,0.14123,1.31751,0,0,0,0.0339279,0,0,0,-12.5342
"MtrElec",1,20,11,"",-5.20814,0,0,0,0.0264844,0,0.0330909,0,0,0.756867,0,0,0,0.630523,4.50554,0.110966,1.28228,0,0,0,0.0323858,0,0,0,-12.5863
"MtrElec",1,20,12,"",-3.70998,0,0,0,0.0264844,0,0.0330909,0,0,0.756867,0,0,0,0.583817,4.50554,0.0756587,1.30159,0,0,0,0.0447232,0,0,0,-11.0377
"MtrElec",1,20,13,"",-5.68037,0,0,0,0.0264844,0,0.0330909,0,0,0.756867,0,0,0,0.490407,4.51254,0.060527,1.3521,0,0,0,0.0539763,0,0,0,-12.9664
"MtrElec",1,20,14,"",-9.35521,0,0,0,0.0264844,0,0.0330909,0,0,0.756867,0,0,0,0.490407,4.61395,0.055483,1.32047,0,0,0,0.0493497,0,0,0,-16.7013
"MtrElec",1,20,15,"",7.17162,0,0,0,0,0,0.0330909,0,0,0.756867,0,0,0,0.490407,4.7811,0.055483,1.35178,0,0,0.43918,0.0524341,0,0,0,-0.788715
"MtrElec",1,20,16,"",-1.79766,0,0,0,0.0264844,0,0.0330909,0,0,0.756867,0,0,0,0.60717,4.9234,0.060527,1.36189,0,0.185496,0.442728,0.0801933,0,0,0,-10.2755
"MtrElec",1,20,17,"",4.06156,0,0,0,0.0264844,0,0.0330909,0,0,0.756867,0,0,0,0.723934,5.56121,0.0958344,1.39049,0,0.186995,0,0.177351,0,0,0,-4.89069
"MtrElec",1,20,18,"",10.2331,0,0,0,0,0,0.0330909,0,0,0.756867,0,0,0,1.02752,6.40183,0.186625,1.52957,0,0,0,0.297641,0,0,0,0
"MtrElec",1,20,19,"",12.7942,0,0,0,0,0,0.0330909,0,0,0.756867,0,0,0,1.96163,6.96974,0.247152,1.6662,0,0,0.881967,0.277592,0,0,0,0
"MtrElec",1,20,20,"",14.2627,0,0,0,0,0,0.0330909,0,0,0.756867,0,0,0,2.73227,7.32996,0.327854,1.67695,0,0.372517,0.882094,0.151134,0,0,0,0
"MtrElec",1,20,21,"",14.1946,0,0,0,0,0,0.0330909,0,0,0.756867,0,0,0,2.63885,7.6419,0.458996,1.59082,0,0.37257,0.636767,0.0647715,0,0,0,0
"MtrElec",1,20,22,"",17.0085,0,0,0,0,0,0.0330909,0,0,0.756867,0,0,0,2.24186,7.58459,0.529611,1.50977,3.80764,0.268951,0.245309,0.0308436,0,0,0,0
"MtrElec",1,20,23,"",17.0717,0,0,0,0,0,0.0330909,0,0,0.756867,0,0,0,1.47122,6.72474,0.458996,1.41049,6.09416,0.103611,0,0.0185061,0,0,0,0
"MtrElec",1,20,24,"",9.08519,0,0,0,0,0,0.0330909,0,0,0.756867,0,0,0,0.910755,5.76204,0.317767,1.28925,0,0,0,0.0154218,0,0,0,0
"MtrElec",1,21,1,"",7.8385,0,0.303425,0,0,0,0.0330909,0,0.0646783,0.756867,0,0,0,0.537112,4.63532,0.23202,1.26827,0,0,0,0.00771089,0,0,0,0
"MtrElec",1,21,2,"",9.15038,0,0.920978,0,0,0,0.0330909,0,0.198406,0.756867,0,1.09188,0,0.443701,4.22793,0.23202,1.23933,0,0,0,0.00616872,0,0,0,0
"MtrElec",1,21,3,"",9.23937,0,1.23857,0,0,0,0.0330909,0,0.269594,0.756867,0,1.09188,0,0.35029,4.06638,0.23202,1.19451,0,0,0,0.00616872,0,0,0,0
"MtrElec",1,21,4,"",9.52742,0,1.46986,0,0,0,0.0330909,0,0.32247,0.756867,0,1.09188,0,0.396996,4.04224,0.23202,1.17582,0,0,0,0.00616872,0,0,0,0
"MtrElec",1,21,5,"",9.64837,0,1.68002,0,0,0,0.0330909,0,0.371286,0.756867,0,1.09188,0,0.490407,3.85168,0.23202,1.13495,0,0,0,0.00616872,0,0,0,0
"MtrElec",1,21,6,"",10.0972,0,1.59407,0,0,0,0.0330909,0,0.351659,0.756867,0,1.09188,0,0.723934,4.17266,0.186625,1.16481,0,0,0,0.0215905,0,0,0,0
"MtrElec",1,21,7,"",10.8424,0,1.38464,0,0,0,0.0330909,0,0.303545,0.756867,0,1.09188,0,0.980813,4.75662,0.176537,1.32916,0,0,0,0.0293014,0,0,0,0
"MtrElec",1,21,8,"",5.49683,0,0.933221,0,0.0264844,0,0.0330909,0,0.201693,0.756867,0,1.09188,0,0.957461,5.11646,0.171493,1.4757,0,0,0,0.0385545,0,0,0,-5.30607
"MtrElec",1,21,9,"",-6.3491,0,0.0952407,0,0.0264844,0,0.0330909,0,0.0201136,0.756867,0,0,0,0.793992,4.74336,0.166449,1.42575,0,0,0.781178,0.0400967,0,0,0,-15.2317
"MtrElec",1,21,10,"",-13.3094,0,0,0,0.0264844,0,0.0330909,0,0,0.756867,0,0,0,0.677228,4.45277,0.14123,1.30679,0,0.329946,1.86536,0.0339279,0,0,0,-22.9331
"MtrElec",1,21,11,"",-20.1936,0,0,0,0.0264844,0,0.0330909,0,0,0.756867,0,0,0,0.630523,4.50554,0.110966,1.28083,0,0.787871,0,0.0323858,0,0,0,-28.3581
"MtrElec",1,21,12,"",-23.3703,0,0,0,0.0264844,0,0.0330909,0,0,0.756867,0,0,0,0.583817,4.50554,0.0756587,1.30813,0,0,0,0.0447232,0,0,0,-30.7046
"MtrElec",1,21,13,"",-22.2503,0,0,0,0.0264844,0,0.0330909,0,0,0.756867,0,0,0,0.490407,4.51254,0.060527,1.36186,1.41802,0,0.285975,0.0539763,0,0,0,-31.2501
"MtrElec",1,21,14,"",-19.8524,0,0,0,0.0264844,0,0.0330909,0,0,0.756867,0,0,0,0.490407,4.61395,0.055483,1.33535,1.0564,0.120787,0.596301,0.0493497,0,0,0,-28.9869
"MtrElec",1,21,15,"",-15.8806,0,0,0,0.0264844,0,0.0330909,0,0,0.756867,0,0,0,0.490407,4.7811,0.055483,1.36685,0,0.25186,0,0.0524341,0,0,0,-23.6951
"MtrElec",1,21,16,"",-6.76091,0,0,0,0.0264844,0,0.0330909,0,0,0.756867,0,0,0,0.60717,4.9234,0.060527,1.38326,1.26327,0,0,0.0801933,0,0,0,-15.8952
"MtrElec",1,21,17,"",3.8718,0,0,0,0.0264844,0,0.0330909,0,0,0.756867,0,0,0,0.723934,5.56121,0.0958344,1.4249,1.21212,0,0,0.177351,0,0,0,-6.13998
"MtrElec",1,21,18,"",10.2521,0,0,0,0,0,0.0330909,0,0,0.756867,0,0,0,1.02752,6.40183,0.186625,1.56723,0,0,0,0.297641,0,0,0,-0.0186942
"MtrElec",1,21,19,"",11.9451,0,0,0,0,0,0.0330909,0,0,0.756867,0,0,0,1.96163,6.96974,0.247152,1.69903,0,0,0,0.277592,0,0,0,0
"MtrElec",1,21,20,"",13.0325,0,0,0,0,0,0.0330909,0,0,0.756867,0,0,0,2.73227,7.32996,0.327854,1.70136,0,0,0,0.151134,0,0,0,0
"MtrElec",1,21,21,"",13.2113,0,0,0,0,0,0.0330909,0,0,0.756867,0,0,0,2.63885,7.6419,0.458996,1.6168,0,0,0,0.0647715,0,0,0,0
"MtrElec",1,21,22,"",12.8766,0,0,0,0,0,0.0330909,0,0,0.756867,0,0,0,2.24186,7.58459,0.529611,1.5379,0,0,0.161806,0.0308436,0,0,0,0
"MtrElec",1,21,23,"",11.3946,0,0,0,0,0,0.0330909,0,0,0.756867,0,0,0,1.47122,6.72474,0.458996,1.43732,0,0.0683418,0.425533,0.0185061,0,0,0,0
"MtrElec",1,21,24,"",9.58949,0,0,0,0,0,0.0330909,0,0,0.756867,0,0,0,0.910755,5.76204,0.317767,1.31894,0,0.179732,0.294889,0.0154218,0,0,0,0
"MtrElec",1,22,1,"",7.62241,0,0,0,0,0,0.0330909,0,0,0.756867,0,0,0,0.537112,4.63532,0.23202,1.29573,0,0.124552,0,0.00771089,0,0,0,0
"MtrElec",1,22,2,"",6.9642,0,0,0,0,0,0.0330909,0,0,0.756867,0,0,0,0.443701,4.22793,0.23202,1.26442,0,0,0,0.00616872,0,0,0,0
"MtrElec",1,22,3,"",6.66263,0,0,0,0,0,0.0330909,0,0,0.756867,0,0,0,0.35029,4.06638,0.23202,1.21782,0,0,0,0.00616872,0,0,0,0
"MtrElec",1,22,4,"",6.66374,0,0,0,0,0,0.0330909,0,0,0.756867,0,0,0,0.396996,4.04224,0.23202,1.19636,0,0,0,0.00616872,0,0,0,0
"MtrElec",1,22,5,"",6.52568,0,0,0,0,0,0.0330909,0,0,0.756867,0,0,0,0.490407,3.85168,0.23202,1.15545,0,0,0,0.00616872,0,0,0,0
"MtrElec",1,22,6,"",7.0814,0,0,0,0,0,0.0330909,0,0,0.756867,0,0,0,0.723934,4.17266,0.186625,1.18663,0,0,0,0.0215905,0,0,0,0
"MtrElec",1,22,7,"",8.07867,0,0,0,0,0,0.0330909,0,0,0.756867,0,0,0,0.980813,4.75662,0.176537,1.34544,0,0,0,0.0293014,0,0,0,0
"MtrElec",1,22,8,"",2.80671,0,0,0,0.0264844,0,0.0330909,0,0,0.756867,0,0,0,0.957461,5.11646,0.171493,1.48775,0,0,0.881945,0.0385545,0,0,0,-6.66338
"MtrElec",1,22,9,"",-7.65461,0,0,0,0.0264844,0,0.0330909,0,0,0.756867,0,0,0,0.793992,4.74336,0.166449,1.44055,0,0.372507,0.574556,0.0400967,0,0,0,-16.6026
"MtrElec",1,22,10,"",-14.5239,0,0,0,0.0264844,0,0.0330909,0,0,0.756867,0,0,0,0.677228,4.45277,0.14123,1.33002,0.484958,0.242675,1.66643,0.0339279,0,0,0,-24.3696
"MtrElec",1,22,11,"",-18.4176,0,0,0,0.0264844,0,0.0330909,0,0,0.756867,0,0,0,0.630523,4.50554,0.110966,1.30624,1.69357,0.703851,1.28735,0.0323858,0,0,0,-29.5045
"MtrElec",1,22,12,"",-23.7308,0,0,0,0.0264844,0,0.0330909,0,0,0.756867,0,0,0,0.583817,4.50554,0.0756587,1.33512,0.296245,0.543737,0,0.0447232,0,0,0,-31.932
"MtrElec",1,22,13,"",-24.6336,0,0,0,0.0264844,0,0.0330909,0,0,0.756867,0,0,0,0.490407,4.51254,0.060527,1.38683,0,0,0,0.0539763,0,0,0,-31.9543
"MtrElec",1,22,14,"",-22.213,0,0,0,0.0264844,0,0.0330909,0,0,0.756867,0,0,0,0.490407,4.61395,0.055483,1.36201,0,0,0,0.0493497,0,0,0,-29.6006
"MtrElec",1,22,15,"",-16.3256,0,0,0,0.0264844,0,0.0330909,0,0,0.756867,0,0,0,0.490407,4.7811,0.055483,1.3877,0,0,0.336868,0.0524341,0,0,0,-24.2461
"MtrElec",1,22,16,"",-5.48032,0,0,0,0.0264844,0,0.0330909,0,0,0.756867,0,0,0,0.60717,4.9234,0.060527,1.40697,1.26327,0.142283,1.4272,0.0801933,0,0,0,-16.2078
"MtrElec",1,22,17,"",5.04652,0,0,0,0.0264844,0,0.0330909,0,0,0.756867,0,0,0,0.723934,5.56121,0.0958344,1.461,1.21212,0.602807,0.881924,0.177351,0,0,0,-6.48609
"MtrElec",1,22,18,"",11.4855,0,0,0,0,0,0.0330909,0,0,0.756867,0,0,0,1.02752,6.40183,0.186625,1.61073,0,0.372498,0.882049,0.297641,0,0,0,-0.0833894
"MtrElec",1,22,19,"",12.3589,0,0,0,0,0,0.0330909,0,0,0.756867,0,0,0,1.96163,6.96974,0.247152,1.74025,0,0.372551,0,0.277592,0,0,0,0
"MtrElec",1,22,20,"",13.0656,0,0,0,0,0,0.0330909,0,0,0.756867,0,0,0,2.73227,7.32996,0.327854,1.73442,0,0,0,0.151134,0,0,0,0
"MtrElec",1,22,21,"",13.792,0,0,0,0,0,0.0330909,0,0,0.756867,0,0,0,2.63885,7.6419,0.458996,1.65541,0.54211,0,0,0.0647715,0,0,0,0
"MtrElec",1,22,22,"",13.6313,0,0,0,0,0,0.0330909,0,0,0.756867,0,0,0,2.24186,7.58459,0.529611,1.58135,0.873087,0,0,0.0308436,0,0,0,0
"MtrElec",1,22,23,"",12.0054,0,0,0,0,0,0.0330909,0,0,0.756867,0,0,0,1.47122,6.72474,0.458996,1.48172,1.06029,0,0,0.0185061,0,0,0,0
"MtrElec",1,22,24,"",9.16761,0,0,0,0,0,0.0330909,0,0,0.756867,0,0,0,0.910755,5.76204,0.317767,1.37167,0,0,0,0.0154218,0,0,0,0
"MtrElec",1,23,1,"",7.53993,0,0,0,0,0,0.0330909,0,0,0.756867,0,0,0,0.537112,4.63532,0.23202,1.3378,0,0,0,0.00771089,0,0,0,0
"MtrElec",1,23,2,"",6.99754,0,0,0,0,0,0.0330909,0,0,0.756867,0,0,0,0.443701,4.22793,0.23202,1.29776,0,0,0,0.00616872,0,0,0,0
"MtrElec",1,23,3,"",7.78554,0,0,0,0,0,0.0330909,0,0,0.756867,0,1.09188,0,0.35029,4.06638,0.23202,1.24884,0,0,0,0.00616872,0,0,0,0
"MtrElec",1,23,4,"",7.78275,0,0,0,0,0,0.0330909,0,0,0.756867,0,1.09188,0,0.396996,4.04224,0.23202,1.22348,0,0,0,0.00616872,0,0,0,0
"MtrElec",1,23,5,"",7.64342,0,0,0,0,0,0.0330909,0,0,0.756867,0,1.09188,0,0.490407,3.85168,0.23202,1.18131,0,0,0,0.00616872,0,0,0,0
"MtrElec",1,23,6,"",8.19834,0,0,0,0,0,0.0330909,0,0,0.756867,0,1.09188,0,0.723934,4.17266,0.186625,1.21169,0,0,0,0.0215905,0,0,0,0
"MtrElec",1,23,7,"",9.18584,0,0,0,0,0,0.0330909,0,0,0.756867,0,1.09188,0,0.980813,4.75662,0.176537,1.36073,0,0,0,0.0293014,0,0,0,0
"MtrElec",1,23,8,"",3.45867,0,0,0,0.0264844,0,0.0330909,0,0,0.756867,0,1.09188,0,0.957461,5.11646,0.171493,1.49546,0,0,0,0.0385545,0,0,0,-6.22908
"MtrElec",1,23,9,"",-5.08281,0,0,0,0.0264844,0,0.0330909,0,0,0.756867,0,0,0,0.793992,4.74336,0.166449,1.4463,2.72121,0,0,0.0400967,0,0,0,-15.8107
"MtrElec",1,23,10,"",-12.4844,0,0,0,0.0264844,0,0.0330909,0,0,0.756867,0,0,0,0.677228,4.45277,0.14123,1.33686,3.65317,0,0,0.0339279,0,0,0,-23.5961
"MtrElec",1,23,11,"",-16.6652,0,0,0,0.0264844,0,0.0330909,0,0,0.756867,0,0,0,0.630523,4.50554,0.110966,1.31194,3.22947,0,1.72352,0.0323858,0,0,0,-29.0259
"MtrElec",1,23,12,"",-23.0957,0,0,0,0.0264844,0,0.0330909,0,0,0.756867,0,0,0,0.583817,4.50554,0.0756587,1.34043,0.296245,0.727964,0.0403301,0.0447232,0,0,0,-31.5268
"MtrElec",1,23,13,"",-24.1792,0,0,0,0.0264844,0,0.0330909,0,0,0.756867,0,0,0,0.490407,4.51254,0.060527,1.39178,0,0.0170342,0,0.0539763,0,0,0,-31.5219
"MtrElec",1,23,14,"",-21.2669,0,0,0,0.0264844,0,0.0330909,0,0,0.756867,0,0,0,0.490407,4.61395,0.055483,1.36574,0,0,0.400627,0.0493497,0,0,0,-29.0589
"MtrElec",1,23,15,"",-15.5678,0,0,0,0.0264844,0,0.0330909,0,0,0.756867,0,0,0,0.490407,4.7811,0.055483,1.38962,0,0.169213,0.481249,0.0524341,0,0,0,-23.8037
"MtrElec",1,23,16,"",-6.98973,0,0,0,0.0264844,0,0.0330909,0,0,0.756867,0,0,0,0.60717,4.9234,0.060527,1.40783,0,0.203265,0.882163,0.0801933,0,0,0,-15.9707
"MtrElec",1,23,17,"",3.68319,0,0,0,0.0264844,0,0.0330909,0,0,0.756867,0,0,0,0.723934,5.56121,0.0958344,1.45905,0,0.372599,0.881924,0.177351,0,0,0,-6.40515
"MtrElec",1,23,18,"",11.4796,0,0,0,0,0,0.0330909,0,0,0.756867,0,0,0,1.02752,6.40183,0.186625,1.60476,0,0.372498,0.882049,0.297641,0,0,0,-0.0832715
"MtrElec",1,23,19,"",12.3518,0,0,0,0,0,0.0330909,0,0,0.756867,0,0,0,1.96163,6.96974,0.247152,1.73321,0,0.372551,0,0.277592,0,0,0,0
"MtrElec",1,23,20,"",13.0588,0,0,0,0,0,0.0330909,0,0,0.756867,0,0,0,2.73227,7.32996,0.327854,1.72766,0,0,0,0.151134,0,0,0,0
"MtrElec",1,23,21,"",13.2392,0,0,0,0,0,0.0330909,0,0,0.756867,0,0,0,2.63885,7.6419,0.458996,1.64471,0,0,0,0.0647715,0,0,0,0
"MtrElec",1,23,22,"",14.0107,0,0,0,0,0,0.0330909,0,0,0.756867,0,0,0,2.24186,7.58459,0.529611,1.56458,1.26921,0,0,0.0308436,0,0,0,0
"MtrElec",1,23,23,"",12.1317,0,0,0,0,0,0.0330909,0,0,0.756867,0,0,0,1.47122,6.72474,0.458996,1.46197,1.20634,0,0,0.0185061,0,0,0,0
"MtrElec",1,23,24,"",9.14232,0,0,0,0,0,0.0330909,0,0,0.756867,0,0,0,0.910755,5.76204,0.317767,1.34638,0,0,0,0.0154218,0,0,0,0
"MtrElec",1,24,1,"",8.66716,0,0,0,0,0,0.0330909,0,0,0.756867,0,1.09188,0,0.537112,4.64792,0.23202,1.36055,0,0,0,0.00771089,0,0,0,0
"MtrElec",1,24,2,"",8.13536,0,0,0,0,0,0.0330909,0,0,0.756867,0,1.09188,0,0.443701,4.27654,0.23202,1.29509,0,0,0,0.00616872,0,0,0,0
"MtrElec",1,24,3,"",10.7173,0,0,0,0,0,0.0330909,0,0,0.756867,0,1.09188,0,0.35029,4.05412,0.226976,1.26721,2.93223,0,0,0.00462654,0,0,0,0
"MtrElec",1,24,4,"",9.80574,0,0,0,0,0,0.0330909,0,0,0.756867,0,1.09188,0,0.396996,4.04258,0.226976,1.23396,2.01875,0,0,0.00462654,0,0,0,0
"MtrElec",1,24,5,"",7.63508,0,0,0,0,0,0.0330909,0,0,0.756867,0,1.09188,0,0.490407,3.83942,0.23202,1.18676,0,0,0,0.00462654,0,0,0,0
"MtrElec",1,24,6,"",8.17561,0,0,0,0,0,0.0330909,0,0,0.756867,0,1.09188,0,0.723934,4.16041,0.226976,1.17474,0,0,0,0.00771089,0,0,0,0
"MtrElec",1,24,7,"",8.96597,0,0,0,0,0,0.0330909,0,0,0.756867,0,1.09188,0,0.980813,4.67234,0.221932,1.19362,0,0,0,0.0154218,0,0,0,0
"MtrElec",1,24,8,"",8.36029,0,0,0,0,0,0.0330909,0,0,0.756867,0,0,0,0.957461,5.01958,0.2068,1.29953,1.15916,0,0,0.0416388,0,0,0,-1.11384
"MtrElec",1,24,9,"",3.92095,0,0,0,0.0264844,0,0.0330909,0,0,0.756867,0,0,0,0.793992,4.71994,0.181581,1.49457,1.31639,0,0,0.0740246,0,0,0,-5.47599
"MtrElec",1,24,10,"",-4.58552,0,0,0,0.0264844,0,0.0330909,0,0,0.756867,0,0,0,0.677228,4.53847,0.151317,1.44732,0,0,1.76435,0.0740246,0,0,0,-14.0547
"MtrElec",1,24,11,"",-6.52619,0,0,0,0.0264844,0,0.0330909,0,0,0.756867,0,0,0,0.630523,4.61538,0.121054,1.42569,0,0.745207,0.574555,0.0709402,0,0,0,-15.526
"MtrElec",1,24,12,"",-4.01448,0,0,0,0.0264844,0,0.0330909,0,0,0.756867,0,0,0,0.583817,4.54226,0.0807026,1.45502,0,0.242675,0.307569,0.0848198,0,0,0,-12.1278
"MtrElec",1,24,13,"",-5.41536,0,0,0,0.0264844,0,0.0330909,0,0,0.756867,0,0,0,0.490407,4.501,0.060527,1.4821,0,0.129908,0,0.0971573,0,0,0,-12.9929
"MtrElec",1,24,14,"",-3.21205,0,0,0,0.0264844,0,0.0330909,0,0,0.756867,0,0,0,0.490407,4.63842,0.055483,1.49957,0,0,0,0.0909886,0,0,0,-10.8034
"MtrElec",1,24,15,"",-0.494057,0,0,0,0.0264844,0,0.0330909,0,0,0.756867,0,0,0,0.490407,4.86538,0.055483,1.47424,0,0,0,0.0956151,0,0,0,-8.29162
"MtrElec",1,24,16,"",1.06955,0,0,0,0.0264844,0,0.0330909,0,0,0.756867,0,0,0,0.60717,5.1168,0.060527,1.5219,0,0,0,0.104868,0,0,0,-7.15816
"MtrElec",1,24,17,"",4.61276,0,0,0,0.0264844,0,0.0330909,0,0,0.756867,0,0,0,0.723934,5.74202,0.0958344,1.47235,0,0,0,0.140338,0,0,0,-4.37816
"MtrElec",1,24,18,"",10.2445,0,0,0,0,0,0.0330909,0,0,0.756867,0,0,0,1.02752,6.47423,0.191669,1.56866,0,0,0,0.214363,0,0,0,-0.0218729
"MtrElec",1,24,19,"",11.8595,0,0,0,0,0,0.0330909,0,0,0.756867,0,0,0,1.96163,6.95786,0.242108,1.70895,0,0,0,0.198941,0,0,0,0
"MtrElec",1,24,20,"",12.84,0,0,0,0,0,0.0330909,0,0,0.756867,0,0,0,2.73227,7.23308,0.302635,1.67097,0,0,0,0.111037,0,0,0,0
"MtrElec",1,24,21,"",14.3552,0,0,0,0,0,0.0330909,0,0,0.756867,0,0,0,2.63885,7.49676,0.418645,1.62094,1.34073,0,0,0.0493497,0,0,0,0
"MtrElec",1,24,22,"",14.5456,0,0,0,0,0,0.0330909,0,0,0.756867,0,0,0,2.24186,7.42686,0.494303,1.55573,1.13329,0,0.881966,0.0215905,0,0,0,0
"MtrElec",1,24,23,"",12.0117,0,0,0,0,0,0.0330909,0,0,0.756867,0,0,0,1.47122,6.63975,0.428733,1.41364,0,0.372516,0.882053,0.0138796,0,0,0,0
"MtrElec",1,24,24,"",9.48931,0,0,0,0,0,0.0330909,0,0,0.756867,0,0,0,0.910755,5.66234,0.297591,1.4484,0,0.372553,0,0.00771089,0,0,0,0
"MtrElec",1,25,1,"",10.0134,0,0,0,0,0,0.0330909,0,0,0.756867,0,0,0,0.537112,4.64792,0.23202,1.32298,2.4757,0,0,0.00771089,0,0,0,0
"MtrElec",1,25,2,"",7.36311,0,0.289885,0,0,0,0.0330909,0,0.0618954,0.756867,0,0,0,0.443701,4.27654,0.23202,1.26295,0,0,0,0.00616872,0,0,0,0
"MtrElec",1,25,3,"",8.95945,0,0.991132,0,0,0,0.0330909,0,0.214035,0.756867,0,1.09188,0,0.35029,4.05412,0.226976,1.23642,0,0,0,0.00462654,0,0,0,0
"MtrElec",1,25,4,"",9.37413,0,1.32645,0,0,0,0.0330909,0,0.289782,0.756867,0,1.09188,0,0.396996,4.04258,0.226976,1.20487,0,0,0,0.00462654,0,0,0,0
"MtrElec",1,25,5,"",9.59807,0,1.63294,0,0,0,0.0330909,0,0.360627,0.756867,0,1.09188,0,0.490407,3.83942,0.23202,1.15619,0,0,0,0.00462654,0,0,0,0
"MtrElec",1,25,6,"",10.1728,0,1.65771,0,0,0,0.0330909,0,0.366955,0.756867,0,1.09188,0,0.723934,4.16041,0.226976,1.14731,0,0,0,0.00771089,0,0,0,0
"MtrElec",1,25,7,"",10.5704,0,1.3396,0,0,0,0.0330909,0,0.292966,0.756867,0,1.09188,0,0.980813,4.67234,0.221932,1.16553,0,0,0,0.0154218,0,0,0,0
"MtrElec",1,25,8,"",4.18241,0,0.777029,0,0.0264844,0,0.0330909,0,0.166792,0.756867,0,1.09188,0,0.957461,5.01958,0.2068,1.27483,0,0,0,0.0416388,0,0,0,-6.17005
"MtrElec",1,25,9,"",-7.60527,0,0.141102,0,0.0264844,0,0.0330909,0,0.0299085,0.756867,0,0,0,0.793992,4.71994,0.181581,1.47941,0,0,0,0.0740246,0,0,0,-15.8417
"MtrElec",1,25,10,"",-15.2662,0,0,0,0.0264844,0,0.0330909,0,0,0.756867,0,0,0,0.677228,4.53847,0.151317,1.42977,0,0,0.393765,0.0740246,0,0,0,-23.3472
"MtrElec",1,25,11,"",-17.8254,0,0,0,0.0264844,0,0.0330909,0,0,0.756867,0,0,0,0.630523,4.61538,0.121054,1.41268,0.853184,0.166314,2.67951,0.0709402,0,0,0,-29.1914
"MtrElec",1,25,12,"",-21.4694,0,0,0,0.0264844,0,0.0330909,0,0,0.756867,0,0,0,0.583817,4.54226,0.0807026,1.44681,1.62204,1.13174,0.455059,0.0848198,0,0,0,-32.2331
"MtrElec",1,25,13,"",-24.108,0,0,0,0.0264844,0,0.0330909,0,0,0.756867,0,0,0,0.490407,4.501,0.060527,1.48193,0,0.192203,0.428339,0.0971573,0,0,0,-32.176
"MtrElec",1,25,14,"",-21.2972,0,0,0,0.0264844,0,0.0330909,0,0,0.756867,0,0,0,0.490407,4.63842,0.055483,1.50458,0,0.180918,0.453551,0.0909886,0,0,0,-29.528
"MtrElec",1,25,15,"",-16.2527,0,0,0,0.0264844,0,0.0330909,0,0,0.756867,0,0,0,0.490407,4.86538,0.055483,1.48432,0,0.191566,0,0.0956151,0,0,0,-24.2519
"MtrElec",1,25,16,"",-8.1032,0,0,0,0.0264844,0,0.0330909,0,0,0.756867,0,0,0,0.60717,5.1168,0.060527,1.53431,0,0,0,0.104868,0,0,0,-16.3433
"MtrElec",1,25,17,"",2.81903,0,0,0,0.0264844,0,0.0330909,0,0,0.756867,0,0,0,0.723934,5.74202,0.0958344,1.49619,0,0,0,0.140338,0,0,0,-6.19574
"MtrElec",1,25,18,"",11.0991,0,0,0,0,0,0.0330909,0,0,0.756867,0,0,0,1.02752,6.47423,0.191669,1.5923,0,0,0.882206,0.214363,0,0,0,-0.0731862
"MtrElec",1,25,19,"",12.6562,0,0,0,0,0,0.0330909,0,0,0.756867,0,0,0,1.96163,6.95786,0.242108,1.72421,0,0.372617,0.408911,0.198941,0,0,0,0
"MtrElec",1,25,20,"",13.5028,0,0,0,0,0,0.0330909,0,0,0.756867,0,0,0,2.73227,7.23308,0.302635,1.68795,0,0.172712,0.473138,0.111037,0,0,0,0
"MtrElec",1,25,21,"",13.5007,0,0,0,0,0,0.0330909,0,0,0.756867,0,0,0,2.63885,7.49676,0.418645,1.63937,0,0.199839,0.2679,0.0493497,0,0,0,0
"MtrElec",1,25,22,"",13.2734,0,0,0,0,0,0.0330909,0,0,0.756867,0,0,0,2.24186,7.42686,0.494303,1.57139,0,0.113153,0.614301,0.0215905,0,0,0,0
"MtrElec",1,25,23,"",11.0348,0,0,0,0,0,0.0330909,0,0,0.756867,0,0,0,1.47122,6.63975,0.428733,1.43178,0,0.259462,0,0.0138796,0,0,0,0
"MtrElec",1,25,24,"",9.12624,0,0,0,0,0,0.0330909,0,0,0.756867,0,0,0,0.910755,5.66234,0.297591,1.45788,0,0,0,0.00771089,0,0,0,0
"MtrElec",1,26,1,"",8.57927,0,0,0,0,0,0.0330909,0,0,0.756867,0,1.09188,0,0.537112,4.63532,0.23202,1.28526,0,0,0,0.00771089,0,0,0,0
"MtrElec",1,26,2,"",9.74269,0,0,0,0,0,0.0330909,0,0,0.756867,0,1.09188,0,0.443701,4.22793,0.23202,1.25338,1.69764,0,0,0.00616872,0,0,0,0
"MtrElec",1,26,3,"",9.04375,0,0.430748,0,0,0,0.0330909,0,0.0926801,0.756867,0,1.09188,0,0.35029,4.06638,0.23202,1.20571,0.777912,0,0,0.00616872,0,0,0,0
"MtrElec",1,26,4,"",9.17331,0,1.17373,0,0,0,0.0330909,0,0.256656,0.756867,0,1.09188,0,0.396996,4.04224,0.23202,1.18366,0,0,0,0.00616872,0,0,0,0
"MtrElec",1,26,5,"",9.67386,0,1.69285,0,0,0,0.0330909,0,0.376855,0.756867,0,1.09188,0,0.490407,3.85168,0.23202,1.14204,0,0,0,0.00616872,0,0,0,0
"MtrElec",1,26,6,"",10.8834,0,1.86473,0.436499,0,0,0.0330909,0,0.423861,0.756867,0,1.09188,0,0.723934,4.17266,0.186625,1.17162,0,0,0,0.0215905,0,0,0,0
"MtrElec",1,26,7,"",12.2197,0,1.76998,0.883817,0,0,0.0330909,0,0.407392,0.756867,0,1.09188,0,0.980813,4.75662,0.176537,1.33345,0,0,0,0.0293014,0,0,0,0
"MtrElec",1,26,8,"",6.83913,0,1.07228,0,0.0264844,0,0.0330909,0,0.23438,0.756867,0,1.09188,0,0.957461,5.11646,0.171493,1.47805,0,0,0.881945,0.0385545,0,0,0,-5.01982
"MtrElec",1,26,9,"",-6.01505,0,0.18391,0,0.0264844,0,0.0330909,0,0.0391738,0.756867,0,0,0,0.793992,4.74336,0.166449,1.42748,0,0.372507,0,0.0400967,0,0,0,-14.5985
"MtrElec",1,26,10,"",-12.8172,0,0,0,0.0264844,0,0.0330909,0,0,0.756867,0,0,0,0.677228,4.45277,0.14123,1.30734,0,0,1.76403,0.0339279,0,0,0,-22.0102
"MtrElec",1,26,11,"",-18.1788,0,0,0,0.0264844,0,0.0330909,0,0,0.756867,0,0,0,0.630523,4.50554,0.110966,1.27733,0,0.745075,0.881985,0.0323858,0,0,0,-27.179
"MtrElec",1,26,12,"",-21.8389,0,0,0,0.0264844,0,0.0330909,0,0,0.756867,0,0,0,0.583817,4.50554,0.0756587,1.30427,0,0.372524,0.869975,0.0447232,0,0,0,-30.4119
"MtrElec",1,26,13,"",-23.4461,0,0,0,0.0264844,0,0.0330909,0,0,0.756867,0,0,0,0.490407,4.51254,0.060527,1.35961,0,0.367451,0.251218,0.0539763,0,0,0,-31.3583
"MtrElec",1,26,14,"",-21.0027,0,0,0,0.0264844,0,0.0330909,0,0,0.756867,0,0,0,0.490407,4.61395,0.055483,1.33107,0,0.106107,0.643037,0.0493497,0,0,0,-29.1085
"MtrElec",1,26,15,"",-15.962,0,0,0,0.0264844,0,0.0330909,0,0,0.756867,0,0,0,0.490407,4.7811,0.055483,1.36091,0,0.2716,0,0.0524341,0,0,0,-23.7904
"MtrElec",1,26,16,"",-7.96194,0,0,0,0.0264844,0,0.0330909,0,0,0.756867,0,0,0,0.60717,4.9234,0.060527,1.37624,0,0,0,0.0801933,0,0,0,-15.8259
"MtrElec",1,26,17,"",5.23475,0,0,0,0.0264844,0,0.0330909,0,0,0.756867,0,0,0,0.723934,5.56121,0.0958344,1.41578,0,0,0,0.177351,0,0,0,-3.5558
"MtrElec",1,26,18,"",10.2587,0,0,0,0,0,0.0330909,0,0,0.756867,0,0,0,1.02752,6.40183,0.186625,1.55509,0,0,0,0.297641,0,0,0,0
"MtrElec",1,26,19,"",12.8149,0,0,0,0,0,0.0330909,0,0,0.756867,0,0,0,1.96163,6.96974,0.247152,1.68684,0,0,0.881937,0.277592,0,0,0,0
"MtrElec",1,26,20,"",13.395,0,0,0,0,0,0.0330909,0,0,0.756867,0,0,0,2.73227,7.32996,0.327854,1.69137,0,0.372504,0,0.151134,0,0,0,0
"MtrElec",1,26,21,"",13.2009,0,0,0,0,0,0.0330909,0,0,0.756867,0,0,0,2.63885,7.6419,0.458996,1.6064,0,0,0,0.0647715,0,0,0,0
"MtrElec",1,26,22,"",13.7473,0,0,0,0,0,0.0330909,0,0,0.756867,0,0,0,2.24186,7.58459,0.529611,1.52676,0,0,1.04372,0.0308436,0,0,0,0
"MtrElec",1,26,23,"",11.7557,0,0,0,0,0,0.0330909,0,0,0.756867,0,0,0,1.47122,6.72474,0.458996,1.42588,0,0.440834,0.425533,0.0185061,0,0,0,0
"MtrElec",1,26,24,"",9.57589,0,0,0,0,0,0.0330909,0,0,0.756867,0,0,0,0.910755,5.76204,0.317767,1.30533,0,0.179732,0.294889,0.0154218,0,0,0,0
"MtrElec",1,27,1,"",8.70171,0,0,0,0,0,0.0330909,0,0,0.756867,0,1.09188,0,0.537112,4.63532,0.23202,1.28315,0,0.124552,0,0.00771089,0,0,0,0
"MtrElec",1,27,2,"",9.74176,0,0,0,0,0,0.0330909,0,0,0.756867,0,1.09188,0,0.443701,4.22793,0.23202,1.25246,1.69764,0,0,0.00616872,0,0,0,0
"MtrElec",1,27,3,"",8.84917,0,0.271131,0,0,0,0.0330909,0,0.0579606,0.756867,0,1.09188,0,0.35029,4.06638,0.23202,1.20547,0.777912,0,0,0.00616872,0,0,0,0
"MtrElec",1,27,4,"",8.90939,0,0.958566,0,0,0,0.0330909,0,0.207636,0.756867,0,1.09188,0,0.396996,4.04224,0.23202,1.18391,0,0,0,0.00616872,0,0,0,0
"MtrElec",1,27,5,"",9.35252,0,1.43255,0,0,0,0.0330909,0,0.315193,0.756867,0,1.09188,0,0.490407,3.85168,0.23202,1.14267,0,0,0,0.00616872,0,0,0,0
"MtrElec",1,27,6,"",10.0426,0,1.54206,0,0,0,0.0330909,0,0.340914,0.756867,0,1.09188,0,0.723934,4.17266,0.186625,1.17302,0,0,0,0.0215905,0,0,0,0
"MtrElec",1,27,7,"",10.964,0,1.47756,0,0,0,0.0330909,0,0.326224,0.756867,0,1.09188,0,0.980813,4.75662,0.176537,1.33513,0,0,0,0.0293014,0,0,0,0
"MtrElec",1,27,8,"",7.1878,0,1.22975,0,0,0,0.0330909,0,0.269044,0.756867,0,1.09188,0,0.957461,5.11646,0.171493,1.47971,0,0,0,0.0385545,0,0,0,-3.9565
"MtrElec",1,27,9,"",-1.56019,0,0.655006,0,0.0264844,0,0.0330909,0,0.140467,0.756867,0,0,0,0.793992,4.74336,0.166449,1.42932,0,0,0,0.0400967,0,0,0,-10.3453
"MtrElec",1,27,10,"",-13.8256,0,0.00570244,0,0.0264844,0,0.0330909,0,0.00118681,0.756867,0,0,0,0.677228,4.45277,0.14123,1.30843,0,0,0.882232,0.0339279,0,0,0,-22.1447
"MtrElec",1,27,11,"",-19.2661,0,0,0,0.0264844,0,0.0330909,0,0,0.756867,0,0,0,0.630523,4.50554,0.110966,1.27702,0,0.372628,0,0.0323858,0,0,0,-27.0116
"MtrElec",1,27,12,"",-23.5047,0,0,0,0.0264844,0,0.0330909,0,0,0.756867,0,0,0,0.583817,4.50554,0.0756587,1.30345,0,0,0,0.0447232,0,0,0,-30.8343
"MtrElec",1,27,13,"",-23.8949,0,0,0,0.0264844,0,0.0330909,0,0,0.756867,0,0,0,0.490407,4.51254,0.060527,1.3578,0,0,0.285975,0.0539763,0,0,0,-31.4726
"MtrElec",1,27,14,"",-18.1146,0,0,0,0.0264844,0,0.0330909,0,0,0.756867,0,0,0,0.490407,4.61395,0.055483,1.32898,0,0.120787,0.596301,0.0493497,0,0,0,-26.1863
"MtrElec",1,27,15,"",-11.5766,0,0,0,0.0264844,0,0.0330909,0,0,0.756867,0,0,0,0.490407,4.7811,0.055483,1.3598,0,0.25186,0,0.0524341,0,0,0,-19.3841
"MtrElec",1,27,16,"",-4.27109,0,0,0,0.0264844,0,0.0330909,0,0,0.756867,0,0,0,0.60717,4.9234,0.060527,1.37319,0,0,0.575947,0.0801933,0,0,0,-12.708
"MtrElec",1,27,17,"",6.75403,0,0,0,0,0,0.0330909,0,0,0.756867,0,0,0,0.723934,5.56121,0.0958344,1.40734,0,0.243263,0.306327,0.177351,0,0,0,-2.55118
"MtrElec",1,27,18,"",10.3774,0,0,0,0,0,0.0330909,0,0,0.756867,0,0,0,1.02752,6.40183,0.186625,1.54443,0,0.129383,0,0.297641,0,0,0,0
"MtrElec",1,27,19,"",11.9244,0,0,0,0,0,0.0330909,0,0,0.756867,0,0,0,1.96163,6.96974,0.247152,1.67835,0,0,0,0.277592,0,0,0,0
"MtrElec",1,27,20,"",13.0174,0,0,0,0,0,0.0330909,0,0,0.756867,0,0,0,2.73227,7.32996,0.327854,1.68625,0,0,0,0.151134,0,0,0,0
"MtrElec",1,27,21,"",13.1961,0,0,0,0,0,0.0330909,0,0,0.756867,0,0,0,2.63885,7.6419,0.458996,1.60157,0,0,0,0.0647715,0,0,0,0
"MtrElec",1,27,22,"",12.862,0,0,0,0,0,0.0330909,0,0,0.756867,0,0,0,2.24186,7.58459,0.529611,1.52336,0,0,0.161806,0.0308436,0,0,0,0
"MtrElec",1,27,23,"",11.3812,0,0,0,0,0,0.0330909,0,0,0.756867,0,0,0,1.47122,6.72474,0.458996,1.42389,0,0.0683418,0.425533,0.0185061,0,0,0,0
"MtrElec",1,27,24,"",9.57472,0,0,0,0,0,0.0330909,0,0,0.756867,0,0,0,0.910755,5.76204,0.317767,1.30416,0,0.179732,0.294889,0.0154218,0,0,0,0
"MtrElec",1,28,1,"",7.611,0,0,0,0,0,0.0330909,0,0,0.756867,0,0,0,0.537112,4.63532,0.23202,1.28432,0,0.124552,0,0.00771089,0,0,0,0
"MtrElec",1,28,2,"",6.95544,0,0,0,0,0,0.0330909,0,0,0.756867,0,0,0,0.443701,4.22793,0.23202,1.25566,0,0,0,0.00616872,0,0,0,0
"MtrElec",1,28,3,"",6.65477,0,0,0,0,0,0.0330909,0,0,0.756867,0,0,0,0.35029,4.06638,0.23202,1.20996,0,0,0,0.00616872,0,0,0,0
"MtrElec",1,28,4,"",6.65699,0,0,0,0,0,0.0330909,0,0,0.756867,0,0,0,0.396996,4.04224,0.23202,1.18961,0,0,0,0.00616872,0,0,0,0
"MtrElec",1,28,5,"",6.5343,0,0.0124122,0,0,0,0.0330909,0,0.00259793,0.756867,0,0,0,0.490407,3.85168,0.23202,1.14906,0,0,0,0.00616872,0,0,0,0
"MtrElec",1,28,6,"",7.2757,0,0.16592,0,0,0,0.0330909,0,0.0346958,0.756867,0,0,0,0.723934,4.17266,0.186625,1.18031,0,0,0,0.0215905,0,0,0,0
"MtrElec",1,28,7,"",8.10411,0,0.0241793,0,0,0,0.0330909,0,0.00502727,0.756867,0,0,0,0.980813,4.75662,0.176537,1.34168,0,0,0,0.0293014,0,0,0,0
"MtrElec",1,28,8,"",6.93186,0,0.10833,0,0,0,0.0330909,0,0.0225496,0.756867,0,0,0,0.957461,5.11646,0.171493,1.48579,0,0,0,0.0385545,0,0,0,-1.75872
"MtrElec",1,28,9,"",4.21111,0,0.239154,0,0,0,0.0330909,0,0.0498946,0.756867,0,0,0,0.793992,4.74336,0.166449,1.43681,0,0,0,0.0400967,0,0,0,-4.04861
"MtrElec",1,28,10,"",-11.3259,0,0.00412026,0,0.0264844,0,0.0330909,0,0.00085295,0.756867,0,0,0,0.677228,4.45277,0.14123,1.31705,0,0,0,0.0339279,0,0,0,-18.7695
"MtrElec",1,28,11,"",-19.0361,0,0,0,0.0264844,0,0.0330909,0,0,0.756867,0,0,0,0.630523,4.50554,0.110966,1.28255,0,0,0,0.0323858,0,0,0,-26.4145
"MtrElec",1,28,12,"",-24.5995,0,0,0,0.0264844,0,0.0330909,0,0,0.756867,0,0,0,0.583817,4.50554,0.0756587,1.30492,0,0,0.257295,0.0447232,0,0,0,-32.1878
"MtrElec",1,28,13,"",-24.2919,0,0,0,0.0264844,0,0.0330909,0,0,0.756867,0,0,0,0.490407,4.51254,0.060527,1.35852,0,0.108674,0.624927,0.0539763,0,0,0,-32.3179
"MtrElec",1,28,14,"",-22.3356,0,0,0,0.0264844,0,0.0330909,0,0,0.756867,0,0,0,0.490407,4.61395,0.055483,1.33156,0,0.263951,0,0.0493497,0,0,0,-29.9567
"MtrElec",1,28,15,"",-16.4016,0,0,0,0.0264844,0,0.0330909,0,0,0.756867,0,0,0,0.490407,4.7811,0.055483,1.36338,0,0,0.673737,0.0524341,0,0,0,-24.6346
"MtrElec",1,28,16,"",-4.16862,0,0,0,0.0264844,0,0.0330909,0,0,0.756867,0,0,0,0.60717,4.9234,0.060527,1.3793,1.26327,0.284566,1.09008,0.0801933,0,0,0,-14.6736
"MtrElec",1,28,17,"",5.77176,0,0,0,0.0264844,0,0.0330909,0,0,0.756867,0,0,0,0.723934,5.56121,0.0958344,1.42046,1.21212,0.460417,0,0.177351,0,0,0,-4.69599
"MtrElec",1,28,18,"",9.92439,0,0,0,0,0,0.0330909,0,0,0.756867,0,0,0,1.02752,6.40183,0.186625,1.56127,0,0,0,0.297641,0,0,0,-0.340448
"MtrElec",1,28,19,"",11.9388,0,0,0,0,0,0.0330909,0,0,0.756867,0,0,0,1.96163,6.96974,0.247152,1.69269,0,0,0,0.277592,0,0,0,0
"MtrElec",1,28,20,"",14.3864,0,0,0,0,0,0.0330909,0,0,0.756867,0,0,0,2.73227,7.32996,0.327854,1.69616,1.35903,0,0,0.151134,0,0,0,0
"MtrElec",1,28,21,"",14.3227,0,0,0,0,0,0.0330909,0,0,0.756867,0,0,0,2.63885,7.6419,0.458996,1.61169,1.1165,0,0,0.0647715,0,0,0,0
"MtrElec",1,28,22,"",13.5924,0,0,0,0,0,0.0330909,0,0,0.756867,0,0,0,2.24186,7.58459,0.529611,1.53337,0,0,0.882198,0.0308436,0,0,0,0
"MtrElec",1,28,23,"",11.2692,0,0,0,0,0,0.0330909,0,0,0.756867,0,0,0,1.47122,6.72474,0.458996,1.43314,0,0.372614,0,0.0185061,0,0,0,0
"MtrElec",1,28,24,"",9.11004,0,0,0,0,0,0.0330909,0,0,0.756867,0,0,0,0.910755,5.76204,0.317767,1.3141,0,0,0,0.0154218,0,0,0,0
"MtrElec",1,29,1,"",7.49272,0,0,0,0,0,0.0330909,0,0,0.756867,0,0,0,0.537112,4.63532,0.23202,1.2906,0,0,0,0.00771089,0,0,0,0
"MtrElec",1,29,2,"",6.95925,0,0,0,0,0,0.0330909,0,0,0.756867,0,0,0,0.443701,4.22793,0.23202,1.25947,0,0,0,0.00616872,0,0,0,0
"MtrElec",1,29,3,"",6.65767,0,0,0,0,0,0.0330909,0,0,0.756867,0,0,0,0.35029,4.06638,0.23202,1.21285,0,0,0,0.00616872,0,0,0,0
"MtrElec",1,29,4,"",6.6659,0,0.00579111,0,0,0,0.0330909,0,0.00121201,0.756867,0,0,0,0.396996,4.04224,0.23202,1.19151,0,0,0,0.00616872,0,0,0,0
"MtrElec",1,29,5,"",7.18868,0,0.5513,0,0,0,0.0330909,0,0.117043,0.756867,0,0,0,0.490407,3.85168,0.23202,1.1501,0,0,0,0.00616872,0,0,0,0
"MtrElec",1,29,6,"",7.85325,0,0.640452,0,0,0,0.0330909,0,0.136405,0.756867,0,0,0,0.723934,4.17266,0.186625,1.18162,0,0,0,0.0215905,0,0,0,0
"MtrElec",1,29,7,"",8.68818,0,0.50511,0,0,0,0.0330909,0,0.107063,0.756867,0,0,0,0.980813,4.75662,0.176537,1.34278,0,0,0,0.0293014,0,0,0,0
"MtrElec",1,29,8,"",3.24689,0,0.210032,0,0.0264844,0,0.0330909,0,0.0442133,0.756867,0,0,0,0.957461,5.11646,0.171493,1.48609,0,0,0,0.0385545,0,0,0,-5.59385
"MtrElec",1,29,9,"",-7.70686,0,0.0115974,0,0.0264844,0,0.0330909,0,0.0024222,0.756867,0,0,0,0.793992,4.74336,0.166449,1.43724,0,0,0,0.0400967,0,0,0,-15.7185
"MtrElec",1,29,10,"",-15.5738,0,0,0,0.0264844,0,0.0330909,0,0,0.756867,0,0,0,0.677228,4.45277,0.14123,1.31986,0,0,0.476651,0.0339279,0,0,0,-23.4919
"MtrElec",1,29,11,"",-20.0611,0,0,0,0.0264844,0,0.0330909,0,0,0.756867,0,0,0,0.630523,4.50554,0.110966,1.28876,0,0.201323,0.986235,0.0323858,0,0,0,-28.6333
"MtrElec",1,29,12,"",-23.4951,0,0,0,0.0264844,0,0.0330909,0,0,0.756867,0,0,0,0.583817,4.50554,0.0756587,1.31443,0,0.416556,0.301168,0.0447232,0,0,0,-31.5534
"MtrElec",1,29,13,"",-24.0416,0,0,0,0.0264844,0,0.0330909,0,0,0.756867,0,0,0,0.490407,4.51254,0.060527,1.3683,0,0.127204,0.57195,0.0539763,0,0,0,-32.0429
"MtrElec",1,29,14,"",-20.7365,0,0,0,0.0264844,0,0.0330909,0,0,0.756867,0,0,0,0.490407,4.61395,0.055483,1.34085,0,0.241574,1.1926,0.0493497,0,0,0,-29.5372
"MtrElec",1,29,15,"",-16.1891,0,0,0,0.0264844,0,0.0330909,0,0,0.756867,0,0,0,0.490407,4.7811,0.055483,1.37105,0,0.50372,0,0.0524341,0,0,0,-24.2597
"MtrElec",1,29,16,"",-8.61349,0,0,0,0.0264844,0,0.0330909,0,0,0.756867,0,0,0,0.60717,4.9234,0.060527,1.38851,0,0,0,0.0801933,0,0,0,-16.4897
"MtrElec",1,29,17,"",2.10624,0,0,0,0.0264844,0,0.0330909,0,0,0.756867,0,0,0,0.723934,5.56121,0.0958344,1.43104,0,0,0,0.177351,0,0,0,-6.69956
"MtrElec",1,29,18,"",10.0064,0,0,0,0,0,0.0330909,0,0,0.756867,0,0,0,1.02752,6.40183,0.186625,1.57323,0,0,0,0.297641,0,0,0,-0.270433
"MtrElec",1,29,19,"",12.363,0,0,0,0,0,0.0330909,0,0,0.756867,0,0,0,1.96163,6.96974,0.247152,1.70454,0.412435,0,0,0.277592,0,0,0,0
"MtrElec",1,29,20,"",15.0984,0,0,0,0,0,0.0330909,0,0,0.756867,0,0,0,2.73227,7.32996,0.327854,1.70459,2.06263,0,0,0.151134,0,0,0,0
"MtrElec",1,29,21,"",13.2149,0,0,0,0,0,0.0330909,0,0,0.756867,0,0,0,2.63885,7.6419,0.458996,1.62042,0,0,0,0.0647715,0,0,0,0
"MtrElec",1,29,22,"",12.7179,0,0,0,0,0,0.0330909,0,0,0.756867,0,0,0,2.24186,7.58459,0.529611,1.54105,0,0,0,0.0308436,0,0,0,0
"MtrElec",1,29,23,"",10.9021,0,0,0,0,0,0.0330909,0,0,0.756867,0,0,0,1.47122,6.72474,0.458996,1.43864,0,0,0,0.0185061,0,0,0,0
"MtrElec",1,29,24,"",10.2059,0,0,0,0,0,0.0330909,0,0,0.756867,0,1.09188,0,0.910755,5.76204,0.317767,1.31805,0,0,0,0.0154218,0,0,0,0
"MtrElec",1,30,1,"",8.58656,0,0,0,0,0,0.0330909,0,0,0.756867,0,1.09188,0,0.537112,4.63532,0.23202,1.29255,0,0,0,0.00771089,0,0,0,0
"MtrElec",1,30,2,"",8.05162,0,0,0,0,0,0.0330909,0,0,0.756867,0,1.09188,0,0.443701,4.22793,0.23202,1.25995,0,0,0,0.00616872,0,0,0,0
"MtrElec",1,30,3,"",8.14826,0,0.329134,0,0,0,0.0330909,0,0.0708063,0.756867,0,1.09188,0,0.35029,4.06638,0.23202,1.21162,0,0,0,0.00616872,0,0,0,0
"MtrElec",1,30,4,"",9.12048,0,1.12627,0,0,0,0.0330909,0,0.246086,0.756867,0,1.09188,0,0.396996,4.04224,0.23202,1.18885,0,0,0,0.00616872,0,0,0,0
"MtrElec",1,30,5,"",9.65356,0,1.67155,0,0,0,0.0330909,0,0.372073,0.756867,0,1.09188,0,0.490407,3.85168,0.23202,1.14783,0,0,0,0.00616872,0,0,0,0
"MtrElec",1,30,6,"",10.9936,0,1.84019,0.568243,0,0,0.0330909,0,0.419834,0.756867,0,1.09188,0,0.723934,4.17266,0.186625,1.17868,0,0,0,0.0215905,0,0,0,0
"MtrElec",1,30,7,"",12.3186,0,1.8292,0.903117,0,0,0.0330909,0,0.422102,0.756867,0,1.09188,0,0.980813,4.75662,0.176537,1.33912,0,0,0,0.0293014,0,0,0,0
"MtrElec",1,30,8,"",6.59244,0,1.49115,0.295965,0.0264844,0,0.0330909,0,0.334398,0.756867,0,1.09188,0,0.957461,5.11646,0.171493,1.48223,0,0,0,0.0385545,0,0,0,-5.2036
"MtrElec",1,30,9,"",-4.77737,0,0.584412,0,0.0264844,0,0.0330909,0,0.126008,0.756867,0,1.09188,0,0.793992,4.74336,0.166449,1.43174,0,0,0.287278,0.0400967,0,0,0,-14.859
"MtrElec",1,30,10,"",-13.1274,0,0,0,0.0264844,0,0.0330909,0,0,0.756867,0,0,0,0.677228,4.45277,0.14123,1.31215,0,0.121338,1.47712,0.0339279,0,0,0,-22.1596
"MtrElec",1,30,11,"",-20.3179,0,0,0,0.0264844,0,0.0330909,0,0,0.756867,0,0,0,0.630523,4.50554,0.110966,1.28153,0,0.623892,0,0.0323858,0,0,0,-28.3192
"MtrElec",1,30,12,"",-23.1352,0,0,0,0.0264844,0,0.0330909,0,0,0.756867,0,0,0,0.583817,4.50554,0.0756587,1.30848,0,0,0.882056,0.0447232,0,0,0,-31.3519
"MtrElec",1,30,13,"",-24.1478,0,0,0,0.0264844,0,0.0330909,0,0,0.756867,0,0,0,0.490407,4.51254,0.060527,1.36309,0,0.372554,0,0.0539763,0,0,0,-31.8174
"MtrElec",1,30,14,"",-21.5792,0,0,0,0.0264844,0,0.0330909,0,0,0.756867,0,0,0,0.490407,4.61395,0.055483,1.33624,0,0,0.898932,0.0493497,0,0,0,-29.84
"MtrElec",1,30,15,"",-15.0834,0,0,0,0.0264844,0,0.0330909,0,0,0.756867,0,0,0,0.490407,4.7811,0.055483,1.36607,0,0.379682,1.73607,0.0524341,0,0,0,-24.7611
"MtrElec",1,30,16,"",-7.44226,0,0,0,0.0264844,0,0.0330909,0,0,0.756867,0,0,0,0.60717,4.9234,0.060527,1.3823,0,0.733262,0.893221,0.0801933,0,0,0,-16.9388
"MtrElec",1,30,17,"",1.84832,0,0,0,0.0264844,0,0.0330909,0,0,0.756867,0,0,0,0.723934,5.56121,0.0958344,1.4229,0,0.37727,0,0.177351,0,0,0,-7.32662
"MtrElec",1,30,18,"",9.86124,0,0,0,0,0,0.0330909,0,0,0.756867,0,0,0,1.02752,6.40183,0.186625,1.56201,0,0,0,0.297641,0,0,0,-0.404345
"MtrElec",1,30,19,"",11.9379,0,0,0,0,0,0.0330909,0,0,0.756867,0,0,0,1.96163,6.96974,0.247152,1.69186,0,0,0,0.277592,0,0,0,0
"MtrElec",1,30,20,"",13.0259,0,0,0,0,0,0.0330909,0,0,0.756867,0,0,0,2.73227,7.32996,0.327854,1.69474,0,0,0,0.151134,0,0,0,0
"MtrElec",1,30,21,"",13.2033,0,0,0,0,0,0.0330909,0,0,0.756867,0,0,0,2.63885,7.6419,0.458996,1.60878,0,0,0,0.0647715,0,0,0,0
"MtrElec",1,30,22,"",12.867,0,0,0,0,0,0.0330909,0,0,0.756867,0,0,0,2.24186,7.58459,0.529611,1.52836,0,0,0.161806,0.0308436,0,0,0,0
"MtrElec",1,30,23,"",11.3842,0,0,0,0,0,0.0330909,0,0,0.756867,0,0,0,1.47122,6.72474,0.458996,1.42693,0,0.0683418,0.425533,0.0185061,0,0,0,0
"MtrElec",1,30,24,"",9.5764,0,0,0,0,0,0.0330909,0,0,0.756867,0,0,0,0.910755,5.76204,0.317767,1.30585,0,0.179732,0.294889,0.0154218,0,0,0,0
"MtrElec",1,31,1,"",7.67204,0,0,0,0,0,0.0330909,0,0,0.756867,0,0,0,0.537112,4.64792,0.23202,1.33276,0,0.124552,0,0.00771089,0,0,0,0
"MtrElec",1,31,2,"",7.02012,0,0,0,0,0,0.0330909,0,0,0.756867,0,0,0,0.443701,4.27654,0.23202,1.27173,0,0,0,0.00616872,0,0,0,0
"MtrElec",1,31,3,"",9.11484,0,0,0,0,0,0.0330909,0,0,0.756867,0,0,0,0.35029,4.05412,0.226976,1.2455,2.44337,0,0,0.00462654,0,0,0,0
"MtrElec",1,31,4,"",8.6714,0,0,0,0,0,0.0330909,0,0,0.756867,0,0,0,0.396996,4.04258,0.226976,1.21375,1.99651,0,0,0.00462654,0,0,0,0
"MtrElec",1,31,5,"",7.20503,0,0.142058,0,0,0,0.0330909,0,0.0299374,0.756867,0,0,0,0.490407,3.83942,0.23202,1.1658,0.510808,0,0,0.00462654,0,0,0,0
"MtrElec",1,31,6,"",7.60783,0,0.448418,0,0,0,0.0330909,0,0.094628,0.756867,0,0,0,0.723934,4.16041,0.226976,1.1558,0,0,0,0.00771089,0,0,0,0
"MtrElec",1,31,7,"",8.18619,0,0.27284,0,0,0,0.0330909,0,0.057184,0.756867,0,0,0,0.980813,4.67234,0.221932,1.17571,0,0,0,0.0154218,0,0,0,0
"MtrElec",1,31,8,"",5.5393,0,0.203384,0,0,0,0.0330909,0,0.0424607,0.756867,0,0,0,0.957461,5.01958,0.2068,1.28519,0,0,0,0.0416388,0,0,0,-3.00717
"MtrElec",1,31,9,"",-0.392903,0,0,0,0.0264844,0,0.0330909,0,0,0.756867,0,0,0,0.793992,4.71994,0.181581,1.48575,0,0,0.88205,0.0740246,0,0,0,-9.34668
"MtrElec",1,31,10,"",-13.2959,0,0,0,0.0264844,0,0.0330909,0,0,0.756867,0,0,0,0.677228,4.53847,0.151317,1.43666,0,0.372551,1.76432,0.0740246,0,0,0,-23.1269
"MtrElec",1,31,11,"",-20.271,0,0,0,0.0264844,0,0.0330909,0,0,0.756867,0,0,0,0.630523,4.61538,0.121054,1.41886,0,0.745197,1.98912,0.0709402,0,0,0,-30.6785
"MtrElec",1,31,12,"",-21.7153,0,0,0,0.0264844,0,0.0330909,0,0,0.756867,0,0,0,0.583817,4.54226,0.0807026,1.45289,1.15919,0.840145,2.24944,0.0848198,0,0,0,-33.525
"MtrElec",1,31,13,"",-23.0239,0,0,0,0.0264844,0,0.0330909,0,0,0.756867,0,0,0,0.490407,4.501,0.060527,1.48676,1.31657,0.950095,1.05344,0.0971573,0,0,0,-33.7963
"MtrElec",1,31,14,"",-23.3531,0,0,0,0.0264844,0,0.0330909,0,0,0.756867,0,0,0,0.490407,4.63842,0.055483,1.50934,0,0.444941,0,0.0909886,0,0,0,-31.3991
"MtrElec",1,31,15,"",-16.8233,0,0,0,0.0264844,0,0.0330909,0,0,0.756867,0,0,0,0.490407,4.86538,0.055483,1.48676,0,0,0,0.0956151,0,0,0,-24.6334
"MtrElec",1,31,16,"",-8.12271,0,0,0,0.0264844,0,0.0330909,0,0,0.756867,0,0,0,0.60717,5.1168,0.060527,1.53282,0,0,0,0.104868,0,0,0,-16.3613
"MtrElec",1,31,17,"",2.26455,0,0,0,0.0264844,0,0.0330909,0,0,0.756867,0,0,0,0.723934,5.74202,0.0958344,1.49199,0,0,0.882238,0.140338,0,0,0,-7.62824
"MtrElec",1,31,18,"",10.2241,0,0,0,0,0,0.0330909,0,0,0.756867,0,0,0,1.02752,6.47423,0.191669,1.58987,0,0.372631,0,0.214363,0,0,0,-0.436113
"MtrElec",1,31,19,"",11.8742,0,0,0,0,0,0.0330909,0,0,0.756867,0,0,0,1.96163,6.95786,0.242108,1.7237,0,0,0,0.198941,0,0,0,0
"MtrElec",1,31,20,"",12.8559,0,0,0,0,0,0.0330909,0,0,0.756867,0,0,0,2.73227,7.23308,0.302635,1.68693,0,0,0,0.111037,0,0,0,0
"MtrElec",1,31,21,"",13.0315,0,0,0,0,0,0.0330909,0,0,0.756867,0,0,0,2.63885,7.49676,0.418645,1.63793,0,0,0,0.0493497,0,0,0,0
"MtrElec",1,31,22,"",12.545,0,0,0,0,0,0.0330909,0,0,0.756867,0,0,0,2.24186,7.42686,0.494303,1.57047,0,0,0,0.0215905,0,0,0,0
"MtrElec",1,31,23,"",10.7741,0,0,0,0,0,0.0330909,0,0,0.756867,0,0,0,1.47122,6.63975,0.428733,1.4306,0,0,0,0.0138796,0,0,0,0
"MtrElec",1,31,24,"",9.12531,0,0,0,0,0,0.0330909,0,0,0.756867,0,0,0,0.910755,5.66234,0.297591,1.45696,0,0,0,0.00771089,0,0,0,0
"MtrElec",2,1,1,"",7.13017,0,0,0,0,0,0.0330909,0,0,0.756867,0,0,0,0.501004,4.28302,0.216422,1.33226,0,0,0,0.00750649,0,0,0,0
"MtrElec",2,1,2,"",7.71965,0,0,0,0,0,0.0330909,0,0,0.756867,0,1.09188,0,0.413873,3.93237,0.216422,1.26914,0,0,0,0.00600519,0,0,0,0
"MtrElec",2,1,3,"",8.11292,0,0.595304,0,0,0,0.0330909,0,0.127882,0.756867,0,1.09188,0,0.326742,3.7235,0.211717,1.24143,0,0,0,0.0045039,0,0,0,0
"MtrElec",2,1,4,"",8.84579,0,1.1975,0,0,0,0.0330909,0,0.261161,0.756867,0,1.09188,0,0.370307,3.71069,0.211717,1.20806,0,0,0,0.0045039,0,0,0,0
"MtrElec",2,1,5,"",9.22833,0,1.62652,0,0,0,0.0330909,0,0.359923,0.756867,0,1.09188,0,0.457438,3.52244,0.216422,1.15923,0,0,0,0.0045039,0,0,0,0
"MtrElec",2,1,6,"",9.9179,0,1.77503,0,0,0,0.0330909,0,0.39525,0.756867,0,1.09188,0,0.675266,3.82131,0.211717,1.14997,0,0,0,0.00750649,0,0,0,0
"MtrElec",2,1,7,"",11.0821,0,1.71103,0,0,0,0.0330909,0,0.380327,0.756867,0,1.09188,0,0.914876,4.30015,0.207012,1.16807,0,0,0.503799,0.015013,0,0,0,0
"MtrElec",2,1,8,"",4.83278,0,1.18613,0,0.0264844,0,0.0330909,0,0.259134,0.756867,0,1.09188,0,0.893094,4.62763,0.192898,1.27676,0,0.21279,0.768643,0.0405351,0,0,0,-6.53315
"MtrElec",2,1,9,"",-6.05219,0,0.534276,0,0.0264844,0,0.0330909,0,0.114091,0.756867,0,1.09188,0,0.740614,4.35046,0.169374,1.48073,0,0.324652,0.491988,0.0720623,0,0,0,-16.2388
"MtrElec",2,1,10,"",-16.6451,0,0.0303676,0,0.0264844,0,0.0330909,0,0.00636494,0.756867,0,0,0,0.6317,4.18166,0.141145,1.43142,0,0.207801,0.364414,0.0720623,0,0,0,-24.5285
"MtrElec",2,1,11,"",-20.2966,0,0,0,0.0264844,0,0.0330909,0,0,0.756867,0,0,0,0.588135,4.25166,0.112916,1.4104,0.853184,0.153917,1.67956,0.0690597,0,0,0,-30.2319
"MtrElec",2,1,12,"",-20.6383,0,0,0,0.0264844,0,0.0330909,0,0,0.756867,0,0,0,0.544569,4.18231,0.0752772,1.43933,2.78123,0.709397,1.91891,0.0825714,0,0,0,-33.1884
"MtrElec",2,1,13,"",-8.75774,0,0,0,0.0264844,0,0.0330909,0,0,0.756867,0,0,0,0.457438,4.14395,0.0564579,1.47193,1.31657,0.81049,1.75899,0.0945818,0,0,0,-19.6846
"MtrElec",2,1,14,"",-2.52342,0,0,0,0.0264844,0,0.0330909,0,0,0.756867,0,0,0,0.457438,4.27292,0.0517531,1.49372,0,0.742944,1.33557,0.0885766,0,0,0,-11.7828
"MtrElec",2,1,15,"",-4.75451,0,0,0,0.0264844,0,0.0330909,0,0,0.756867,0,0,0,0.457438,4.48661,0.0517531,1.46869,0,0.564105,0.882055,0.0930805,0,0,0,-13.5747
"MtrElec",2,1,16,"",-7.85566,0,0,0,0.0264844,0,0.0330909,0,0,0.756867,0,0,0,0.566352,4.72121,0.0564579,1.51756,0,0.372554,1.292,0.102088,0,0,0,-17.3003
"MtrElec",2,1,17,"",2.36419,0,0,0,0.0264844,0,0.0330909,0,0,0.756867,0,0,0,0.675266,5.30586,0.0893917,1.46975,0,0.545702,0.472187,0.136618,0,0,0,-7.14702
"MtrElec",2,1,18,"",9.58277,0,0,0,0,0,0.0330909,0,0,0.756867,0,0,0,0.958442,5.98814,0.178783,1.56842,0,0.199438,0,0.208681,0,0,0,-0.309087
"MtrElec",2,1,19,"",11.1874,0,0,0,0,0,0.0330909,0,0,0.756867,0,0,0,1.82975,6.44107,0.225832,1.7071,0,0,0,0.193668,0,0,0,0
"MtrElec",2,1,20,"",12.4587,0,0,0,0,0,0.0330909,0,0,0.756867,0,0,0,2.54858,6.7011,0.28229,1.66674,0,0,0.361887,0.108094,0,0,0,0
"MtrElec",2,1,21,"",14.0166,0,0,0,0,0,0.0330909,0,0,0.756867,0,1.09188,0,2.46145,6.94833,0.390501,1.61347,0,0.15285,0.520064,0.0480416,0,0,0,0
"MtrElec",2,1,22,"",13.1065,0,0,0,0,0,0.0330909,0,0,0.756867,0,1.09188,0,2.09115,6.88632,0.461073,1.54547,0,0.219659,0,0.0210182,0,0,0,0
"MtrElec",2,1,23,"",11.6078,0,0.323432,0,0,0,0.0330909,0,0.0693263,0.756867,0,1.09188,0,1.37231,6.15179,0.39991,1.39571,0,0,0,0.0135117,0,0,0,0
"MtrElec",2,1,24,"",11.1843,0,1.22585,0,0,0,0.0330909,0,0.26766,0.756867,0,1.09188,0,0.849528,5.23928,0.277585,1.43503,0,0,0,0.00750649,0,0,0,0
"MtrElec",2,2,1,"",10.2496,0,1.73117,0,0,0,0.0330909,0,0.384356,0.756867,0,1.09188,0,0.501004,4.27265,0.216422,1.25466,0,0,0,0.00750649,0,0,0,0
"MtrElec",2,2,2,"",10.193,0,2.08635,0,0,0,0.0330909,0,0.46898,0.756867,0,1.09188,0,0.413873,3.88828,0.216422,1.2313,0,0,0,0.00600519,0,0,0,0
"MtrElec",2,2,3,"",10.4075,0,2.49017,0,0,0,0.0330909,0,0.563721,0.756867,0,1.09188,0,0.326742,3.73612,0.216422,1.18646,0,0,0,0.00600519,0,0,0,0
"MtrElec",2,2,4,"",11.698,0,3.54478,0,0,0,0.0330909,0,0.798089,0.756867,0,1.09188,0,0.370307,3.71295,0.216422,1.16762,0,0,0,0.00600519,0,0,0,0
"MtrElec",2,2,5,"",12.4454,0,4.25834,0,0,0,0.0330909,0,0.962593,0.756867,0,1.09188,0,0.457438,3.53507,0.216422,1.12767,0,0,0,0.00600519,0,0,0,0
"MtrElec",2,2,6,"",14.5467,0,4.22359,1.60358,0,0,0.0330909,0,0.973926,0.756867,0,1.09188,0,0.675266,3.83394,0.174079,1.15942,0,0,0,0.0210182,0,0,0,0
"MtrElec",2,2,7,"",15.3769,0,3.86191,1.92684,0,0,0.0330909,0,0.891258,0.756867,0,1.09188,0,0.914876,4.38022,0.164669,1.32675,0,0,0,0.0285247,0,0,0,0
"MtrElec",2,2,8,"",9.00098,0,2.86695,0.0856915,0.0264844,0,0.0330909,0,0.632106,0.756867,0,1.09188,0,0.893094,4.71807,0.159964,1.47471,0,0,0.881945,0.0375325,0,0,0,-4.65741
"MtrElec",2,2,9,"",1.20232,0,1.56139,0,0.0264844,0,0.0330909,0,0.334833,0.756867,0,1.09188,0,0.740614,4.37381,0.155259,1.42486,0,0.372507,0.4939,0.0390338,0,0,0,-10.2022
"MtrElec",2,2,10,"",-9.49427,0,0.267014,0,0.0264844,0,0.0330909,0,0.0559817,0.756867,0,0,0,0.6317,4.10194,0.131735,1.3031,0.484958,0.208609,0.388234,0.0330286,0,0,0,-17.917
"MtrElec",2,2,11,"",-4.82311,0,0.000365351,0,0.0264844,0,0.0330909,0,0.0000759,0.756867,0,0,0,0.588135,4.14876,0.103506,1.26755,1.69357,0.163978,0.881985,0.0315273,0,0,0,-14.519
"MtrElec",2,2,12,"",-22.7591,0,0,0,0.0264844,0,0.0330909,0,0,0.756867,0,0,0,0.544569,4.14876,0.0705724,1.28597,0.296245,0.372524,0.882064,0.0435377,0,0,0,-31.2198
"MtrElec",2,2,13,"",-22.3308,0,0,0,0.0264844,0,0.0330909,0,0,0.756867,0,0,0,0.457438,4.15675,0.0564579,1.3407,1.41802,0.372558,0.285975,0.0525455,0,0,0,-31.2877
"MtrElec",2,2,14,"",-18.9581,0,0,0,0.0264844,0,0.0330909,0,0,0.756867,0,0,0,0.457438,4.25201,0.0517531,1.31169,1.0564,0.120787,0.596301,0.0480416,0,0,0,-27.669
"MtrElec",2,2,15,"",-16.3445,0,0,0,0.0264844,0,0.0330909,0,0,0.756867,0,0,0,0.457438,4.40654,0.0517531,1.34512,0,0.25186,0,0.0510442,0,0,0,-23.7247
"MtrElec",2,2,16,"",-8.7699,0,0,0,0.0264844,0,0.0330909,0,0,0.756867,0,0,0,0.566352,4.53808,0.0564579,1.35723,0,0,0.882163,0.0780675,0,0,0,-17.0647
"MtrElec",2,2,17,"",2.26589,0,0,0,0.0264844,0,0.0330909,0,0,0.756867,0,0,0,0.675266,5.13309,0.0893917,1.38789,0,0.372599,0.881924,0.172649,0,0,0,-7.26336
"MtrElec",2,2,18,"",10.5163,0,0,0,0,0,0.0330909,0,0,0.756867,0,0,0,0.958442,5.91861,0.174079,1.52658,0,0.372498,0.882049,0.289751,0,0,0,-0.395709
"MtrElec",2,2,19,"",11.6074,0,0,0,0,0,0.0330909,0,0,0.756867,0,0,0,1.82975,6.45161,0.230537,1.66274,0,0.372551,0,0.270234,0,0,0,0
"MtrElec",2,2,20,"",13.2349,0,0,0,0,0,0.0330909,0,0,0.756867,0,0,0,2.54858,6.79154,0.305814,1.67247,0.979429,0,0,0.147127,0,0,0,0
"MtrElec",2,2,21,"",13.9068,0,0,0,0,0,0.0330909,0,0,0.756867,0,0,0,2.46145,7.08512,0.428139,1.58304,1.49601,0,0,0.0630545,0,0,0,0
"MtrElec",2,2,22,"",12.8211,0,0,0,0,0,0.0330909,0,0,0.756867,0,0,0,2.09115,7.03348,0.494007,1.50025,0,0,0.882198,0.030026,0,0,0,0
"MtrElec",2,2,23,"",11.7029,0,0,0,0,0,0.0330909,0,0,0.756867,0,1.09188,0,1.37231,6.23168,0.428139,1.39828,0,0.372614,0,0.0180156,0,0,0,0
"MtrElec",2,2,24,"",10.6074,0,0.797935,0,0,0,0.0330909,0,0.171238,0.756867,0,1.09188,0,0.849528,5.32468,0.296404,1.27076,0,0,0,0.015013,0,0,0,0
"MtrElec",2,3,1,"",9.66191,0,1.2541,0,0,0,0.0330909,0,0.272992,0.756867,0,1.09188,0,0.501004,4.27265,0.216422,1.2554,0,0,0,0.00750649,0,0,0,0
"MtrElec",2,3,2,"",9.52302,0,1.54496,0,0,0,0.0330909,0,0.339493,0.756867,0,1.09188,0,0.413873,3.88828,0.216422,1.23215,0,0,0,0.00600519,0,0,0,0
"MtrElec",2,3,3,"",9.50189,0,1.75792,0,0,0,0.0330909,0,0.388995,0.756867,0,1.09188,0,0.326742,3.73612,0.216422,1.18784,0,0,0,0.00600519,0,0,0,0
"MtrElec",2,3,4,"",9.86456,0,2.05241,0,0,0,0.0330909,0,0.45513,0.756867,0,1.09188,0,0.370307,3.71295,0.216422,1.16949,0,0,0,0.00600519,0,0,0,0
"MtrElec",2,3,5,"",10.7092,0,2.85368,0,0,0,0.0330909,0,0.630525,0.756867,0,1.09188,0,0.457438,3.53507,0.216422,1.12825,0,0,0,0.00600519,0,0,0,0
"MtrElec",2,3,6,"",11.2113,0,2.84007,0,0,0,0.0330909,0,0.625664,0.756867,0,1.09188,0,0.675266,3.83394,0.174079,1.15942,0,0,0,0.0210182,0,0,0,0
"MtrElec",2,3,7,"",11.7191,0,2.47947,0,0,0,0.0330909,0,0.542766,0.756867,0,1.09188,0,0.914876,4.38022,0.164669,1.32675,0,0,0,0.0285247,0,0,0,0
"MtrElec",2,3,8,"",12.2236,0,2.5116,0,0,0,0.0330909,0,0.546744,0.756867,0,1.09188,0,0.893094,4.71807,0.159964,1.47471,0,0,0,0.0375325,0,0,0,0
"MtrElec",2,3,9,"",10.2091,0,2.36984,0,0,0,0.0330909,0,0.508873,0.756867,0,0,0,0.740614,4.37381,0.155259,1.42486,0,0,0,0.0390338,0,0,0,-0.193145
"MtrElec",2,3,10,"",7.88826,0,2.10033,0,0,0,0.0330909,0,0.446145,0.756867,0,0,0,0.6317,4.10194,0.131735,1.3031,0.484958,0,0,0.0330286,0,0,0,-2.13463
"MtrElec",2,3,11,"",3.64098,0,1.38038,0,0.0264844,0,0.0330909,0,0.290405,0.756867,0,0,0,0.588135,4.14876,0.103506,1.26753,1.69357,0,0,0.0315273,0,0,0,-6.67928
"MtrElec",2,3,12,"",-0.418103,0,0.951054,0,0.0264844,0,0.0330909,0,0.200026,0.756867,0,0,0,0.544569,4.14876,0.0705724,1.28484,0.296245,0,0.882056,0.0435377,0,0,0,-9.65621
"MtrElec",2,3,13,"",-5.71099,0,0.53053,0,0.0264844,0,0.0330909,0,0.111193,0.756867,0,0,0,0.457438,4.15675,0.0564579,1.33564,0,0.372554,0,0.0525455,0,0,0,-13.6005
"MtrElec",2,3,14,"",-4.95543,0,0.697229,0,0.0264844,0,0.0330909,0,0.145795,0.756867,0,0,0,0.457438,4.25201,0.0517531,1.30053,0,0,0,0.0480416,0,0,0,-12.7247
"MtrElec",2,3,15,"",-11.6975,0,0.119352,0,0.0264844,0,0.0330909,0,0.0247868,0.756867,0,0,0,0.457438,4.40654,0.0517531,1.33313,0,0,0,0.0510442,0,0,0,-18.958
"MtrElec",2,3,16,"",-0.0738633,0,0,0,0.0264844,0,0.0330909,0,0,0.756867,0,0,0,0.566352,4.53808,0.0564579,1.34129,2.52655,0,0.882163,0.0780675,0,0,0,-10.8793
"MtrElec",2,3,17,"",4.18995,0,0,0,0.0264844,0,0.0330909,0,0,0.756867,0,0,0,0.675266,5.13309,0.0893917,1.36484,2.42423,0.372599,0.881924,0.172649,0,0,0,-7.74048
"MtrElec",2,3,18,"",10.4236,0,0,0,0,0,0.0330909,0,0,0.756867,0,0,0,0.958442,5.91861,0.174079,1.50152,0,0.372498,0.882049,0.289751,0,0,0,-0.463304
"MtrElec",2,3,19,"",11.5852,0,0,0,0,0,0.0330909,0,0,0.756867,0,0,0,1.82975,6.45161,0.230537,1.64057,0,0.372551,0,0.270234,0,0,0,0
"MtrElec",2,3,20,"",12.4452,0,0.171425,0,0,0,0.0330909,0,0.0362477,0.756867,0,0,0,2.54858,6.79154,0.305814,1.65451,0,0,0,0.147127,0,0,0,0
"MtrElec",2,3,21,"",13.0764,0,0.566413,0,0,0,0.0330909,0,0.120439,0.756867,0,0,0,2.46145,7.08512,0.428139,1.56184,0,0,0,0.0630545,0,0,0,0
"MtrElec",2,3,22,"",12.9797,0,0.875956,0,0,0,0.0330909,0,0.187402,0.756867,0,0,0,2.09115,7.03348,0.494007,1.4777,0,0,0,0.030026,0,0,0,0
"MtrElec",2,3,23,"",12.4566,0,1.84336,0,0,0,0.0330909,0,0.396133,0.756867,0,0,0,1.37231,6.23168,0.428139,1.37697,0,0,0,0.0180156,0,0,0,0
"MtrElec",2,3,24,"",11.7893,0,2.68261,0,0,0,0.0330909,0,0.581473,0.756867,0,0,0,0.849528,5.32468,0.296404,1.24959,0,0,0,0.015013,0,0,0,0
"MtrElec",2,4,1,"",10.9718,0,3.23634,0,0,0,0.0330909,0,0.705766,0.756867,0,0,0,0.501004,4.27265,0.216422,1.24213,0,0,0,0.00750649,0,0,0,0
"MtrElec",2,4,2,"",10.8193,0,3.51264,0,0,0,0.0330909,0,0.768106,0.756867,0,0,0,0.413873,3.88828,0.216422,1.22403,0,0,0,0.00600519,0,0,0,0
"MtrElec",2,4,3,"",10.7846,0,3.71339,0,0,0,0.0330909,0,0.813566,0.756867,0,0,0,0.326742,3.73612,0.216422,1.18244,0,0,0,0.00600519,0,0,0,0
"MtrElec",2,4,4,"",10.9482,0,3.84278,0,0,0,0.0330909,0,0.843059,0.756867,0,0,0,0.370307,3.71295,0.216422,1.16672,0,0,0,0.00600519,0,0,0,0
"MtrElec",2,4,5,"",10.9443,0,3.94541,0,0,0,0.0330909,0,0.86631,0.756867,0,0,0,0.457438,3.53507,0.216422,1.12767,0,0,0,0.00600519,0,0,0,0
"MtrElec",2,4,6,"",10.9185,0,3.5005,0,0,0,0.0330909,0,0.764278,0.756867,0,0,0,0.675266,3.83394,0.174079,1.15942,0,0,0,0.0210182,0,0,0,0
"MtrElec",2,4,7,"",11.0192,0,2.80694,0,0,0,0.0330909,0,0.607218,0.756867,0,0,0,0.914876,4.38022,0.164669,1.32675,0,0,0,0.0285247,0,0,0,0
"MtrElec",2,4,8,"",3.68236,0,1.39733,0,0.0264844,0,0.0330909,0,0.296853,0.756867,0,0,0,0.893094,4.71807,0.159964,1.47471,0,0,0.881945,0.0375325,0,0,0,-6.99359
"MtrElec",2,4,9,"",-8.79324,0,0.278635,0,0.0264844,0,0.0330909,0,0.058472,0.756867,0,0,0,0.740614,4.37381,0.155259,1.42486,0,0.372507,0.287278,0.0390338,0,0,0,-17.3402
"MtrElec",2,4,10,"",-17.8136,0,0.0474356,0,0.0264844,0,0.0330909,0,0.00986641,0.756867,0,0,0,0.6317,4.10194,0.131735,1.30319,0,0.121338,0.594891,0.0330286,0,0,0,-25.6052
"MtrElec",2,4,11,"",-22.9864,0,0,0,0.0264844,0,0.0330909,0,0,0.756867,0,0,0,0.588135,4.14876,0.103506,1.26902,0,0.251264,0.881985,0.0315273,0,0,0,-31.077
"MtrElec",2,4,12,"",-26.5722,0,0,0,0.0264844,0,0.0330909,0,0,0.756867,0,0,0,0.544569,4.14876,0.0705724,1.29038,0,0.372524,0,0.0435377,0,0,0,-33.859
"MtrElec",2,4,13,"",-23.0298,0,0,0,0.0264844,0,0.0330909,0,0,0.756867,0,0,0,0.457438,4.15675,0.0564579,1.34471,0,0,0,0.0525455,0,0,0,-29.9141
"MtrElec",2,4,14,"",-11.3211,0,0,0,0.0264844,0,0.0330909,0,0,0.756867,0,0,0,0.457438,4.25201,0.0517531,1.31228,0,0,0,0.0480416,0,0,0,-18.259
"MtrElec",2,4,15,"",-19.627,0,0,0,0.0264844,0,0.0330909,0,0,0.756867,0,0,0,0.457438,4.40654,0.0517531,1.34235,0,0,0,0.0510442,0,0,0,-26.7525
"MtrElec",2,4,16,"",-10.892,0,0,0,0.0264844,0,0.0330909,0,0,0.756867,0,0,0,0.566352,4.53808,0.0564579,1.35137,0,0,0,0.0780675,0,0,0,-18.2988
"MtrElec",2,4,17,"",0.253282,0,0,0,0.0264844,0,0.0330909,0,0,0.756867,0,0,0,0.675266,5.13309,0.0893917,1.38065,0,0,0,0.172649,0,0,0,-8.01421
"MtrElec",2,4,18,"",9.10231,0,0,0,0,0,0.0330909,0,0,0.756867,0,0,0,0.958442,5.91861,0.174079,1.51947,0,0,0,0.289751,0,0,0,-0.547997
"MtrElec",2,4,19,"",11.9068,0,0,0,0,0,0.0330909,0,0,0.756867,0,0,0,1.82975,6.45161,0.230537,1.65707,0,0,0.677641,0.270234,0,0,0,0
"MtrElec",2,4,20,"",12.7421,0,0,0,0,0,0.0330909,0,0,0.756867,0,0,0,2.54858,6.79154,0.305814,1.66869,0,0.286215,0.204201,0.147127,0,0,0,0
"MtrElec",2,4,21,"",13.0359,0,0,0,0,0,0.0330909,0,0,0.756867,0,0,0,2.46145,7.08512,0.428139,1.5798,0.54211,0.0862486,0,0.0630545,0,0,0,0
"MtrElec",2,4,22,"",12.8086,0,0,0,0,0,0.0330909,0,0,0.756867,0,0,0,2.09115,7.03348,0.494007,1.49689,0.873087,0,0,0.030026,0,0,0,0
"MtrElec",2,4,23,"",12.7475,0,0.297748,0,0,0,0.0330909,0,0.0635717,0.756867,0,1.09188,0,1.37231,6.23168,0.428139,1.39387,1.06029,0,0,0.0180156,0,0,0,0
"MtrElec",2,4,24,"",11.4477,0,1.489,0,0,0,0.0330909,0,0.327462,0.756867,0,1.09188,0,0.849528,5.32468,0.296404,1.2638,0,0,0,0.015013,0,0,0,0
"MtrElec",2,5,1,"",10.7312,0,2.12397,0,0,0,0.0330909,0,0.478072,0.756867,0,1.09188,0,0.501004,4.27265,0.216422,1.24972,0,0,0,0.00750649,0,0,0,0
"MtrElec",2,5,2,"",12.085,0,3.30781,0.389625,0,0,0.0330909,0,0.754365,0.756867,0,1.09188,0,0.413873,3.88828,0.216422,1.22676,0,0,0,0.00600519,0,0,0,0
"MtrElec",2,5,3,"",15.2036,0,4.53665,2.25235,0,0,0.0330909,0,1.06492,0.756867,0,1.09188,0,0.326742,3.73612,0.216422,1.18254,0,0,0,0.00600519,0,0,0,0
"MtrElec",2,5,4,"",16.8537,0,5.54008,2.64376,0,0,0.0330909,0,1.3156,0.756867,0,1.09188,0,0.370307,3.71295,0.216422,1.16672,0,0,0,0.00600519,0,0,0,0
"MtrElec",2,5,5,"",18.2607,0,6.50315,2.96857,0,0,0.0330909,0,1.56455,0.756867,0,1.09188,0,0.457438,3.53507,0.216422,1.12767,0,0,0,0.00600519,0,0,0,0
"MtrElec",2,5,6,"",19.3079,0,6.90441,2.98561,0,0,0.0330909,0,1.67229,0.756867,0,1.09188,0,0.675266,3.83394,0.174079,1.15942,0,0,0,0.0210182,0,0,0,0
"MtrElec",2,5,7,"",19.7069,0,6.61418,2.80034,0,0,0.0330909,0,1.59549,0.756867,0,1.09188,0,0.914876,4.38022,0.164669,1.32675,0,0,0,0.0285247,0,0,0,0
"MtrElec",2,5,8,"",9.40911,0,4.76443,2.12016,0.0264844,0,0.0330909,0,1.11884,0.756867,0,1.09188,0,0.893094,4.71807,0.159964,1.47471,0,0,0,0.0375325,0,0,0,-7.78602
"MtrElec",2,5,9,"",-5.44106,0,1.98357,0.388314,0.0264844,0,0.0330909,0,0.438479,0.756867,0,1.09188,0,0.740614,4.37381,0.155259,1.42486,0,0,0.628229,0.0390338,0,0,0,-17.5216
"MtrElec",2,5,10,"",-15.9151,0,0.0259242,0,0.0264844,0,0.0330909,0,0.00543562,0.756867,0,0,0,0.6317,4.10194,0.131735,1.3031,0,0.265345,1.61286,0.0330286,0,0,0,-24.8426
"MtrElec",2,5,11,"",-21.6457,0,0,0,0.0264844,0,0.0330909,0,0,0.756867,0,0,0,0.588135,4.14876,0.103506,1.26893,0,0.681226,0.405362,0.0315273,0,0,0,-29.6895
"MtrElec",2,5,12,"",-25.3449,0,0,0,0.0264844,0,0.0330909,0,0,0.756867,0,0,0,0.544569,4.14876,0.0705724,1.29245,0,0.171213,0.869975,0.0435377,0,0,0,-33.3024
"MtrElec",2,5,13,"",-26.4653,0,0,0,0.0264844,0,0.0330909,0,0,0.756867,0,0,0,0.457438,4.15675,0.0564579,1.34741,0,0.367451,0.537193,0.0525455,0,0,0,-34.257
"MtrElec",2,5,14,"",-23.5822,0,0,0,0.0264844,0,0.0330909,0,0,0.756867,0,0,0,0.457438,4.25201,0.0517531,1.31778,0,0.226894,1.23934,0.0480416,0,0,0,-31.9919
"MtrElec",2,5,15,"",-19.0935,0,0,0,0.0264844,0,0.0330909,0,0,0.756867,0,0,0,0.457438,4.40654,0.0517531,1.35083,0,0.52346,0,0.0510442,0,0,0,-26.751
"MtrElec",2,5,16,"",-11.1821,0,0,0,0.0264844,0,0.0330909,0,0,0.756867,0,0,0,0.566352,4.53808,0.0564579,1.36407,0,0,0,0.0780675,0,0,0,-18.6015
"MtrElec",2,5,17,"",-0.0591797,0,0,0,0.0264844,0,0.0330909,0,0,0.756867,0,0,0,0.675266,5.13309,0.0893917,1.39575,0,0,0,0.172649,0,0,0,-8.34177
"MtrElec",2,5,18,"",9.05849,0,0,0,0,0,0.0330909,0,0,0.756867,0,0,0,0.958442,5.91861,0.174079,1.53296,0,0,0,0.289751,0,0,0,-0.605311
"MtrElec",2,5,19,"",11.2394,0,0,0,0,0,0.0330909,0,0,0.756867,0,0,0,1.82975,6.45161,0.230537,1.66727,0,0,0,0.270234,0,0,0,0
"MtrElec",2,5,20,"",12.2581,0,0,0,0,0,0.0330909,0,0,0.756867,0,0,0,2.54858,6.79154,0.305814,1.67506,0,0,0,0.147127,0,0,0,0
"MtrElec",2,5,21,"",12.413,0,0,0,0,0,0.0330909,0,0,0.756867,0,0,0,2.46145,7.08512,0.428139,1.58525,0,0,0,0.0630545,0,0,0,0
"MtrElec",2,5,22,"",14.4637,0,0,0,0,0,0.0330909,0,0,0.756867,0,1.09188,0,2.09115,7.03348,0.494007,1.50222,1.26921,0,0.161806,0.030026,0,0,0,0
"MtrElec",2,5,23,"",13.4116,0,0.312732,0,0,0,0.0330909,0,0.0670987,0.756867,0,1.09188,0,1.37231,6.23168,0.428139,1.39956,1.20634,0.0683418,0.425533,0.0180156,0,0,0,0
"MtrElec",2,5,24,"",11.7915,0,1.37568,0,0,0,0.0330909,0,0.302254,0.756867,0,1.09188,0,0.849528,5.32468,0.296404,1.27152,0,0.179732,0.294889,0.015013,0,0,0,0
"MtrElec",2,6,1,"",10.7329,0,2.01873,0,0,0,0.0330909,0,0.453774,0.756867,0,1.09188,0,0.501004,4.27265,0.216422,1.25643,0,0.124552,0,0.00750649,0,0,0,0
"MtrElec",2,6,2,"",12.7145,0,2.15722,0.722965,0,0,0.0330909,0,0.498008,0.756867,0,1.09188,0,0.413873,3.88828,0.216422,1.23222,1.69764,0,0,0.00600519,0,0,0,0
"MtrElec",2,6,3,"",13.4835,0,3.10136,1.51757,0,0,0.0330909,0,0.732916,0.756867,0,1.09188,0,0.326742,3.73612,0.216422,1.18657,0.777912,0,0,0.00600519,0,0,0,0
"MtrElec",2,6,4,"",15.3773,0,4.70119,2.20464,0,0,0.0330909,0,1.11661,0.756867,0,1.09188,0,0.370307,3.71295,0.216422,1.16729,0,0,0,0.00600519,0,0,0,0
"MtrElec",2,6,5,"",16.9761,0,5.7699,2.5976,0,0,0.0330909,0,1.38412,0.756867,0,1.09188,0,0.457438,3.53507,0.216422,1.12767,0,0,0,0.00600519,0,0,0,0
"MtrElec",2,6,6,"",18.0147,0,6.15054,2.63636,0,0,0.0330909,0,1.48219,0.756867,0,1.09188,0,0.675266,3.83394,0.174079,1.15942,0,0,0,0.0210182,0,0,0,0
"MtrElec",2,6,7,"",18.1856,0,5.68668,2.44348,0,0,0.0330909,0,1.35857,0.756867,0,1.09188,0,0.914876,4.38022,0.164669,1.32675,0,0,0,0.0285247,0,0,0,0
"MtrElec",2,6,8,"",9.24222,0,3.79784,1.39157,0.0264844,0,0.0330909,0,0.874329,0.756867,0,1.09188,0,0.893094,4.71807,0.159964,1.47471,0,0,0,0.0375325,0,0,0,-6.01321
"MtrElec",2,6,9,"",-4.53869,0,1.85154,0,0.0264844,0,0.0330909,0,0.402383,0.756867,0,1.09188,0,0.740614,4.37381,0.155259,1.42486,0,0,0,0.0390338,0,0,0,-15.4345
"MtrElec",2,6,10,"",-14.4422,0,0.444155,0,0.0264844,0,0.0330909,0,0.0945942,0.756867,0,0,0,0.6317,4.10194,0.131735,1.3031,0,0,0.476651,0.0330286,0,0,0,-22.4755
"MtrElec",2,6,11,"",-19.5216,0,0,0,0.0264844,0,0.0330909,0,0,0.756867,0,0,0,0.588135,4.14876,0.103506,1.26803,0,0.201323,0.405362,0.0315273,0,0,0,-27.0847
"MtrElec",2,6,12,"",-26.4758,0,0,0,0.0264844,0,0.0330909,0,0,0.756867,0,0,0,0.544569,4.14876,0.0705724,1.28906,0,0.171213,0,0.0435377,0,0,0,-33.5599
"MtrElec",2,6,13,"",-27.0274,0,0,0,0.0264844,0,0.0330909,0,0,0.756867,0,0,0,0.457438,4.15675,0.0564579,1.34386,0,0,0,0.0525455,0,0,0,-33.9108
"MtrElec",2,6,14,"",-20.8414,0,0,0,0.0264844,0,0.0330909,0,0,0.756867,0,0,0,0.457438,4.25201,0.0517531,1.31248,0,0,0,0.0480416,0,0,0,-27.7796
"MtrElec",2,6,15,"",-18.915,0,0,0,0.0264844,0,0.0330909,0,0,0.756867,0,0,0,0.457438,4.40654,0.0517531,1.34484,0,0,0,0.0510442,0,0,0,-26.0431
"MtrElec",2,6,16,"",-10.6849,0,0,0,0.0264844,0,0.0330909,0,0,0.756867,0,0,0,0.566352,4.53808,0.0564579,1.35648,0,0,0,0.0780675,0,0,0,-18.0968
"MtrElec",2,6,17,"",0.341027,0,0,0,0.0264844,0,0.0330909,0,0,0.756867,0,0,0,0.675266,5.13309,0.0893917,1.38575,0,0,0,0.172649,0,0,0,-7.93156
"MtrElec",2,6,18,"",9.14412,0,0,0,0,0,0.0330909,0,0,0.756867,0,0,0,0.958442,5.91861,0.174079,1.52134,0,0,0,0.289751,0,0,0,-0.508065
"MtrElec",2,6,19,"",11.2284,0,0,0,0,0,0.0330909,0,0,0.756867,0,0,0,1.82975,6.45161,0.230537,1.65631,0,0,0,0.270234,0,0,0,0
"MtrElec",2,6,20,"",13.3414,0,0,0,0,0,0.0330909,0,0,0.756867,0,1.09188,0,2.54858,6.79154,0.305814,1.66648,0,0,0,0.147127,0,0,0,0
"MtrElec",2,6,21,"",13.532,0,0.0305915,0,0,0,0.0330909,0,0.00646432,0.756867,0,1.09188,0,2.46145,7.08512,0.428139,1.5753,0,0,0,0.0630545,0,0,0,0
"MtrElec",2,6,22,"",13.7725,0,0.618533,0,0,0,0.0330909,0,0.132265,0.756867,0,1.09188,0,2.09115,7.03348,0.494007,1.4912,0,0,0,0.030026,0,0,0,0
"MtrElec",2,6,23,"",12.797,0,1.21138,0,0,0,0.0330909,0,0.263994,0.756867,0,1.09188,0,1.37231,6.23168,0.428139,1.38959,0,0,0,0.0180156,0,0,0,0
"MtrElec",2,6,24,"",11.7948,0,1.77186,0,0,0,0.0330909,0,0.393346,0.756867,0,1.09188,0,0.849528,5.32468,0.296404,1.26211,0,0,0,0.015013,0,0,0,0
"MtrElec",2,7,1,"",10.8808,0,2.19478,0,0,0,0.0330909,0,0.494499,0.756867,0,1.09188,0,0.501004,4.28302,0.216422,1.30175,0,0,0,0.00750649,0,0,0,0
"MtrElec",2,7,2,"",11.4797,0,3.08727,0,0,0,0.0330909,0,0.696587,0.756867,0,1.09188,0,0.413873,3.93237,0.216422,1.24533,0,0,0,0.00600519,0,0,0,0
"MtrElec",2,7,3,"",12.4084,0,4.10939,0,0,0,0.0330909,0,0.928816,0.756867,0,1.09188,0,0.326742,3.7235,0.211717,1.22192,0,0,0,0.0045039,0,0,0,0
"MtrElec",2,7,4,"",13.205,0,4.75257,0,0,0,0.0330909,0,1.07986,0.756867,0,1.09188,0,0.370307,3.71069,0.211717,1.19355,0,0,0,0.0045039,0,0,0,0
"MtrElec",2,7,5,"",15.0063,0,5.30901,1.23939,0,0,0.0330909,0,1.22906,0.756867,0,1.09188,0,0.457438,3.52244,0.216422,1.14624,0,0,0,0.0045039,0,0,0,0
"MtrElec",2,7,6,"",16.8455,0,5.23748,2.64023,0,0,0.0330909,0,1.23013,0.756867,0,1.09188,0,0.675266,3.82131,0.211717,1.14005,0,0,0,0.00750649,0,0,0,0
"MtrElec",2,7,7,"",14.9367,0,4.57855,0.83539,0,0,0.0330909,0,1.04395,0.756867,0,1.09188,0,0.914876,4.30015,0.207012,1.15989,0,0,0,0.015013,0,0,0,0
"MtrElec",2,7,8,"",6.00605,0,3.16651,0,0.0264844,0,0.0330909,0,0.698779,0.756867,0,1.09188,0,0.893094,4.62763,0.192898,1.27103,0,0,0,0.0405351,0,0,0,-6.79274
"MtrElec",2,7,9,"",-7.83704,0,0.980632,0,0.0264844,0,0.0330909,0,0.210331,0.756867,0,0,0,0.740614,4.35046,0.169374,1.47694,0,0,0,0.0720623,0,0,0,-16.6539
"MtrElec",2,7,10,"",-16.5341,0,0,0,0.0264844,0,0.0330909,0,0,0.756867,0,0,0,0.6317,4.18166,0.141145,1.42461,0,0,0,0.0720623,0,0,0,-23.8017
"MtrElec",2,7,11,"",-21.3533,0,0,0,0.0264844,0,0.0330909,0,0,0.756867,0,0,0,0.588135,4.25166,0.112916,1.40458,0,0,0.785681,0.0690597,0,0,0,-29.3818
"MtrElec",2,7,12,"",-24.7695,0,0,0,0.0264844,0,0.0330909,0,0,0.756867,0,0,0,0.544569,4.18231,0.0752772,1.43534,0,0.331848,0.978263,0.0825714,0,0,0,-33.2162
"MtrElec",2,7,13,"",-23.6078,0,0,0,0.0264844,0,0.0330909,0,0,0.756867,0,0,0,0.457438,4.14395,0.0564579,1.46695,1.21676,0.413189,1.76406,0.0945818,0,0,0,-34.0376
"MtrElec",2,7,14,"",-22.4228,0,0,0,0.0264844,0,0.0330909,0,0,0.756867,0,0,0,0.457438,4.27292,0.0517531,1.49013,1.25715,0.745085,0,0.0885766,0,0,0,-31.6023
"MtrElec",2,7,15,"",-18.4014,0,0,0,0.0264844,0,0.0330909,0,0,0.756867,0,0,0,0.457438,4.48661,0.0517531,1.46924,0,0,0.504077,0.0930805,0,0,0,-26.2801
"MtrElec",2,7,16,"",-9.32334,0,0,0,0.0264844,0,0.0330909,0,0,0.756867,0,0,0,0.566352,4.72121,0.0564579,1.52061,0,0.212907,0.867945,0.102088,0,0,0,-18.1874
"MtrElec",2,7,17,"",1.54024,0,0,0,0.0264844,0,0.0330909,0,0,0.756867,0,0,0,0.675266,5.30586,0.0893917,1.47553,0,0.366594,0.875203,0.136618,0,0,0,-8.20066
"MtrElec",2,7,18,"",10.7633,0,0,0,0,0,0.0330909,0,0,0.756867,0,0,0,0.958442,5.98814,0.178783,1.57548,0,0.36966,1.28077,0.208681,0,0,0,-0.586654
"MtrElec",2,7,19,"",11.7355,0,0,0,0,0,0.0330909,0,0,0.756867,0,0,0,1.82975,6.44107,0.225832,1.71428,0,0.540961,0,0.193668,0,0,0,0
"MtrElec",2,7,20,"",13.3484,0,0,0,0,0,0.0330909,0,0,0.756867,0,0,0,2.54858,6.7011,0.28229,1.67708,1.24133,0,0,0.108094,0,0,0,0
"MtrElec",2,7,21,"",13.8589,0,0,0,0,0,0.0330909,0,0,0.756867,0,0,0,2.46145,6.94833,0.390501,1.62627,1.23252,0,0.361803,0.0480416,0,0,0,0
"MtrElec",2,7,22,"",12.4805,0,0,0,0,0,0.0330909,0,0,0.756867,0,0,0,2.09115,6.88632,0.461073,1.55795,0,0.152815,0.520187,0.0210182,0,0,0,0
"MtrElec",2,7,23,"",10.3602,0,0,0,0,0,0.0330909,0,0,0.756867,0,0,0,1.37231,6.15179,0.39991,1.41298,0,0.219712,0,0.0135117,0,0,0,0
"MtrElec",2,7,24,"",8.60973,0,0,0,0,0,0.0330909,0,0,0.756867,0,0,0,0.849528,5.23928,0.277585,1.44588,0,0,0,0.00750649,0,0,0,0
"MtrElec",2,8,1,"",9.11039,0,0.74302,0,0,0,0.0330909,0,0.160014,0.756867,0,1.09188,0,0.501004,4.28302,0.216422,1.31756,0,0,0,0.00750649,0,0,0,0
"MtrElec",2,8,2,"",9.42179,0,1.40583,0,0,0,0.0330909,0,0.308146,0.756867,0,1.09188,0,0.413873,3.93237,0.216422,1.2573,0,0,0,0.00600519,0,0,0,0
"MtrElec",2,8,3,"",9.66097,0,1.86445,0,0,0,0.0330909,0,0.415344,0.756867,0,1.09188,0,0.326742,3.7235,0.211717,1.23287,0,0,0,0.0045039,0,0,0,0
"MtrElec",2,8,4,"",10.1232,0,2.23735,0,0,0,0.0330909,0,0.505377,0.756867,0,1.09188,0,0.370307,3.71069,0.211717,1.2014,0,0,0,0.0045039,0,0,0,0
"MtrElec",2,8,5,"",10.4636,0,2.62716,0,0,0,0.0330909,0,0.602178,0.756867,0,1.09188,0,0.457438,3.52244,0.216422,1.15163,0,0,0,0.0045039,0,0,0,0
"MtrElec",2,8,6,"",12.7033,0,3.36866,0.819465,0,0,0.0330909,0,0.775642,0.756867,0,1.09188,0,0.675266,3.82131,0.211717,1.14192,0,0,0,0.00750649,0,0,0,0
"MtrElec",2,8,7,"",12.3097,0,2.99644,0.162716,0,0,0.0330909,0,0.671737,0.756867,0,1.09188,0,0.914876,4.30015,0.207012,1.15989,0,0,0,0.015013,0,0,0,0
"MtrElec",2,8,8,"",2.29296,0,1.23298,0,0.0264844,0,0.0330909,0,0.267168,0.756867,0,0,0,0.893094,4.62763,0.192898,1.27103,0,0,0,0.0405351,0,0,0,-7.04881
"MtrElec",2,8,9,"",-8.86579,0,0.117014,0,0.0264844,0,0.0330909,0,0.0245161,0.756867,0,0,0,0.740614,4.35046,0.169374,1.47702,0,0,0,0.0720623,0,0,0,-16.6333
"MtrElec",2,8,10,"",-16.5427,0,0,0,0.0264844,0,0.0330909,0,0,0.756867,0,0,0,0.6317,4.18166,0.141145,1.42659,0,0,0,0.0720623,0,0,0,-23.8123
"MtrElec",2,8,11,"",-20.4475,0,0,0,0.0264844,0,0.0330909,0,0,0.756867,0,0,0,0.588135,4.25166,0.112916,1.41,0,0,1.88342,0.0690597,0,0,0,-29.5792
"MtrElec",2,8,12,"",-23.8535,0,0,0,0.0264844,0,0.0330909,0,0,0.756867,0,0,0,0.544569,4.18231,0.0752772,1.44484,0,0.795501,0.762628,0.0825714,0,0,0,-32.5576
"MtrElec",2,8,13,"",-25.7989,0,0,0,0.0264844,0,0.0330909,0,0,0.756867,0,0,0,0.457438,4.14395,0.0564579,1.48082,0,0.322111,0,0.0945818,0,0,0,-33.1706
"MtrElec",2,8,14,"",-24.4645,0,0,0,0.0264844,0,0.0330909,0,0,0.756867,0,0,0,0.457438,4.27292,0.0517531,1.50512,0,0,0,0.0885766,0,0,0,-31.6568
"MtrElec",2,8,15,"",-19.2094,0,0,0,0.0264844,0,0.0330909,0,0,0.756867,0,0,0,0.457438,4.48661,0.0517531,1.482,0,0,0,0.0930805,0,0,0,-26.5967
"MtrElec",2,8,16,"",-10.7475,0,0,0,0.0264844,0,0.0330909,0,0,0.756867,0,0,0,0.566352,4.72121,0.0564579,1.52971,0,0,0,0.102088,0,0,0,-18.5397
"MtrElec",2,8,17,"",0.138685,0,0,0,0.0264844,0,0.0330909,0,0,0.756867,0,0,0,0.675266,5.30586,0.0893917,1.48745,0,0,0,0.136618,0,0,0,-8.37234
"MtrElec",2,8,18,"",11.5332,0,0,0,0,0,0.0330909,0,0,0.756867,0,0,0,0.958442,5.98814,0.178783,1.58475,2.47509,0,0,0.208681,0,0,0,-0.650638
"MtrElec",2,8,19,"",12.0826,0,0,0,0,0,0.0330909,0,0,0.756867,0,0,0,1.82975,6.44107,0.225832,1.72018,0,0,0.882107,0.193668,0,0,0,0
"MtrElec",2,8,20,"",12.5881,0,0,0,0,0,0.0330909,0,0,0.756867,0,0,0,2.54858,6.7011,0.28229,1.68286,0,0.372576,0.102667,0.108094,0,0,0,0
"MtrElec",2,8,21,"",14.4356,0,0,0,0,0,0.0330909,0,0,0.756867,0,0,0,2.46145,6.94833,0.390501,1.6338,1.34073,0.0433635,0.779442,0.0480416,0,0,0,0
"MtrElec",2,8,22,"",14.1625,0,0,0,0,0,0.0330909,0,0,0.756867,0,0,0,2.09115,6.88632,0.461073,1.56856,1.13329,0.329213,0.881966,0.0210182,0,0,0,0
"MtrElec",2,8,23,"",10.5314,0,0,0,0,0,0.0330909,0,0,0.756867,0,0,0,1.37231,6.15179,0.39991,1.43142,0,0.372516,0,0.0135117,0,0,0,0
"MtrElec",2,8,24,"",8.62262,0,0,0,0,0,0.0330909,0,0,0.756867,0,0,0,0.849528,5.23928,0.277585,1.45877,0,0,0,0.00750649,0,0,0,0
"MtrElec",2,9,1,"",7.07485,0,0,0,0,0,0.0330909,0,0,0.756867,0,0,0,0.501004,4.27265,0.216422,1.28731,0,0,0,0.00750649,0,0,0,0
"MtrElec",2,9,2,"",6.57049,0,0,0,0,0,0.0330909,0,0,0.756867,0,0,0,0.413873,3.88828,0.216422,1.25595,0,0,0,0.00600519,0,0,0,0
"MtrElec",2,9,3,"",6.29022,0,0.00530667,0,0,0,0.0330909,0,0.00111031,0.756867,0,0,0,0.326742,3.73612,0.216422,1.20856,0,0,0,0.00600519,0,0,0,0
"MtrElec",2,9,4,"",7.14163,0,0.708353,0,0,0,0.0330909,0,0.151203,0.756867,0,0,0,0.370307,3.71295,0.216422,1.18643,0,0,0,0.00600519,0,0,0,0
"MtrElec",2,9,5,"",7.5954,0,1.18803,0,0,0,0.0330909,0,0.257592,0.756867,0,0,0,0.457438,3.53507,0.216422,1.14488,0,0,0,0.00600519,0,0,0,0
"MtrElec",2,9,6,"",9.36884,0,1.31906,0,0,0,0.0330909,0,0.287591,0.756867,0,1.09188,0,0.675266,3.83394,0.174079,1.17605,0,0,0,0.0210182,0,0,0,0
"MtrElec",2,9,7,"",8.67566,0,0.872573,0,0,0,0.0330909,0,0.187136,0.756867,0,0,0,0.914876,4.38022,0.164669,1.3377,0,0,0,0.0285247,0,0,0,0
"MtrElec",2,9,8,"",1.5248,0,0.0269698,0,0.0264844,0,0.0330909,0,0.00562149,0.756867,0,0,0,0.893094,4.71807,0.159964,1.48209,0,0,0.881945,0.0375325,0,0,0,-7.49692
"MtrElec",2,9,9,"",-9.44283,0,0,0,0.0264844,0,0.0330909,0,0,0.756867,0,0,0,0.740614,4.37381,0.155259,1.43431,0,0.372507,0,0.0390338,0,0,0,-17.3748
"MtrElec",2,9,10,"",-17.5649,0,0,0,0.0264844,0,0.0330909,0,0,0.756867,0,0,0,0.6317,4.10194,0.131735,1.32175,0,0,0.476651,0.0330286,0,0,0,-25.0781
"MtrElec",2,9,11,"",-21.6915,0,0,0,0.0264844,0,0.0330909,0,0,0.756867,0,0,0,0.588135,4.14876,0.103506,1.29727,0,0.201323,1.28735,0.0315273,0,0,0,-30.1659
"MtrElec",2,9,12,"",-25.0032,0,0,0,0.0264844,0,0.0330909,0,0,0.756867,0,0,0,0.544569,4.14876,0.0705724,1.3256,0,0.543737,0,0.0435377,0,0,0,-32.4964
"MtrElec",2,9,13,"",-24.162,0,0,0,0.0264844,0,0.0330909,0,0,0.756867,0,0,0,0.457438,4.15675,0.0564579,1.3799,0,0,1.32501,0.0525455,0,0,0,-32.4065
"MtrElec",2,9,14,"",-20.8126,0,0,0,0.0264844,0,0.0330909,0,0,0.756867,0,0,0,0.457438,4.25201,0.0517531,1.35815,0,0.559643,2.203,0.0480416,0,0,0,-30.559
"MtrElec",2,9,15,"",-17.7298,0,0,0,0.0264844,0,0.0330909,0,0,0.756867,0,0,0,0.457438,4.40654,0.0517531,1.38874,0,0.930482,0.336868,0.0510442,0,0,0,-26.1691
"MtrElec",2,9,16,"",-10.402,0,0,0,0.0264844,0,0.0330909,0,0,0.756867,0,0,0,0.566352,4.53808,0.0564579,1.40848,0,0.142283,0.545039,0.0780675,0,0,0,-18.5532
"MtrElec",2,9,17,"",0.53293,0,0,0,0.0264844,0,0.0330909,0,0,0.756867,0,0,0,0.675266,5.13309,0.0893917,1.45696,0.530617,0.230208,0,0.172649,0,0,0,-8.57169
"MtrElec",2,9,18,"",11.0003,0,0,0,0.0264844,0,0.0330909,0,0,0.756867,0,0,0,0.958442,5.91861,0.174079,1.601,1.9438,0,0,0.289751,0,0,0,-0.701839
"MtrElec",2,9,19,"",15.9979,0,0,0,0,0,0.0330909,0,0,0.756867,0,0,0,1.82975,6.45161,0.230537,1.73097,4.69485,0,0,0.270234,0,0,0,0
"MtrElec",2,9,20,"",15.0401,0,0,0,0,0,0.0330909,0,0,0.756867,0,0,0,2.54858,6.79154,0.305814,1.72879,2.72832,0,0,0.147127,0,0,0,0
"MtrElec",2,9,21,"",14.243,0,0,0,0,0,0.0330909,0,0,0.756867,0,0,0,2.46145,7.08512,0.428139,1.65091,0,0,1.76438,0.0630545,0,0,0,0
"MtrElec",2,9,22,"",12.7622,0,0,0,0,0,0.0330909,0,0,0.756867,0,0,0,2.09115,7.03348,0.494007,1.57838,0,0.74522,0,0.030026,0,0,0,0
"MtrElec",2,9,23,"",10.5455,0,0,0,0,0,0.0330909,0,0,0.756867,0,0,0,1.37231,6.23168,0.428139,1.48039,0,0,0.225027,0.0180156,0,0,0,0
"MtrElec",2,9,24,"",9.39775,0,0,0,0,0,0.0330909,0,0,0.756867,0,0,0,0.849528,5.32468,0.296404,1.37024,0,0.0950445,0.656879,0.015013,0,0,0,0
"MtrElec",2,10,1,"",7.40271,0,0,0,0,0,0.0330909,0,0,0.756867,0,0,0,0.501004,4.27265,0.216422,1.33773,0,0.277446,0,0.00750649,0,0,0,0
"MtrElec",2,10,2,"",6.614,0,0,0,0,0,0.0330909,0,0,0.756867,0,0,0,0.413873,3.88828,0.216422,1.29946,0,0,0,0.00600519,0,0,0,0
"MtrElec",2,10,3,"",6.32686,0,0,0,0,0,0.0330909,0,0,0.756867,0,0,0,0.326742,3.73612,0.216422,1.25161,0,0,0,0.00600519,0,0,0,0
"MtrElec",2,10,4,"",6.3228,0,0,0,0,0,0.0330909,0,0,0.756867,0,0,0,0.370307,3.71295,0.216422,1.22716,0,0,0,0.00600519,0,0,0,0
"MtrElec",2,10,5,"",7.28376,0,0,0,0,0,0.0330909,0,0,0.756867,0,1.09188,0,0.457438,3.53507,0.216422,1.18699,0,0,0,0.00600519,0,0,0,0
"MtrElec",2,10,6,"",7.80674,0,0,0,0,0,0.0330909,0,0,0.756867,0,1.09188,0,0.675266,3.83394,0.174079,1.22059,0,0,0,0.0210182,0,0,0,0
"MtrElec",2,10,7,"",8.73981,0,0,0,0,0,0.0330909,0,0,0.756867,0,1.09188,0,0.914876,4.38022,0.164669,1.36968,0,0,0,0.0285247,0,0,0,0
"MtrElec",2,10,8,"",1.72396,0,0,0,0.0264844,0,0.0330909,0,0,0.756867,0,0,0,0.893094,4.71807,0.159964,1.50382,0,0,0.881945,0.0375325,0,0,0,-7.2869
"MtrElec",2,10,9,"",-9.03215,0,0,0,0.0264844,0,0.0330909,0,0,0.756867,0,0,0,0.740614,4.37381,0.155259,1.45771,0,0.372507,0,0.0390338,0,0,0,-16.9875
"MtrElec",2,10,10,"",-15.2682,0,0,0,0.0264844,0,0.0330909,0,0,0.756867,0,0,0,0.6317,4.10194,0.131735,1.35226,1.18923,0,0.476651,0.0330286,0,0,0,-24.0012
"MtrElec",2,10,11,"",-18.7952,0,0,0,0.0264844,0,0.0330909,0,0,0.756867,0,0,0,0.588135,4.14876,0.103506,1.32877,1.28607,0.201323,1.89328,0.0315273,0,0,0,-29.193
"MtrElec",2,10,12,"",-24.343,0,0,0,0.0264844,0,0.0330909,0,0,0.756867,0,0,0,0.544569,4.14876,0.0705724,1.35961,0,0.799665,0.276015,0.0435377,0,0,0,-32.4021
"MtrElec",2,10,13,"",-26.0196,0,0,0,0.0264844,0,0.0330909,0,0,0.756867,0,0,0,0.457438,4.15675,0.0564579,1.41017,0,0.116581,0,0.0525455,0,0,0,-33.086
"MtrElec",2,10,14,"",-22.4833,0,0,0,0.0264844,0,0.0330909,0,0,0.756867,0,0,0,0.457438,4.25201,0.0517531,1.38679,0,0,1.76392,0.0480416,0,0,0,-31.2597
"MtrElec",2,10,15,"",-18.2865,0,0,0,0.0264844,0,0.0330909,0,0,0.756867,0,0,0,0.457438,4.40654,0.0517531,1.40689,0,0.745026,0,0.0510442,0,0,0,-26.2216
"MtrElec",2,10,16,"",-7.323,0,0,0,0.0264844,0,0.0330909,0,0,0.756867,0,0,0,0.566352,4.53808,0.0564579,1.42676,0,0,0.218911,0.0780675,0,0,0,-15.0241
"MtrElec",2,10,17,"",2.89152,0,0,0,0.0264844,0,0.0330909,0,0,0.756867,0,0,0,0.675266,5.13309,0.0893917,1.48004,0,0.0924616,0.432205,0.172649,0,0,0,-6.00002
"MtrElec",2,10,18,"",9.8007,0,0,0,0,0,0.0330909,0,0,0.756867,0,0,0,0.958442,5.91861,0.174079,1.62187,0,0.18255,0.230815,0.289751,0,0,0,-0.365376
"MtrElec",2,10,19,"",14.8395,0,0,0,0,0,0.0330909,0,0,0.756867,0,0,0,1.82975,6.45161,0.230537,1.7474,3.4225,0.0974895,0,0.270234,0,0,0,0
"MtrElec",2,10,20,"",13.8493,0,0,0,0,0,0.0330909,0,0,0.756867,0,0,0,2.54858,6.79154,0.305814,1.74072,1.52552,0,0,0.147127,0,0,0,0
"MtrElec",2,10,21,"",12.491,0,0,0,0,0,0.0330909,0,0,0.756867,0,0,0,2.46145,7.08512,0.428139,1.66331,0,0,0,0.0630545,0,0,0,0
"MtrElec",2,10,22,"",12.0288,0,0,0,0,0,0.0330909,0,0,0.756867,0,0,0,2.09115,7.03348,0.494007,1.59021,0,0,0,0.030026,0,0,0,0
"MtrElec",2,10,23,"",10.3303,0,0,0,0,0,0.0330909,0,0,0.756867,0,0,0,1.37231,6.23168,0.428139,1.49018,0,0,0,0.0180156,0,0,0,0
"MtrElec",2,10,24,"",8.6573,0,0,0,0,0,0.0330909,0,0,0.756867,0,0,0,0.849528,5.32468,0.296404,1.38171,0,0,0,0.015013,0,0,0,0
"MtrElec",2,11,1,"",7.13472,0,0,0,0,0,0.0330909,0,0,0.756867,0,0,0,0.501004,4.27265,0.216422,1.34718,0,0,0,0.00750649,0,0,0,0
"MtrElec",2,11,2,"",6.62138,0,0,0,0,0,0.0330909,0,0,0.756867,0,0,0,0.413873,3.88828,0.216422,1.30684,0,0,0,0.00600519,0,0,0,0
"MtrElec",2,11,3,"",6.33422,0,0,0,0,0,0.0330909,0,0,0.756867,0,0,0,0.326742,3.73612,0.216422,1.25897,0,0,0,0.00600519,0,0,0,0
"MtrElec",2,11,4,"",7.42176,0,0,0,0,0,0.0330909,0,0,0.756867,0,1.09188,0,0.370307,3.71295,0.216422,1.23423,0,0,0,0.00600519,0,0,0,0
"MtrElec",2,11,5,"",7.29115,0,0,0,0,0,0.0330909,0,0,0.756867,0,1.09188,0,0.457438,3.53507,0.216422,1.19437,0,0,0,0.00600519,0,0,0,0
"MtrElec",2,11,6,"",7.81497,0,0,0,0,0,0.0330909,0,0,0.756867,0,1.09188,0,0.675266,3.83394,0.174079,1.22882,0,0,0,0.0210182,0,0,0,0
"MtrElec",2,11,7,"",8.74608,0,0,0,0,0,0.0330909,0,0,0.756867,0,1.09188,0,0.914876,4.38022,0.164669,1.37594,0,0,0,0.0285247,0,0,0,0
"MtrElec",2,11,8,"",3.03292,0,0,0,0.0264844,0,0.0330909,0,0,0.756867,0,1.09188,0,0.893094,4.71807,0.159964,1.50808,0,0,0.881945,0.0375325,0,0,0,-7.0741
"MtrElec",2,11,9,"",-5.99434,0,0,0,0.0264844,0,0.0330909,0,0,0.756867,0,0,0,0.740614,4.37381,0.155259,1.4613,1.26088,0.372507,1.45636,0.0390338,0,0,0,-16.6705
"MtrElec",2,11,10,"",-12.7591,0,0,0,0.0264844,0,0.0330909,0,0,0.756867,0,0,0,0.6317,4.10194,0.131735,1.35682,1.69955,0.615124,1.66643,0.0330286,0,0,0,-23.8119
"MtrElec",2,11,11,"",-18.1647,0,0,0,0.0264844,0,0.0330909,0,0,0.756867,0,0,0,0.588135,4.14876,0.103506,1.33501,1.69357,0.703851,1.28735,0.0315273,0,0,0,-28.8728
"MtrElec",2,11,12,"",-24.8173,0,0,0,0.0264844,0,0.0330909,0,0,0.756867,0,0,0,0.544569,4.14876,0.0705724,1.36405,0.296245,0.543737,0,0.0435377,0,0,0,-32.6452
"MtrElec",2,11,13,"",-26.3073,0,0,0,0.0264844,0,0.0330909,0,0,0.756867,0,0,0,0.457438,4.15675,0.0564579,1.41037,0,0,0.412509,0.0525455,0,0,0,-33.6698
"MtrElec",2,11,14,"",-19.3095,0,0,0,0.0264844,0,0.0330909,0,0,0.756867,0,0,0,0.457438,4.25201,0.0517531,1.38469,0,0.174231,0.469537,0.0480416,0,0,0,-26.9637
"MtrElec",2,11,15,"",-17.239,0,0,0,0.0264844,0,0.0330909,0,0,0.756867,0,0,0,0.457438,4.40654,0.0517531,1.40355,0,0.198319,0,0.0510442,0,0,0,-24.6241
"MtrElec",2,11,16,"",-10.0845,0,0,0,0.0264844,0,0.0330909,0,0,0.756867,0,0,0,0.566352,4.53808,0.0564579,1.42105,0,0,0.882163,0.0780675,0,0,0,-18.4431
"MtrElec",2,11,17,"",0.98751,0,0,0,0.0264844,0,0.0330909,0,0,0.756867,0,0,0,0.675266,5.13309,0.0893917,1.47469,0,0.372599,0.881924,0.172649,0,0,0,-8.62854
"MtrElec",2,11,18,"",10.7149,0,0,0,0,0,0.0330909,0,0,0.756867,0,0,0,0.958442,5.91861,0.174079,1.6206,0,0.372498,1.34531,0.289751,0,0,0,-0.754321
"MtrElec",2,11,19,"",12.3069,0,0,0,0,0,0.0330909,0,0,0.756867,0,0,0,1.82975,6.45161,0.230537,1.74757,0,0.568217,0.418981,0.270234,0,0,0,0
"MtrElec",2,11,20,"",12.4991,0,0,0,0,0,0.0330909,0,0,0.756867,0,0,0,2.54858,6.79154,0.305814,1.73908,0,0.176965,0,0.147127,0,0,0,0
"MtrElec",2,11,21,"",12.4871,0,0,0,0,0,0.0330909,0,0,0.756867,0,0,0,2.46145,7.08512,0.428139,1.65938,0,0,0,0.0630545,0,0,0,0
"MtrElec",2,11,22,"",12.0241,0,0,0,0,0,0.0330909,0,0,0.756867,0,0,0,2.09115,7.03348,0.494007,1.58547,0,0,0,0.030026,0,0,0,0
"MtrElec",2,11,23,"",10.3257,0,0,0,0,0,0.0330909,0,0,0.756867,0,0,0,1.37231,6.23168,0.428139,1.4856,0,0,0,0.0180156,0,0,0,0
"MtrElec",2,11,24,"",8.65193,0,0,0,0,0,0.0330909,0,0,0.756867,0,0,0,0.849528,5.32468,0.296404,1.37635,0,0,0,0.015013,0,0,0,0
"MtrElec",2,12,1,"",7.13061,0,0,0,0,0,0.0330909,0,0,0.756867,0,0,0,0.501004,4.27265,0.216422,1.34307,0,0,0,0.00750649,0,0,0,0
"MtrElec",2,12,2,"",6.61857,0,0,0,0,0,0.0330909,0,0,0.756867,0,0,0,0.413873,3.88828,0.216422,1.30404,0,0,0,0.00600519,0,0,0,0
"MtrElec",2,12,3,"",6.33229,0,0,0,0,0,0.0330909,0,0,0.756867,0,0,0,0.326742,3.73612,0.216422,1.25704,0,0,0,0.00600519,0,0,0,0
"MtrElec",2,12,4,"",6.32914,0,0,0,0,0,0.0330909,0,0,0.756867,0,0,0,0.370307,3.71295,0.216422,1.2335,0,0,0,0.00600519,0,0,0,0
"MtrElec",2,12,5,"",6.19988,0,0,0,0,0,0.0330909,0,0,0.756867,0,0,0,0.457438,3.53507,0.216422,1.195,0,0,0,0.00600519,0,0,0,0
"MtrElec",2,12,6,"",6.72575,0,0,0,0,0,0.0330909,0,0,0.756867,0,0,0,0.675266,3.83394,0.174079,1.23149,0,0,0,0.0210182,0,0,0,0
"MtrElec",2,12,7,"",7.43001,0,0,0,0,0,0.0330909,0,0,0.756867,0,0,0,0.914876,4.38022,0.164669,1.37992,0,0,0,0.0285247,0,0,0,-0.22816
"MtrElec",2,12,8,"",0.916641,0,0,0,0.0264844,0,0.0330909,0,0,0.756867,0,0,0,0.893094,4.71807,0.159964,1.51265,0,0,0,0.0375325,0,0,0,-7.22111
"MtrElec",2,12,9,"",-8.97862,0,0,0,0.0264844,0,0.0330909,0,0,0.756867,0,0,0,0.740614,4.37381,0.155259,1.46707,0,0,0.287278,0.0390338,0,0,0,-16.8581
"MtrElec",2,12,10,"",-15.7054,0,0,0,0.0264844,0,0.0330909,0,0,0.756867,0,0,0,0.6317,4.10194,0.131735,1.36073,0,0.121338,1.54819,0.0330286,0,0,0,-24.4505
"MtrElec",2,12,11,"",-21.3347,0,0,0,0.0264844,0,0.0330909,0,0,0.756867,0,0,0,0.588135,4.14876,0.103506,1.33512,0,0.65391,0.810723,0.0315273,0,0,0,-29.8228
"MtrElec",2,12,12,"",-25.129,0,0,0,0.0264844,0,0.0330909,0,0,0.756867,0,0,0,0.544569,4.14876,0.0705724,1.36375,0,0.342425,0,0.0435377,0,0,0,-32.4591
"MtrElec",2,12,13,"",-25.9023,0,0,0,0.0264844,0,0.0330909,0,0,0.756867,0,0,0,0.457438,4.15675,0.0564579,1.41237,0,0,0,0.0525455,0,0,0,-32.8543
"MtrElec",2,12,14,"",-23.9281,0,0,0,0.0264844,0,0.0330909,0,0,0.756867,0,0,0,0.457438,4.25201,0.0517531,1.39145,0,0,0,0.0480416,0,0,0,-30.9453
"MtrElec",2,12,15,"",-19.1787,0,0,0,0.0264844,0,0.0330909,0,0,0.756867,0,0,0,0.457438,4.40654,0.0517531,1.41196,0,0,0,0.0510442,0,0,0,-26.3738
"MtrElec",2,12,16,"",-11.291,0,0,0,0.0264844,0,0.0330909,0,0,0.756867,0,0,0,0.566352,4.53808,0.0564579,1.43078,0,0,0,0.0780675,0,0,0,-18.7772
"MtrElec",2,12,17,"",-0.41818,0,0,0,0.0264844,0,0.0330909,0,0,0.756867,0,0,0,0.675266,5.13309,0.0893917,1.48445,0,0,0,0.172649,0,0,0,-8.78946
"MtrElec",2,12,18,"",9.00231,0,0,0,0,0,0.0330909,0,0,0.756867,0,0,0,0.958442,5.91861,0.174079,1.62682,0,0,0,0.289751,0,0,0,-0.755356
"MtrElec",2,12,19,"",11.9997,0,0,0,0,0,0.0330909,0,0,0.756867,0,0,0,1.82975,6.45161,0.230537,1.74995,0,0,0.677641,0.270234,0,0,0,0
"MtrElec",2,12,20,"",12.8142,0,0,0,0,0,0.0330909,0,0,0.756867,0,0,0,2.54858,6.79154,0.305814,1.74074,0,0.286215,0.204201,0.147127,0,0,0,0
"MtrElec",2,12,21,"",12.5783,0,0,0,0,0,0.0330909,0,0,0.756867,0,0,0,2.46145,7.08512,0.428139,1.6643,0,0.0862486,0,0.0630545,0,0,0,0
"MtrElec",2,12,22,"",12.0301,0,0,0,0,0,0.0330909,0,0,0.756867,0,0,0,2.09115,7.03348,0.494007,1.59147,0,0,0,0.030026,0,0,0,0
"MtrElec",2,12,23,"",10.3313,0,0,0,0,0,0.0330909,0,0,0.756867,0,0,0,1.37231,6.23168,0.428139,1.49115,0,0,0,0.0180156,0,0,0,0
"MtrElec",2,12,24,"",8.65792,0,0,0,0,0,0.0330909,0,0,0.756867,0,0,0,0.849528,5.32468,0.296404,1.38234,0,0,0,0.015013,0,0,0,0
"MtrElec",2,13,1,"",7.13519,0,0,0,0,0,0.0330909,0,0,0.756867,0,0,0,0.501004,4.27265,0.216422,1.34765,0,0,0,0.00750649,0,0,0,0
"MtrElec",2,13,2,"",8.31972,0,0,0,0,0,0.0330909,0,0,0.756867,0,0,0,0.413873,3.88828,0.216422,1.30755,1.69764,0,0,0.00600519,0,0,0,0
"MtrElec",2,13,3,"",7.1143,0,0,0,0,0,0.0330909,0,0,0.756867,0,0,0,0.326742,3.73612,0.216422,1.26114,0.777912,0,0,0.00600519,0,0,0,0
"MtrElec",2,13,4,"",6.33329,0,0,0,0,0,0.0330909,0,0,0.756867,0,0,0,0.370307,3.71295,0.216422,1.23764,0,0,0,0.00600519,0,0,0,0
"MtrElec",2,13,5,"",6.204,0,0,0,0,0,0.0330909,0,0,0.756867,0,0,0,0.457438,3.53507,0.216422,1.19911,0,0,0,0.00600519,0,0,0,0
"MtrElec",2,13,6,"",7.82211,0,0,0,0,0,0.0330909,0,0,0.756867,0,1.09188,0,0.675266,3.83394,0.174079,1.23597,0,0,0,0.0210182,0,0,0,0
"MtrElec",2,13,7,"",8.75358,0,0,0,0,0,0.0330909,0,0,0.756867,0,1.09188,0,0.914876,4.38022,0.164669,1.38344,0,0,0,0.0285247,0,0,0,0
"MtrElec",2,13,8,"",7.41174,0,0,0,0,0,0.0330909,0,0,0.756867,0,0,0,0.893094,4.71807,0.159964,1.51504,0,0,0,0.0375325,0,0,0,-0.701916
"MtrElec",2,13,9,"",4.55023,0,0,0,0,0,0.0330909,0,0,0.756867,0,0,0,0.740614,4.37381,0.155259,1.46683,0,0,0,0.0390338,0,0,0,-3.01527
"MtrElec",2,13,10,"",5.27499,0,0,0,0,0,0.0330909,0,0,0.756867,0,0,0,0.6317,4.10194,0.131735,1.35108,0.484958,0,1.76446,0.0330286,0,0,0,-4.01387
"MtrElec",2,13,11,"",2.43707,0,0,0,0.0264844,0,0.0330909,0,0,0.756867,0,0,0,0.588135,4.14876,0.103506,1.31244,1.69357,0.745257,0,0.0315273,0,0,0,-7.00256
"MtrElec",2,13,12,"",1.78669,0,0,0,0.0264844,0,0.0330909,0,0,0.756867,0,0,0,0.544569,4.14876,0.0705724,1.32876,0.296245,0,0,0.0435377,0,0,0,-5.46219
"MtrElec",2,13,13,"",-1.71067,0,0,0,0.0264844,0,0.0330909,0,0,0.756867,0,0,0,0.457438,4.15675,0.0564579,1.37196,0,0,0,0.0525455,0,0,0,-8.62227
"MtrElec",2,13,14,"",-1.24324,0,0,0,0.0264844,0,0.0330909,0,0,0.756867,0,0,0,0.457438,4.25201,0.0517531,1.33859,0,0,0,0.0480416,0,0,0,-8.20751
"MtrElec",2,13,15,"",1.64738,0,0,0,0.0264844,0,0.0330909,0,0,0.756867,0,0,0,0.457438,4.40654,0.0517531,1.36467,0,0,0,0.0510442,0,0,0,-5.5005
"MtrElec",2,13,16,"",6.83614,0,0,0,0.0264844,0,0.0330909,0,0,0.756867,0,0,0,0.566352,4.53808,0.0564579,1.37542,1.26327,0,0.882163,0.0780675,0,0,0,-2.74012
"MtrElec",2,13,17,"",9.30037,0,0,0,0,0,0.0330909,0,0,0.756867,0,0,0,0.675266,5.13309,0.0893917,1.40649,1.21212,0.372599,0.881924,0.172649,0,0,0,-1.43311
"MtrElec",2,13,18,"",10.4027,0,0,0,0,0,0.0330909,0,0,0.756867,0,0,0,0.958442,5.91861,0.174079,1.54138,0,0.372498,0.882049,0.289751,0,0,0,-0.524105
"MtrElec",2,13,19,"",11.6198,0,0,0,0,0,0.0330909,0,0,0.756867,0,0,0,1.82975,6.45161,0.230537,1.67513,0,0.372551,0,0.270234,0,0,0,0
"MtrElec",2,13,20,"",12.2656,0,0,0,0,0,0.0330909,0,0,0.756867,0,0,0,2.54858,6.79154,0.305814,1.68261,0,0,0,0.147127,0,0,0,0
"MtrElec",2,13,21,"",12.423,0,0,0,0,0,0.0330909,0,0,0.756867,0,0,0,2.46145,7.08512,0.428139,1.59526,0,0,0,0.0630545,0,0,0,0
"MtrElec",2,13,22,"",15.6027,0,0,0,0,0,0.0330909,0,0,0.756867,0,0,0,2.09115,7.03348,0.494007,1.51451,2.47431,0,1.17523,0.030026,0,0,0,0
"MtrElec",2,13,23,"",11.6337,0,0,0,0,0,0.0330909,0,0,0.756867,0,0,0,1.37231,6.23168,0.428139,1.41564,0,0.496381,0.881576,0.0180156,0,0,0,0
"MtrElec",2,13,24,"",9.53239,0,0,0,0,0,0.0330909,0,0,0.756867,0,0,0,0.849528,5.32468,0.296404,1.29468,0,0.372351,0.589777,0.015013,0,0,0,0
"MtrElec",2,14,1,"",7.37169,0,0,0,0,0,0.0330909,0,0,0.756867,0,0,0,0.501004,4.28302,0.216422,1.32468,0,0.249104,0,0.00750649,0,0,0,0
"MtrElec",2,14,2,"",7.32886,0,0.58234,0,0,0,0.0330909,0,0.123585,0.756867,0,0,0,0.413873,3.93237,0.216422,1.26431,0,0,0,0.00600519,0,0,0,0
"MtrElec",2,14,3,"",7.34167,0,0.861851,0,0,0,0.0330909,0,0.184259,0.756867,0,0,0,0.326742,3.7235,0.211717,1.23914,0,0,0,0.0045039,0,0,0,0
"MtrElec",2,14,4,"",7.54168,0,1.0258,0,0,0,0.0330909,0,0.220379,0.756867,0,0,0,0.370307,3.71069,0.211717,1.20832,0,0,0,0.0045039,0,0,0,0
"MtrElec",2,14,5,"",7.5875,0,1.1812,0,0,0,0.0330909,0,0.25501,0.756867,0,0,0,0.457438,3.52244,0.216422,1.16054,0,0,0,0.0045039,0,0,0,0
"MtrElec",2,14,6,"",7.96299,0,1.07376,0,0,0,0.0330909,0,0.231104,0.756867,0,0,0,0.675266,3.82131,0.211717,1.15237,0,0,0,0.00750649,0,0,0,0
"MtrElec",2,14,7,"",8.61958,0,0.925355,0,0,0,0.0330909,0,0.198371,0.756867,0,0,0,0.914876,4.30015,0.207012,1.17213,0,0,0.0967123,0.015013,0,0,0,0
"MtrElec",2,14,8,"",9.08415,0,1.17175,0,0,0,0.0330909,0,0.253672,0.756867,0,0,0,0.893094,4.62763,0.192898,1.28154,0,0.0408484,0.414573,0.0405351,0,0,0,-0.622335
"MtrElec",2,14,9,"",4.41995,0,1.19693,0,0.0264844,0,0.0330909,0,0.259652,0.756867,0,0,0,0.740614,4.35046,0.169374,1.48296,0,0.175103,0.848179,0.0720623,0,0,0,-5.69183
"MtrElec",2,14,10,"",0.430769,0,0.933603,0,0.0264844,0,0.0330909,0,0.200597,0.756867,0,0,0,0.6317,4.18166,0.141145,1.43125,0,0.358245,0.728242,0.0720623,0,0,0,-9.06417
"MtrElec",2,14,11,"",4.76985,0,0.904046,0,0.0264844,0,0.0330909,0,0.193213,0.756867,0,0,0,0.588135,4.25166,0.112916,1.40733,0,0.307588,0.799663,0.0690597,0,0,0,-4.6802
"MtrElec",2,14,12,"",-3.06914,0,0.129288,0,0.0264844,0,0.0330909,0,0.0269692,0.756867,0,0,0,0.544569,4.18231,0.0752772,1.43085,2.47476,0.337754,0.641093,0.0825714,0,0,0,-13.811
"MtrElec",2,14,13,"",-26.3507,0,0,0,0.0264844,0,0.0330909,0,0,0.756867,0,0,0,0.457438,4.14395,0.0564579,1.45543,0,0.270778,1.76388,0.0945818,0,0,0,-35.4096
"MtrElec",2,14,14,"",-24.4945,0,0,0,0.0264844,0,0.0330909,0,0,0.756867,0,0,0,0.457438,4.27292,0.0517531,1.4763,0,0.745011,0,0.0885766,0,0,0,-32.4029
"MtrElec",2,14,15,"",-20.0814,0,0,0,0.0264844,0,0.0330909,0,0,0.756867,0,0,0,0.457438,4.48661,0.0517531,1.45729,0,0,0,0.0930805,0,0,0,-27.444
"MtrElec",2,14,16,"",-11.945,0,0,0,0.0264844,0,0.0330909,0,0,0.756867,0,0,0,0.566352,4.72121,0.0564579,1.51325,0,0,0,0.102088,0,0,0,-19.7208
"MtrElec",2,14,17,"",-0.949433,0,0,0,0.0264844,0,0.0330909,0,0,0.756867,0,0,0,0.675266,5.30586,0.0893917,1.46436,0,0,0,0.136618,0,0,0,-9.43737
"MtrElec",2,14,18,"",10.5618,0,0,0,0,0,0.0330909,0,0,0.756867,0,0,0,0.958442,5.98814,0.178783,1.56285,0,0,1.76441,0.208681,0,0,0,-0.889462
"MtrElec",2,14,19,"",12.7477,0,0,0,0,0,0.0330909,0,0,0.756867,0,0,0,1.82975,6.44107,0.225832,1.70434,0,0.745235,0.817822,0.193668,0,0,0,0
"MtrElec",2,14,20,"",14.6806,0,0,0,0,0,0.0330909,0,0,0.756867,0,0,0,2.54858,6.7011,0.28229,1.66534,0,0.345423,2.23985,0.108094,0,0,0,0
"MtrElec",2,14,21,"",14.7605,0,0,0,0,0,0.0330909,0,0,0.756867,0,1.09188,0,2.46145,6.94833,0.390501,1.6136,0,0.946047,0.470662,0.0480416,0,0,0,0
"MtrElec",2,14,22,"",13.2449,0,0.130286,0,0,0,0.0330909,0,0.0277895,0.756867,0,1.09188,0,2.09115,6.88632,0.461073,1.5466,0,0.198793,0,0.0210182,0,0,0,0
"MtrElec",2,14,23,"",12.507,0,1.06132,0,0,0,0.0330909,0,0.230544,0.756867,0,1.09188,0,1.37231,6.15179,0.39991,1.39579,0,0,0,0.0135117,0,0,0,0
"MtrElec",2,14,24,"",11.7608,0,1.6939,0,0,0,0.0330909,0,0.375759,0.756867,0,1.09188,0,0.849528,5.23928,0.277585,1.43543,0,0,0,0.00750649,0,0,0,0
"MtrElec",2,15,1,"",15.8153,0,2.17649,0,0,0,0.0330909,0,0.490994,0.756867,0,1.09188,0,0.501004,4.28302,0.216422,1.30665,4.95139,0,0,0.00750649,0,0,0,0
"MtrElec",2,15,2,"",10.8439,0,2.55711,0,0,0,0.0330909,0,0.584946,0.756867,0,1.09188,0,0.413873,3.93237,0.216422,1.25128,0,0,0,0.00600519,0,0,0,0
"MtrElec",2,15,3,"",12.6325,0,2.93809,0.183005,0,0,0.0330909,0,0.670474,0.756867,0,1.09188,0,0.326742,3.7235,0.211717,1.22652,1.46611,0,0,0.0045039,0,0,0,0
"MtrElec",2,15,4,"",15.7544,0,4.2454,2.13455,0,0,0.0330909,0,0.991825,0.756867,0,1.09188,0,0.370307,3.71069,0.211717,1.19416,1.00937,0,0,0.0045039,0,0,0,0
"MtrElec",2,15,5,"",16.4491,0,5.32325,2.63839,0,0,0.0330909,0,1.2586,0.756867,0,1.09188,0,0.457438,3.52244,0.216422,1.14624,0,0,0,0.0045039,0,0,0,0
"MtrElec",2,15,6,"",17.3427,0,5.58529,2.69755,0,0,0.0330909,0,1.32216,0.756867,0,1.09188,0,0.675266,3.82131,0.211717,1.14005,0,0,0,0.00750649,0,0,0,0
"MtrElec",2,15,7,"",16.3571,0,4.90284,2.3682,0,0,0.0330909,0,1.14741,0.756867,0,1.09188,0,0.914876,4.30015,0.207012,1.15989,0,0,0,0.015013,0,0,0,-0.540118
"MtrElec",2,15,8,"",3.6534,0,2.47163,0.199225,0.0264844,0,0.0330909,0,0.545131,0.756867,0,1.09188,0,0.893094,4.62763,0.192898,1.27103,0,0,0,0.0405351,0,0,0,-8.49609
"MtrElec",2,15,9,"",-10.5183,0,0.388556,0,0.0264844,0,0.0330909,0,0.0819255,0.756867,0,0,0,0.740614,4.35046,0.169374,1.47694,0,0,0,0.0720623,0,0,0,-18.6146
"MtrElec",2,15,10,"",-18.1185,0,0,0,0.0264844,0,0.0330909,0,0,0.756867,0,0,0,0.6317,4.18166,0.141145,1.42468,0,0,1.27594,0.0720623,0,0,0,-26.6622
"MtrElec",2,15,11,"",-22.3304,0,0,0,0.0264844,0,0.0330909,0,0,0.756867,0,0,0,0.588135,4.25166,0.112916,1.40555,0,0.538918,2.08849,0.0690597,0,0,0,-32.2015
"MtrElec",2,15,12,"",-26.0667,0,0,0,0.0264844,0,0.0330909,0,0,0.756867,0,0,0,0.544569,4.18231,0.0752772,1.43739,0,0.882114,1.04641,0.0825714,0,0,0,-35.1338
"MtrElec",2,15,13,"",-26.011,0,0,0,0.0264844,0,0.0330909,0,0,0.756867,0,0,0,0.457438,4.14395,0.0564579,1.46862,0,0.441971,1.76411,0.0945818,0,0,0,-35.2546
"MtrElec",2,15,14,"",-25.2012,0,0,0,0.0264844,0,0.0330909,0,0,0.756867,0,0,0,0.457438,4.27292,0.0517531,1.49022,0,0.745108,0,0.0885766,0,0,0,-33.1237
"MtrElec",2,15,15,"",-20.5844,0,0,0,0.0264844,0,0.0330909,0,0,0.756867,0,0,0,0.457438,4.48661,0.0517531,1.46872,0,0,0,0.0930805,0,0,0,-27.9584
"MtrElec",2,15,16,"",-11.894,0,0,0,0.0264844,0,0.0330909,0,0,0.756867,0,0,0,0.566352,4.72121,0.0564579,1.51956,0,0,0,0.102088,0,0,0,-19.6761
"MtrElec",2,15,17,"",-0.804694,0,0,0,0.0264844,0,0.0330909,0,0,0.756867,0,0,0,0.675266,5.30586,0.0893917,1.47195,0,0,0,0.136618,0,0,0,-9.30022
"MtrElec",2,15,18,"",8.8869,0,0,0,0,0,0.0330909,0,0,0.756867,0,0,0,0.958442,5.98814,0.178783,1.57024,0,0,0,0.208681,0,0,0,-0.807343
"MtrElec",2,15,19,"",11.1898,0,0,0,0,0,0.0330909,0,0,0.756867,0,0,0,1.82975,6.44107,0.225832,1.70955,0,0,0,0.193668,0,0,0,0
"MtrElec",2,15,20,"",12.1009,0,0,0,0,0,0.0330909,0,0,0.756867,0,0,0,2.54858,6.7011,0.28229,1.67088,0,0,0,0.108094,0,0,0,0
"MtrElec",2,15,21,"",12.7939,0,0,0,0,0,0.0330909,0,0,0.756867,0,0,0,2.46145,6.94833,0.390501,1.61978,0,0,0.5358,0.0480416,0,0,0,0
"MtrElec",2,15,22,"",13.2578,0,0,0,0,0,0.0330909,0,0,0.756867,0,0,0,2.09115,6.88632,0.461073,1.55334,0,0.226306,1.2286,0.0210182,0,0,0,0
"MtrElec",2,15,23,"",10.6557,0,0,0,0,0,0.0330909,0,0,0.756867,0,0,0,1.37231,6.15179,0.39991,1.40934,0,0.518924,0,0.0135117,0,0,0,0
"MtrElec",2,15,24,"",8.6087,0,0,0,0,0,0.0330909,0,0,0.756867,0,0,0,0.849528,5.23928,0.277585,1.44485,0,0,0,0.00750649,0,0,0,0
"MtrElec",2,16,1,"",7.28152,0,0.137731,0,0,0,0.0330909,0,0.0293565,0.756867,0,0,0,0.501004,4.28302,0.216422,1.31652,0,0,0,0.00750649,0,0,0,0
"MtrElec",2,16,2,"",8.93529,0,1.0109,0,0,0,0.0330909,0,0.218794,0.756867,0,1.09188,0,0.413873,3.93237,0.216422,1.25509,0,0,0,0.00600519,0,0,0,0
"MtrElec",2,16,3,"",9.31018,0,1.5826,0,0,0,0.0330909,0,0.349458,0.756867,0,1.09188,0,0.326742,3.7235,0.211717,1.22982,0,0,0,0.0045039,0,0,0,0
"MtrElec",2,16,4,"",9.88909,0,2.05086,0,0,0,0.0330909,0,0.460685,0.756867,0,1.09188,0,0.370307,3.71069,0.211717,1.19848,0,0,0,0.0045039,0,0,0,0
"MtrElec",2,16,5,"",11.3041,0,3.24539,0.0956347,0,0,0.0330909,0,0.732068,0.756867,0,1.09188,0,0.457438,3.52244,0.216422,1.14839,0,0,0,0.0045039,0,0,0,0
"MtrElec",2,16,6,"",14.37,0,3.83814,1.9034,0,0,0.0330909,0,0.890737,0.756867,0,1.09188,0,0.675266,3.82131,0.211717,1.14008,0,0,0,0.00750649,0,0,0,0
"MtrElec",2,16,7,"",14.1251,0,3.51147,1.72198,0,0,0.0330909,0,0.809435,0.756867,0,1.09188,0,0.914876,4.30015,0.207012,1.15989,0,0,0,0.015013,0,0,0,-0.396597
"MtrElec",2,16,8,"",4.28306,0,2.3309,0.364474,0.0264844,0,0.0330909,0,0.518505,0.756867,0,1.09188,0,0.893094,4.62763,0.192898,1.27103,0,0,0,0.0405351,0,0,0,-7.86433
"MtrElec",2,16,9,"",-8.01181,0,0.693619,0,0.0264844,0,0.0330909,0,0.149401,0.756867,0,1.09188,0,0.740614,4.35046,0.169374,1.47694,0,0,0,0.0720623,0,0,0,-17.5726
"MtrElec",2,16,10,"",-15.5356,0,0,0,0.0264844,0,0.0330909,0,0,0.756867,0,0,0,0.6317,4.18166,0.141145,1.42479,2.01654,0,0.882181,0.0720623,0,0,0,-25.7021
"MtrElec",2,16,11,"",-17.2014,0,0,0,0.0264844,0,0.0330909,0,0,0.756867,0,0,0,0.588135,4.25166,0.112916,1.40665,5.82667,0.372607,0.699994,0.0690597,0,0,0,-31.3455
"MtrElec",2,16,12,"",-23.136,0,0,0,0.0264844,0,0.0330909,0,0,0.756867,0,0,0,0.544569,4.18231,0.0752772,1.44095,2.05487,0.295656,1.12158,0.0825714,0,0,0,-33.7503
"MtrElec",2,16,13,"",-24.5589,0,0,0,0.0264844,0,0.0330909,0,0,0.756867,0,0,0,0.457438,4.14395,0.0564579,1.47339,0,0.473722,1.86205,0.0945818,0,0,0,-33.9369
"MtrElec",2,16,14,"",-23.0632,0,0,0,0.0264844,0,0.0330909,0,0,0.756867,0,0,0,0.457438,4.27292,0.0517531,1.49621,0,0.786475,0.981981,0.0885766,0,0,0,-32.015
"MtrElec",2,16,15,"",-18.5451,0,0,0,0.0264844,0,0.0330909,0,0,0.756867,0,0,0,0.457438,4.48661,0.0517531,1.47719,0,0.41476,0.626786,0.0930805,0,0,0,-26.9692
"MtrElec",2,16,16,"",-11.0067,0,0,0,0.0264844,0,0.0330909,0,0,0.756867,0,0,0,0.566352,4.72121,0.0564579,1.52848,0,0.264736,0,0.102088,0,0,0,-19.0624
"MtrElec",2,16,17,"",-0.599944,0,0,0,0.0264844,0,0.0330909,0,0,0.756867,0,0,0,0.675266,5.30586,0.0893917,1.4875,0,0,0,0.136618,0,0,0,-9.11102
"MtrElec",2,16,18,"",8.91134,0,0,0,0,0,0.0330909,0,0,0.756867,0,0,0,0.958442,5.98814,0.178783,1.58531,0,0,0,0.208681,0,0,0,-0.797969
"MtrElec",2,16,19,"",11.1998,0,0,0,0,0,0.0330909,0,0,0.756867,0,0,0,1.82975,6.44107,0.225832,1.71953,0,0,0,0.193668,0,0,0,0
"MtrElec",2,16,20,"",13.2691,0,0,0,0,0,0.0330909,0,0,0.756867,0,0,0,2.54858,6.7011,0.28229,1.68097,0,0,1.15809,0.108094,0,0,0,0
"MtrElec",2,16,21,"",13.3631,0,0,0,0,0,0.0330909,0,0,0.756867,0,0,0,2.46145,6.94833,0.390501,1.63006,0,0.489143,0.605601,0.0480416,0,0,0,0
"MtrElec",2,16,22,"",12.0682,0,0,0,0,0,0.0330909,0,0,0.756867,0,0,0,2.09115,6.88632,0.461073,1.56287,0,0.255788,0,0.0210182,0,0,0,0
"MtrElec",2,16,23,"",10.1477,0,0,0,0,0,0.0330909,0,0,0.756867,0,0,0,1.37231,6.15179,0.39991,1.4202,0,0,0,0.0135117,0,0,0,0
"MtrElec",2,16,24,"",8.61415,0,0,0,0,0,0.0330909,0,0,0.756867,0,0,0,0.849528,5.23928,0.277585,1.4503,0,0,0,0.00750649,0,0,0,0
"MtrElec",2,17,1,"",7.06219,0,0,0,0,0,0.0330909,0,0,0.756867,0,0,0,0.501004,4.27265,0.216422,1.27465,0,0,0,0.00750649,0,0,0,0
"MtrElec",2,17,2,"",9.55879,0,0.17264,0,0,0,0.0330909,0,0.0365604,0.756867,0,1.09188,0,0.413873,3.88828,0.216422,1.24554,1.69764,0,0,0.00600519,0,0,0,0
"MtrElec",2,17,3,"",9.20079,0,0.869378,0,0,0,0.0330909,0,0.187098,0.756867,0,1.09188,0,0.326742,3.73612,0.216422,1.19927,0.777912,0,0,0.00600519,0,0,0,0
"MtrElec",2,17,4,"",9.01726,0,1.35375,0,0,0,0.0330909,0,0.29584,0.756867,0,1.09188,0,0.370307,3.71295,0.216422,1.18014,0,0,0,0.00600519,0,0,0,0
"MtrElec",2,17,5,"",9.22172,0,1.62667,0,0,0,0.0330909,0,0.358757,0.756867,0,1.09188,0,0.457438,3.53507,0.216422,1.13953,0,0,0,0.00600519,0,0,0,0
"MtrElec",2,17,6,"",9.70761,0,1.59886,0,0,0,0.0330909,0,0.352619,0.756867,0,1.09188,0,0.675266,3.83394,0.174079,1.16998,0,0,0,0.0210182,0,0,0,0
"MtrElec",2,17,7,"",10.2321,0,1.37165,0,0,0,0.0330909,0,0.300242,0.756867,0,1.09188,0,0.914876,4.38022,0.164669,1.3331,0,0,0,0.0285247,0,0,0,-0.14304
"MtrElec",2,17,8,"",10.5328,0,1.22976,0,0,0,0.0330909,0,0.26693,0.756867,0,0,0,0.893094,4.71807,0.159964,1.4786,0,0,1.76389,0.0375325,0,0,0,-0.805035
"MtrElec",2,17,9,"",6.71599,0,0.94972,0,0,0,0.0330909,0,0.203163,0.756867,0,0,0,0.740614,4.37381,0.155259,1.42926,0,0.745014,0.915507,0.0390338,0,0,0,-3.62535
"MtrElec",2,17,10,"",-9.7141,0,0.121325,0,0.0264844,0,0.0330909,0,0.0253965,0.756867,0,0,0,0.6317,4.10194,0.131735,1.30983,0,0.386683,1.7311,0.0330286,0,0,0,-19.0033
"MtrElec",2,17,11,"",-20.5903,0,0,0,0.0264844,0,0.0330909,0,0,0.756867,0,0,0,0.588135,4.14876,0.103506,1.27601,0,0.731167,1.76397,0.0315273,0,0,0,-30.0498
"MtrElec",2,17,12,"",-26.273,0,0,0,0.0264844,0,0.0330909,0,0,0.756867,0,0,0,0.544569,4.14876,0.0705724,1.29977,0,0.745048,0,0.0435377,0,0,0,-33.9417
"MtrElec",2,17,13,"",-27.9352,0,0,0,0.0264844,0,0.0330909,0,0,0.756867,0,0,0,0.457438,4.15675,0.0564579,1.35435,0,0,0,0.0525455,0,0,0,-34.8292
"MtrElec",2,17,14,"",-25.3017,0,0,0,0.0264844,0,0.0330909,0,0,0.756867,0,0,0,0.457438,4.25201,0.0517531,1.32284,0,0,0,0.0480416,0,0,0,-32.2502
"MtrElec",2,17,15,"",-19.7887,0,0,0,0.0264844,0,0.0330909,0,0,0.756867,0,0,0,0.457438,4.40654,0.0517531,1.35318,0,0,0,0.0510442,0,0,0,-26.9251
"MtrElec",2,17,16,"",-11.4683,0,0,0,0.0264844,0,0.0330909,0,0,0.756867,0,0,0,0.566352,4.53808,0.0564579,1.36608,0,0,0,0.0780675,0,0,0,-18.8898
"MtrElec",2,17,17,"",1.75191,0,0,0,0.0264844,0,0.0330909,0,0,0.756867,0,0,0,0.675266,5.13309,0.0893917,1.3997,0,0,0,0.172649,0,0,0,-6.53463
"MtrElec",2,17,18,"",9.4021,0,0,0,0,0,0.0330909,0,0,0.756867,0,0,0,0.958442,5.91861,0.174079,1.53593,0,0,0,0.289751,0,0,0,-0.264674
"MtrElec",2,17,19,"",11.2405,0,0,0,0,0,0.0330909,0,0,0.756867,0,0,0,1.82975,6.45161,0.230537,1.66836,0,0,0,0.270234,0,0,0,0
"MtrElec",2,17,20,"",12.2594,0,0,0,0,0,0.0330909,0,0,0.756867,0,0,0,2.54858,6.79154,0.305814,1.67634,0,0,0,0.147127,0,0,0,0
"MtrElec",2,17,21,"",12.4161,0,0,0,0,0,0.0330909,0,0,0.756867,0,0,0,2.46145,7.08512,0.428139,1.58834,0,0,0,0.0630545,0,0,0,0
"MtrElec",2,17,22,"",12.1067,0,0,0,0,0,0.0330909,0,0,0.756867,0,0,0,2.09115,7.03348,0.494007,1.50628,0,0,0.161806,0.030026,0,0,0,0
"MtrElec",2,17,23,"",10.7383,0,0,0,0,0,0.0330909,0,0,0.756867,0,0,0,1.37231,6.23168,0.428139,1.40429,0,0.0683418,0.425533,0.0180156,0,0,0,0
"MtrElec",2,17,24,"",9.8934,0,0.712823,0,0,0,0.0330909,0,0.152505,0.756867,0,0,0,0.849528,5.32468,0.296404,1.27787,0,0.179732,0.294889,0.015013,0,0,0,0
"MtrElec",2,18,1,"",8.65059,0,1.2133,0,0,0,0.0330909,0,0.263322,0.756867,0,0,0,0.501004,4.27265,0.216422,1.26187,0,0.124552,0,0.00750649,0,0,0,0
"MtrElec",2,18,2,"",9.48348,0,1.5085,0,0,0,0.0330909,0,0.33061,0.756867,0,1.09188,0,0.413873,3.88828,0.216422,1.23795,0,0,0,0.00600519,0,0,0,0
"MtrElec",2,18,3,"",9.48653,0,1.74139,0,0,0,0.0330909,0,0.384722,0.756867,0,1.09188,0,0.326742,3.73612,0.216422,1.19328,0,0,0,0.00600519,0,0,0,0
"MtrElec",2,18,4,"",9.70615,0,1.91785,0,0,0,0.0330909,0,0.426403,0.756867,0,1.09188,0,0.370307,3.71295,0.216422,1.17436,0,0,0,0.00600519,0,0,0,0
"MtrElec",2,18,5,"",9.78567,0,2.0885,0,0,0,0.0330909,0,0.467235,0.756867,0,1.09188,0,0.457438,3.53507,0.216422,1.13316,0,0,0,0.00600519,0,0,0,0
"MtrElec",2,18,6,"",10.2799,0,2.07012,0,0,0,0.0330909,0,0.461067,0.756867,0,1.09188,0,0.675266,3.83394,0.174079,1.16254,0,0,0,0.0210182,0,0,0,0
"MtrElec",2,18,7,"",10.6173,0,1.72874,0,0,0,0.0330909,0,0.379054,0.756867,0,1.09188,0,0.914876,4.38022,0.164669,1.32723,0,0,0,0.0285247,0,0,0,-0.187835
"MtrElec",2,18,8,"",2.40392,0,1.02619,0,0.0264844,0,0.0330909,0,0.220941,0.756867,0,0,0,0.893094,4.71807,0.159964,1.47471,0,0,0,0.0375325,0,0,0,-6.94303
"MtrElec",2,18,9,"",-1.13756,0,0.626803,0,0.0264844,0,0.0330909,0,0.132751,0.756867,0,0,0,0.740614,4.37381,0.155259,1.42498,0,0,0.4939,0.0390338,0,0,0,-9.94116
"MtrElec",2,18,10,"",-10.9381,0,0.188522,0,0.0264844,0,0.0330909,0,0.0392636,0.756867,0,0,0,0.6317,4.10194,0.131735,1.30408,0,0.208609,0.864884,0.0330286,0,0,0,-19.2583
"MtrElec",2,18,11,"",-23.0847,0,0,0,0.0264844,0,0.0330909,0,0,0.756867,0,0,0,0.588135,4.14876,0.103506,1.27083,0,0.365301,0.405362,0.0315273,0,0,0,-30.8146
"MtrElec",2,18,12,"",-27.3078,0,0,0,0.0264844,0,0.0330909,0,0,0.756867,0,0,0,0.544569,4.14876,0.0705724,1.29214,0,0.171213,0,0.0435377,0,0,0,-34.3951
"MtrElec",2,18,13,"",-24.9642,0,0,0,0.0264844,0,0.0330909,0,0,0.756867,0,0,0,0.457438,4.15675,0.0564579,1.34622,1.41802,0,0,0.0525455,0,0,0,-33.2681
"MtrElec",2,18,14,"",-19.3344,0,0,0,0.0264844,0,0.0330909,0,0,0.756867,0,0,0,0.457438,4.25201,0.0517531,1.31592,1.0564,0,0,0.0480416,0,0,0,-27.3324
"MtrElec",2,18,15,"",-15.1795,0,0,0,0.0264844,0,0.0330909,0,0,0.756867,0,0,0,0.457438,4.40654,0.0517531,1.34859,0,0,0.673737,0.0510442,0,0,0,-22.9851
"MtrElec",2,18,16,"",-5.23847,0,0,0,0.0264844,0,0.0330909,0,0,0.756867,0,0,0,0.566352,4.53808,0.0564579,1.35992,0,0.284566,1.09008,0.0780675,0,0,0,-14.0284
"MtrElec",2,18,17,"",3.91747,0,0,0,0.0264844,0,0.0330909,0,0,0.756867,0,0,0,0.675266,5.13309,0.0893917,1.38962,0,0.460417,0,0.172649,0,0,0,-4.81941
"MtrElec",2,18,18,"",8.8213,0,0,0,0,0,0.0330909,0,0,0.756867,0,0,0,0.958442,5.91861,0.174079,1.52541,0,0,0,0.289751,0,0,0,-0.83495
"MtrElec",2,18,19,"",11.2327,0,0,0,0,0,0.0330909,0,0,0.756867,0,0,0,1.82975,6.45161,0.230537,1.66056,0,0,0,0.270234,0,0,0,0
"MtrElec",2,18,20,"",12.2543,0,0,0,0,0,0.0330909,0,0,0.756867,0,0,0,2.54858,6.79154,0.305814,1.67132,0,0,0,0.147127,0,0,0,0
"MtrElec",2,18,21,"",12.4107,0,0,0,0,0,0.0330909,0,0,0.756867,0,0,0,2.46145,7.08512,0.428139,1.58297,0,0,0,0.0630545,0,0,0,0
"MtrElec",2,18,22,"",11.9404,0,0,0,0,0,0.0330909,0,0,0.756867,0,0,0,2.09115,7.03348,0.494007,1.50182,0,0,0,0.030026,0,0,0,0
"MtrElec",2,18,23,"",10.2413,0,0,0,0,0,0.0330909,0,0,0.756867,0,0,0,1.37231,6.23168,0.428139,1.40122,0,0,0,0.0180156,0,0,0,0
"MtrElec",2,18,24,"",8.70532,0,0.127431,0,0,0,0.0330909,0,0.0267531,0.756867,0,0,0,0.849528,5.32468,0.296404,1.27556,0,0,0,0.015013,0,0,0,0
"MtrElec",2,19,1,"",7.85528,0,0.666943,0,0,0,0.0330909,0,0.141287,0.756867,0,0,0,0.501004,4.27265,0.216422,1.25951,0,0,0,0.00750649,0,0,0,0
"MtrElec",2,19,2,"",7.62824,0,0.88814,0,0,0,0.0330909,0,0.189368,0.756867,0,0,0,0.413873,3.88828,0.216422,1.23619,0,0,0,0.00600519,0,0,0,0
"MtrElec",2,19,3,"",7.53843,0,1.04638,0,0,0,0.0330909,0,0.224157,0.756867,0,0,0,0.326742,3.73612,0.216422,1.19265,0,0,0,0.00600519,0,0,0,0
"MtrElec",2,19,4,"",7.65062,0,1.13617,0,0,0,0.0330909,0,0.243988,0.756867,0,0,0,0.370307,3.71295,0.216422,1.17482,0,0,0,0.00600519,0,0,0,0
"MtrElec",2,19,5,"",7.62644,0,1.22344,0,0,0,0.0330909,0,0.263366,0.756867,0,0,0,0.457438,3.53507,0.216422,1.13475,0,0,0,0.00600519,0,0,0,0
"MtrElec",2,19,6,"",8.5291,0,0.814126,0,0,0,0.0330909,0,0.173121,0.756867,0,0,0,0.675266,3.83394,0.174079,1.16572,0,0,0.881881,0.0210182,0,0,0,0
"MtrElec",2,19,7,"",8.55205,0,0.471322,0,0,0,0.0330909,0,0.0992142,0.756867,0,0,0,0.914876,4.38022,0.164669,1.33079,0,0.37248,0,0.0285247,0,0,0,0
"MtrElec",2,19,8,"",8.71792,0,0.602182,0,0,0,0.0330909,0,0.127195,0.756867,0,0,0,0.893094,4.71807,0.159964,1.47764,0,0,0.881945,0.0375325,0,0,0,-0.969658
"MtrElec",2,19,9,"",7.90035,0,0.665863,0,0,0,0.0330909,0,0.140623,0.756867,0,0,0,0.740614,4.37381,0.155259,1.42783,0,0.372507,0,0.0390338,0,0,0,-0.805145
"MtrElec",2,19,10,"",5.2278,0,0.994089,0,0,0,0.0330909,0,0.211615,0.756867,0,0,0,0.6317,4.10194,0.131735,1.30561,0,0,0,0.0330286,0,0,0,-2.97187
"MtrElec",2,19,11,"",5.32846,0,0.747134,0,0,0,0.0330909,0,0.157579,0.756867,0,0,0,0.588135,4.14876,0.103506,1.26878,0,0,0.881985,0.0315273,0,0,0,-3.38891
"MtrElec",2,19,12,"",-3.83587,0,0.157711,0,0.0264844,0,0.0330909,0,0.0328282,0.756867,0,0,0,0.544569,4.14876,0.0705724,1.28509,0,0.372524,0,0.0435377,0,0,0,-11.3079
"MtrElec",2,19,13,"",-6.15348,0,0.0402676,0,0.0264844,0,0.0330909,0,0.00827404,0.756867,0,0,0,0.457438,4.15675,0.0564579,1.33604,0,0,0,0.0525455,0,0,0,-13.0777
"MtrElec",2,19,14,"",-2.28725,0,0,0,0.0264844,0,0.0330909,0,0,0.756867,0,0,0,0.457438,4.25201,0.0517531,1.30242,2.06423,0,0.449466,0.0480416,0,0,0,-11.729
"MtrElec",2,19,15,"",0.00912305,0,0,0,0.0264844,0,0.0330909,0,0,0.756867,0,0,0,0.457438,4.40654,0.0517531,1.33661,0.412812,0.189841,0.868033,0.0510442,0,0,0,-8.58139
"MtrElec",2,19,16,"",3.50161,0,0.126727,0,0.0264844,0,0.0330909,0,0.0262321,0.756867,0,0,0,0.566352,4.53808,0.0564579,1.3458,1.26327,0.366631,0.446611,0.0780675,0,0,0,-6.12905
"MtrElec",2,19,17,"",6.20553,0,0.07015,0,0.0264844,0,0.0330909,0,0.0145246,0.756867,0,0,0,0.675266,5.13309,0.0893917,1.37002,1.21212,0.188635,0,0.172649,0,0,0,-3.53675
"MtrElec",2,19,18,"",9.43458,0,0.0545024,0,0,0,0.0330909,0,0.0113173,0.756867,0,0,0,0.958442,5.91861,0.174079,1.50481,0,0,0,0.289751,0,0,0,-0.266882
"MtrElec",2,19,19,"",11.3236,0,0.0901867,0,0,0,0.0330909,0,0.0187842,0.756867,0,0,0,1.82975,6.45161,0.230537,1.64249,0,0,0,0.270234,0,0,0,0
"MtrElec",2,19,20,"",12.3998,0,0.132016,0,0,0,0.0330909,0,0.0275305,0.756867,0,0,0,2.54858,6.79154,0.305814,1.65725,0,0,0,0.147127,0,0,0,0
"MtrElec",2,19,21,"",12.7022,0,0.254018,0,0,0,0.0330909,0,0.0531892,0.756867,0,0,0,2.46145,7.08512,0.428139,1.56722,0,0,0,0.0630545,0,0,0,0
"MtrElec",2,19,22,"",15.7062,0,0,0,0,0,0.0330909,0,0,0.756867,0,0,0,2.09115,7.03348,0.494007,1.48493,2.4828,0,1.29989,0.030026,0,0,0,0
"MtrElec",2,19,23,"",13.7068,0,0,0,0,0,0.0330909,0,0,0.756867,0,0,0,1.37231,6.23168,0.428139,1.3862,2.46723,0.549035,0.464252,0.0180156,0,0,0,0
"MtrElec",2,19,24,"",9.87802,0,0.943579,0,0,0,0.0330909,0,0.202238,0.756867,0,0,0,0.849528,5.32468,0.296404,1.26053,0,0.196086,0,0.015013,0,0,0,0
"MtrElec",2,20,1,"",8.80272,0,1.45169,0,0,0,0.0330909,0,0.315427,0.756867,0,0,0,0.501004,4.27265,0.216422,1.24806,0,0,0,0.00750649,0,0,0,0
"MtrElec",2,20,2,"",10.1652,0,1.58151,0,0,0,0.0330909,0,0.345059,0.756867,0,0,0,0.413873,3.88828,0.216422,1.22644,1.69764,0,0,0.00600519,0,0,0,0
"MtrElec",2,20,3,"",9.49055,0,2.01565,0,0,0,0.0330909,0,0.438286,0.756867,0,0,0,0.326742,3.73612,0.216422,1.18345,0.777912,0,0,0.00600519,0,0,0,0
"MtrElec",2,20,4,"",9.37909,0,2.56099,0,0,0,0.0330909,0,0.555683,0.756867,0,0,0,0.370307,3.71295,0.216422,1.16678,0,0,0,0.00600519,0,0,0,0
"MtrElec",2,20,5,"",9.53908,0,2.79856,0,0,0,0.0330909,0,0.607964,0.756867,0,0,0,0.457438,3.53507,0.216422,1.12767,0,0,0,0.00600519,0,0,0,0
"MtrElec",2,20,6,"",9.64747,0,2.46148,0,0,0,0.0330909,0,0.532311,0.756867,0,0,0,0.675266,3.83394,0.174079,1.15942,0,0,0,0.0210182,0,0,0,0
"MtrElec",2,20,7,"",10.0372,0,2.00157,0,0,0,0.0330909,0,0.430609,0.756867,0,0,0,0.914876,4.38022,0.164669,1.32675,0,0,0,0.0285247,0,0,0,0
"MtrElec",2,20,8,"",8.95969,0,1.98398,0,0,0,0.0330909,0,0.425992,0.756867,0,0,0,0.893094,4.71807,0.159964,1.47471,0,0,0,0.0375325,0,0,0,-1.52361
"MtrElec",2,20,9,"",4.67257,0,1.21283,0,0.0264844,0,0.0330909,0,0.259945,0.756867,0,0,0,0.740614,4.37381,0.155259,1.42486,1.26088,0,0.881806,0.0390338,0,0,0,-6.49291
"MtrElec",2,20,10,"",6.82206,0,0.801275,0,0.0264844,0,0.0330909,0,0.169396,0.756867,0,0,0,0.6317,4.10194,0.131735,1.3031,1.21459,0.372449,0.882232,0.0330286,0,0,0,-3.63582
"MtrElec",2,20,11,"",0.730813,0,0.589153,0,0.0264844,0,0.0330909,0,0.122481,0.756867,0,0,0,0.588135,4.14876,0.103506,1.26756,0,0.372628,0,0.0315273,0,0,0,-7.30938
"MtrElec",2,20,12,"",-6.45878,0,0.0541807,0,0.0264844,0,0.0330909,0,0.0111769,0.756867,0,0,0,0.544569,4.14876,0.0705724,1.28484,0,0,0.882056,0.0435377,0,0,0,-14.3149
"MtrElec",2,20,13,"",-13.0845,0,0,0,0.0264844,0,0.0330909,0,0,0.756867,0,0,0,0.457438,4.15675,0.0564579,1.33584,0,0.372554,0.412509,0.0525455,0,0,0,-20.7451
"MtrElec",2,20,14,"",-8.65922,0,0,0,0.0264844,0,0.0330909,0,0,0.756867,0,0,0,0.457438,4.25201,0.0517531,1.30291,0,0.174231,0.469537,0.0480416,0,0,0,-16.2316
"MtrElec",2,20,15,"",-9.43413,0,0,0,0.0264844,0,0.0330909,0,0,0.756867,0,0,0,0.457438,4.40654,0.0517531,1.33672,0,0.198319,0,0.0510442,0,0,0,-16.7524
"MtrElec",2,20,16,"",-7.65925,0,0,0,0.0264844,0,0.0330909,0,0,0.756867,0,0,0,0.566352,4.53808,0.0564579,1.3455,0,0,0,0.0780675,0,0,0,-15.0601
"MtrElec",2,20,17,"",-0.511644,0,0,0,0.0264844,0,0.0330909,0,0,0.756867,0,0,0,0.675266,5.13309,0.0893917,1.36965,0,0,0,0.172649,0,0,0,-8.76813
"MtrElec",2,20,18,"",8.89202,0,0,0,0,0,0.0330909,0,0,0.756867,0,0,0,0.958442,5.91861,0.174079,1.50613,0,0,0.463257,0.289751,0,0,0,-1.2082
"MtrElec",2,20,19,"",12.5101,0,0,0,0,0,0.0330909,0,0,0.756867,0,0,0,1.82975,6.45161,0.230537,1.64576,0,0.195666,1.09662,0.270234,0,0,0,0
"MtrElec",2,20,20,"",12.9113,0,0,0,0,0,0.0330909,0,0,0.756867,0,0,0,2.54858,6.79154,0.305814,1.66092,0,0.46318,0.204201,0.147127,0,0,0,0
"MtrElec",2,20,21,"",12.4868,0,0,0,0,0,0.0330909,0,0,0.756867,0,0,0,2.46145,7.08512,0.428139,1.57278,0,0.0862486,0,0.0630545,0,0,0,0
"MtrElec",2,20,22,"",13.3602,0,0,0,0,0,0.0330909,0,0,0.756867,0,0,0,2.09115,7.03348,0.494007,1.49059,1.26921,0,0.161806,0.030026,0,0,0,0
"MtrElec",2,20,23,"",11.9301,0,0,0,0,0,0.0330909,0,0,0.756867,0,0,0,1.37231,6.23168,0.428139,1.38982,1.20634,0.0683418,0.425533,0.0180156,0,0,0,0
"MtrElec",2,20,24,"",9.5437,0,0.438427,0,0,0,0.0330909,0,0.0927785,0.756867,0,0,0,0.849528,5.32468,0.296404,1.26229,0,0.179732,0.294889,0.015013,0,0,0,0
"MtrElec",2,21,1,"",9.69598,0,0.775554,0,0,0,0.0330909,0,0.165083,0.756867,0,0,0,0.501004,4.28302,0.216422,1.30126,1.53163,0.124552,0,0.00750649,0,0,0,0
"MtrElec",2,21,2,"",9.18438,0,1.34575,0,0,0,0.0330909,0,0.290888,0.756867,0,0,0,0.413873,3.93237,0.216422,1.24569,0.94343,0,0,0.00600519,0,0,0,0
"MtrElec",2,21,3,"",11.3344,0,1.74129,0,0,0,0.0330909,0,0.382023,0.756867,0,0,0,0.326742,3.7235,0.211717,1.22248,2.93223,0,0,0.0045039,0,0,0,0
"MtrElec",2,21,4,"",11.1881,0,2.36993,0,0,0,0.0330909,0,0.518591,0.756867,0,0,0,0.370307,3.71069,0.211717,1.19364,2.01875,0,0,0.0045039,0,0,0,0
"MtrElec",2,21,5,"",10.0461,0,3.20646,0,0,0,0.0330909,0,0.702588,0.756867,0,0,0,0.457438,3.52244,0.216422,1.14624,0,0,0,0.0045039,0,0,0,0
"MtrElec",2,21,6,"",10.4251,0,3.10049,0,0,0,0.0330909,0,0.678837,0.756867,0,0,0,0.675266,3.82131,0.211717,1.14005,0,0,0,0.00750649,0,0,0,0
"MtrElec",2,21,7,"",10.6503,0,2.67984,0,0,0,0.0330909,0,0.583509,0.756867,0,0,0,0.914876,4.30015,0.207012,1.15989,0,0,0,0.015013,0,0,0,0
"MtrElec",2,21,8,"",5.82807,0,2.1213,0,0,0,0.0330909,0,0.457371,0.756867,0,0,0,0.893094,4.62763,0.192898,1.27103,0,0,0,0.0405351,0,0,0,-4.56573
"MtrElec",2,21,9,"",-5.29243,0,0.762682,0,0.0264844,0,0.0330909,0,0.161264,0.756867,0,0,0,0.740614,4.35046,0.169374,1.47694,0,0,0,0.0720623,0,0,0,-13.8423
"MtrElec",2,21,10,"",-8.41505,0,0.105188,0,0.0264844,0,0.0330909,0,0.0218391,0.756867,0,0,0,0.6317,4.18166,0.141145,1.42459,0,0,2.6465,0.0720623,0,0,0,-18.4562
"MtrElec",2,21,11,"",-12.6,0,0,0,0.0264844,0,0.0330909,0,0,0.756867,0,0,0,0.588135,4.25166,0.112916,1.4046,0,1.1178,0,0.0690597,0,0,0,-20.9606
"MtrElec",2,21,12,"",-14.476,0,0,0,0.0264844,0,0.0330909,0,0,0.756867,0,0,0,0.544569,4.18231,0.0752772,1.43334,0,0,1.59257,0.0825714,0,0,0,-23.2031
"MtrElec",2,21,13,"",-14.7251,0,0,0,0.0264844,0,0.0330909,0,0,0.756867,0,0,0,0.457438,4.14395,0.0564579,1.4612,0,0.672653,0.171384,0.0945818,0,0,0,-22.5993
"MtrElec",2,21,14,"",-10.0154,0,0,0,0.0264844,0,0.0330909,0,0,0.756867,0,0,0,0.457438,4.27292,0.0517531,1.4816,0,0.0723874,0,0.0885766,0,0,0,-17.2565
"MtrElec",2,21,15,"",-7.67124,0,0,0,0.0264844,0,0.0330909,0,0,0.756867,0,0,0,0.457438,4.48661,0.0517531,1.45688,0,0,0,0.0930805,0,0,0,-15.0334
"MtrElec",2,21,16,"",0.313042,0,0,0,0.0264844,0,0.0330909,0,0,0.756867,0,0,0,0.566352,4.72121,0.0564579,1.50855,0,0,0,0.102088,0,0,0,-7.45807
"MtrElec",2,21,17,"",6.03307,0,0,0,0,0,0.0330909,0,0,0.756867,0,0,0,0.675266,5.30586,0.0893917,1.45276,0,0,0,0.136618,0,0,0,-2.41678
"MtrElec",2,21,18,"",10.3638,0,0,0,0,0,0.0330909,0,0,0.756867,0,0,0,0.958442,5.98814,0.178783,1.54848,0,0,0.882188,0.208681,0,0,0,-0.190887
"MtrElec",2,21,19,"",11.5478,0,0,0,0,0,0.0330909,0,0,0.756867,0,0,0,1.82975,6.44107,0.225832,1.69488,0,0.37261,0,0.193668,0,0,0,0
"MtrElec",2,21,20,"",12.415,0,0,0,0,0,0.0330909,0,0,0.756867,0,0,0,2.54858,6.7011,0.28229,1.65648,0,0,0.328491,0.108094,0,0,0,0
"MtrElec",2,21,21,"",14.4322,0,0,0,0,0,0.0330909,0,0,0.756867,0,0,0,2.46145,6.94833,0.390501,1.60478,1.49682,0.138745,0.553615,0.0480416,0,0,0,0
"MtrElec",2,21,22,"",13.0025,0,0,0,0,0,0.0330909,0,0,0.756867,0,0,0,2.09115,6.88632,0.461073,1.54028,0.978837,0.233831,0,0.0210182,0,0,0,0
"MtrElec",2,21,23,"",10.1198,0,0,0,0,0,0.0330909,0,0,0.756867,0,0,0,1.37231,6.15179,0.39991,1.39228,0,0,0,0.0135117,0,0,0,0
"MtrElec",2,21,24,"",11.1667,0,0.0776106,0,0,0,0.0330909,0,0.0162426,0.756867,0,0,0,0.849528,5.23928,0.277585,1.43395,2.47507,0,0,0.00750649,0,0,0,0
"MtrElec",2,22,1,"",8.37236,0,1.0452,0,0,0,0.0330909,0,0.224372,0.756867,0,0,0,0.501004,4.28302,0.216422,1.30488,0,0,0,0.00750649,0,0,0,0
"MtrElec",2,22,2,"",8.21183,0,1.31848,0,0,0,0.0330909,0,0.285734,0.756867,0,0,0,0.413873,3.93237,0.216422,1.24899,0,0,0,0.00600519,0,0,0,0
"MtrElec",2,22,3,"",8.15965,0,1.54092,0,0,0,0.0330909,0,0.336549,0.756867,0,0,0,0.326742,3.7235,0.211717,1.22577,0,0,0,0.0045039,0,0,0,0
"MtrElec",2,22,4,"",8.55582,0,1.86469,0,0,0,0.0330909,0,0.408399,0.756867,0,0,0,0.370307,3.71069,0.211717,1.19555,0,0,0,0.0045039,0,0,0,0
"MtrElec",2,22,5,"",9.24184,0,2.54729,0,0,0,0.0330909,0,0.557197,0.756867,0,0,0,0.457438,3.52244,0.216422,1.1466,0,0,0,0.0045039,0,0,0,0
"MtrElec",2,22,6,"",9.69263,0,2.50073,0,0,0,0.0330909,0,0.54609,0.756867,0,0,0,0.675266,3.82131,0.211717,1.14005,0,0,0,0.00750649,0,0,0,0
"MtrElec",2,22,7,"",9.78384,0,2.14114,0,0,0,0.0330909,0,0.465397,0.756867,0,0,0,0.914876,4.30015,0.207012,1.15989,0,0,0,0.015013,0,0,0,-0.209596
"MtrElec",2,22,8,"",3.43682,0,1.79562,0,0.0264844,0,0.0330909,0,0.388242,0.756867,0,0,0,0.893094,4.62763,0.192898,1.27103,0,0,0,0.0405351,0,0,0,-6.58867
"MtrElec",2,22,9,"",3.66015,0,1.82311,0,0.0264844,0,0.0330909,0,0.392458,0.756867,0,0,0,0.740614,4.35046,0.169374,1.47694,0,0,0,0.0720623,0,0,0,-6.18131
"MtrElec",2,22,10,"",3.26895,0,1.63265,0,0.0264844,0,0.0330909,0,0.348585,0.756867,0,0,0,0.6317,4.18166,0.141145,1.42455,0,0,0,0.0720623,0,0,0,-5.97983
"MtrElec",2,22,11,"",-4.29667,0,0.276773,0,0.0264844,0,0.0330909,0,0.0578662,0.756867,0,0,0,0.588135,4.25166,0.112916,1.40216,0.509828,0,0.933545,0.0690597,0,0,0,-13.3151
"MtrElec",2,22,12,"",-0.577862,0,0,0,0.0264844,0,0.0330909,0,0,0.756867,0,0,0,0.544569,4.18231,0.0752772,1.42619,1.96372,0.394302,0.830772,0.0825714,0,0,0,-10.894
"MtrElec",2,22,13,"",-11.1624,0,0,0,0.0264844,0,0.0330909,0,0,0.756867,0,0,0,0.457438,4.14395,0.0564579,1.45253,1.21676,0.350893,0.882055,0.0945818,0,0,0,-20.6335
"MtrElec",2,22,14,"",-7.47759,0,0,0,0.0264844,0,0.0330909,0,0,0.756867,0,0,0,0.457438,4.27292,0.0517531,1.47293,1.25715,0.372554,0,0.0885766,0,0,0,-16.2674
"MtrElec",2,22,15,"",-10.6369,0,0,0,0.0264844,0,0.0330909,0,0,0.756867,0,0,0,0.457438,4.48661,0.0517531,1.44924,0,0,0.791496,0.0930805,0,0,0,-18.783
"MtrElec",2,22,16,"",-5.95613,0,0,0,0.0264844,0,0.0330909,0,0,0.756867,0,0,0,0.566352,4.72121,0.0564579,1.50346,0,0.334304,1.46254,0.102088,0,0,0,-15.519
"MtrElec",2,22,17,"",0.676486,0,0,0,0.0264844,0,0.0330909,0,0,0.756867,0,0,0,0.675266,5.30586,0.0893917,1.44948,0,0.617735,0.875203,0.136618,0,0,0,-9.2895
"MtrElec",2,22,18,"",9.92646,0,0,0,0,0,0.0330909,0,0,0.756867,0,0,0,0.958442,5.98814,0.178783,1.5517,0,0.36966,1.28077,0.208681,0,0,0,-1.39968
"MtrElec",2,22,19,"",11.7201,0,0,0,0,0,0.0330909,0,0,0.756867,0,0,0,1.82975,6.44107,0.225832,1.69883,0,0.540961,0,0.193668,0,0,0,0
"MtrElec",2,22,20,"",13.331,0,0,0,0,0,0.0330909,0,0,0.756867,0,0,0,2.54858,6.7011,0.28229,1.65961,1.24133,0,0,0.108094,0,0,0,0
"MtrElec",2,22,21,"",15.3776,0,0,0,0,0,0.0330909,0,0,0.756867,0,0,0,2.46145,6.94833,0.390501,1.6064,3.13289,0,0,0.0480416,0,0,0,0
"MtrElec",2,22,22,"",14.1287,0,0,0,0,0,0.0330909,0,0,0.756867,0,0,0,2.09115,6.88632,0.461073,1.54055,0.57467,0,1.76401,0.0210182,0,0,0,0
"MtrElec",2,22,23,"",10.8641,0,0,0,0,0,0.0330909,0,0,0.756867,0,0,0,1.37231,6.15179,0.39991,1.39157,0,0.745063,0,0.0135117,0,0,0,0
"MtrElec",2,22,24,"",9.19689,0,0.49325,0,0,0,0.0330909,0,0.106136,0.756867,0,0,0,0.849528,5.23928,0.277585,1.43365,0,0,0,0.00750649,0,0,0,0
"MtrElec",2,23,1,"",9.87703,0,1.43396,0,0,0,0.0330909,0,0.313856,0.756867,0,1.09188,0,0.501004,4.27265,0.216422,1.24979,0,0,0,0.00750649,0,0,0,0
"MtrElec",2,23,2,"",10.1833,0,2.08825,0,0,0,0.0330909,0,0.461601,0.756867,0,1.09188,0,0.413873,3.88828,0.216422,1.22707,0,0,0,0.00600519,0,0,0,0
"MtrElec",2,23,3,"",11.217,0,3.16515,0,0,0,0.0330909,0,0.70181,0.756867,0,1.09188,0,0.326742,3.73612,0.216422,1.18289,0,0,0,0.00600519,0,0,0,0
"MtrElec",2,23,4,"",12.1174,0,3.89271,0,0,0,0.0330909,0,0.870456,0.756867,0,1.09188,0,0.370307,3.71295,0.216422,1.16672,0,0,0,0.00600519,0,0,0,0
"MtrElec",2,23,5,"",12.788,0,4.53978,0,0,0,0.0330909,0,1.02375,0.756867,0,1.09188,0,0.457438,3.53507,0.216422,1.12767,0,0,0,0.00600519,0,0,0,0
"MtrElec",2,23,6,"",13.5431,0,4.62926,0.120433,0,0,0.0330909,0,1.0478,0.756867,0,1.09188,0,0.675266,3.83394,0.174079,1.15942,0,0,0,0.0210182,0,0,0,0
"MtrElec",2,23,7,"",15.4174,0,4.08774,2.04952,0,0,0.0330909,0,0.945336,0.756867,0,1.09188,0,0.914876,4.38022,0.164669,1.32675,0,0,0,0.0285247,0,0,0,-0.362085
"MtrElec",2,23,8,"",6.48515,0,2.9966,0.0992193,0.0264844,0,0.0330909,0,0.663066,0.756867,0,1.09188,0,0.893094,4.71807,0.159964,1.47471,0,0,0,0.0375325,0,0,0,-6.46544
"MtrElec",2,23,9,"",-4.15713,0,1.67601,0,0.0264844,0,0.0330909,0,0.360257,0.756867,0,0,0,0.740614,4.37381,0.155259,1.42486,0,0,0,0.0390338,0,0,0,-13.7434
"MtrElec",2,23,10,"",-17.1409,0,0.363326,0,0.0264844,0,0.0330909,0,0.0764822,0.756867,0,0,0,0.6317,4.10194,0.131735,1.3031,0,0,0,0.0330286,0,0,0,-24.5987
"MtrElec",2,23,11,"",-21.551,0,0.0068302,0,0.0264844,0,0.0330909,0,0.00141326,0.756867,0,0,0,0.588135,4.14876,0.103506,1.26776,0,0,0,0.0315273,0,0,0,-28.5154
"MtrElec",2,23,12,"",-28.5527,0,0,0,0.0264844,0,0.0330909,0,0,0.756867,0,0,0,0.544569,4.14876,0.0705724,1.28671,0,0,0,0.0435377,0,0,0,-35.4633
"MtrElec",2,23,13,"",-7.19795,0,0,0,0.0264844,0,0.0330909,0,0,0.756867,0,0,0,0.457438,4.15675,0.0564579,1.34026,0,0,0,0.0525455,0,0,0,-14.0778
"MtrElec",2,23,14,"",4.13763,0,0.342812,0,0,0,0.0330909,0,0.0717932,0.756867,0,0,0,0.457438,4.25201,0.0517531,1.30612,0,0,0,0.0480416,0,0,0,-3.18229
"MtrElec",2,23,15,"",-2.11488,0,0.392685,0,0.0264844,0,0.0330909,0,0.0821271,0.756867,0,0,0,0.457438,4.40654,0.0517531,1.33586,0,0,0,0.0510442,0,0,0,-9.70878
"MtrElec",2,23,16,"",4.02652,0,0.516294,0,0,0,0.0330909,0,0.108484,0.756867,0,0,0,0.566352,4.53808,0.0564579,1.34358,0,0,0,0.0780675,0,0,0,-3.97075
"MtrElec",2,23,17,"",6.02106,0,0.421785,0,0,0,0.0330909,0,0.088487,0.756867,0,0,0,0.675266,5.13309,0.0893917,1.36522,0,0,0,0.172649,0,0,0,-2.71478
"MtrElec",2,23,18,"",9.89425,0,0.34671,0,0,0,0.0330909,0,0.0726891,0.756867,0,0,0,0.958442,5.91861,0.174079,1.49853,0,0,0,0.289751,0,0,0,-0.154522
"MtrElec",2,23,19,"",11.5321,0,0.266384,0,0,0,0.0330909,0,0.055739,0.756867,0,0,0,1.82975,6.45161,0.230537,1.63788,0,0,0,0.270234,0,0,0,0
"MtrElec",2,23,20,"",12.4453,0,0.171878,0,0,0,0.0330909,0,0.0358568,0.756867,0,0,0,2.54858,6.79154,0.305814,1.6545,0,0,0,0.147127,0,0,0,0
"MtrElec",2,23,21,"",12.7029,0,0.256733,0,0,0,0.0330909,0,0.0537071,0.756867,0,0,0,2.46145,7.08512,0.428139,1.56473,0,0,0,0.0630545,0,0,0,0
"MtrElec",2,23,22,"",13.7866,0,0.492375,0,0,0,0.0330909,0,0.103805,0.756867,0,0,0,2.09115,7.03348,0.494007,1.48255,1.26921,0,0,0.030026,0,0,0,0
"MtrElec",2,23,23,"",12.5067,0,0.887376,0,0,0,0.0330909,0,0.189447,0.756867,0,0,0,1.37231,6.23168,0.428139,1.38346,1.20634,0,0,0.0180156,0,0,0,0
"MtrElec",2,23,24,"",10.1202,0,1.30503,0,0,0,0.0330909,0,0.282444,0.756867,0,0,0,0.849528,5.32468,0.296404,1.2571,0,0,0,0.015013,0,0,0,0
"MtrElec",2,24,1,"",9.1113,0,1.70594,0,0,0,0.0330909,0,0.371966,0.756867,0,0,0,0.501004,4.27265,0.216422,1.24585,0,0,0,0.00750649,0,0,0,0
"MtrElec",2,24,2,"",9.49754,0,2.42963,0,0,0,0.0330909,0,0.528736,0.756867,0,0,0,0.413873,3.88828,0.216422,1.22464,0,0,0,0.00600519,0,0,0,0
"MtrElec",2,24,3,"",9.72653,0,2.84727,0,0,0,0.0330909,0,0.621565,0.756867,0,0,0,0.326742,3.73612,0.216422,1.18244,0,0,0,0.00600519,0,0,0,0
"MtrElec",2,24,4,"",10.09,0,3.14017,0,0,0,0.0330909,0,0.68749,0.756867,0,0,0,0.370307,3.71295,0.216422,1.16672,0,0,0,0.00600519,0,0,0,0
"MtrElec",2,24,5,"",10.3351,0,3.44553,0,0,0,0.0330909,0,0.75703,0.756867,0,0,0,0.457438,3.53507,0.216422,1.12767,0,0,0,0.00600519,0,0,0,0
"MtrElec",2,24,6,"",10.5248,0,3.17537,0,0,0,0.0330909,0,0.695707,0.756867,0,0,0,0.675266,3.83394,0.174079,1.15942,0,0,0,0.0210182,0,0,0,0
"MtrElec",2,24,7,"",10.7701,0,2.5994,0,0,0,0.0330909,0,0.565736,0.756867,0,0,0,0.914876,4.38022,0.164669,1.32675,0,0,0,0.0285247,0,0,0,0
"MtrElec",2,24,8,"",8.9817,0,2.60332,0,0,0,0.0330909,0,0.566197,0.756867,0,0,0,0.893094,4.71807,0.159964,1.47471,0,0,0,0.0375325,0,0,0,-2.26114
"MtrElec",2,24,9,"",0.96697,0,1.73135,0,0.0264844,0,0.0330909,0,0.373839,0.756867,0,0,0,0.740614,4.37381,0.155259,1.42486,1.3606,0,0,0.0390338,0,0,0,-10.0488
"MtrElec",2,24,10,"",0.0261494,0,0.856058,0,0.0264844,0,0.0330909,0,0.181677,0.756867,0,0,0,0.6317,4.10194,0.131735,1.3031,1.5993,0,0.953301,0.0330286,0,0,0,-10.5821
"MtrElec",2,24,11,"",-14.4839,0,0,0,0.0264844,0,0.0330909,0,0,0.756867,0,0,0,0.588135,4.14876,0.103506,1.26757,1.69357,0.402646,1.67248,0.0315273,0,0,0,-25.2085
"MtrElec",2,24,12,"",-16.7622,0,0,0,0.0264844,0,0.0330909,0,0,0.756867,0,0,0,0.544569,4.14876,0.0705724,1.28847,0.296245,0.706407,1.7722,0.0435377,0,0,0,-26.4494
"MtrElec",2,24,13,"",-14.8915,0,0,0,0.0264844,0,0.0330909,0,0,0.756867,0,0,0,0.457438,4.15675,0.0564579,1.34532,0,0.748522,0.537193,0.0525455,0,0,0,-23.0621
"MtrElec",2,24,14,"",-24.0856,0,0,0,0.0264844,0,0.0330909,0,0,0.756867,0,0,0,0.457438,4.25201,0.0517531,1.31573,0,0.226894,1.23934,0.0480416,0,0,0,-32.4932
"MtrElec",2,24,15,"",-15.9212,0,0,0,0.0264844,0,0.0330909,0,0,0.756867,0,0,0,0.457438,4.40654,0.0517531,1.34882,0,0.52346,0,0.0510442,0,0,0,-23.5767
"MtrElec",2,24,16,"",-2.697,0,0,0,0.0264844,0,0.0330909,0,0,0.756867,0,0,0,0.566352,4.53808,0.0564579,1.36174,0,0,0.882163,0.0780675,0,0,0,-10.9963
"MtrElec",2,24,17,"",5.98771,0,0,0,0.0264844,0,0.0330909,0,0,0.756867,0,0,0,0.675266,5.13309,0.0893917,1.39109,0,0.372599,0.881924,0.172649,0,0,0,-3.54474
"MtrElec",2,24,18,"",10.2886,0,0,0,0,0,0.0330909,0,0,0.756867,0,0,0,0.958442,5.91861,0.174079,1.52691,0,0.372498,0.882049,0.289751,0,0,0,-0.623679
"MtrElec",2,24,19,"",11.6087,0,0,0,0,0,0.0330909,0,0,0.756867,0,0,0,1.82975,6.45161,0.230537,1.66401,0,0.372551,0,0.270234,0,0,0,0
"MtrElec",2,24,20,"",12.2578,0,0,0,0,0,0.0330909,0,0,0.756867,0,0,0,2.54858,6.79154,0.305814,1.67474,0,0,0,0.147127,0,0,0,0
"MtrElec",2,24,21,"",12.4144,0,0,0,0,0,0.0330909,0,0,0.756867,0,0,0,2.46145,7.08512,0.428139,1.58664,0,0,0,0.0630545,0,0,0,0
"MtrElec",2,24,22,"",11.9438,0,0,0,0,0,0.0330909,0,0,0.756867,0,0,0,2.09115,7.03348,0.494007,1.50519,0,0,0,0.030026,0,0,0,0
"MtrElec",2,24,23,"",10.2439,0,0,0,0,0,0.0330909,0,0,0.756867,0,0,0,1.37231,6.23168,0.428139,1.40382,0,0,0,0.0180156,0,0,0,0
"MtrElec",2,24,24,"",8.70719,0,0.127433,0,0,0,0.0330909,0,0.0269902,0.756867,0,0,0,0.849528,5.32468,0.296404,1.27718,0,0,0,0.015013,0,0,0,0
"MtrElec",2,25,1,"",8.19693,0,0.946681,0,0,0,0.0330909,0,0.203503,0.756867,0,0,0,0.501004,4.27265,0.216422,1.25921,0,0,0,0.00750649,0,0,0,0
"MtrElec",2,25,2,"",8.23497,0,1.38363,0,0,0,0.0330909,0,0.301876,0.756867,0,0,0,0.413873,3.88828,0.216422,1.23493,0,0,0,0.00600519,0,0,0,0
"MtrElec",2,25,3,"",9.46995,0,1.72996,0,0,0,0.0330909,0,0.382208,0.756867,0,1.09188,0,0.326742,3.73612,0.216422,1.19064,0,0,0,0.00600519,0,0,0,0
"MtrElec",2,25,4,"",9.84684,0,2.03286,0,0,0,0.0330909,0,0.454371,0.756867,0,1.09188,0,0.370307,3.71295,0.216422,1.17208,0,0,0,0.00600519,0,0,0,0
"MtrElec",2,25,5,"",10.4193,0,2.60655,0,0,0,0.0330909,0,0.585333,0.756867,0,1.09188,0,0.457438,3.53507,0.216422,1.13067,0,0,0,0.00600519,0,0,0,0
"MtrElec",2,25,6,"",11.5362,0,3.09768,0,0,0,0.0330909,0,0.692507,0.756867,0,1.09188,0,0.675266,3.83394,0.174079,1.15987,0,0,0,0.0210182,0,0,0,0
"MtrElec",2,25,7,"",11.5632,0,2.74822,0,0,0,0.0330909,0,0.60961,0.756867,0,1.09188,0,0.914876,4.38022,0.164669,1.32675,0,0,0,0.0285247,0,0,0,-0.491471
"MtrElec",2,25,8,"",7.85872,0,2.16446,0,0,0,0.0330909,0,0.472903,0.756867,0,1.09188,0,0.893094,4.71807,0.159964,1.47471,0,0,0,0.0375325,0,0,0,-3.94385
"MtrElec",2,25,9,"",-8.15941,0,0.54679,0,0.0264844,0,0.0330909,0,0.116243,0.756867,0,0,0,0.740614,4.37381,0.155259,1.42486,0,0,0,0.0390338,0,0,0,-16.3725
"MtrElec",2,25,10,"",-9.13468,0,0,0,0.0264844,0,0.0330909,0,0,0.756867,0,0,0,0.6317,4.10194,0.131735,1.30355,0.484958,0,1.76403,0.0330286,0,0,0,-18.4021
"MtrElec",2,25,11,"",-18.447,0,0,0,0.0264844,0,0.0330909,0,0,0.756867,0,0,0,0.588135,4.14876,0.103506,1.27159,1.69357,0.745075,0,0.0315273,0,0,0,-27.8456
"MtrElec",2,25,12,"",-26.7198,0,0,0,0.0264844,0,0.0330909,0,0,0.756867,0,0,0,0.544569,4.14876,0.0705724,1.29698,0.296245,0,0,0.0435377,0,0,0,-33.9369
"MtrElec",2,25,13,"",-28.0621,0,0,0,0.0264844,0,0.0330909,0,0,0.756867,0,0,0,0.457438,4.15675,0.0564579,1.35171,0,0,0,0.0525455,0,0,0,-34.9535
"MtrElec",2,25,14,"",-25.668,0,0,0,0.0264844,0,0.0330909,0,0,0.756867,0,0,0,0.457438,4.25201,0.0517531,1.32228,0,0,0,0.0480416,0,0,0,-32.616
"MtrElec",2,25,15,"",-20.5505,0,0,0,0.0264844,0,0.0330909,0,0,0.756867,0,0,0,0.457438,4.40654,0.0517531,1.35492,0,0,0,0.0510442,0,0,0,-27.6886
"MtrElec",2,25,16,"",-11.8402,0,0,0,0.0264844,0,0.0330909,0,0,0.756867,0,0,0,0.566352,4.53808,0.0564579,1.36946,0,0,0.882163,0.0780675,0,0,0,-20.1472
"MtrElec",2,25,17,"",-0.600578,0,0,0,0.0264844,0,0.0330909,0,0,0.756867,0,0,0,0.675266,5.13309,0.0893917,1.40618,0,0.372599,0.881924,0.172649,0,0,0,-10.1481
"MtrElec",2,25,18,"",9.39758,0,0,0,0.0264844,0,0.0330909,0,0,0.756867,0,0,0,0.958442,5.91861,0.174079,1.54881,0,0.372498,0.882049,0.289751,0,0,0,-1.56311
"MtrElec",2,25,19,"",11.6302,0,0,0,0,0,0.0330909,0,0,0.756867,0,0,0,1.82975,6.45161,0.230537,1.68553,0,0.372551,0,0.270234,0,0,0,0
"MtrElec",2,25,20,"",12.274,0,0,0,0,0,0.0330909,0,0,0.756867,0,0,0,2.54858,6.79154,0.305814,1.69101,0,0,0,0.147127,0,0,0,0
"MtrElec",2,25,21,"",12.4311,0,0,0,0,0,0.0330909,0,0,0.756867,0,0,0,2.46145,7.08512,0.428139,1.60342,0,0,0,0.0630545,0,0,0,0
"MtrElec",2,25,22,"",14.6359,0,0,0,0,0,0.0330909,0,0,0.756867,0,0,0,2.09115,7.03348,0.494007,1.52201,1.21359,0,1.4617,0.030026,0,0,0,0
"MtrElec",2,25,23,"",13.0298,0,0,0,0,0,0.0330909,0,0,0.756867,0,0,0,1.37231,6.23168,0.428139,1.42166,1.26089,0.617377,0.889784,0.0180156,0,0,0,0
"MtrElec",2,25,24,"",9.24801,0,0,0,0,0,0.0330909,0,0,0.756867,0,0,0,0.849528,5.32468,0.296404,1.30172,0,0.375818,0.294889,0.015013,0,0,0,0
"MtrElec",2,26,1,"",7.19222,0,0,0,0,0,0.0330909,0,0,0.756867,0,0,0,0.501004,4.27265,0.216422,1.28013,0,0.124552,0,0.00750649,0,0,0,0
"MtrElec",2,26,2,"",8.26152,0,0,0,0,0,0.0330909,0,0,0.756867,0,0,0,0.413873,3.88828,0.216422,1.24935,1.69764,0,0,0.00600519,0,0,0,0
"MtrElec",2,26,3,"",7.81218,0,0.623841,0,0,0,0.0330909,0,0.132997,0.756867,0,0,0,0.326742,3.73612,0.216422,1.20218,0.777912,0,0,0.00600519,0,0,0,0
"MtrElec",2,26,4,"",7.72222,0,1.18765,0,0,0,0.0330909,0,0.257116,0.756867,0,0,0,0.370307,3.71295,0.216422,1.18181,0,0,0,0.00600519,0,0,0,0
"MtrElec",2,26,5,"",7.94436,0,1.47562,0,0,0,0.0330909,0,0.32252,0.756867,0,0,0,0.457438,3.53507,0.216422,1.14132,0,0,0,0.00600519,0,0,0,0
"MtrElec",2,26,6,"",8.45897,0,1.47089,0,0,0,0.0330909,0,0.321703,0.756867,0,0,0,0.675266,3.83394,0.174079,1.17211,0,0,0,0.0210182,0,0,0,0
"MtrElec",2,26,7,"",8.03993,0,1.06212,0,0,0,0.0330909,0,0.229284,0.756867,0,0,0,0.914876,4.38022,0.164669,1.3348,0,0,0,0.0285247,0,0,0,-0.864523
"MtrElec",2,26,8,"",-1.15353,0,0.171161,0,0.0264844,0,0.0330909,0,0.0361703,0.756867,0,0,0,0.893094,4.71807,0.159964,1.48012,0,0,0,0.0375325,0,0,0,-9.46608
"MtrElec",2,26,9,"",-9.42295,0,0,0,0.0264844,0,0.0330909,0,0,0.756867,0,0,0,0.740614,4.37381,0.155259,1.43235,1.26088,0,0.881806,0.0390338,0,0,0,-19.1231
"MtrElec",2,26,10,"",-18.104,0,0,0,0.0264844,0,0.0330909,0,0,0.756867,0,0,0,0.6317,4.10194,0.131735,1.32149,1.21459,0.372449,0,0.0330286,0,0,0,-26.7274
"MtrElec",2,26,11,"",-24.6123,0,0,0,0.0264844,0,0.0330909,0,0,0.756867,0,0,0,0.588135,4.14876,0.103506,1.29886,0,0,0,0.0315273,0,0,0,-31.5995
"MtrElec",2,26,12,"",-25.2681,0,0,0,0.0264844,0,0.0330909,0,0,0.756867,0,0,0,0.544569,4.14876,0.0705724,1.32587,0,0,1.75203,0.0435377,0,0,0,-33.9699
"MtrElec",2,26,13,"",-25.6971,0,0,0,0.0264844,0,0.0330909,0,0,0.756867,0,0,0,0.457438,4.15675,0.0564579,1.3796,0,0.740005,0.663727,0.0525455,0,0,0,-34.0201
"MtrElec",2,26,14,"",-22.5483,0,0,0,0.0264844,0,0.0330909,0,0,0.756867,0,0,0,0.457438,4.25201,0.0517531,1.35872,0,0.280338,1.99453,0.0480416,0,0,0,-31.8076
"MtrElec",2,26,15,"",-18.6546,0,0,0,0.0264844,0,0.0330909,0,0,0.756867,0,0,0,0.457438,4.40654,0.0517531,1.38843,0,0.842431,0.336868,0.0510442,0,0,0,-27.0055
"MtrElec",2,26,16,"",-8.96998,0,0,0,0.0264844,0,0.0330909,0,0,0.756867,0,0,0,0.566352,4.53808,0.0564579,1.40991,0,0.142283,0.545039,0.0780675,0,0,0,-17.1226
"MtrElec",2,26,17,"",-0.0745762,0,0,0,0.0264844,0,0.0330909,0,0,0.756867,0,0,0,0.675266,5.13309,0.0893917,1.46204,0.530617,0.230208,0,0.172649,0,0,0,-9.18428
"MtrElec",2,26,18,"",10.6617,0,0,0,0.0264844,0,0.0330909,0,0,0.756867,0,0,0,0.958442,5.91861,0.174079,1.60871,1.9438,0,0.463257,0.289751,0,0,0,-1.51139
"MtrElec",2,26,19,"",13.6384,0,0,0,0,0,0.0330909,0,0,0.756867,0,0,0,1.82975,6.45161,0.230537,1.74045,1.71125,0.195666,0.418981,0.270234,0,0,0,0
"MtrElec",2,26,20,"",13.2586,0,0,0,0,0,0.0330909,0,0,0.756867,0,0,0,2.54858,6.79154,0.305814,1.73585,0.762762,0.176965,0,0.147127,0,0,0,0
"MtrElec",2,26,21,"",12.4829,0,0,0,0,0,0.0330909,0,0,0.756867,0,0,0,2.46145,7.08512,0.428139,1.65519,0,0,0,0.0630545,0,0,0,0
"MtrElec",2,26,22,"",12.0148,0,0,0,0,0,0.0330909,0,0,0.756867,0,0,0,2.09115,7.03348,0.494007,1.57621,0,0,0,0.030026,0,0,0,0
"MtrElec",2,26,23,"",10.5386,0,0,0,0,0,0.0330909,0,0,0.756867,0,0,0,1.37231,6.23168,0.428139,1.47346,0,0,0.225027,0.0180156,0,0,0,0
"MtrElec",2,26,24,"",9.38822,0,0,0,0,0,0.0330909,0,0,0.756867,0,0,0,0.849528,5.32468,0.296404,1.36071,0,0.0950445,0.656879,0.015013,0,0,0,0
"MtrElec",2,27,1,"",7.39526,0,0,0,0,0,0.0330909,0,0,0.756867,0,0,0,0.501004,4.27265,0.216422,1.33028,0,0.277446,0,0.00750649,0,0,0,0
"MtrElec",2,27,2,"",6.60821,0,0,0,0,0,0.0330909,0,0,0.756867,0,0,0,0.413873,3.88828,0.216422,1.29368,0,0,0,0.00600519,0,0,0,0
"MtrElec",2,27,3,"",6.32178,0,0,0,0,0,0.0330909,0,0,0.756867,0,0,0,0.326742,3.73612,0.216422,1.24653,0,0,0,0.00600519,0,0,0,0
"MtrElec",2,27,4,"",6.31895,0,0,0,0,0,0.0330909,0,0,0.756867,0,0,0,0.370307,3.71295,0.216422,1.22331,0,0,0,0.00600519,0,0,0,0
"MtrElec",2,27,5,"",6.18925,0,0,0,0,0,0.0330909,0,0,0.756867,0,0,0,0.457438,3.53507,0.216422,1.18436,0,0,0,0.00600519,0,0,0,0
"MtrElec",2,27,6,"",6.71405,0,0,0,0,0,0.0330909,0,0,0.756867,0,0,0,0.675266,3.83394,0.174079,1.21979,0,0,0,0.0210182,0,0,0,0
"MtrElec",2,27,7,"",6.88245,0,0,0,0,0,0.0330909,0,0,0.756867,0,0,0,0.914876,4.38022,0.164669,1.37141,0,0,0,0.0285247,0,0,0,-0.767212
"MtrElec",2,27,8,"",-1.17449,0,0,0,0.0264844,0,0.0330909,0,0,0.756867,0,0,0,0.893094,4.71807,0.159964,1.50737,0,0,0,0.0375325,0,0,0,-9.30695
"MtrElec",2,27,9,"",-9.34609,0,0,0,0.0264844,0,0.0330909,0,0,0.756867,0,0,0,0.740614,4.37381,0.155259,1.46345,1.26088,0,0.881806,0.0390338,0,0,0,-19.0774
"MtrElec",2,27,10,"",-17.1866,0,0,0,0.0264844,0,0.0330909,0,0,0.756867,0,0,0,0.6317,4.10194,0.131735,1.3616,1.21459,0.372449,0.881802,0.0330286,0,0,0,-26.7319
"MtrElec",2,27,11,"",-24.3959,0,0,0,0.0264844,0,0.0330909,0,0,0.756867,0,0,0,0.588135,4.14876,0.103506,1.33956,0,0.372447,0,0.0315273,0,0,0,-31.7963
"MtrElec",2,27,12,"",-26.3654,0,0,0,0.0264844,0,0.0330909,0,0,0.756867,0,0,0,0.544569,4.14876,0.0705724,1.36638,0,0,0.882056,0.0435377,0,0,0,-34.2377
"MtrElec",2,27,13,"",-26.8966,0,0,0,0.0264844,0,0.0330909,0,0,0.756867,0,0,0,0.457438,4.15675,0.0564579,1.41332,0,0.372554,0.412509,0.0525455,0,0,0,-34.6346
"MtrElec",2,27,14,"",-24.073,0,0,0,0.0264844,0,0.0330909,0,0,0.756867,0,0,0,0.457438,4.25201,0.0517531,1.39263,0,0.174231,1.3515,0.0480416,0,0,0,-32.617
"MtrElec",2,27,15,"",-20.0177,0,0,0,0.0264844,0,0.0330909,0,0,0.756867,0,0,0,0.457438,4.40654,0.0517531,1.41351,0,0.570831,0,0.0510442,0,0,0,-27.7853
"MtrElec",2,27,16,"",-12.6619,0,0,0,0.0264844,0,0.0330909,0,0,0.756867,0,0,0,0.566352,4.53808,0.0564579,1.43406,0,0,0,0.0780675,0,0,0,-20.1514
"MtrElec",2,27,17,"",-1.84795,0,0,0,0.0264844,0,0.0330909,0,0,0.756867,0,0,0,0.675266,5.13309,0.0893917,1.49057,0,0,0,0.172649,0,0,0,-10.2254
"MtrElec",2,27,18,"",8.62038,0,0,0,0.0264844,0,0.0330909,0,0,0.756867,0,0,0,0.958442,5.91861,0.174079,1.63555,0,0,0.463257,0.289751,0,0,0,-1.63575
"MtrElec",2,27,19,"",13.6597,0,0,0,0,0,0.0330909,0,0,0.756867,0,0,0,1.82975,6.45161,0.230537,1.76169,1.71125,0.195666,0.418981,0.270234,0,0,0,0
"MtrElec",2,27,20,"",13.2755,0,0,0,0,0,0.0330909,0,0,0.756867,0,0,0,2.54858,6.79154,0.305814,1.75273,0.762762,0.176965,0,0.147127,0,0,0,0
"MtrElec",2,27,21,"",12.5067,0,0,0,0,0,0.0330909,0,0,0.756867,0,0,0,2.46145,7.08512,0.428139,1.67897,0,0,0,0.0630545,0,0,0,0
"MtrElec",2,27,22,"",12.0483,0,0,0,0,0,0.0330909,0,0,0.756867,0,0,0,2.09115,7.03348,0.494007,1.60969,0,0,0,0.030026,0,0,0,0
"MtrElec",2,27,23,"",10.3519,0,0,0,0,0,0.0330909,0,0,0.756867,0,0,0,1.37231,6.23168,0.428139,1.51183,0,0,0,0.0180156,0,0,0,0
"MtrElec",2,27,24,"",8.68525,0,0,0,0,0,0.0330909,0,0,0.756867,0,0,0,0.849528,5.32468,0.296404,1.40967,0,0,0,0.015013,0,0,0,0
"MtrElec",2,28,1,"",7.20747,0,0,0,0,0,0.0330909,0,0,0.756867,0,0,0,0.501004,4.28302,0.216422,1.40957,0,0,0,0.00750649,0,0,0,0
"MtrElec",2,28,2,"",6.69946,0,0,0,0,0,0.0330909,0,0,0.756867,0,0,0,0.413873,3.93237,0.216422,1.34083,0,0,0,0.00600519,0,0,0,0
"MtrElec",2,28,3,"",6.36951,0,0,0,0,0,0.0330909,0,0,0.756867,0,0,0,0.326742,3.7235,0.211717,1.31309,0,0,0,0.0045039,0,0,0,0
"MtrElec",2,28,4,"",6.36531,0,0,0,0,0,0.0330909,0,0,0.756867,0,0,0,0.370307,3.71069,0.211717,1.27813,0,0,0,0.0045039,0,0,0,0
"MtrElec",2,28,5,"",6.22602,0,0,0,0,0,0.0330909,0,0,0.756867,0,0,0,0.457438,3.52244,0.216422,1.23526,0,0,0,0.0045039,0,0,0,0
"MtrElec",2,28,6,"",6.73013,0,0,0,0,0,0.0330909,0,0,0.756867,0,0,0,0.675266,3.82131,0.211717,1.22437,0,0,0,0.00750649,0,0,0,0
"MtrElec",2,28,7,"",7.76648,0,0,0,0,0,0.0330909,0,0,0.756867,0,1.09188,0,0.914876,4.30015,0.207012,1.25041,0,0,0,0.015013,0,0,0,-0.802818
"MtrElec",2,28,8,"",1.39961,0,0,0,0.0264844,0,0.0330909,0,0,0.756867,0,0,0,0.893094,4.62763,0.192898,1.35121,0,0,0,0.0405351,0,0,0,-6.5222
"MtrElec",2,28,9,"",-8.20028,0,0,0,0.0264844,0,0.0330909,0,0,0.756867,0,0,0,0.740614,4.35046,0.169374,1.52724,0,0,0,0.0720623,0,0,0,-15.8765
"MtrElec",2,28,10,"",-18.9771,0,0,0,0.0264844,0,0.0330909,0,0,0.756867,0,0,0,0.6317,4.18166,0.141145,1.49534,0,0,0.393765,0.0720623,0,0,0,-26.7092
"MtrElec",2,28,11,"",-22.8996,0,0,0,0.0264844,0,0.0330909,0,0,0.756867,0,0,0,0.588135,4.25166,0.112916,1.47558,0,0.166314,1.7972,0.0690597,0,0,0,-32.1769
"MtrElec",2,28,12,"",-25.6517,0,0,0,0.0264844,0,0.0330909,0,0,0.756867,0,0,0,0.544569,4.18231,0.0752772,1.5111,1.15919,0.759082,0.455059,0.0825714,0,0,0,-35.2373
"MtrElec",2,28,13,"",-26.6789,0,0,0,0.0264844,0,0.0330909,0,0,0.756867,0,0,0,0.457438,4.14395,0.0564579,1.54509,1.31657,0.192203,0,0.0945818,0,0,0,-35.3017
"MtrElec",2,28,14,"",-25.3701,0,0,0,0.0264844,0,0.0330909,0,0,0.756867,0,0,0,0.457438,4.27292,0.0517531,1.56573,0,0,0,0.0885766,0,0,0,-32.623
"MtrElec",2,28,15,"",-19.8674,0,0,0,0.0264844,0,0.0330909,0,0,0.756867,0,0,0,0.457438,4.48661,0.0517531,1.54591,0,0,0,0.0930805,0,0,0,-27.3186
"MtrElec",2,28,16,"",-11.8198,0,0,0,0.0264844,0,0.0330909,0,0,0.756867,0,0,0,0.566352,4.72121,0.0564579,1.58052,0,0,0,0.102088,0,0,0,-19.6628
"MtrElec",2,28,17,"",-1.30231,0,0,0,0.0264844,0,0.0330909,0,0,0.756867,0,0,0,0.675266,5.30586,0.0893917,1.5618,0,0,0,0.136618,0,0,0,-9.88769
"MtrElec",2,28,18,"",9.08983,0,0,0,0,0,0.0330909,0,0,0.756867,0,0,0,0.958442,5.98814,0.178783,1.65379,0,0,0.882206,0.208681,0,0,0,-1.57017
"MtrElec",2,28,19,"",12.0286,0,0,0,0,0,0.0330909,0,0,0.756867,0,0,0,1.82975,6.44107,0.225832,1.76679,0,0.372617,0.408911,0.193668,0,0,0,0
"MtrElec",2,28,20,"",12.8104,0,0,0,0,0,0.0330909,0,0,0.756867,0,0,0,2.54858,6.7011,0.28229,1.73453,0,0.172712,0.473138,0.108094,0,0,0,0
"MtrElec",2,28,21,"",12.5276,0,0,0,0,0,0.0330909,0,0,0.756867,0,0,0,2.46145,6.94833,0.390501,1.68946,0,0.199839,0,0.0480416,0,0,0,0
"MtrElec",2,28,22,"",11.8677,0,0,0,0,0,0.0330909,0,0,0.756867,0,0,0,2.09115,6.88632,0.461073,1.61817,0,0,0,0.0210182,0,0,0,0
"MtrElec",2,28,23,"",10.2216,0,0,0,0,0,0.0330909,0,0,0.756867,0,0,0,1.37231,6.15179,0.39991,1.49409,0,0,0,0.0135117,0,0,0,0
"MtrElec",2,28,24,"",8.66067,0,0,0,0,0,0.0330909,0,0,0.756867,0,0,0,0.849528,5.23928,0.277585,1.49681,0,0,0,0.00750649,0,0,0,0
"MtrElec",3,1,1,"",6.95442,0,0,0,0,0,0.0330909,0,0,0.756867,0,0,0,0.460382,4.11191,0.198874,1.38573,0,0,0,0.00756993,0,0,0,0
"MtrElec",3,1,2,"",6.4676,0,0,0,0,0,0.0330909,0,0,0.756867,0,0,0,0.380315,3.7734,0.198874,1.319,0,0,0,0.00605594,0,0,0,0
"MtrElec",3,1,3,"",6.15121,0,0,0,0,0,0.0330909,0,0,0.756867,0,0,0,0.300249,3.56972,0.194551,1.29218,0,0,0,0.00454196,0,0,0,0
"MtrElec",3,1,4,"",6.14638,0,0,0,0,0,0.0330909,0,0,0.756867,0,0,0,0.340282,3.55802,0.194551,1.25902,0,0,0,0.00454196,0,0,0,0
"MtrElec",3,1,5,"",6.01014,0,0,0,0,0,0.0330909,0,0,0.756867,0,0,0,0.420349,3.38034,0.198874,1.21607,0,0,0,0.00454196,0,0,0,0
"MtrElec",3,1,6,"",6.47656,0,0,0,0,0,0.0330909,0,0,0.756867,0,0,0,0.620514,3.65608,0.194551,1.20789,0,0,0,0.00756993,0,0,0,0
"MtrElec",3,1,7,"",7.17113,0,0,0,0,0,0.0330909,0,0,0.756867,0,0,0,0.840697,4.09962,0.190228,1.23548,0,0,0,0.0151399,0,0,0,0
"MtrElec",3,1,8,"",5.73039,0,0,0,0,0,0.0330909,0,0,0.756867,0,0,0,0.82068,4.41507,0.177258,1.34059,0,0,0,0.0408776,0,0,0,-1.85405
"MtrElec",3,1,9,"",-3.69341,0,0,0,0.0264844,0,0.0330909,0,0,0.756867,0,0,0,0.680564,4.1796,0.155641,1.52149,0,0,0,0.0726713,0,0,0,-11.1198
"MtrElec",3,1,10,"",-6.33149,0,0,0,0.0264844,0,0.0330909,0,0,0.756867,0,0,0,0.580481,4.04127,0.129701,1.4872,0,0,0.393765,0.0726713,0,0,0,-13.853
"MtrElec",3,1,11,"",-8.86707,0,0,0,0.0264844,0,0.0330909,0,0,0.756867,0,0,0,0.540448,4.10603,0.10376,1.46437,0,0.166314,2.04847,0.0696433,0,0,0,-18.1826
"MtrElec",3,1,12,"",-11.8596,0,0,0,0.0264844,0,0.0330909,0,0,0.756867,0,0,0,0.500415,4.03629,0.0691737,1.49598,0,0.865211,1.51985,0.0832692,0,0,0,-21.2462
"MtrElec",3,1,13,"",-6.18014,0,0,0,0.0264844,0,0.0330909,0,0,0.756867,0,0,0,0.420349,4.0039,0.0518802,1.52952,0,0.64194,0.448594,0.0953811,0,0,0,-14.1881
"MtrElec",3,1,14,"",-2.51998,0,0,0,0.0264844,0,0.0330909,0,0,0.756867,0,0,0,0.420349,4.12704,0.0475569,1.55097,0,0.189473,0.88202,0.0893252,0,0,0,-10.6432
"MtrElec",3,1,15,"",1.30349,0,0,0,0.0264844,0,0.0330909,0,0,0.756867,0,0,0,0.420349,4.32869,0.0475569,1.52831,0,0.372539,0,0.0938671,0,0,0,-6.30426
"MtrElec",3,1,16,"",8.16267,0,0,0,0,0,0.0330909,0,0,0.756867,0,0,0,0.520432,4.55248,0.0518802,1.56117,0,0,0.88198,0.102951,0,0,0,-0.298185
"MtrElec",3,1,17,"",6.85286,0,0,0,0,0,0.0330909,0,0,0.756867,0,0,0,0.620514,5.0961,0.0821437,1.52477,0,0.372522,0,0.137773,0,0,0,-1.77092
"MtrElec",3,1,18,"",10.6978,0,0,0,0,0,0.0330909,0,0,0.756867,0,0,0,0.88073,5.72665,0.164287,1.6138,0,0,1.76441,0.210444,0,0,0,-0.452438
"MtrElec",3,1,19,"",12.3271,0,0,0,0,0,0.0330909,0,0,0.756867,0,0,0,1.68139,6.15064,0.207521,1.73919,0,0.745235,0.817822,0.195304,0,0,0,0
"MtrElec",3,1,20,"",12.8963,0,0,0,0,0,0.0330909,0,0,0.756867,0,0,0,2.34194,6.3984,0.259401,1.70592,0,0.345423,0.946276,0.109007,0,0,0,0
"MtrElec",3,1,21,"",12.1533,0,0,0,0,0,0.0330909,0,0,0.756867,0,0,0,2.26188,6.63446,0.358838,1.66003,0,0.399679,0,0.0484475,0,0,0,0
"MtrElec",3,1,22,"",11.331,0,0,0,0,0,0.0330909,0,0,0.756867,0,0,0,1.92159,6.58343,0.423689,1.59115,0,0,0,0.0211958,0,0,0,0
"MtrElec",3,1,23,"",9.78416,0,0,0,0,0,0.0330909,0,0,0.756867,0,0,0,1.26105,5.89452,0.367485,1.45753,0,0,0,0.0136259,0,0,0,0
"MtrElec",3,1,24,"",8.32638,0,0,0,0,0,0.0330909,0,0,0.756867,0,0,0,0.780647,5.01889,0.255078,1.47423,0,0,0,0.00756993,0,0,0,0
"MtrElec",3,2,1,"",6.86952,0,0,0,0,0,0.0330909,0,0,0.756867,0,0,0,0.460382,4.10055,0.198874,1.31219,0,0,0,0.00756993,0,0,0,0
"MtrElec",3,2,2,"",6.38221,0,0,0,0,0,0.0330909,0,0,0.756867,0,0,0,0.380315,3.72819,0.198874,1.27882,0,0,0,0.00605594,0,0,0,0
"MtrElec",3,2,3,"",6.11013,0,0,0,0,0,0.0330909,0,0,0.756867,0,0,0,0.300249,3.58199,0.198874,1.233,0,0,0,0.00605594,0,0,0,0
"MtrElec",3,2,4,"",6.10586,0,0,0,0,0,0.0330909,0,0,0.756867,0,0,0,0.340282,3.55893,0.198874,1.21175,0,0,0,0.00605594,0,0,0,0
"MtrElec",3,2,5,"",5.98106,0,0,0,0,0,0.0330909,0,0,0.756867,0,0,0,0.420349,3.39261,0.198874,1.17321,0,0,0,0.00605594,0,0,0,0
"MtrElec",3,2,6,"",6.46863,0,0,0,0,0,0.0330909,0,0,0.756867,0,0,0,0.620514,3.66835,0.159964,1.20864,0,0,0,0.0211958,0,0,0,0
"MtrElec",3,2,7,"",7.35431,0,0,0,0,0,0.0330909,0,0,0.756867,0,0,0,0.840697,4.17958,0.151317,1.36399,0,0,0,0.0287657,0,0,0,0
"MtrElec",3,2,8,"",5.71143,0,0,0,0,0,0.0330909,0,0,0.756867,0,0,0,0.82068,4.50639,0.146994,1.50235,0,0,0,0.0378496,0,0,0,-2.0928
"MtrElec",3,2,9,"",0.652,0,0,0,0.0264844,0,0.0330909,0,0,0.756867,0,0,0,0.680564,4.20209,0.142671,1.45485,0,0,0,0.0393636,0,0,0,-6.68398
"MtrElec",3,2,10,"",-0.444458,0,0,0,0.0264844,0,0.0330909,0,0,0.756867,0,0,0,0.580481,3.96017,0.121054,1.34008,0,0,0.476651,0.0333077,0,0,0,-7.77264
"MtrElec",3,2,11,"",-6.92457,0,0,0,0.0264844,0,0.0330909,0,0,0.756867,0,0,0,0.540448,4.00187,0.0951138,1.30434,0,0.201323,0.405362,0.0317937,0,0,0,-14.3213
"MtrElec",3,2,12,"",-12.6911,0,0,0,0.0264844,0,0.0330909,0,0,0.756867,0,0,0,0.500415,4.00187,0.0648503,1.32288,0,0.171213,0,0.0439056,0,0,0,-19.6126
"MtrElec",3,2,13,"",-15.8786,0,0,0,0.0264844,0,0.0330909,0,0,0.756867,0,0,0,0.420349,4.0156,0.0518802,1.37146,0,0,0.285975,0.0529895,0,0,0,-22.8933
"MtrElec",3,2,14,"",-14.1735,0,0,0,0.0264844,0,0.0330909,0,0,0.756867,0,0,0,0.420349,4.10489,0.0475569,1.34364,0,0.120787,0.596301,0.0484475,0,0,0,-21.6719
"MtrElec",3,2,15,"",-12.8263,0,0,0,0.0264844,0,0.0330909,0,0,0.756867,0,0,0,0.420349,4.24872,0.0475569,1.37264,0,0.25186,0,0.0514755,0,0,0,-20.0353
"MtrElec",3,2,16,"",-8.08687,0,0,0,0.0264844,0,0.0330909,0,0,0.756867,0,0,0,0.520432,4.36893,0.0518802,1.38931,1.26327,0,0,0.0787273,0,0,0,-16.5759
"MtrElec",3,2,17,"",1.12318,0,0,0,0.0264844,0,0.0330909,0,0,0.756867,0,0,0,0.620514,4.92391,0.0821437,1.43268,1.74273,0,0,0.174108,0,0,0,-8.66935
"MtrElec",3,2,18,"",9.98859,0,0,0,0.0264844,0,0.0330909,0,0,0.756867,0,0,0,0.88073,5.65748,0.159964,1.57679,1.9438,0,0,0.292199,0,0,0,-1.33882
"MtrElec",3,2,19,"",10.8282,0,0,0,0,0,0.0330909,0,0,0.756867,0,0,0,1.68139,6.16143,0.211844,1.71107,0,0,0,0.272517,0,0,0,0
"MtrElec",3,2,20,"",11.7636,0,0,0,0,0,0.0330909,0,0,0.756867,0,0,0,2.34194,6.48972,0.281018,1.71259,0,0,0,0.148371,0,0,0,0
"MtrElec",3,2,21,"",11.9123,0,0,0,0,0,0.0330909,0,0,0.756867,0,0,0,2.26188,6.7719,0.393425,1.63155,0,0,0,0.0635874,0,0,0,0
"MtrElec",3,2,22,"",11.4836,0,0,0,0,0,0.0330909,0,0,0.756867,0,0,0,1.92159,6.73222,0.453952,1.55561,0,0,0,0.0302797,0,0,0,0
"MtrElec",3,2,23,"",10.1183,0,0,0,0,0,0.0330909,0,0,0.756867,0,0,0,1.26105,5.97505,0.393425,1.45566,0,0,0.225027,0.0181678,0,0,0,0
"MtrElec",3,2,24,"",9.06183,0,0,0,0,0,0.0330909,0,0,0.756867,0,0,0,0.780647,5.1101,0.272371,1.34169,0,0.0950445,0.656879,0.0151399,0,0,0,0
"MtrElec",3,3,1,"",7.15076,0,0,0,0,0,0.0330909,0,0,0.756867,0,0,0,0.460382,4.10055,0.198874,1.31598,0,0.277446,0,0.00756993,0,0,0,0
"MtrElec",3,3,2,"",6.38622,0,0,0,0,0,0.0330909,0,0,0.756867,0,0,0,0.380315,3.72819,0.198874,1.28282,0,0,0,0.00605594,0,0,0,0
"MtrElec",3,3,3,"",6.1139,0,0,0,0,0,0.0330909,0,0,0.756867,0,0,0,0.300249,3.58199,0.198874,1.23678,0,0,0,0.00605594,0,0,0,0
"MtrElec",3,3,4,"",6.10901,0,0,0,0,0,0.0330909,0,0,0.756867,0,0,0,0.340282,3.55893,0.198874,1.2149,0,0,0,0.00605594,0,0,0,0
"MtrElec",3,3,5,"",5.984,0,0,0,0,0,0.0330909,0,0,0.756867,0,0,0,0.420349,3.39261,0.198874,1.17615,0,0,0,0.00605594,0,0,0,0
"MtrElec",3,3,6,"",6.47133,0,0,0,0,0,0.0330909,0,0,0.756867,0,0,0,0.620514,3.66835,0.159964,1.21135,0,0,0,0.0211958,0,0,0,0
"MtrElec",3,3,7,"",7.09599,0,0,0,0,0,0.0330909,0,0,0.756867,0,0,0,0.840697,4.17958,0.151317,1.36539,0,0,0,0.0287657,0,0,0,-0.259719
"MtrElec",3,3,8,"",3.45129,0,0,0,0,0,0.0330909,0,0,0.756867,0,0,0,0.82068,4.50639,0.146994,1.50268,0,0,0,0.0378496,0,0,0,-4.35327
"MtrElec",3,3,9,"",-8.39442,0,0,0,0.0264844,0,0.0330909,0,0,0.756867,0,0,0,0.680564,4.20209,0.142671,1.45516,0,0,0,0.0393636,0,0,0,-15.7307
"MtrElec",3,3,10,"",-12.5087,0,0,0,0.0264844,0,0.0330909,0,0,0.756867,0,0,0,0.580481,3.96017,0.121054,1.34324,0.484958,0,0.882232,0.0333077,0,0,0,-20.7306
"MtrElec",3,3,11,"",-18.0346,0,0,0,0.0264844,0,0.0330909,0,0,0.756867,0,0,0,0.540448,4.00187,0.0951138,1.31421,1.69357,0.372628,0,0.0317937,0,0,0,-26.9007
"MtrElec",3,3,12,"",-23.2036,0,0,0,0.0264844,0,0.0330909,0,0,0.756867,0,0,0,0.500415,4.00187,0.0648503,1.33928,0.296245,0,0,0.0439056,0,0,0,-30.2666
"MtrElec",3,3,13,"",-26.4978,0,0,0,0.0264844,0,0.0330909,0,0,0.756867,0,0,0,0.420349,4.0156,0.0518802,1.38674,0,0,0,0.0529895,0,0,0,-33.2418
"MtrElec",3,3,14,"",-18.5096,0,0,0,0.0264844,0,0.0330909,0,0,0.756867,0,0,0,0.420349,4.10489,0.0475569,1.35951,0,0,0.400627,0.0484475,0,0,0,-25.7074
"MtrElec",3,3,15,"",-14.2317,0,0,0,0.0264844,0,0.0330909,0,0,0.756867,0,0,0,0.420349,4.24872,0.0475569,1.38431,0,0.169213,0.818117,0.0514755,0,0,0,-22.1879
"MtrElec",3,3,16,"",-5.79659,0,0,0,0.0264844,0,0.0330909,0,0,0.756867,0,0,0,0.520432,4.36893,0.0518802,1.40086,0,0.345548,1.4272,0.0787273,0,0,0,-14.8066
"MtrElec",3,3,17,"",3.01667,0,0,0,0.0264844,0,0.0330909,0,0,0.756867,0,0,0,0.620514,4.92391,0.0821437,1.44716,0,0.602807,0.881924,0.174108,0,0,0,-6.53234
"MtrElec",3,3,18,"",9.74119,0,0,0,0,0,0.0330909,0,0,0.756867,0,0,0,0.88073,5.65748,0.159964,1.59016,0,0.372498,0.882049,0.292199,0,0,0,-0.883851
"MtrElec",3,3,19,"",11.2105,0,0,0,0,0,0.0330909,0,0,0.756867,0,0,0,1.68139,6.16143,0.211844,1.72078,0,0.372551,0,0.272517,0,0,0,0
"MtrElec",3,3,20,"",11.7705,0,0,0,0,0,0.0330909,0,0,0.756867,0,0,0,2.34194,6.48972,0.281018,1.71947,0,0,0,0.148371,0,0,0,0
"MtrElec",3,3,21,"",11.9196,0,0,0,0,0,0.0330909,0,0,0.756867,0,0,0,2.26188,6.7719,0.393425,1.63881,0,0,0,0.0635874,0,0,0,0
"MtrElec",3,3,22,"",14.9794,0,0,0,0,0,0.0330909,0,0,0.756867,0,0,0,1.92159,6.73222,0.453952,1.56362,2.47431,0,1.01342,0.0302797,0,0,0,0
"MtrElec",3,3,23,"",10.7879,0,0,0,0,0,0.0330909,0,0,0.756867,0,0,0,1.26105,5.97505,0.393425,1.46619,0,0.428039,0.456043,0.0181678,0,0,0,0
"MtrElec",3,3,24,"",8.81245,0,0,0,0,0,0.0330909,0,0,0.756867,0,0,0,0.780647,5.1101,0.272371,1.35672,0,0.192619,0.294889,0.0151399,0,0,0,0
"MtrElec",3,4,1,"",7.01044,0,0,0,0,0,0.0330909,0,0,0.756867,0,0,0,0.460382,4.10055,0.198874,1.32856,0,0.124552,0,0.00756993,0,0,0,0
"MtrElec",3,4,2,"",6.39667,0,0,0,0,0,0.0330909,0,0,0.756867,0,0,0,0.380315,3.72819,0.198874,1.29327,0,0,0,0.00605594,0,0,0,0
"MtrElec",3,4,3,"",6.12515,0,0,0,0,0,0.0330909,0,0,0.756867,0,0,0,0.300249,3.58199,0.198874,1.24802,0,0,0,0.00605594,0,0,0,0
"MtrElec",3,4,4,"",6.12108,0,0,0,0,0,0.0330909,0,0,0.756867,0,0,0,0.340282,3.55893,0.198874,1.22697,0,0,0,0.00605594,0,0,0,0
"MtrElec",3,4,5,"",5.99857,0,0,0,0,0,0.0330909,0,0,0.756867,0,0,0,0.420349,3.39261,0.198874,1.19072,0,0,0,0.00605594,0,0,0,0
"MtrElec",3,4,6,"",6.4902,0,0,0,0,0,0.0330909,0,0,0.756867,0,0,0,0.620514,3.66835,0.159964,1.23021,0,0,0,0.0211958,0,0,0,0
"MtrElec",3,4,7,"",7.29779,0,0,0,0,0,0.0330909,0,0,0.756867,0,0,0,0.840697,4.17958,0.151317,1.38228,0,0,0.882236,0.0287657,0,0,0,-0.957045
"MtrElec",3,4,8,"",3.60989,0,0,0,0.0264844,0,0.0330909,0,0,0.756867,0,0,0,0.82068,4.50639,0.146994,1.51754,0,0.37263,0,0.0378496,0,0,0,-4.60864
"MtrElec",3,4,9,"",-0.680047,0,0,0,0.0264844,0,0.0330909,0,0,0.756867,0,0,0,0.680564,4.20209,0.142671,1.4739,0,0,0,0.0393636,0,0,0,-8.03507
"MtrElec",3,4,10,"",-9.1101,0,0,0,0.0264844,0,0.0330909,0,0,0.756867,0,0,0,0.580481,3.96017,0.121054,1.36443,0,0,0.882232,0.0333077,0,0,0,-16.8682
"MtrElec",3,4,11,"",-22.3586,0,0,0,0.0264844,0,0.0330909,0,0,0.756867,0,0,0,0.540448,4.00187,0.0951138,1.33077,0,0.372628,0,0.0317937,0,0,0,-29.5477
"MtrElec",3,4,12,"",-24.2104,0,0,0,0.0264844,0,0.0330909,0,0,0.756867,0,0,0,0.500415,4.00187,0.0648503,1.35299,0,0,0,0.0439056,0,0,0,-30.9909
"MtrElec",3,4,13,"",-22.1506,0,0,0,0.0264844,0,0.0330909,0,0,0.756867,0,0,0,0.420349,4.0156,0.0518802,1.39956,0,0,0.285975,0.0529895,0,0,0,-29.1934
"MtrElec",3,4,14,"",-24.8943,0,0,0,0.0264844,0,0.0330909,0,0,0.756867,0,0,0,0.420349,4.10489,0.0475569,1.37484,0,0.120787,0.596301,0.0484475,0,0,0,-32.4239
"MtrElec",3,4,15,"",-18.9564,0,0,0,0.0264844,0,0.0330909,0,0,0.756867,0,0,0,0.420349,4.24872,0.0475569,1.39832,0,0.25186,1.11292,0.0514755,0,0,0,-27.304
"MtrElec",3,4,16,"",-10.3276,0,0,0,0.0264844,0,0.0330909,0,0,0.756867,0,0,0,0.520432,4.36893,0.0518802,1.41841,0,0.470063,1.53281,0.0787273,0,0,0,-19.5853
"MtrElec",3,4,17,"",1.38128,0,0,0,0.0264844,0,0.0330909,0,0,0.756867,0,0,0,0.620514,4.92391,0.0821437,1.4738,0,0.647412,0,0.174108,0,0,0,-7.35705
"MtrElec",3,4,18,"",8.35059,0,0,0,0.0264844,0,0.0330909,0,0,0.756867,0,0,0,0.88073,5.65748,0.159964,1.6188,0,0,0,0.292199,0,0,0,-1.07503
"MtrElec",3,4,19,"",11.744,0,0,0,0,0,0.0330909,0,0,0.756867,0,0,0,1.68139,6.16143,0.211844,1.74488,0,0,0.881967,0.272517,0,0,0,0
"MtrElec",3,4,20,"",12.1621,0,0,0,0,0,0.0330909,0,0,0.756867,0,0,0,2.34194,6.48972,0.281018,1.73856,0,0.372517,0,0.148371,0,0,0,0
"MtrElec",3,4,21,"",11.9426,0,0,0,0,0,0.0330909,0,0,0.756867,0,0,0,2.26188,6.7719,0.393425,1.66183,0,0,0,0.0635874,0,0,0,0
"MtrElec",3,4,22,"",11.6794,0,0,0,0,0,0.0330909,0,0,0.756867,0,0,0,1.92159,6.73222,0.453952,1.58958,0,0,0.161806,0.0302797,0,0,0,0
"MtrElec",3,4,23,"",10.4224,0,0,0,0,0,0.0330909,0,0,0.756867,0,0,0,1.26105,5.97505,0.393425,1.49084,0,0.0683418,0.425533,0.0181678,0,0,0,0
"MtrElec",3,4,24,"",8.82865,0,0,0,0,0,0.0330909,0,0,0.756867,0,0,0,0.780647,5.1101,0.272371,1.38581,0,0.179732,0.294889,0.0151399,0,0,0,0
"MtrElec",3,5,1,"",7.03639,0,0,0,0,0,0.0330909,0,0,0.756867,0,0,0,0.460382,4.10055,0.198874,1.35451,0,0.124552,0,0.00756993,0,0,0,0
"MtrElec",3,5,2,"",6.41978,0,0,0,0,0,0.0330909,0,0,0.756867,0,0,0,0.380315,3.72819,0.198874,1.31638,0,0,0,0.00605594,0,0,0,0
"MtrElec",3,5,3,"",6.149,0,0,0,0,0,0.0330909,0,0,0.756867,0,0,0,0.300249,3.58199,0.198874,1.27188,0,0,0,0.00605594,0,0,0,0
"MtrElec",3,5,4,"",6.14471,0,0,0,0,0,0.0330909,0,0,0.756867,0,0,0,0.340282,3.55893,0.198874,1.25061,0,0,0,0.00605594,0,0,0,0
"MtrElec",3,5,5,"",6.02522,0,0,0,0,0,0.0330909,0,0,0.756867,0,0,0,0.420349,3.39261,0.198874,1.21737,0,0,0,0.00605594,0,0,0,0
"MtrElec",3,5,6,"",6.52246,0,0,0,0,0,0.0330909,0,0,0.756867,0,0,0,0.620514,3.66835,0.159964,1.26248,0,0,0,0.0211958,0,0,0,0
"MtrElec",3,5,7,"",6.02796,0,0,0,0,0,0.0330909,0,0,0.756867,0,0,0,0.840697,4.17958,0.151317,1.40894,0,0,0,0.0287657,0,0,0,-1.3713
"MtrElec",3,5,8,"",-0.272329,0,0,0,0.0264844,0,0.0330909,0,0,0.756867,0,0,0,0.82068,4.50639,0.146994,1.53275,0,0,0,0.0378496,0,0,0,-8.13344
"MtrElec",3,5,9,"",-10.8813,0,0,0,0.0264844,0,0.0330909,0,0,0.756867,0,0,0,0.680564,4.20209,0.142671,1.48794,0,0,0.781178,0.0393636,0,0,0,-19.0315
"MtrElec",3,5,10,"",-17.8124,0,0,0,0.0264844,0,0.0330909,0,0,0.756867,0,0,0,0.580481,3.96017,0.121054,1.38699,0,0.329946,1.86493,0.0333077,0,0,0,-26.9057
"MtrElec",3,5,11,"",-24.6979,0,0,0,0.0264844,0,0.0330909,0,0,0.756867,0,0,0,0.540448,4.00187,0.0951138,1.35722,0,0.787689,0,0.0317937,0,0,0,-32.3285
"MtrElec",3,5,12,"",-28.5767,0,0,0,0.0264844,0,0.0330909,0,0,0.756867,0,0,0,0.500415,4.00187,0.0648503,1.3774,0,0,0,0.0439056,0,0,0,-35.3815
"MtrElec",3,5,13,"",-26.922,0,0,0,0.0264844,0,0.0330909,0,0,0.756867,0,0,0,0.420349,4.0156,0.0518802,1.41536,1.41802,0,0.285975,0.0529895,0,0,0,-35.3986
"MtrElec",3,5,14,"",-22.6113,0,0,0,0.0264844,0,0.0330909,0,0,0.756867,0,0,0,0.420349,4.10489,0.0475569,1.38758,1.0564,0.120787,0.596301,0.0484475,0,0,0,-31.2101
"MtrElec",3,5,15,"",-13.7479,0,0,0,0.0264844,0,0.0330909,0,0,0.756867,0,0,0,0.420349,4.24872,0.0475569,1.40585,0,0.25186,0,0.0514755,0,0,0,-20.9901
"MtrElec",3,5,16,"",-8.28808,0,0,0,0.0264844,0,0.0330909,0,0,0.756867,0,0,0,0.520432,4.36893,0.0518802,1.41808,0,0,0,0.0787273,0,0,0,-15.5426
"MtrElec",3,5,17,"",0.508615,0,0,0,0.0264844,0,0.0330909,0,0,0.756867,0,0,0,0.620514,4.92391,0.0821437,1.45706,0,0,0,0.174108,0,0,0,-7.56556
"MtrElec",3,5,18,"",8.40843,0,0,0,0,0,0.0330909,0,0,0.756867,0,0,0,0.88073,5.65748,0.159964,1.59122,0,0,0,0.292199,0,0,0,-0.963122
"MtrElec",3,5,19,"",10.8316,0,0,0,0,0,0.0330909,0,0,0.756867,0,0,0,1.68139,6.16143,0.211844,1.7145,0,0,0,0.272517,0,0,0,0
"MtrElec",3,5,20,"",11.7628,0,0,0,0,0,0.0330909,0,0,0.756867,0,0,0,2.34194,6.48972,0.281018,1.71177,0,0,0,0.148371,0,0,0,0
"MtrElec",3,5,21,"",11.9097,0,0,0,0,0,0.0330909,0,0,0.756867,0,0,0,2.26188,6.7719,0.393425,1.629,0,0,0,0.0635874,0,0,0,0
"MtrElec",3,5,22,"",12.7444,0,0,0,0,0,0.0330909,0,0,0.756867,0,0,0,1.92159,6.73222,0.453952,1.54716,1.26921,0,0,0.0302797,0,0,0,0
"MtrElec",3,5,23,"",11.0846,0,0,0,0,0,0.0330909,0,0,0.756867,0,0,0,1.26105,5.97505,0.393425,1.44065,1.20634,0,0,0.0181678,0,0,0,0
"MtrElec",3,5,24,"",8.28746,0,0,0,0,0,0.0330909,0,0,0.756867,0,0,0,0.780647,5.1101,0.272371,1.31924,0,0,0,0.0151399,0,0,0,0
"MtrElec",3,6,1,"",6.86074,0,0,0,0,0,0.0330909,0,0,0.756867,0,0,0,0.460382,4.10055,0.198874,1.30341,0,0,0,0.00756993,0,0,0,0
"MtrElec",3,6,2,"",6.3816,0,0,0,0,0,0.0330909,0,0,0.756867,0,0,0,0.380315,3.72819,0.198874,1.2782,0,0,0,0.00605594,0,0,0,0
"MtrElec",3,6,3,"",6.11339,0,0,0,0,0,0.0330909,0,0,0.756867,0,0,0,0.300249,3.58199,0.198874,1.23626,0,0,0,0.00605594,0,0,0,0
"MtrElec",3,6,4,"",6.11188,0,0,0,0,0,0.0330909,0,0,0.756867,0,0,0,0.340282,3.55893,0.198874,1.21778,0,0,0,0.00605594,0,0,0,0
"MtrElec",3,6,5,"",5.9905,0,0,0,0,0,0.0330909,0,0,0.756867,0,0,0,0.420349,3.39261,0.198874,1.18265,0,0,0,0.00605594,0,0,0,0
"MtrElec",3,6,6,"",6.48307,0,0,0,0,0,0.0330909,0,0,0.756867,0,0,0,0.620514,3.66835,0.159964,1.22308,0,0,0,0.0211958,0,0,0,0
"MtrElec",3,6,7,"",7.04706,0,0,0,0,0,0.0330909,0,0,0.756867,0,0,0,0.840697,4.17958,0.151317,1.37839,0,0,0.882236,0.0287657,0,0,0,-1.20388
"MtrElec",3,6,8,"",5.20552,0,0,0,0,0,0.0330909,0,0,0.756867,0,0,0,0.82068,4.50639,0.146994,1.51102,0,0.37263,0,0.0378496,0,0,0,-2.98001
"MtrElec",3,6,9,"",2.56562,0,0,0,0.0264844,0,0.0330909,0,0,0.756867,0,0,0,0.680564,4.20209,0.142671,1.46265,0,0,0,0.0393636,0,0,0,-4.77816
"MtrElec",3,6,10,"",-14.2258,0,0,0,0.0264844,0,0.0330909,0,0,0.756867,0,0,0,0.580481,3.96017,0.121054,1.3488,0,0,0,0.0333077,0,0,0,-21.0861
"MtrElec",3,6,11,"",-24.4084,0,0,0,0.0264844,0,0.0330909,0,0,0.756867,0,0,0,0.540448,4.00187,0.0951138,1.31754,0,0,0,0.0317937,0,0,0,-31.2116
"MtrElec",3,6,12,"",-26.0274,0,0,0,0.0264844,0,0.0330909,0,0,0.756867,0,0,0,0.500415,4.00187,0.0648503,1.34455,0,0,0.882056,0.0439056,0,0,0,-33.6815
"MtrElec",3,6,13,"",-26.5633,0,0,0,0.0264844,0,0.0330909,0,0,0.756867,0,0,0,0.420349,4.0156,0.0518802,1.39624,0,0.372554,0,0.0529895,0,0,0,-33.6894
"MtrElec",3,6,14,"",-24.8718,0,0,0,0.0264844,0,0.0330909,0,0,0.756867,0,0,0,0.420349,4.10489,0.0475569,1.37448,0,0,0,0.0484475,0,0,0,-31.684
"MtrElec",3,6,15,"",-19.3366,0,0,0,0.0264844,0,0.0330909,0,0,0.756867,0,0,0,0.420349,4.24872,0.0475569,1.39855,0,0,0.43918,0.0514755,0,0,0,-26.7588
"MtrElec",3,6,16,"",-11.2405,0,0,0,0.0264844,0,0.0330909,0,0,0.756867,0,0,0,0.520432,4.36893,0.0518802,1.41827,0,0.185496,0.442728,0.0787273,0,0,0,-19.1234
"MtrElec",3,6,17,"",-1.40836,0,0,0,0.0264844,0,0.0330909,0,0,0.756867,0,0,0,0.620514,4.92391,0.0821437,1.47368,0,0.186995,0,0.174108,0,0,0,-9.68615
"MtrElec",3,6,18,"",7.84649,0,0,0,0.0264844,0,0.0330909,0,0,0.756867,0,0,0,0.88073,5.65748,0.159964,1.6193,0,0,0,0.292199,0,0,0,-1.57962
"MtrElec",3,6,19,"",11.7433,0,0,0,0,0,0.0330909,0,0,0.756867,0,0,0,1.68139,6.16143,0.211844,1.74424,0,0,0.881967,0.272517,0,0,0,0
"MtrElec",3,6,20,"",12.1609,0,0,0,0,0,0.0330909,0,0,0.756867,0,0,0,2.34194,6.48972,0.281018,1.73738,0,0.372517,0,0.148371,0,0,0,0
"MtrElec",3,6,21,"",11.9378,0,0,0,0,0,0.0330909,0,0,0.756867,0,0,0,2.26188,6.7719,0.393425,1.65709,0,0,0,0.0635874,0,0,0,0
"MtrElec",3,6,22,"",12.3896,0,0,0,0,0,0.0330909,0,0,0.756867,0,0,0,1.92159,6.73222,0.453952,1.57936,0,0,0.882198,0.0302797,0,0,0,0
"MtrElec",3,6,23,"",10.2899,0,0,0,0,0,0.0330909,0,0,0.756867,0,0,0,1.26105,5.97505,0.393425,1.47967,0,0.372614,0,0.0181678,0,0,0,0
"MtrElec",3,6,24,"",8.34028,0,0,0,0,0,0.0330909,0,0,0.756867,0,0,0,0.780647,5.1101,0.272371,1.37206,0,0,0,0.0151399,0,0,0,0
"MtrElec",3,7,1,"",6.95569,0,0,0,0,0,0.0330909,0,0,0.756867,0,0,0,0.460382,4.11191,0.198874,1.387,0,0,0,0.00756993,0,0,0,0
"MtrElec",3,7,2,"",6.4744,0,0,0,0,0,0.0330909,0,0,0.756867,0,0,0,0.380315,3.7734,0.198874,1.3258,0,0,0,0.00605594,0,0,0,0
"MtrElec",3,7,3,"",6.16147,0,0,0,0,0,0.0330909,0,0,0.756867,0,0,0,0.300249,3.56972,0.194551,1.30245,0,0,0,0.00454196,0,0,0,0
"MtrElec",3,7,4,"",6.15922,0,0,0,0,0,0.0330909,0,0,0.756867,0,0,0,0.340282,3.55802,0.194551,1.27186,0,0,0,0.00454196,0,0,0,0
"MtrElec",3,7,5,"",6.02731,0,0,0,0,0,0.0330909,0,0,0.756867,0,0,0,0.420349,3.38034,0.198874,1.23324,0,0,0,0.00454196,0,0,0,0
"MtrElec",3,7,6,"",6.49662,0,0,0,0,0,0.0330909,0,0,0.756867,0,0,0,0.620514,3.65608,0.194551,1.22795,0,0,0,0.00756993,0,0,0,0
"MtrElec",3,7,7,"",5.99864,0,0,0,0,0,0.0330909,0,0,0.756867,0,0,0,0.840697,4.09962,0.190228,1.26176,0,0,0.503799,0.0151399,0,0,0,-1.70256
"MtrElec",3,7,8,"",-1.07138,0,0,0,0.0264844,0,0.0330909,0,0,0.756867,0,0,0,0.82068,4.41507,0.177258,1.36635,0,0.21279,0.768643,0.0408776,0,0,0,-9.68949
"MtrElec",3,7,9,"",-8.46542,0,0,0,0.0264844,0,0.0330909,0,0,0.756867,0,0,0,0.680564,4.1796,0.155641,1.54051,0,0.324652,1.33581,0.0726713,0,0,0,-17.5713
"MtrElec",3,7,10,"",-16.6063,0,0,0,0.0264844,0,0.0330909,0,0,0.756867,0,0,0,0.580481,4.04127,0.129701,1.51599,0,0.564204,0.0380539,0.0726713,0,0,0,-24.3651
"MtrElec",3,7,11,"",-21.4392,0,0,0,0.0264844,0,0.0330909,0,0,0.756867,0,0,0,0.540448,4.10603,0.10376,1.49078,0,0.0160728,0.574555,0.0696433,0,0,0,-29.1569
"MtrElec",3,7,12,"",-17.2663,0,0,0,0.0264844,0,0.0330909,0,0,0.756867,0,0,0,0.500415,4.03629,0.0691737,1.52156,4.94929,0.242675,0.307569,0.0832692,0,0,0,-29.793
"MtrElec",3,7,13,"",-22.3058,0,0,0,0.0264844,0,0.0330909,0,0,0.756867,0,0,0,0.420349,4.0039,0.0518802,1.55618,0,0.129908,0,0.0953811,0,0,0,-29.3799
"MtrElec",3,7,14,"",-19.5976,0,0,0,0.0264844,0,0.0330909,0,0,0.756867,0,0,0,0.420349,4.12704,0.0475569,1.57897,0,0,0,0.0893252,0,0,0,-26.6773
"MtrElec",3,7,15,"",-17.1057,0,0,0,0.0264844,0,0.0330909,0,0,0.756867,0,0,0,0.420349,4.32869,0.0475569,1.56288,0,0,0,0.0938671,0,0,0,-24.3755
"MtrElec",3,7,16,"",-11.455,0,0,0,0.0264844,0,0.0330909,0,0,0.756867,0,0,0,0.520432,4.55248,0.0518802,1.59285,0,0,0,0.102951,0,0,0,-19.0921
"MtrElec",3,7,17,"",-0.0692266,0,0,0,0.0264844,0,0.0330909,0,0,0.756867,0,0,0,0.620514,5.0961,0.0821437,1.57414,0,0,0,0.137773,0,0,0,-8.39634
"MtrElec",3,7,18,"",10.1837,0,0,0,0.0264844,0,0.0330909,0,0,0.756867,0,0,0,0.88073,5.72665,0.164287,1.65924,2.47509,0,0,0.210444,0,0,0,-1.74919
"MtrElec",3,7,19,"",11.6766,0,0,0,0,0,0.0330909,0,0,0.756867,0,0,0,1.68139,6.15064,0.207521,1.76972,0,0,0.882107,0.195304,0,0,0,0
"MtrElec",3,7,20,"",12.1137,0,0,0,0,0,0.0330909,0,0,0.756867,0,0,0,2.34194,6.3984,0.259401,1.73971,0,0.372576,0.102667,0.109007,0,0,0,0
"MtrElec",3,7,21,"",12.9789,0,0,0,0,0,0.0330909,0,0,0.756867,0,0,0,2.26188,6.63446,0.358838,1.70072,0,0.0433635,1.14125,0.0484475,0,0,0,0
"MtrElec",3,7,22,"",13.2581,0,0,0,0,0,0.0330909,0,0,0.756867,0,0,0,1.92159,6.58343,0.423689,1.63401,0,0.482028,1.40215,0.0211958,0,0,0,0
"MtrElec",3,7,23,"",10.4348,0,0,0,0,0,0.0330909,0,0,0.756867,0,0,0,1.26105,5.89452,0.367485,1.51594,0,0.592228,0,0.0136259,0,0,0,0
"MtrElec",3,7,24,"",8.36239,0,0,0,0,0,0.0330909,0,0,0.756867,0,0,0,0.780647,5.01889,0.255078,1.51024,0,0,0,0.00756993,0,0,0,0
"MtrElec",3,8,1,"",6.97636,0,0,0,0,0,0.0330909,0,0,0.756867,0,0,0,0.460382,4.11191,0.198874,1.40766,0,0,0,0.00756993,0,0,0,0
"MtrElec",3,8,2,"",6.49165,0,0,0,0,0,0.0330909,0,0,0.756867,0,0,0,0.380315,3.7734,0.198874,1.34306,0,0,0,0.00605594,0,0,0,0
"MtrElec",3,8,4,"",6.17596,0,0,0,0,0,0.0330909,0,0,0.756867,0,0,0,0.340282,3.55802,0.194551,1.2886,0,0,0,0.00454196,0,0,0,0
"MtrElec",3,8,5,"",6.04343,0,0,0,0,0,0.0330909,0,0,0.756867,0,0,0,0.420349,3.38034,0.198874,1.24936,0,0,0,0.00454196,0,0,0,0
"MtrElec",3,8,6,"",6.51006,0,0,0,0,0,0.0330909,0,0,0.756867,0,0,0,0.620514,3.65608,0.194551,1.24139,0,0,0,0.00756993,0,0,0,0
"MtrElec",3,8,7,"",7.71288,0,0,0,0,0,0.0330909,0,0,0.756867,0,0,0,0.840697,4.09962,0.190228,1.27344,0,0,0.503799,0.0151399,0,0,0,0
"MtrElec",3,8,8,"",6.49056,0,0,0,0,0,0.0330909,0,0,0.756867,0,0,0,0.82068,4.41507,0.177258,1.3754,0,0.21279,0.768643,0.0408776,0,0,0,-2.11012
"MtrElec",3,8,9,"",-0.628928,0,0,0,0.0264844,0,0.0330909,0,0,0.756867,0,0,0,0.680564,4.1796,0.155641,1.53679,0,0.324652,2.25609,0.0726713,0,0,0,-10.6514
"MtrElec",3,8,10,"",-12.1928,0,0,0,0.0264844,0,0.0330909,0,0,0.756867,0,0,0,0.580481,4.04127,0.129701,1.50536,0,0.952904,0,0.0726713,0,0,0,-20.2916
"MtrElec",3,8,11,"",-19.0701,0,0,0,0.0264844,0,0.0330909,0,0,0.756867,0,0,0,0.540448,4.10603,0.10376,1.48845,0.853184,0,0.642526,0.0696433,0,0,0,-27.6906
"MtrElec",3,8,12,"",-22.5048,0,0,0,0.0264844,0,0.0330909,0,0,0.756867,0,0,0,0.500415,4.03629,0.0691737,1.53021,1.62204,0.271384,1.12123,0.0832692,0,0,0,-32.5552
"MtrElec",3,8,13,"",-26.8403,0,0,0,0.0264844,0,0.0330909,0,0,0.756867,0,0,0,0.420349,4.0039,0.0518802,1.5725,1.21676,0.473572,0,0.0953811,0,0,0,-35.4911
"MtrElec",3,8,14,"",-27.741,0,0,0,0.0264844,0,0.0330909,0,0,0.756867,0,0,0,0.420349,4.12704,0.0475569,1.60027,1.25715,0,0,0.0893252,0,0,0,-36.0992
"MtrElec",3,8,15,"",-25.8282,0,0,0,0.0264844,0,0.0330909,0,0,0.756867,0,0,0,0.420349,4.32869,0.0475569,1.5866,0,0,0.504077,0.0938671,0,0,0,-33.6258
"MtrElec",3,8,16,"",-18.6626,0,0,0,0.0264844,0,0.0330909,0,0,0.756867,0,0,0,0.520432,4.55248,0.0518802,1.61304,0,0.212907,0.867945,0.102951,0,0,0,-27.4007
"MtrElec",3,8,17,"",-8.34326,0,0,0,0.0264844,0,0.0330909,0,0,0.756867,0,0,0,0.620514,5.0961,0.0821437,1.61205,0,0.366594,0.875203,0.137773,0,0,0,-17.9501
"MtrElec",3,8,18,"",2.25026,0,0,0,0.0264844,0,0.0330909,0,0,0.756867,0,0,0,0.88073,5.72665,0.164287,1.70689,0,0.36966,1.28077,0.210444,0,0,0,-8.90563
"MtrElec",3,8,19,"",10.0737,0,0,0,0.0264844,0,0.0330909,0,0,0.756867,0,0,0,1.68139,6.15064,0.207521,1.80785,0,0.540961,0,0.195304,0,0,0,-1.32638
"MtrElec",3,8,20,"",12.9257,0,0,0,0,0,0.0330909,0,0,0.756867,0,0,0,2.34194,6.3984,0.259401,1.78569,1.24133,0,0,0.109007,0,0,0,0
"MtrElec",3,8,21,"",13.077,0,0,0,0,0,0.0330909,0,0,0.756867,0,0,0,2.26188,6.63446,0.358838,1.75088,1.23252,0,0,0.0484475,0,0,0,0
"MtrElec",3,8,22,"",11.4164,0,0,0,0,0,0.0330909,0,0,0.756867,0,0,0,1.92159,6.58343,0.423689,1.67651,0,0,0,0.0211958,0,0,0,0
"MtrElec",3,8,23,"",9.9022,0,0,0,0,0,0.0330909,0,0,0.756867,0,0,0,1.26105,5.89452,0.367485,1.57557,0,0,0,0.0136259,0,0,0,0
"MtrElec",3,8,24,"",8.39786,0,0,0,0,0,0.0330909,0,0,0.756867,0,0,0,0.780647,5.01889,0.255078,1.54571,0,0,0,0.00756993,0,0,0,0
"MtrElec",3,9,1,"",6.98222,0,0,0,0,0,0.0330909,0,0,0.756867,0,0,0,0.460382,4.10055,0.198874,1.42489,0,0,0,0.00756993,0,0,0,0
"MtrElec",3,9,2,"",8.1813,0,0,0,0,0,0.0330909,0,0,0.756867,0,0,0,0.380315,3.72819,0.198874,1.38027,1.69764,0,0,0.00605594,0,0,0,0
"MtrElec",3,9,3,"",6.99287,0,0,0,0,0,0.0330909,0,0,0.756867,0,0,0,0.300249,3.58199,0.198874,1.33783,0.777912,0,0,0.00605594,0,0,0,0
"MtrElec",3,9,4,"",6.2085,0,0,0,0,0,0.0330909,0,0,0.756867,0,0,0,0.340282,3.55893,0.198874,1.3144,0,0,0,0.00605594,0,0,0,0
"MtrElec",3,9,5,"",6.09333,0,0,0,0,0,0.0330909,0,0,0.756867,0,0,0,0.420349,3.39261,0.198874,1.28548,0,0,0,0.00605594,0,0,0,0
"MtrElec",3,9,6,"",6.59985,0,0,0,0,0,0.0330909,0,0,0.756867,0,0,0,0.620514,3.66835,0.159964,1.33987,0,0,0,0.0211958,0,0,0,0
"MtrElec",3,9,7,"",7.45916,0,0,0,0,0,0.0330909,0,0,0.756867,0,0,0,0.840697,4.17958,0.151317,1.46884,0,0,0,0.0287657,0,0,0,0
"MtrElec",3,9,8,"",7.45619,0,0,0,0,0,0.0330909,0,0,0.756867,0,0,0,0.82068,4.50639,0.146994,1.58047,0,0,0,0.0378496,0,0,0,-0.426151
"MtrElec",3,9,9,"",4.13835,0,0,0,0.0264844,0,0.0330909,0,0,0.756867,0,0,0,0.680564,4.20209,0.142671,1.53261,0,0,0.781178,0.0393636,0,0,0,-4.05657
"MtrElec",3,9,10,"",-7.66536,0,0,0,0.0264844,0,0.0330909,0,0,0.756867,0,0,0,0.580481,3.96017,0.121054,1.43208,0,0.329946,1.45978,0.0333077,0,0,0,-16.3986
"MtrElec",3,9,11,"",-19.4727,0,0,0,0.0264844,0,0.0330909,0,0,0.756867,0,0,0,0.540448,4.00187,0.0951138,1.40414,0,0.616565,0.405362,0.0317937,0,0,0,-27.3844
"MtrElec",3,9,12,"",-24.8835,0,0,0,0.0264844,0,0.0330909,0,0,0.756867,0,0,0,0.500415,4.00187,0.0648503,1.43402,0,0.171213,0,0.0439056,0,0,0,-31.9163
"MtrElec",3,9,13,"",-25.7592,0,0,0,0.0264844,0,0.0330909,0,0,0.756867,0,0,0,0.420349,4.0156,0.0518802,1.47394,1.41802,0,0.285975,0.0529895,0,0,0,-34.2944
"MtrElec",3,9,14,"",-25.944,0,0,0,0.0264844,0,0.0330909,0,0,0.756867,0,0,0,0.420349,4.10489,0.0475569,1.46121,1.0564,0.120787,0.596301,0.0484475,0,0,0,-34.6164
"MtrElec",3,9,15,"",-25.3842,0,0,0,0.0264844,0,0.0330909,0,0,0.756867,0,0,0,0.420349,4.24872,0.0475569,1.47252,0,0.25186,0,0.0514755,0,0,0,-32.6931
"MtrElec",3,9,16,"",-20.4174,0,0,0,0.0264844,0,0.0330909,0,0,0.756867,0,0,0,0.520432,4.36893,0.0518802,1.50075,0,0,0,0.0787273,0,0,0,-27.7546
"MtrElec",3,9,17,"",-12.0975,0,0,0,0.0264844,0,0.0330909,0,0,0.756867,0,0,0,0.620514,4.92391,0.0821437,1.58346,0,0,0,0.174108,0,0,0,-20.298
"MtrElec",3,9,18,"",-1.05616,0,0,0,0.0264844,0,0.0330909,0,0,0.756867,0,0,0,0.88073,5.65748,0.159964,1.74024,0,0,0,0.292199,0,0,0,-10.6032
"MtrElec",3,9,19,"",9.21622,0,0,0,0.0264844,0,0.0330909,0,0,0.756867,0,0,0,1.68139,6.16143,0.211844,1.85986,0,0,0,0.272517,0,0,0,-1.78726
"MtrElec",3,9,20,"",11.8831,0,0,0,0,0,0.0330909,0,0,0.756867,0,0,0,2.34194,6.48972,0.281018,1.8321,0,0,0,0.148371,0,0,0,0
"MtrElec",3,9,21,"",12.0481,0,0,0,0,0,0.0330909,0,0,0.756867,0,0,0,2.26188,6.7719,0.393425,1.76735,0,0,0,0.0635874,0,0,0,0
"MtrElec",3,9,22,"",11.6291,0,0,0,0,0,0.0330909,0,0,0.756867,0,0,0,1.92159,6.73222,0.453952,1.70108,0,0,0,0.0302797,0,0,0,0
"MtrElec",3,9,23,"",10.0429,0,0,0,0,0,0.0330909,0,0,0.756867,0,0,0,1.26105,5.97505,0.393425,1.60525,0,0,0,0.0181678,0,0,0,0
"MtrElec",3,9,24,"",8.48549,0,0,0,0,0,0.0330909,0,0,0.756867,0,0,0,0.780647,5.1101,0.272371,1.51727,0,0,0,0.0151399,0,0,0,0
"MtrElec",3,10,1,"",7.02464,0,0,0,0,0,0.0330909,0,0,0.756867,0,0,0,0.460382,4.10055,0.198874,1.4673,0,0,0,0.00756993,0,0,0,0
"MtrElec",3,10,2,"",6.51855,0,0,0,0,0,0.0330909,0,0,0.756867,0,0,0,0.380315,3.72819,0.198874,1.41515,0,0,0,0.00605594,0,0,0,0
"MtrElec",3,10,3,"",6.24815,0,0,0,0,0,0.0330909,0,0,0.756867,0,0,0,0.300249,3.58199,0.198874,1.37102,0,0,0,0.00605594,0,0,0,0
"MtrElec",3,10,4,"",6.23927,0,0,0,0,0,0.0330909,0,0,0.756867,0,0,0,0.340282,3.55893,0.198874,1.34516,0,0,0,0.00605594,0,0,0,0
"MtrElec",3,10,5,"",6.12665,0,0,0,0,0,0.0330909,0,0,0.756867,0,0,0,0.420349,3.39261,0.198874,1.3188,0,0,0,0.00605594,0,0,0,0
"MtrElec",3,10,6,"",6.63829,0,0,0,0,0,0.0330909,0,0,0.756867,0,0,0,0.620514,3.66835,0.159964,1.37831,0,0,0,0.0211958,0,0,0,0
"MtrElec",3,10,7,"",7.48914,0,0,0,0,0,0.0330909,0,0,0.756867,0,0,0,0.840697,4.17958,0.151317,1.49882,0,0,0,0.0287657,0,0,0,0
"MtrElec",3,10,8,"",6.70566,0,0,0,0,0,0.0330909,0,0,0.756867,0,0,0,0.82068,4.50639,0.146994,1.60226,0,0,0.881945,0.0378496,0,0,0,-2.08043
"MtrElec",3,10,9,"",-2.81392,0,0,0,0.0264844,0,0.0330909,0,0,0.756867,0,0,0,0.680564,4.20209,0.142671,1.55644,0,0.372507,0,0.0393636,0,0,0,-10.624
"MtrElec",3,10,10,"",-10.7706,0,0,0,0.0264844,0,0.0330909,0,0,0.756867,0,0,0,0.580481,3.96017,0.121054,1.46687,0.484958,0,0,0.0333077,0,0,0,-18.2339
"MtrElec",3,10,11,"",-17.1844,0,0,0,0.0264844,0,0.0330909,0,0,0.756867,0,0,0,0.540448,4.00187,0.0951138,1.43912,1.69357,0,0.881985,0.0317937,0,0,0,-26.6848
"MtrElec",3,10,12,"",-23.8985,0,0,0,0.0264844,0,0.0330909,0,0,0.756867,0,0,0,0.500415,4.00187,0.0648503,1.46581,0.296245,0.372524,0,0.0439056,0,0,0,-31.4606
"MtrElec",3,10,13,"",-27.7747,0,0,0,0.0264844,0,0.0330909,0,0,0.756867,0,0,0,0.420349,4.0156,0.0518802,1.49996,0,0,0,0.0529895,0,0,0,-34.6319
"MtrElec",3,10,14,"",-27.7304,0,0,0,0.0264844,0,0.0330909,0,0,0.756867,0,0,0,0.420349,4.10489,0.0475569,1.48372,0,0,0.881958,0.0484475,0,0,0,-35.5338
"MtrElec",3,10,15,"",-25.3692,0,0,0,0.0264844,0,0.0330909,0,0,0.756867,0,0,0,0.420349,4.24872,0.0475569,1.48576,0,0.372513,0,0.0514755,0,0,0,-32.812
"MtrElec",3,10,16,"",-19.5734,0,0,0,0.0264844,0,0.0330909,0,0,0.756867,0,0,0,0.520432,4.36893,0.0518802,1.51319,0,0,0.882163,0.0787273,0,0,0,-27.8051
"MtrElec",3,10,17,"",-10.7606,0,0,0,0.0264844,0,0.0330909,0,0,0.756867,0,0,0,0.620514,4.92391,0.0821437,1.59768,0,0.372599,0.881924,0.174108,0,0,0,-20.23
"MtrElec",3,10,18,"",0.459395,0,0,0,0.0264844,0,0.0330909,0,0,0.756867,0,0,0,0.88073,5.65748,0.159964,1.74277,0,0.372498,0.882049,0.292199,0,0,0,-10.3447
"MtrElec",3,10,19,"",12.001,0,0,0,0.0264844,0,0.0330909,0,0,0.756867,0,0,0,1.68139,6.16143,0.211844,1.85246,1.71125,0.372551,0.677641,0.272517,0,0,0,-1.75655
"MtrElec",3,10,20,"",13.1257,0,0,0,0,0,0.0330909,0,0,0.756867,0,0,0,2.34194,6.48972,0.281018,1.8215,0.762762,0.286215,0.204201,0.148371,0,0,0,0
"MtrElec",3,10,21,"",12.1174,0,0,0,0,0,0.0330909,0,0,0.756867,0,0,0,2.26188,6.7719,0.393425,1.75041,0,0.0862486,0,0.0635874,0,0,0,0
"MtrElec",3,10,22,"",11.6071,0,0,0,0,0,0.0330909,0,0,0.756867,0,0,0,1.92159,6.73222,0.453952,1.67906,0,0,0,0.0302797,0,0,0,0
"MtrElec",3,10,23,"",10.02,0,0,0,0,0,0.0330909,0,0,0.756867,0,0,0,1.26105,5.97505,0.393425,1.58239,0,0,0,0.0181678,0,0,0,0
"MtrElec",3,10,24,"",8.46019,0,0,0,0,0,0.0330909,0,0,0.756867,0,0,0,0.780647,5.1101,0.272371,1.49197,0,0,0,0.0151399,0,0,0,0
"MtrElec",3,11,1,"",7.0028,0,0,0,0,0,0.0330909,0,0,0.756867,0,0,0,0.460382,4.10055,0.198874,1.44547,0,0,0,0.00756993,0,0,0,0
"MtrElec",3,11,2,"",6.49841,0,0,0,0,0,0.0330909,0,0,0.756867,0,0,0,0.380315,3.72819,0.198874,1.39501,0,0,0,0.00605594,0,0,0,0
"MtrElec",3,11,3,"",6.22721,0,0,0,0,0,0.0330909,0,0,0.756867,0,0,0,0.300249,3.58199,0.198874,1.35008,0,0,0,0.00605594,0,0,0,0
"MtrElec",3,11,4,"",6.21861,0,0,0,0,0,0.0330909,0,0,0.756867,0,0,0,0.340282,3.55893,0.198874,1.3245,0,0,0,0.00605594,0,0,0,0
"MtrElec",3,11,5,"",6.1037,0,0,0,0,0,0.0330909,0,0,0.756867,0,0,0,0.420349,3.39261,0.198874,1.29585,0,0,0,0.00605594,0,0,0,0
"MtrElec",3,11,6,"",6.61115,0,0,0,0,0,0.0330909,0,0,0.756867,0,0,0,0.620514,3.66835,0.159964,1.35116,0,0,0,0.0211958,0,0,0,0
"MtrElec",3,11,7,"",8.34956,0,0,0,0,0,0.0330909,0,0,0.756867,0,0,0,0.840697,4.17958,0.151317,1.47701,0,0,0.882236,0.0287657,0,0,0,0
"MtrElec",3,11,8,"",8.02981,0,0,0,0,0,0.0330909,0,0,0.756867,0,0,0,0.82068,4.50639,0.146994,1.58637,0,0.37263,0,0.0378496,0,0,0,-0.23107
"MtrElec",3,11,9,"",0.966604,0,0,0,0.0264844,0,0.0330909,0,0,0.756867,0,0,0,0.680564,4.20209,0.142671,1.53868,0,0,0,0.0393636,0,0,0,-6.45321
"MtrElec",3,11,10,"",-6.80433,0,0,0,0.0264844,0,0.0330909,0,0,0.756867,0,0,0,0.580481,3.96017,0.121054,1.43678,0.484958,0,0,0.0333077,0,0,0,-14.2375
"MtrElec",3,11,11,"",-11.6061,0,0,0,0.0264844,0,0.0330909,0,0,0.756867,0,0,0,0.540448,4.00187,0.0951138,1.39976,1.69357,0,0,0.0317937,0,0,0,-20.1851
"MtrElec",3,11,12,"",-19.8115,0,0,0,0.0264844,0,0.0330909,0,0,0.756867,0,0,0,0.500415,4.00187,0.0648503,1.41889,0.296245,0,0,0.0439056,0,0,0,-26.9541
"MtrElec",3,11,13,"",-19.473,0,0,0,0.0264844,0,0.0330909,0,0,0.756867,0,0,0,0.420349,4.0156,0.0518802,1.4557,0,0,0.285975,0.0529895,0,0,0,-26.5719
"MtrElec",3,11,14,"",-17.6341,0,0,0,0.0264844,0,0.0330909,0,0,0.756867,0,0,0,0.420349,4.10489,0.0475569,1.43874,0,0.120787,0.596301,0.0484475,0,0,0,-25.2276
"MtrElec",3,11,15,"",-16.7751,0,0,0,0.0264844,0,0.0330909,0,0,0.756867,0,0,0,0.420349,4.24872,0.0475569,1.45225,0,0.25186,0.776048,0.0514755,0,0,0,-24.8398
"MtrElec",3,11,16,"",-13.1752,0,0,0,0.0264844,0,0.0330909,0,0,0.756867,0,0,0,0.520432,4.36893,0.0518802,1.47688,1.26327,0.327779,1.86993,0.0787273,0,0,0,-23.9494
"MtrElec",3,11,17,"",-1.73261,0,0,0,0.0264844,0,0.0330909,0,0,0.756867,0,0,0,0.620514,4.92391,0.0821437,1.54363,1.21212,0.789802,0.881924,0.174108,0,0,0,-12.7772
"MtrElec",3,11,18,"",2.25896,0,0,0,0.0264844,0,0.0330909,0,0,0.756867,0,0,0,0.88073,5.65748,0.159964,1.68287,0,0.372498,0.882049,0.292199,0,0,0,-8.48527
"MtrElec",3,11,19,"",11.4943,0,0,0,0,0,0.0330909,0,0,0.756867,0,0,0,1.68139,6.16143,0.211844,1.80682,0,0.372551,0.881967,0.272517,0,0,0,-0.684144
"MtrElec",3,11,20,"",13.0961,0,0,0,0,0,0.0330909,0,0,0.756867,0,0,0,2.34194,6.48972,0.281018,1.79045,0,0.372517,0.882094,0.148371,0,0,0,0
"MtrElec",3,11,21,"",13.0058,0,0,0,0,0,0.0330909,0,0,0.756867,0,0,0,2.26188,6.7719,0.393425,1.71576,0,0.37257,0.636767,0.0635874,0,0,0,0
"MtrElec",3,11,22,"",12.0836,0,0,0,0,0,0.0330909,0,0,0.756867,0,0,0,1.92159,6.73222,0.453952,1.64135,0,0.268951,0.245309,0.0302797,0,0,0,0
"MtrElec",3,11,23,"",12.5556,0,0,0,0,0,0.0330909,0,0,0.756867,0,0,0,1.26105,5.97505,0.393425,1.53922,2.47514,0.103611,0,0.0181678,0,0,0,0
"MtrElec",3,11,24,"",8.40625,0,0,0,0,0,0.0330909,0,0,0.756867,0,0,0,0.780647,5.1101,0.272371,1.43803,0,0,0,0.0151399,0,0,0,0
"MtrElec",3,12,1,"",6.95966,0,0,0,0,0,0.0330909,0,0,0.756867,0,0,0,0.460382,4.10055,0.198874,1.40233,0,0,0,0.00756993,0,0,0,0
"MtrElec",3,12,2,"",8.16194,0,0,0,0,0,0.0330909,0,0,0.756867,0,0,0,0.380315,3.72819,0.198874,1.36091,1.69764,0,0,0.00605594,0,0,0,0
"MtrElec",3,12,3,"",6.97374,0,0,0,0,0,0.0330909,0,0,0.756867,0,0,0,0.300249,3.58199,0.198874,1.3187,0.777912,0,0,0.00605594,0,0,0,0
"MtrElec",3,12,4,"",6.19055,0,0,0,0,0,0.0330909,0,0,0.756867,0,0,0,0.340282,3.55893,0.198874,1.29645,0,0,0,0.00605594,0,0,0,0
"MtrElec",3,12,5,"",6.07461,0,0,0,0,0,0.0330909,0,0,0.756867,0,0,0,0.420349,3.39261,0.198874,1.26676,0,0,0,0.00605594,0,0,0,0
"MtrElec",3,12,6,"",6.57919,0,0,0,0,0,0.0330909,0,0,0.756867,0,0,0,0.620514,3.66835,0.159964,1.3192,0,0,0,0.0211958,0,0,0,0
"MtrElec",3,12,7,"",7.44371,0,0,0,0,0,0.0330909,0,0,0.756867,0,0,0,0.840697,4.17958,0.151317,1.45339,0,0,0,0.0287657,0,0,0,0
"MtrElec",3,12,8,"",6.52014,0,0,0,0,0,0.0330909,0,0,0.756867,0,0,0,0.82068,4.50639,0.146994,1.56982,0,0,0.881945,0.0378496,0,0,0,-2.2335
"MtrElec",3,12,9,"",-2.49216,0,0,0,0.0264844,0,0.0330909,0,0,0.756867,0,0,0,0.680564,4.20209,0.142671,1.52597,0,0.372507,0.287278,0.0393636,0,0,0,-10.559
"MtrElec",3,12,10,"",-11.7085,0,0,0,0.0264844,0,0.0330909,0,0,0.756867,0,0,0,0.580481,3.96017,0.121054,1.43087,0,0.121338,1.47712,0.0333077,0,0,0,-20.2493
"MtrElec",3,12,11,"",-19.4291,0,0,0,0.0264844,0,0.0330909,0,0,0.756867,0,0,0,0.540448,4.00187,0.0951138,1.39984,0,0.623892,0.881985,0.0317937,0,0,0,-27.8205
"MtrElec",3,12,12,"",-24.6757,0,0,0,0.0264844,0,0.0330909,0,0,0.756867,0,0,0,0.500415,4.00187,0.0648503,1.42248,0,0.372524,0.882056,0.0439056,0,0,0,-32.7802
"MtrElec",3,12,13,"",-28.1656,0,0,0,0.0264844,0,0.0330909,0,0,0.756867,0,0,0,0.420349,4.0156,0.0518802,1.46494,0,0.372554,0,0.0529895,0,0,0,-35.3603
"MtrElec",3,12,14,"",-28.2992,0,0,0,0.0264844,0,0.0330909,0,0,0.756867,0,0,0,0.420349,4.10489,0.0475569,1.45003,0,0,0,0.0484475,0,0,0,-35.1869
"MtrElec",3,12,15,"",-25.472,0,0,0,0.0264844,0,0.0330909,0,0,0.756867,0,0,0,0.420349,4.24872,0.0475569,1.4604,0,0,0,0.0514755,0,0,0,-32.517
"MtrElec",3,12,16,"",-19.183,0,0,0,0.0264844,0,0.0330909,0,0,0.756867,0,0,0,0.520432,4.36893,0.0518802,1.48636,1.26327,0,0,0.0787273,0,0,0,-27.769
"MtrElec",3,12,17,"",-10.9137,0,0,0,0.0264844,0,0.0330909,0,0,0.756867,0,0,0,0.620514,4.92391,0.0821437,1.5643,1.21212,0,0,0.174108,0,0,0,-20.3073
"MtrElec",3,12,18,"",-0.968206,0,0,0,0.0264844,0,0.0330909,0,0,0.756867,0,0,0,0.88073,5.65748,0.159964,1.71662,0,0,0,0.292199,0,0,0,-10.4916
"MtrElec",3,12,19,"",9.14326,0,0,0,0.0264844,0,0.0330909,0,0,0.756867,0,0,0,1.68139,6.16143,0.211844,1.82818,0,0,0,0.272517,0,0,0,-1.82854
"MtrElec",3,12,20,"",11.8527,0,0,0,0,0,0.0330909,0,0,0.756867,0,0,0,2.34194,6.48972,0.281018,1.80172,0,0,0,0.148371,0,0,0,0
"MtrElec",3,12,21,"",12.0112,0,0,0,0,0,0.0330909,0,0,0.756867,0,0,0,2.26188,6.7719,0.393425,1.73043,0,0,0,0.0635874,0,0,0,0
"MtrElec",3,12,22,"",11.749,0,0,0,0,0,0.0330909,0,0,0.756867,0,0,0,1.92159,6.73222,0.453952,1.65916,0,0,0.161806,0.0302797,0,0,0,0
"MtrElec",3,12,23,"",10.4913,0,0,0,0,0,0.0330909,0,0,0.756867,0,0,0,1.26105,5.97505,0.393425,1.55983,0,0.0683418,0.425533,0.0181678,0,0,0,0
"MtrElec",3,12,24,"",8.90723,0,0,0,0,0,0.0330909,0,0,0.756867,0,0,0,0.780647,5.1101,0.272371,1.46439,0,0.179732,0.294889,0.0151399,0,0,0,0
"MtrElec",3,13,1,"",7.10636,0,0,0,0,0,0.0330909,0,0,0.756867,0,0,0,0.460382,4.10055,0.198874,1.42447,0,0.124552,0,0.00756993,0,0,0,0
"MtrElec",3,13,2,"",6.48283,0,0,0,0,0,0.0330909,0,0,0.756867,0,0,0,0.380315,3.72819,0.198874,1.37943,0,0,0,0.00605594,0,0,0,0
"MtrElec",3,13,3,"",6.21313,0,0,0,0,0,0.0330909,0,0,0.756867,0,0,0,0.300249,3.58199,0.198874,1.336,0,0,0,0.00605594,0,0,0,0
"MtrElec",3,13,4,"",6.20672,0,0,0,0,0,0.0330909,0,0,0.756867,0,0,0,0.340282,3.55893,0.198874,1.31262,0,0,0,0.00605594,0,0,0,0
"MtrElec",3,13,5,"",6.09279,0,0,0,0,0,0.0330909,0,0,0.756867,0,0,0,0.420349,3.39261,0.198874,1.28494,0,0,0,0.00605594,0,0,0,0
"MtrElec",3,13,6,"",6.60121,0,0,0,0,0,0.0330909,0,0,0.756867,0,0,0,0.620514,3.66835,0.159964,1.34123,0,0,0,0.0211958,0,0,0,0
"MtrElec",3,13,7,"",7.46199,0,0,0,0,0,0.0330909,0,0,0.756867,0,0,0,0.840697,4.17958,0.151317,1.47167,0,0,0,0.0287657,0,0,0,0
"MtrElec",3,13,8,"",7.54603,0,0,0,0,0,0.0330909,0,0,0.756867,0,0,0,0.82068,4.50639,0.146994,1.58381,0,0,0,0.0378496,0,0,0,-0.339655
"MtrElec",3,13,9,"",0.274914,0,0,0,0.0264844,0,0.0330909,0,0,0.756867,0,0,0,0.680564,4.20209,0.142671,1.53613,0,0,0,0.0393636,0,0,0,-7.14234
"MtrElec",3,13,10,"",-13.146,0,0,0,0.0264844,0,0.0330909,0,0,0.756867,0,0,0,0.580481,3.96017,0.121054,1.43288,0,0,0,0.0333077,0,0,0,-20.0904
"MtrElec",3,13,11,"",-20.9628,0,0,0,0.0264844,0,0.0330909,0,0,0.756867,0,0,0,0.540448,4.00187,0.0951138,1.39659,0,0,0,0.0317937,0,0,0,-27.8451
"MtrElec",3,13,12,"",-26.3496,0,0,0,0.0264844,0,0.0330909,0,0,0.756867,0,0,0,0.500415,4.00187,0.0648503,1.41368,0,0,0,0.0439056,0,0,0,-33.1908
"MtrElec",3,13,13,"",-28.5609,0,0,0,0.0264844,0,0.0330909,0,0,0.756867,0,0,0,0.420349,4.0156,0.0518802,1.44841,0,0,0,0.0529895,0,0,0,-35.3665
"MtrElec",3,13,14,"",-28.4103,0,0,0,0.0264844,0,0.0330909,0,0,0.756867,0,0,0,0.420349,4.10489,0.0475569,1.42771,0,0,0.449466,0.0484475,0,0,0,-35.7251
"MtrElec",3,13,15,"",-24.8631,0,0,0,0.0264844,0,0.0330909,0,0,0.756867,0,0,0,0.420349,4.24872,0.0475569,1.44001,0,0.189841,1.54177,0.0514755,0,0,0,-33.6193
"MtrElec",3,13,16,"",-19.0848,0,0,0,0.0264844,0,0.0330909,0,0,0.756867,0,0,0,0.520432,4.36893,0.0518802,1.4608,0,0.651197,1.53669,0.0787273,0,0,0,-28.5699
"MtrElec",3,13,17,"",-11.8262,0,0,0,0.0264844,0,0.0330909,0,0,0.756867,0,0,0,0.620514,4.92391,0.0821437,1.52444,0,0.649052,0,0.174108,0,0,0,-20.6168
"MtrElec",3,13,18,"",-1.04225,0,0,0,0.0264844,0,0.0330909,0,0,0.756867,0,0,0,0.88073,5.65748,0.159964,1.66341,0,0,0,0.292199,0,0,0,-10.5125
"MtrElec",3,13,19,"",9.05702,0,0,0,0.0264844,0,0.0330909,0,0,0.756867,0,0,0,1.68139,6.16143,0.211844,1.78383,0,0,0,0.272517,0,0,0,-1.87044
"MtrElec",3,13,20,"",13.5834,0,0,0,0,0,0.0330909,0,0,0.756867,0,0,0,2.34194,6.48972,0.281018,1.7682,0,0,1.76419,0.148371,0,0,0,0
"MtrElec",3,13,21,"",13.9912,0,0,0,0,0,0.0330909,0,0,0.756867,0,0,0,2.26188,6.7719,0.393425,1.6918,0,0.74514,1.27353,0.0635874,0,0,0,0
"MtrElec",3,13,22,"",13.8463,0,0,0,0,0,0.0330909,0,0,0.756867,0,0,0,1.92159,6.73222,0.453952,1.62056,1.26921,0.537903,0.490618,0.0302797,0,0,0,0
"MtrElec",3,13,23,"",16.328,0,0,0,0,0,0.0330909,0,0,0.756867,0,0,0,1.26105,5.97505,0.393425,1.52654,6.15661,0.207222,0,0.0181678,0,0,0,0
"MtrElec",3,13,24,"",8.39525,0,0,0,0,0,0.0330909,0,0,0.756867,0,0,0,0.780647,5.1101,0.272371,1.42703,0,0,0,0.0151399,0,0,0,0
"MtrElec",3,14,1,"",9.46918,0,0,0,0,0,0.0330909,0,0,0.756867,0,0,0,0.460382,4.11191,0.198874,1.42479,2.4757,0,0,0.00756993,0,0,0,0
"MtrElec",3,14,2,"",6.50686,0,0,0,0,0,0.0330909,0,0,0.756867,0,0,0,0.380315,3.7734,0.198874,1.35826,0,0,0,0.00605594,0,0,0,0
"MtrElec",3,14,3,"",6.19075,0,0,0,0,0,0.0330909,0,0,0.756867,0,0,0,0.300249,3.56972,0.194551,1.33172,0,0,0,0.00454196,0,0,0,0
"MtrElec",3,14,4,"",6.18449,0,0,0,0,0,0.0330909,0,0,0.756867,0,0,0,0.340282,3.55802,0.194551,1.29713,0,0,0,0.00454196,0,0,0,0
"MtrElec",3,14,5,"",6.05176,0,0,0,0,0,0.0330909,0,0,0.756867,0,0,0,0.420349,3.38034,0.198874,1.25769,0,0,0,0.00454196,0,0,0,0
"MtrElec",3,14,6,"",6.51736,0,0,0,0,0,0.0330909,0,0,0.756867,0,0,0,0.620514,3.65608,0.194551,1.24868,0,0,0,0.00756993,0,0,0,0
"MtrElec",3,14,7,"",7.21578,0,0,0,0,0,0.0330909,0,0,0.756867,0,0,0,0.840697,4.09962,0.190228,1.28014,0,0,0,0.0151399,0,0,0,0
"MtrElec",3,14,8,"",5.24698,0,0,0,0,0,0.0330909,0,0,0.756867,0,0,0,0.82068,4.41507,0.177258,1.37998,0,0,0,0.0408776,0,0,0,-2.37685
"MtrElec",3,14,9,"",-3.56194,0,0,0,0.0264844,0,0.0330909,0,0,0.756867,0,0,0,0.680564,4.1796,0.155641,1.53985,0,0,0,0.0726713,0,0,0,-11.0067
"MtrElec",3,14,10,"",-13.3903,0,0,0,0.0264844,0,0.0330909,0,0,0.756867,0,0,0,0.580481,4.04127,0.129701,1.50968,0,0,0,0.0726713,0,0,0,-20.5406
"MtrElec",3,14,11,"",-19.5354,0,0,0,0.0264844,0,0.0330909,0,0,0.756867,0,0,0,0.540448,4.10603,0.10376,1.48827,0,0,1.14911,0.0696433,0,0,0,-27.8092
"MtrElec",3,14,12,"",-23.9342,0,0,0,0.0264844,0,0.0330909,0,0,0.756867,0,0,0,0.500415,4.03629,0.0691737,1.52336,1.15919,0.485349,0.615137,0.0832692,0,0,0,-33.2228
"MtrElec",3,14,13,"",-27.6537,0,0,0,0.0264844,0,0.0330909,0,0,0.756867,0,0,0,0.420349,4.0039,0.0518802,1.55806,1.31657,0.259816,0,0.0953811,0,0,0,-36.1761
"MtrElec",3,14,14,"",-28.6937,0,0,0,0.0264844,0,0.0330909,0,0,0.756867,0,0,0,0.420349,4.12704,0.0475569,1.57771,0,0,0,0.0893252,0,0,0,-35.7721
"MtrElec",3,14,15,"",-26.0757,0,0,0,0.0264844,0,0.0330909,0,0,0.756867,0,0,0,0.420349,4.32869,0.0475569,1.55784,0,0,0,0.0938671,0,0,0,-33.3404
"MtrElec",3,14,16,"",-20.5747,0,0,0,0.0264844,0,0.0330909,0,0,0.756867,0,0,0,0.520432,4.55248,0.0518802,1.58879,0,0,0,0.102951,0,0,0,-28.2076
"MtrElec",3,14,17,"",-12.082,0,0,0,0.0264844,0,0.0330909,0,0,0.756867,0,0,0,0.620514,5.0961,0.0821437,1.57523,0,0,0,0.137773,0,0,0,-20.4102
"MtrElec",3,14,18,"",-1.17007,0,0,0,0.0264844,0,0.0330909,0,0,0.756867,0,0,0,0.88073,5.72665,0.164287,1.6696,0,0,0,0.210444,0,0,0,-10.6382
"MtrElec",3,14,19,"",8.92791,0,0,0,0.0229531,0,0.0330909,0,0,0.756867,0,0,0,1.68139,6.15064,0.207521,1.77943,0,0,0,0.195304,0,0,0,-1.89929
"MtrElec",3,14,20,"",11.6488,0,0,0,0,0,0.0330909,0,0,0.756867,0,0,0,2.34194,6.3984,0.259401,1.75011,0,0,0,0.109007,0,0,0,0
"MtrElec",3,14,21,"",13.4695,0,0,0,0,0,0.0330909,0,0,0.756867,0,0,0,2.26188,6.63446,0.358838,1.70721,1.27111,0,0.397619,0.0484475,0,0,0,0
"MtrElec",3,14,22,"",15.8798,0,0,0,0,0,0.0330909,0,0,0.756867,0,0,0,1.92159,6.58343,0.423689,1.63798,1.20354,0.167943,3.13045,0.0211958,0,0,0,0
"MtrElec",3,14,23,"",11.1798,0,0,0,0,0,0.0330909,0,0,0.756867,0,0,0,1.26105,5.89452,0.367485,1.53092,0,1.32221,0,0.0136259,0,0,0,0
"MtrElec",3,14,24,"",8.37412,0,0,0,0,0,0.0330909,0,0,0.756867,0,0,0,0.780647,5.01889,0.255078,1.52198,0,0,0,0.00756993,0,0,0,0
"MtrElec",3,15,1,"",6.99095,0,0,0,0,0,0.0330909,0,0,0.756867,0,0,0,0.460382,4.11191,0.198874,1.42226,0,0,0,0.00756993,0,0,0,0
"MtrElec",3,15,2,"",6.50356,0,0,0,0,0,0.0330909,0,0,0.756867,0,0,0,0.380315,3.7734,0.198874,1.35497,0,0,0,0.00605594,0,0,0,0
"MtrElec",3,15,3,"",6.18779,0,0,0,0,0,0.0330909,0,0,0.756867,0,0,0,0.300249,3.56972,0.194551,1.32877,0,0,0,0.00454196,0,0,0,0
"MtrElec",3,15,4,"",6.18265,0,0,0,0,0,0.0330909,0,0,0.756867,0,0,0,0.340282,3.55802,0.194551,1.29529,0,0,0,0.00454196,0,0,0,0
"MtrElec",3,15,5,"",6.05044,0,0,0,0,0,0.0330909,0,0,0.756867,0,0,0,0.420349,3.38034,0.198874,1.25638,0,0,0,0.00454196,0,0,0,0
"MtrElec",3,15,6,"",6.51659,0,0,0,0,0,0.0330909,0,0,0.756867,0,0,0,0.620514,3.65608,0.194551,1.24791,0,0,0,0.00756993,0,0,0,0
"MtrElec",3,15,7,"",7.31238,0,0,0,0,0,0.0330909,0,0,0.756867,0,0,0,0.840697,4.09962,0.190228,1.28002,0,0,0.0967123,0.0151399,0,0,0,0
"MtrElec",3,15,8,"",5.49325,0,0,0,0,0,0.0330909,0,0,0.756867,0,0,0,0.82068,4.41507,0.177258,1.3805,0,0.0408484,0.414573,0.0408776,0,0,0,-2.58652
"MtrElec",3,15,9,"",-3.34741,0,0,0,0.0264844,0,0.0330909,0,0,0.756867,0,0,0,0.680564,4.1796,0.155641,1.53997,0,0.175103,0.370832,0.0726713,0,0,0,-11.3382
"MtrElec",3,15,10,"",-12.785,0,0,0,0.0264844,0,0.0330909,0,0,0.756867,0,0,0,0.580481,4.04127,0.129701,1.50685,0,0.156629,0.530805,0.0726713,0,0,0,-20.6198
"MtrElec",3,15,11,"",-19.4112,0,0,0,0.0264844,0,0.0330909,0,0,0.756867,0,0,0,0.540448,4.10603,0.10376,1.48798,0,0.224196,1.23364,0.0696433,0,0,0,-27.9934
"MtrElec",3,15,12,"",-26.1139,0,0,0,0.0264844,0,0.0330909,0,0,0.756867,0,0,0,0.500415,4.03629,0.0691737,1.52704,0,0.521052,0,0.0832692,0,0,0,-33.6676
"MtrElec",3,15,13,"",-29.5581,0,0,0,0.0264844,0,0.0330909,0,0,0.756867,0,0,0,0.420349,4.0039,0.0518802,1.56615,0,0,0.294076,0.0953811,0,0,0,-36.8063
"MtrElec",3,15,14,"",-29.4342,0,0,0,0.0264844,0,0.0330909,0,0,0.756867,0,0,0,0.420349,4.12704,0.0475569,1.59068,0,0.124209,0.587988,0.0893252,0,0,0,-37.2378
"MtrElec",3,15,15,"",-26.9777,0,0,0,0.0264844,0,0.0330909,0,0,0.756867,0,0,0,0.420349,4.32869,0.0475569,1.57261,0,0.248348,0.287418,0.0938671,0,0,0,-34.793
"MtrElec",3,15,16,"",-20.894,0,0,0,0.0264844,0,0.0330909,0,0,0.756867,0,0,0,0.520432,4.55248,0.0518802,1.59774,0,0.121397,0.5946,0.102951,0,0,0,-29.2519
"MtrElec",3,15,17,"",-12.3178,0,0,0,0.0264844,0,0.0330909,0,0,0.756867,0,0,0,0.620514,5.0961,0.0821437,1.58454,0,0.251141,0,0.137773,0,0,0,-20.9065
"MtrElec",3,15,18,"",-1.29178,0,0,0,0.0264844,0,0.0330909,0,0,0.756867,0,0,0,0.88073,5.72665,0.164287,1.67958,0,0,0,0.210444,0,0,0,-10.7699
"MtrElec",3,15,19,"",9.80123,0,0,0,0.0264844,0,0.0330909,0,0,0.756867,0,0,0,1.68139,6.15064,0.207521,1.79075,0,0,0.882059,0.195304,0,0,0,-1.92288
"MtrElec",3,15,20,"",12.0413,0,0,0,0,0,0.0330909,0,0,0.756867,0,0,0,2.34194,6.3984,0.259401,1.77004,0,0.372555,0,0.109007,0,0,0,0
"MtrElec",3,15,21,"",13.1715,0,0,0,0,0,0.0330909,0,0,0.756867,0,0,0,2.26188,6.63446,0.358838,1.73718,1.34073,0,0,0.0484475,0,0,0,0
"MtrElec",3,15,22,"",12.5432,0,0,0,0,0,0.0330909,0,0,0.756867,0,0,0,1.92159,6.58343,0.423689,1.67,1.13329,0,0,0.0211958,0,0,0,0
"MtrElec",3,15,23,"",11.2603,0,0,0,0,0,0.0330909,0,0,0.756867,0,0,0,1.26105,5.89452,0.367485,1.5747,1.35898,0,0,0.0136259,0,0,0,0
"MtrElec",3,15,24,"",9.51859,0,0,0,0,0,0.0330909,0,0,0.756867,0,0,0,0.780647,5.01889,0.255078,1.54984,1.11661,0,0,0.00756993,0,0,0,0
"MtrElec",3,16,1,"",6.98727,0,0,0,0,0,0.0330909,0,0,0.756867,0,0,0,0.460382,4.10055,0.198874,1.42994,0,0,0,0.00756993,0,0,0,0
"MtrElec",3,16,2,"",9.88051,0,0,0,0,0,0.0330909,0,0,0.756867,0,0,0,0.380315,3.72819,0.198874,1.38185,3.39527,0,0,0.00605594,0,0,0,0
"MtrElec",3,16,3,"",7.7727,0,0,0,0,0,0.0330909,0,0,0.756867,0,0,0,0.300249,3.58199,0.198874,1.33975,1.55582,0,0,0.00605594,0,0,0,0
"MtrElec",3,16,4,"",6.21121,0,0,0,0,0,0.0330909,0,0,0.756867,0,0,0,0.340282,3.55893,0.198874,1.3171,0,0,0,0.00605594,0,0,0,0
"MtrElec",3,16,5,"",6.09658,0,0,0,0,0,0.0330909,0,0,0.756867,0,0,0,0.420349,3.39261,0.198874,1.28873,0,0,0,0.00605594,0,0,0,0
"MtrElec",3,16,6,"",6.60418,0,0,0,0,0,0.0330909,0,0,0.756867,0,0,0,0.620514,3.66835,0.159964,1.3442,0,0,0,0.0211958,0,0,0,0
"MtrElec",3,16,7,"",7.46342,0,0,0,0,0,0.0330909,0,0,0.756867,0,0,0,0.840697,4.17958,0.151317,1.4731,0,0,0,0.0287657,0,0,0,0
"MtrElec",3,16,8,"",6.30782,0,0,0,0,0,0.0330909,0,0,0.756867,0,0,0,0.82068,4.50639,0.146994,1.58433,0,0,0.881945,0.0378496,0,0,0,-2.46033
"MtrElec",3,16,9,"",-3.08764,0,0,0,0.0264844,0,0.0330909,0,0,0.756867,0,0,0,0.680564,4.20209,0.142671,1.54124,0,0.372507,0,0.0393636,0,0,0,-10.8825
"MtrElec",3,16,10,"",-11.0123,0,0,0,0.0264844,0,0.0330909,0,0,0.756867,0,0,0,0.580481,3.96017,0.121054,1.45361,1.18923,0,0.88224,0.0333077,0,0,0,-20.0488
"MtrElec",3,16,11,"",-17.1949,0,0,0,0.0264844,0,0.0330909,0,0,0.756867,0,0,0,0.540448,4.00187,0.0951138,1.43055,1.28607,0.372632,1.48792,0.0317937,0,0,0,-27.2577
"MtrElec",3,16,12,"",-24.8357,0,0,0,0.0264844,0,0.0330909,0,0,0.756867,0,0,0,0.500415,4.00187,0.0648503,1.45896,0,0.628453,0.276015,0.0439056,0,0,0,-32.6266
"MtrElec",3,16,13,"",-28.3299,0,0,0,0.0264844,0,0.0330909,0,0,0.756867,0,0,0,0.420349,4.0156,0.0518802,1.49519,0,0.116581,0,0.0529895,0,0,0,-35.2989
"MtrElec",3,16,14,"",-28.5228,0,0,0,0.0264844,0,0.0330909,0,0,0.756867,0,0,0,0.420349,4.10489,0.0475569,1.48207,0,0,0,0.0484475,0,0,0,-35.4426
"MtrElec",3,16,15,"",-25.991,0,0,0,0.0264844,0,0.0330909,0,0,0.756867,0,0,0,0.420349,4.24872,0.0475569,1.48647,0,0,0,0.0514755,0,0,0,-33.062
"MtrElec",3,16,16,"",-20.8381,0,0,0,0.0264844,0,0.0330909,0,0,0.756867,0,0,0,0.520432,4.36893,0.0518802,1.51493,0,0,0.218911,0.0787273,0,0,0,-28.4083
"MtrElec",3,16,17,"",-11.9452,0,0,0,0.0264844,0,0.0330909,0,0,0.756867,0,0,0,0.620514,4.92391,0.0821437,1.60164,0,0.0924616,0.432205,0.174108,0,0,0,-20.6886
"MtrElec",3,16,18,"",-0.836771,0,0,0,0.0264844,0,0.0330909,0,0,0.756867,0,0,0,0.88073,5.65748,0.159964,1.75769,0,0.18255,0.230815,0.292199,0,0,0,-10.8146
"MtrElec",3,16,19,"",9.17313,0.0200129,0,0,0.0264844,0,0.0330909,0.00563996,0,0.756867,0,0,0,1.68139,6.16143,0.211844,1.87681,0,0.0974895,0,0.272517,0,0,0,-1.97045
"MtrElec",3,16,20,"",12.1271,0.178277,0,0,0,0,0.0330909,0.0506764,0,0.756867,0,0,0,2.34194,6.48972,0.281018,1.84719,0,0,0,0.148371,0,0,0,0
"MtrElec",3,16,21,"",12.6101,0,0,0,0,0,0.0330909,0,0,0.756867,0,0,0,2.26188,6.7719,0.393425,1.78727,0.54211,0,0,0.0635874,0,0,0,0
"MtrElec",3,16,22,"",12.5274,0,0,0,0,0,0.0330909,0,0,0.756867,0,0,0,1.92159,6.73222,0.453952,1.72627,0.873087,0,0,0.0302797,0,0,0,0
"MtrElec",3,16,23,"",11.1292,0,0,0,0,0,0.0330909,0,0,0.756867,0,0,0,1.26105,5.97505,0.393425,1.63122,1.06029,0,0,0.0181678,0,0,0,0
"MtrElec",3,16,24,"",8.52099,0,0,0,0,0,0.0330909,0,0,0.756867,0,0,0,0.780647,5.1101,0.272371,1.55277,0,0,0,0.0151399,0,0,0,0
"MtrElec",3,17,1,"",7.05418,0,0,0,0,0,0.0330909,0,0,0.756867,0,0,0,0.460382,4.10055,0.198874,1.49685,0,0,0,0.00756993,0,0,0,0
"MtrElec",3,17,2,"",9.93782,0,0,0,0,0,0.0330909,0,0,0.756867,0,0,0,0.380315,3.72819,0.198874,1.43915,3.39527,0,0,0.00605594,0,0,0,0
"MtrElec",3,17,3,"",7.82956,0,0,0,0,0,0.0330909,0,0,0.756867,0,0,0,0.300249,3.58199,0.198874,1.39661,1.55582,0,0,0.00605594,0,0,0,0
"MtrElec",3,17,4,"",6.26503,0,0,0,0,0,0.0330909,0,0,0.756867,0,0,0,0.340282,3.55893,0.198874,1.37093,0,0,0,0.00605594,0,0,0,0
"MtrElec",3,17,5,"",6.1543,0,0,0,0,0,0.0330909,0,0,0.756867,0,0,0,0.420349,3.39261,0.198874,1.34645,0,0,0,0.00605594,0,0,0,0
"MtrElec",3,17,6,"",6.67055,0,0,0,0,0,0.0330909,0,0,0.756867,0,0,0,0.620514,3.66835,0.159964,1.41057,0,0,0,0.0211958,0,0,0,0
"MtrElec",3,17,7,"",7.51531,0,0,0,0,0,0.0330909,0,0,0.756867,0,0,0,0.840697,4.17958,0.151317,1.525,0,0,0,0.0287657,0,0,0,0
"MtrElec",3,17,8,"",5.19031,0,0,0,0,0,0.0330909,0,0,0.756867,0,0,0,0.82068,4.50639,0.146994,1.62235,0,0,0,0.0378496,0,0,0,-2.73391
"MtrElec",3,17,9,"",-2.68085,0,0,0,0.0264844,0,0.0330909,0,0,0.756867,0,0,0,0.680564,4.20209,0.142671,1.57863,1.3606,0,0,0.0393636,0,0,0,-11.5012
"MtrElec",3,17,10,"",-11.946,0,0,0,0.0264844,0,0.0330909,0,0,0.756867,0,0,0,0.580481,3.96017,0.121054,1.49202,2.30358,0,0,0.0333077,0,0,0,-21.2531
"MtrElec",3,17,11,"",-19.0404,0,0,0,0.0264844,0,0.0330909,0,0,0.756867,0,0,0,0.540448,4.00187,0.0951138,1.46021,1.28607,0,1.46769,0.0317937,0,0,0,-28.7401
"MtrElec",3,17,12,"",-25.8899,0,0,0,0.0264844,0,0.0330909,0,0,0.756867,0,0,0,0.500415,4.00187,0.0648503,1.48007,0,0.61991,0.29618,0.0439056,0,0,0,-33.7136
"MtrElec",3,17,13,"",-29.4758,0,0,0,0.0264844,0,0.0330909,0,0,0.756867,0,0,0,0.420349,4.0156,0.0518802,1.50933,0,0.125098,0.285975,0.0529895,0,0,0,-36.7535
"MtrElec",3,17,14,"",-28.4474,0,0,0,0.0264844,0,0.0330909,0,0,0.756867,0,0,0,0.420349,4.10489,0.0475569,1.49119,0,0.120787,1.47826,0.0484475,0,0,0,-36.9753
"MtrElec",3,17,15,"",-26.4973,0,0,0,0.0264844,0,0.0330909,0,0,0.756867,0,0,0,0.420349,4.24872,0.0475569,1.48934,0,0.624373,0,0.0514755,0,0,0,-34.1956
"MtrElec",3,17,16,"",-20.0157,0,0,0,0.0264844,0,0.0330909,0,0,0.756867,0,0,0,0.520432,4.36893,0.0518802,1.51414,1.26327,0,0.218911,0.0787273,0,0,0,-28.8484
"MtrElec",3,17,17,"",-11.0039,0,0,0,0.0264844,0,0.0330909,0,0,0.756867,0,0,0,0.620514,4.92391,0.0821437,1.5959,1.21212,0.0924616,0.432205,0.174108,0,0,0,-20.9537
"MtrElec",3,17,18,"",-1.01162,0,0,0,0.0264844,0,0.0330909,0,0,0.756867,0,0,0,0.88073,5.65748,0.159964,1.74802,0,0.18255,0.230815,0.292199,0,0,0,-10.9798
"MtrElec",3,17,19,"",10.8146,0,0,0,0.0264844,0,0.0330909,0,0,0.756867,0,0,0,1.68139,6.16143,0.211844,1.86315,1.71125,0.0974895,0,0.272517,0,0,0,-2.00087
"MtrElec",3,17,20,"",12.6462,0,0,0,0,0,0.0330909,0,0,0.756867,0,0,0,2.34194,6.48972,0.281018,1.83248,0.762762,0,0,0.148371,0,0,0,0
"MtrElec",3,17,21,"",12.0469,0,0,0,0,0,0.0330909,0,0,0.756867,0,0,0,2.26188,6.7719,0.393425,1.7662,0,0,0,0.0635874,0,0,0,0
"MtrElec",3,17,22,"",11.6291,0,0,0,0,0,0.0330909,0,0,0.756867,0,0,0,1.92159,6.73222,0.453952,1.70114,0,0,0,0.0302797,0,0,0,0
"MtrElec",3,17,23,"",10.0405,0,0,0,0,0,0.0330909,0,0,0.756867,0,0,0,1.26105,5.97505,0.393425,1.60287,0,0,0,0.0181678,0,0,0,0
"MtrElec",3,17,24,"",8.48258,0,0,0,0,0,0.0330909,0,0,0.756867,0,0,0,0.780647,5.1101,0.272371,1.51436,0,0,0,0.0151399,0,0,0,0
"MtrElec",3,18,1,"",7.02368,0,0,0,0,0,0.0330909,0,0,0.756867,0,0,0,0.460382,4.10055,0.198874,1.46635,0,0,0,0.00756993,0,0,0,0
"MtrElec",3,18,2,"",6.51883,0,0,0,0,0,0.0330909,0,0,0.756867,0,0,0,0.380315,3.72819,0.198874,1.41543,0,0,0,0.00605594,0,0,0,0
"MtrElec",3,18,3,"",6.24936,0,0,0,0,0,0.0330909,0,0,0.756867,0,0,0,0.300249,3.58199,0.198874,1.37223,0,0,0,0.00605594,0,0,0,0
"MtrElec",3,18,4,"",6.24137,0,0,0,0,0,0.0330909,0,0,0.756867,0,0,0,0.340282,3.55893,0.198874,1.34726,0,0,0,0.00605594,0,0,0,0
"MtrElec",3,18,5,"",6.12999,0,0,0,0,0,0.0330909,0,0,0.756867,0,0,0,0.420349,3.39261,0.198874,1.32214,0,0,0,0.00605594,0,0,0,0
"MtrElec",3,18,6,"",6.64372,0,0,0,0,0,0.0330909,0,0,0.756867,0,0,0,0.620514,3.66835,0.159964,1.38374,0,0,0,0.0211958,0,0,0,0
"MtrElec",3,18,7,"",7.49498,0,0,0,0,0,0.0330909,0,0,0.756867,0,0,0,0.840697,4.17958,0.151317,1.50467,0,0,0,0.0287657,0,0,0,0
"MtrElec",3,18,8,"",7.16373,0,0,0,0,0,0.0330909,0,0,0.756867,0,0,0,0.82068,4.50639,0.146994,1.60779,0,0,0,0.0378496,0,0,0,-0.745937
"MtrElec",3,18,9,"",0.655753,0,0,0,0.0264844,0,0.0330909,0,0,0.756867,0,0,0,0.680564,4.20209,0.142671,1.55797,0,0,0.628229,0.0393636,0,0,0,-7.41157
"MtrElec",3,18,10,"",-8.77243,0,0,0,0.0264844,0,0.0330909,0,0,0.756867,0,0,0,0.580481,3.96017,0.121054,1.46009,0.484958,0.265345,1.61286,0.0333077,0,0,0,-18.1071
"MtrElec",3,18,11,"",-19.3252,0,0,0,0.0264844,0,0.0330909,0,0,0.756867,0,0,0,0.540448,4.00187,0.0951138,1.42077,1.69357,0.681226,0.405362,0.0317937,0,0,0,-29.0118
"MtrElec",3,18,12,"",-25.9953,0,0,0,0.0264844,0,0.0330909,0,0,0.756867,0,0,0,0.500415,4.00187,0.0648503,1.43843,0.296245,0.171213,0,0.0439056,0,0,0,-33.3287
"MtrElec",3,18,13,"",-28.6934,0,0,0,0.0264844,0,0.0330909,0,0,0.756867,0,0,0,0.420349,4.0156,0.0518802,1.47435,0,0,0,0.0529895,0,0,0,-35.525
"MtrElec",3,18,14,"",-27.8203,0,0,0,0.0264844,0,0.0330909,0,0,0.756867,0,0,0,0.420349,4.10489,0.0475569,1.45687,0,0,0.881958,0.0484475,0,0,0,-35.5968
"MtrElec",3,18,15,"",-25.9531,0,0,0,0.0264844,0,0.0330909,0,0,0.756867,0,0,0,0.420349,4.24872,0.0475569,1.46378,0,0.372513,0,0.0514755,0,0,0,-33.374
"MtrElec",3,18,16,"",-20.1237,0,0,0,0.0264844,0,0.0330909,0,0,0.756867,0,0,0,0.520432,4.36893,0.0518802,1.48644,0,0,0.882163,0.0787273,0,0,0,-28.3287
"MtrElec",3,18,17,"",-11.1258,0,0,0,0.0264844,0,0.0330909,0,0,0.756867,0,0,0,0.620514,4.92391,0.0821437,1.5566,0,0.372599,0.881924,0.174108,0,0,0,-20.554
"MtrElec",3,18,18,"",0.0875107,0,0,0,0.0264844,0,0.0330909,0,0,0.756867,0,0,0,0.88073,5.65748,0.159964,1.70161,0,0.372498,0.882049,0.292199,0,0,0,-10.6755
"MtrElec",3,18,19,"",11.0682,0,0,0,0.0264844,0,0.0330909,0,0,0.756867,0,0,0,1.68139,6.16143,0.211844,1.81663,1.71125,0.372551,0,0.272517,0,0,0,-1.97586
"MtrElec",3,18,20,"",12.6054,0,0,0,0,0,0.0330909,0,0,0.756867,0,0,0,2.34194,6.48972,0.281018,1.79161,0.762762,0,0,0.148371,0,0,0,0
"MtrElec",3,18,21,"",11.995,0,0,0,0,0,0.0330909,0,0,0.756867,0,0,0,2.26188,6.7719,0.393425,1.71429,0,0,0,0.0635874,0,0,0,0
"MtrElec",3,18,22,"",11.7296,0,0,0,0,0,0.0330909,0,0,0.756867,0,0,0,1.92159,6.73222,0.453952,1.63983,0,0,0.161806,0.0302797,0,0,0,0
"MtrElec",3,18,23,"",10.4721,0,0,0,0,0,0.0330909,0,0,0.756867,0,0,0,1.26105,5.97505,0.393425,1.54059,0,0.0683418,0.425533,0.0181678,0,0,0,0
"MtrElec",3,18,24,"",8.88194,0,0,0,0,0,0.0330909,0,0,0.756867,0,0,0,0.780647,5.1101,0.272371,1.4391,0,0.179732,0.294889,0.0151399,0,0,0,0
"MtrElec",3,19,1,"",7.08549,0,0,0,0,0,0.0330909,0,0,0.756867,0,0,0,0.460382,4.10055,0.198874,1.40361,0,0.124552,0,0.00756993,0,0,0,0
"MtrElec",3,19,2,"",6.46545,0,0,0,0,0,0.0330909,0,0,0.756867,0,0,0,0.380315,3.72819,0.198874,1.36206,0,0,0,0.00605594,0,0,0,0
"MtrElec",3,19,3,"",6.19526,0,0,0,0,0,0.0330909,0,0,0.756867,0,0,0,0.300249,3.58199,0.198874,1.31813,0,0,0,0.00605594,0,0,0,0
"MtrElec",3,19,4,"",6.1886,0,0,0,0,0,0.0330909,0,0,0.756867,0,0,0,0.340282,3.55893,0.198874,1.29449,0,0,0,0.00605594,0,0,0,0
"MtrElec",3,19,5,"",6.07176,0,0,0,0,0,0.0330909,0,0,0.756867,0,0,0,0.420349,3.39261,0.198874,1.26391,0,0,0,0.00605594,0,0,0,0
"MtrElec",3,19,6,"",6.57484,0,0,0,0,0,0.0330909,0,0,0.756867,0,0,0,0.620514,3.66835,0.159964,1.31486,0,0,0,0.0211958,0,0,0,0
"MtrElec",3,19,7,"",7.43919,0,0,0,0,0,0.0330909,0,0,0.756867,0,0,0,0.840697,4.17958,0.151317,1.44887,0,0,0,0.0287657,0,0,0,0
"MtrElec",3,19,8,"",5.03954,0,0,0,0,0,0.0330909,0,0,0.756867,0,0,0,0.82068,4.50639,0.146994,1.56556,0,0,0,0.0378496,0,0,0,-2.8279
"MtrElec",3,19,9,"",-3.99746,0,0,0,0.0264844,0,0.0330909,0,0,0.756867,0,0,0,0.680564,4.20209,0.142671,1.51645,0,0,0.287278,0.0393636,0,0,0,-11.6823
"MtrElec",3,19,10,"",-12.4855,0,0,0,0.0264844,0,0.0330909,0,0,0.756867,0,0,0,0.580481,3.96017,0.121054,1.41611,1.18923,0.121338,0.594891,0.0333077,0,0,0,-21.3185
"MtrElec",3,19,11,"",-19.5818,0,0,0,0.0264844,0,0.0330909,0,0,0.756867,0,0,0,0.540448,4.00187,0.0951138,1.38837,1.28607,0.251264,0.605934,0.0317937,0,0,0,-28.5991
"MtrElec",3,19,12,"",-26.1832,0,0,0,0.0264844,0,0.0330909,0,0,0.756867,0,0,0,0.500415,4.00187,0.0648503,1.41444,0,0.255928,0.276015,0.0439056,0,0,0,-33.5571
"MtrElec",3,19,13,"",-29.3994,0,0,0,0.0264844,0,0.0330909,0,0,0.756867,0,0,0,0.420349,4.0156,0.0518802,1.45656,0,0.116581,0,0.0529895,0,0,0,-36.3298
"MtrElec",3,19,14,"",-29.7897,0,0,0,0.0264844,0,0.0330909,0,0,0.756867,0,0,0,0.420349,4.10489,0.0475569,1.43948,0,0,0,0.0484475,0,0,0,-36.6669
"MtrElec",3,19,15,"",-27.2321,0,0,0,0.0264844,0,0.0330909,0,0,0.756867,0,0,0,0.420349,4.24872,0.0475569,1.44986,0,0,0,0.0514755,0,0,0,-34.2665
"MtrElec",3,19,16,"",-21.7342,0,0,0,0.0264844,0,0.0330909,0,0,0.756867,0,0,0,0.520432,4.36893,0.0518802,1.4691,0,0,0.218911,0.0787273,0,0,0,-29.2586
"MtrElec",3,19,17,"",-12.5299,0,0,0,0.0264844,0,0.0330909,0,0,0.756867,0,0,0,0.620514,4.92391,0.0821437,1.53266,0,0.0924616,0.432205,0.174108,0,0,0,-21.2044
"MtrElec",3,19,18,"",-1.17361,0,0,0,0.0264844,0,0.0330909,0,0,0.756867,0,0,0,0.88073,5.65748,0.159964,1.67449,0,0.18255,0.230815,0.292199,0,0,0,-11.0683
"MtrElec",3,19,19,"",8.99195,0,0,0,0.0264844,0,0.0330909,0,0,0.756867,0,0,0,1.68139,6.16143,0.211844,1.79392,0,0.0974895,0,0.272517,0,0,0,-2.04308
"MtrElec",3,19,20,"",11.8262,0,0,0,0,0,0.0330909,0,0,0.756867,0,0,0,2.34194,6.48972,0.281018,1.77515,0,0,0,0.148371,0,0,0,0
"MtrElec",3,19,21,"",11.9789,0,0,0,0,0,0.0330909,0,0,0.756867,0,0,0,2.26188,6.7719,0.393425,1.69818,0,0,0,0.0635874,0,0,0,0
"MtrElec",3,19,22,"",12.8232,0,0,0,0,0,0.0330909,0,0,0.756867,0,0,0,1.92159,6.73222,0.453952,1.62601,1.26921,0,0,0.0302797,0,0,0,0
"MtrElec",3,19,23,"",11.1727,0,0,0,0,0,0.0330909,0,0,0.756867,0,0,0,1.26105,5.97505,0.393425,1.52871,1.20634,0,0,0.0181678,0,0,0,0
"MtrElec",3,19,24,"",8.39573,0,0,0,0,0,0.0330909,0,0,0.756867,0,0,0,0.780647,5.1101,0.272371,1.42751,0,0,0,0.0151399,0,0,0,0
"MtrElec",3,20,1,"",6.94986,0,0,0,0,0,0.0330909,0,0,0.756867,0,0,0,0.460382,4.10055,0.198874,1.39253,0,0,0,0.00756993,0,0,0,0
"MtrElec",3,20,2,"",6.45511,0,0,0,0,0,0.0330909,0,0,0.756867,0,0,0,0.380315,3.72819,0.198874,1.35171,0,0,0,0.00605594,0,0,0,0
"MtrElec",3,20,3,"",6.18526,0,0,0,0,0,0.0330909,0,0,0.756867,0,0,0,0.300249,3.58199,0.198874,1.30813,0,0,0,0.00605594,0,0,0,0
"MtrElec",3,20,4,"",6.17962,0,0,0,0,0,0.0330909,0,0,0.756867,0,0,0,0.340282,3.55893,0.198874,1.28552,0,0,0,0.00605594,0,0,0,0
"MtrElec",3,20,5,"",6.06267,0,0,0,0,0,0.0330909,0,0,0.756867,0,0,0,0.420349,3.39261,0.198874,1.25482,0,0,0,0.00605594,0,0,0,0
"MtrElec",3,20,6,"",6.56498,0,0,0,0,0,0.0330909,0,0,0.756867,0,0,0,0.620514,3.66835,0.159964,1.305,0,0,0,0.0211958,0,0,0,0
"MtrElec",3,20,7,"",7.43195,0,0,0,0,0,0.0330909,0,0,0.756867,0,0,0,0.840697,4.17958,0.151317,1.44163,0,0,0,0.0287657,0,0,0,0
"MtrElec",3,20,8,"",7.90569,0,0,0,0,0,0.0330909,0,0,0.756867,0,0,0,0.82068,4.50639,0.146994,1.56055,0,0,0.881945,0.0378496,0,0,0,-0.838688
"MtrElec",3,20,9,"",1.55105,0,0,0,0.0264844,0,0.0330909,0,0,0.756867,0,0,0,0.680564,4.20209,0.142671,1.51233,0,0.372507,0,0.0393636,0,0,0,-6.21492
"MtrElec",3,20,10,"",-9.18043,0,0,0,0.0264844,0,0.0330909,0,0,0.756867,0,0,0,0.580481,3.96017,0.121054,1.40687,0,0,0.882232,0.0333077,0,0,0,-16.981
"MtrElec",3,20,11,"",-18.2682,0,0,0,0.0264844,0,0.0330909,0,0,0.756867,0,0,0,0.540448,4.00187,0.0951138,1.37222,0,0.372628,0.881985,0.0317937,0,0,0,-26.3807
"MtrElec",3,20,12,"",-25.1875,0,0,0,0.0264844,0,0.0330909,0,0,0.756867,0,0,0,0.500415,4.00187,0.0648503,1.39475,0,0.372524,0.869975,0.0439056,0,0,0,-33.2523
"MtrElec",3,20,13,"",-29.1483,0,0,0,0.0264844,0,0.0330909,0,0,0.756867,0,0,0,0.420349,4.0156,0.0518802,1.43654,0,0.367451,0.251218,0.0529895,0,0,0,-36.5608
"MtrElec",3,20,14,"",-24.6409,0,0,0,0.0264844,0,0.0330909,0,0,0.756867,0,0,0,0.420349,4.10489,0.0475569,1.41314,0,0.106107,3.28891,0.0484475,0,0,0,-34.8867
"MtrElec",3,20,15,"",-18.5351,0,0,0,0.0264844,0,0.0330909,0,0,0.756867,0,0,0,0.420349,4.24872,0.0475569,1.42446,0,1.38914,0,0.0514755,0,0,0,-26.9333
"MtrElec",3,20,16,"",-16.6817,0,0,0,0.0264844,0,0.0330909,0,0,0.756867,0,0,0,0.520432,4.36893,0.0518802,1.43894,0,0,0,0.0787273,0,0,0,-23.9571
"MtrElec",3,20,17,"",-12.7541,0,0,0,0.0264844,0,0.0330909,0,0,0.756867,0,0,0,0.620514,4.92391,0.0821437,1.49177,0,0,0,0.174108,0,0,0,-20.863
"MtrElec",3,20,18,"",-1.46901,0,0,0,0.0264844,0,0.0330909,0,0,0.756867,0,0,0,0.88073,5.65748,0.159964,1.63308,0,0,0,0.292199,0,0,0,-10.9089
"MtrElec",3,20,19,"",13.9671,0,0,0,0.0264844,0,0.0330909,0,0,0.756867,0,0,0,1.68139,6.16143,0.211844,1.75614,5.13375,0,0,0.272517,0,0,0,-2.06641
"MtrElec",3,20,20,"",14.0853,0,0,0,0,0,0.0330909,0,0,0.756867,0,0,0,2.34194,6.48972,0.281018,1.74604,2.28829,0,0,0.148371,0,0,0,0
"MtrElec",3,20,21,"",11.944,0,0,0,0,0,0.0330909,0,0,0.756867,0,0,0,2.26188,6.7719,0.393425,1.66328,0,0,0,0.0635874,0,0,0,0
"MtrElec",3,20,22,"",15.0011,0,0,0,0,0,0.0330909,0,0,0.756867,0,0,0,1.92159,6.73222,0.453952,1.58534,2.47431,0,1.01342,0.0302797,0,0,0,0
"MtrElec",3,20,23,"",10.8103,0,0,0,0,0,0.0330909,0,0,0.756867,0,0,0,1.26105,5.97505,0.393425,1.48861,0,0.428039,0.456043,0.0181678,0,0,0,0
"MtrElec",3,20,24,"",8.83683,0,0,0,0,0,0.0330909,0,0,0.756867,0,0,0,0.780647,5.1101,0.272371,1.3811,0,0.192619,0.294889,0.0151399,0,0,0,0
"MtrElec",3,21,1,"",7.08812,0,0,0,0,0,0.0330909,0,0,0.756867,0,0,0,0.460382,4.11191,0.198874,1.39488,0,0.124552,0,0.00756993,0,0,0,0
"MtrElec",3,21,2,"",6.48242,0,0,0,0,0,0.0330909,0,0,0.756867,0,0,0,0.380315,3.7734,0.198874,1.33382,0,0,0,0.00605594,0,0,0,0
"MtrElec",3,21,3,"",6.16897,0,0,0,0,0,0.0330909,0,0,0.756867,0,0,0,0.300249,3.56972,0.194551,1.30995,0,0,0,0.00454196,0,0,0,0
"MtrElec",3,21,4,"",6.1659,0,0,0,0,0,0.0330909,0,0,0.756867,0,0,0,0.340282,3.55802,0.194551,1.27854,0,0,0,0.00454196,0,0,0,0
"MtrElec",3,21,5,"",6.03397,0,0,0,0,0,0.0330909,0,0,0.756867,0,0,0,0.420349,3.38034,0.198874,1.2399,0,0,0,0.00454196,0,0,0,0
"MtrElec",3,21,6,"",6.50245,0,0,0,0,0,0.0330909,0,0,0.756867,0,0,0,0.620514,3.65608,0.194551,1.23378,0,0,0,0.00756993,0,0,0,0
"MtrElec",3,21,7,"",7.20271,0,0,0,0,0,0.0330909,0,0,0.756867,0,0,0,0.840697,4.09962,0.190228,1.26707,0,0,0,0.0151399,0,0,0,0
"MtrElec",3,21,8,"",5.9275,0,0,0,0,0,0.0330909,0,0,0.756867,0,0,0,0.82068,4.41507,0.177258,1.37174,0,0,0,0.0408776,0,0,0,-1.68809
"MtrElec",3,21,9,"",3.68102,0,0,0,0,0,0.0330909,0,0,0.756867,0,0,0,0.680564,4.1796,0.155641,1.53793,0,0,0,0.0726713,0,0,0,-3.73534
"MtrElec",3,21,10,"",-1.72906,0,0,0,0.0264844,0,0.0330909,0,0,0.756867,0,0,0,0.580481,4.04127,0.129701,1.50307,0,0,0.882149,0.0726713,0,0,0,-9.75485
"MtrElec",3,21,11,"",-11.029,0,0,0,0.0264844,0,0.0330909,0,0,0.756867,0,0,0,0.540448,4.10603,0.10376,1.47498,0,0.372593,0,0.0696433,0,0,0,-18.5129
"MtrElec",3,21,12,"",-14.9548,0,0,0,0.0264844,0,0.0330909,0,0,0.756867,0,0,0,0.500415,4.03629,0.0691737,1.5034,0,0,0.710561,0.0832692,0,0,0,-22.6743
"MtrElec",3,21,13,"",-25.3419,0,0,0,0.0264844,0,0.0330909,0,0,0.756867,0,0,0,0.420349,4.0039,0.0518802,1.52996,0,0.30012,0.46546,0.0953811,0,0,0,-33.0254
"MtrElec",3,21,14,"",-27.5778,0,0,0,0.0264844,0,0.0330909,0,0,0.756867,0,0,0,0.420349,4.12704,0.0475569,1.55078,0,0.196597,0.587988,0.0893252,0,0,0,-35.4139
"MtrElec",3,21,15,"",-25.5319,0,0,0,0.0264844,0,0.0330909,0,0,0.756867,0,0,0,0.420349,4.32869,0.0475569,1.53265,0,0.248348,0,0.0938671,0,0,0,-33.0198
"MtrElec",3,21,16,"",-20.1465,0,0,0,0.0264844,0,0.0330909,0,0,0.756867,0,0,0,0.520432,4.55248,0.0518802,1.57085,0,0,0,0.102951,0,0,0,-27.7615
"MtrElec",3,21,17,"",-11.739,0,0,0,0.0264844,0,0.0330909,0,0,0.756867,0,0,0,0.620514,5.0961,0.0821437,1.54802,0,0,0,0.137773,0,0,0,-20.04
"MtrElec",3,21,18,"",-0.120486,0,0,0,0.0264844,0,0.0330909,0,0,0.756867,0,0,0,0.88073,5.72665,0.164287,1.6391,0,0,0.882206,0.210444,0,0,0,-10.4403
"MtrElec",3,21,19,"",10.4148,0,0,0,0,0,0.0330909,0,0,0.756867,0,0,0,1.68139,6.15064,0.207521,1.75721,0,0.372617,1.29097,0.195304,0,0,0,-2.03082
"MtrElec",3,21,20,"",12.6416,0,0,0,0,0,0.0330909,0,0,0.756867,0,0,0,2.34194,6.3984,0.259401,1.72446,0,0.545267,0.473138,0.109007,0,0,0,0
"MtrElec",3,21,21,"",13.3084,0,0,0,0,0,0.0330909,0,0,0.756867,0,0,0,2.26188,6.63446,0.358838,1.67424,1.34073,0.199839,0,0.0484475,0,0,0,0
"MtrElec",3,21,22,"",12.4697,0,0,0,0,0,0.0330909,0,0,0.756867,0,0,0,1.92159,6.58343,0.423689,1.59658,1.13329,0,0,0.0211958,0,0,0,0
"MtrElec",3,21,23,"",11.1487,0,0,0,0,0,0.0330909,0,0,0.756867,0,0,0,1.26105,5.89452,0.367485,1.4631,1.35898,0,0,0.0136259,0,0,0,0
"MtrElec",3,21,24,"",9.44386,0,0,0,0,0,0.0330909,0,0,0.756867,0,0,0,0.780647,5.01889,0.255078,1.47511,1.11661,0,0,0.00756993,0,0,0,0
"MtrElec",3,22,1,"",6.93515,0,0,0,0,0,0.0330909,0,0,0.756867,0,0,0,0.460382,4.11191,0.198874,1.36646,0,0,0,0.00756993,0,0,0,0
"MtrElec",3,22,2,"",6.45858,0,0,0,0,0,0.0330909,0,0,0.756867,0,0,0,0.380315,3.7734,0.198874,1.30998,0,0,0,0.00605594,0,0,0,0
"MtrElec",3,22,3,"",6.14636,0,0,0,0,0,0.0330909,0,0,0.756867,0,0,0,0.300249,3.56972,0.194551,1.28734,0,0,0,0.00454196,0,0,0,0
"MtrElec",3,22,4,"",6.14434,0,0,0,0,0,0.0330909,0,0,0.756867,0,0,0,0.340282,3.55802,0.194551,1.25698,0,0,0,0.00454196,0,0,0,0
"MtrElec",3,22,5,"",6.01024,0,0,0,0,0,0.0330909,0,0,0.756867,0,0,0,0.420349,3.38034,0.198874,1.21617,0,0,0,0.00454196,0,0,0,0
"MtrElec",3,22,6,"",6.47868,0,0,0,0,0,0.0330909,0,0,0.756867,0,0,0,0.620514,3.65608,0.194551,1.21,0,0,0,0.00756993,0,0,0,0
"MtrElec",3,22,7,"",7.17586,0,0,0,0,0,0.0330909,0,0,0.756867,0,0,0,0.840697,4.09962,0.190228,1.24022,0,0,0,0.0151399,0,0,0,0
"MtrElec",3,22,8,"",7.59107,0,0,0,0,0,0.0330909,0,0,0.756867,0,0,0,0.82068,4.41507,0.177258,1.34722,0,0,0,0.0408776,0,0,0,0
"MtrElec",3,22,9,"",5.44218,0,0,0,0,0,0.0330909,0,0,0.756867,0,0,0,0.680564,4.1796,0.155641,1.52011,0,0,0,0.0726713,0,0,0,-1.95636
"MtrElec",3,22,10,"",-1.00366,0,0,0,0.0264844,0,0.0330909,0,0,0.756867,0,0,0,0.580481,4.04127,0.129701,1.47374,0,0,0,0.0726713,0,0,0,-8.11797
"MtrElec",3,22,11,"",-10.4884,0,0,0,0.0264844,0,0.0330909,0,0,0.756867,0,0,0,0.540448,4.10603,0.10376,1.4444,0,0,1.40038,0.0696433,0,0,0,-18.9695
"MtrElec",3,22,12,"",-11.7737,0,0,0,0.0264844,0,0.0330909,0,0,0.756867,0,0,0,0.500415,4.03629,0.0691737,1.47258,0,0.591479,1.67993,0.0832692,0,0,0,-21.0233
"MtrElec",3,22,13,"",-10.0147,0,0,0,0.0264844,0,0.0330909,0,0,0.756867,0,0,0,0.420349,4.0039,0.0518802,1.50225,1.21676,0.709552,0.448594,0.0953811,0,0,0,-19.2799
"MtrElec",3,22,14,"",-11.01,0,0,0,0.0264844,0,0.0330909,0,0,0.756867,0,0,0,0.420349,4.12704,0.0475569,1.52008,1.25715,0.189473,0.88202,0.0893252,0,0,0,-20.3594
"MtrElec",3,22,15,"",-22.1162,0,0,0,0.0264844,0,0.0330909,0,0,0.756867,0,0,0,0.420349,4.32869,0.0475569,1.49818,0,0.372539,2.26819,0.0938671,0,0,0,-31.962
"MtrElec",3,22,16,"",-18.2378,0,0,0,0.0264844,0,0.0330909,0,0,0.756867,0,0,0,0.520432,4.55248,0.0518802,1.54187,0,0.958015,1.74992,0.102951,0,0,0,-28.5318
"MtrElec",3,22,17,"",-10.732,0,0,0,0.0264844,0,0.0330909,0,0,0.756867,0,0,0,0.620514,5.0961,0.0821437,1.50403,0,0.739116,0.875203,0.137773,0,0,0,-20.6033
"MtrElec",3,22,18,"",0.302195,0,0,0,0.0264844,0,0.0330909,0,0,0.756867,0,0,0,0.88073,5.72665,0.164287,1.59728,0,0.36966,1.28077,0.210444,0,0,0,-10.7441
"MtrElec",3,22,19,"",9.22799,0,0,0,0.0264844,0,0.0330909,0,0,0.756867,0,0,0,1.68139,6.15064,0.207521,1.72717,0,0.540961,0,0.195304,0,0,0,-2.09144
"MtrElec",3,22,20,"",12.8299,0,0,0,0,0,0.0330909,0,0,0.756867,0,0,0,2.34194,6.3984,0.259401,1.68988,1.24133,0,0,0.109007,0,0,0,0
"MtrElec",3,22,21,"",13.3247,0,0,0,0,0,0.0330909,0,0,0.756867,0,0,0,2.26188,6.63446,0.358838,1.63676,1.23252,0,0.361803,0.0484475,0,0,0,0
"MtrElec",3,22,22,"",13.743,0,0,0,0,0,0.0330909,0,0,0.756867,0,0,0,1.92159,6.58343,0.423689,1.56622,0,0.152815,2.28412,0.0211958,0,0,0,0
"MtrElec",3,22,23,"",10.7199,0,0,0,0,0,0.0330909,0,0,0.756867,0,0,0,1.26105,5.89452,0.367485,1.42853,0,0.964744,0,0.0136259,0,0,0,0
"MtrElec",3,22,24,"",8.30932,0,0,0,0,0,0.0330909,0,0,0.756867,0,0,0,0.780647,5.01889,0.255078,1.45717,0,0,0,0.00756993,0,0,0,0
"MtrElec",3,23,1,"",6.85052,0,0,0,0,0,0.0330909,0,0,0.756867,0,0,0,0.460382,4.10055,0.198874,1.29319,0,0,0,0.00756993,0,0,0,0
"MtrElec",3,23,2,"",6.37142,0,0,0,0,0,0.0330909,0,0,0.756867,0,0,0,0.380315,3.72819,0.198874,1.26803,0,0,0,0.00605594,0,0,0,0
"MtrElec",3,23,3,"",6.10226,0,0,0,0,0,0.0330909,0,0,0.756867,0,0,0,0.300249,3.58199,0.198874,1.22513,0,0,0,0.00605594,0,0,0,0
"MtrElec",3,23,4,"",6.10024,0,0,0,0,0,0.0330909,0,0,0.756867,0,0,0,0.340282,3.55893,0.198874,1.20613,0,0,0,0.00605594,0,0,0,0
"MtrElec",3,23,5,"",5.97659,0,0,0,0,0,0.0330909,0,0,0.756867,0,0,0,0.420349,3.39261,0.198874,1.16874,0,0,0,0.00605594,0,0,0,0
"MtrElec",3,23,6,"",6.46501,0,0,0,0,0,0.0330909,0,0,0.756867,0,0,0,0.620514,3.66835,0.159964,1.20502,0,0,0,0.0211958,0,0,0,0
"MtrElec",3,23,7,"",7.35255,0,0,0,0,0,0.0330909,0,0,0.756867,0,0,0,0.840697,4.17958,0.151317,1.36223,0,0,0,0.0287657,0,0,0,0
"MtrElec",3,23,8,"",8.68547,0,0,0,0,0,0.0330909,0,0,0.756867,0,0,0,0.82068,4.50639,0.146994,1.50165,0,0,0.881945,0.0378496,0,0,0,0
"MtrElec",3,23,9,"",4.04763,0,0,0,0,0,0.0330909,0,0,0.756867,0,0,0,0.680564,4.20209,0.142671,1.45012,0,0.372507,0,0.0393636,0,0,0,-3.62965
"MtrElec",3,23,10,"",0.901574,0,0,0,0.0264844,0,0.0330909,0,0,0.756867,0,0,0,0.580481,3.96017,0.121054,1.33091,0,0,0.881802,0.0333077,0,0,0,-6.82259
"MtrElec",3,23,11,"",-3.69664,0,0,0,0.0264844,0,0.0330909,0,0,0.756867,0,0,0,0.540448,4.00187,0.0951138,1.29613,0,0.372447,0.881985,0.0317937,0,0,0,-11.7329
"MtrElec",3,23,12,"",-13.5268,0,0,0,0.0264844,0,0.0330909,0,0,0.756867,0,0,0,0.500415,4.00187,0.0648503,1.31639,0,0.372524,1.76411,0.0439056,0,0,0,-22.4073
"MtrElec",3,23,13,"",-20.1363,0,0,0,0.0264844,0,0.0330909,0,0,0.756867,0,0,0,0.420349,4.0156,0.0518802,1.36824,0,0.745108,0,0.0529895,0,0,0,-27.607
"MtrElec",3,23,14,"",-22.3504,0,0,0,0.0264844,0,0.0330909,0,0,0.756867,0,0,0,0.420349,4.10489,0.0475569,1.34229,0,0,0.881958,0.0484475,0,0,0,-30.0123
"MtrElec",3,23,15,"",-20.6631,0,0,0,0.0264844,0,0.0330909,0,0,0.756867,0,0,0,0.420349,4.24872,0.0475569,1.37004,0,0.372513,0,0.0514755,0,0,0,-27.9902
"MtrElec",3,23,16,"",-15.3127,0,0,0,0.0264844,0,0.0330909,0,0,0.756867,0,0,0,0.520432,4.36893,0.0518802,1.38254,0,0,0,0.0787273,0,0,0,-22.5317
"MtrElec",3,23,17,"",-7.44479,0,0,0,0.0264844,0,0.0330909,0,0,0.756867,0,0,0,0.620514,4.92391,0.0821437,1.41646,0.530617,0,0,0.174108,0,0,0,-16.009
"MtrElec",3,23,18,"",6.06828,0,0,0,0.0264844,0,0.0330909,0,0,0.756867,0,0,0,0.88073,5.65748,0.159964,1.55062,1.9438,0,0,0.292199,0,0,0,-5.23296
"MtrElec",3,23,19,"",11.8768,0,0,0,0,0,0.0330909,0,0,0.756867,0,0,0,1.68139,6.16143,0.211844,1.68123,1.71125,0,0,0.272517,0,0,0,-0.632855
"MtrElec",3,23,20,"",12.4988,0,0,0,0,0,0.0330909,0,0,0.756867,0,0,0,2.34194,6.48972,0.281018,1.68506,0.762762,0,0,0.148371,0,0,0,0
"MtrElec",3,23,21,"",11.8757,0,0,0,0,0,0.0330909,0,0,0.756867,0,0,0,2.26188,6.7719,0.393425,1.59493,0,0,0,0.0635874,0,0,0,0
"MtrElec",3,23,22,"",12.3236,0,0,0,0,0,0.0330909,0,0,0.756867,0,0,0,1.92159,6.73222,0.453952,1.51342,0,0,0.882198,0.0302797,0,0,0,0
"MtrElec",3,23,23,"",10.4513,0,0,0,0,0,0.0330909,0,0,0.756867,0,0,0,1.26105,5.97505,0.393425,1.41601,0,0.372614,0.225027,0.0181678,0,0,0,0
"MtrElec",3,23,24,"",9.01472,0,0,0,0,0,0.0330909,0,0,0.756867,0,0,0,0.780647,5.1101,0.272371,1.29458,0,0.0950445,0.656879,0.0151399,0,0,0,0
"MtrElec",3,24,1,"",7.11796,0,0,0,0,0,0.0330909,0,0,0.756867,0,0,0,0.460382,4.10055,0.198874,1.28318,0,0.277446,0,0.00756993,0,0,0,0
"MtrElec",3,24,2,"",6.36464,0,0,0,0,0,0.0330909,0,0,0.756867,0,0,0,0.380315,3.72819,0.198874,1.26124,0,0,0,0.00605594,0,0,0,0
"MtrElec",3,24,3,"",6.09633,0,0,0,0,0,0.0330909,0,0,0.756867,0,0,0,0.300249,3.58199,0.198874,1.2192,0,0,0,0.00605594,0,0,0,0
"MtrElec",3,24,4,"",6.09523,0,0,0,0,0,0.0330909,0,0,0.756867,0,0,0,0.340282,3.55893,0.198874,1.20112,0,0,0,0.00605594,0,0,0,0
"MtrElec",3,24,5,"",5.97217,0,0,0,0,0,0.0330909,0,0,0.756867,0,0,0,0.420349,3.39261,0.198874,1.16432,0,0,0,0.00605594,0,0,0,0
"MtrElec",3,24,6,"",6.46127,0,0,0,0,0,0.0330909,0,0,0.756867,0,0,0,0.620514,3.66835,0.159964,1.20129,0,0,0,0.0211958,0,0,0,0
"MtrElec",3,24,7,"",8.23315,0,0,0,0,0,0.0330909,0,0,0.756867,0,0,0,0.840697,4.17958,0.151317,1.36059,0,0,0.882236,0.0287657,0,0,0,0
"MtrElec",3,24,8,"",8.02598,0,0,0,0,0,0.0330909,0,0,0.756867,0,0,0,0.82068,4.50639,0.146994,1.50193,0,0.37263,0,0.0378496,0,0,0,-0.150449
"MtrElec",3,24,9,"",5.76105,0,0,0,0,0,0.0330909,0,0,0.756867,0,0,0,0.680564,4.20209,0.142671,1.45276,0,0,0,0.0393636,0,0,0,-1.54635
"MtrElec",3,24,10,"",3.48014,0,0,0,0,0,0.0330909,0,0,0.756867,0,0,0,0.580481,3.96017,0.121054,1.33263,0,0,0,0.0333077,0,0,0,-3.33746
"MtrElec",3,24,11,"",2.83047,0,0,0,0.0264844,0,0.0330909,0,0,0.756867,0,0,0,0.540448,4.00187,0.0951138,1.29372,0,0,0.882206,0.0317937,0,0,0,-4.83112
"MtrElec",3,24,12,"",-0.156622,0,0,0,0.0264844,0,0.0330909,0,0,0.756867,0,0,0,0.500415,4.00187,0.0648503,1.3099,0,0.372617,0,0.0439056,0,0,0,-7.26663
"MtrElec",3,24,13,"",-2.80483,0,0,0,0.0264844,0,0.0330909,0,0,0.756867,0,0,0,0.420349,4.0156,0.0518802,1.35661,0,0,1.168,0.0529895,0,0,0,-10.6867
"MtrElec",3,24,14,"",-10.0909,0,0,0,0.0264844,0,0.0330909,0,0,0.756867,0,0,0,0.420349,4.10489,0.0475569,1.3219,0,0.493328,0.596301,0.0484475,0,0,0,-17.9401
"MtrElec",3,24,15,"",-15.2098,0,0,0,0.0264844,0,0.0330909,0,0,0.756867,0,0,0,0.420349,4.24872,0.0475569,1.35233,0,0.25186,0.43918,0.0514755,0,0,0,-22.8377
"MtrElec",3,24,16,"",-13.0735,0,0,0,0.0264844,0,0.0330909,0,0,0.756867,0,0,0,0.520432,4.36893,0.0518802,1.36555,0,0.185496,0.442728,0.0787273,0,0,0,-20.9036
"MtrElec",3,24,17,"",-7.68581,0,0,0,0.0264844,0,0.0330909,0,0,0.756867,0,0,0,0.620514,4.92391,0.0821437,1.39831,0.530617,0.186995,0,0.174108,0,0,0,-16.4189
"MtrElec",3,24,18,"",3.08721,0,0,0,0.0264844,0,0.0330909,0,0,0.756867,0,0,0,0.88073,5.65748,0.159964,1.53722,1.9438,0,0,0.292199,0,0,0,-8.20063
"MtrElec",3,24,19,"",10.2909,0,0,0,0,0,0.0330909,0,0,0.756867,0,0,0,1.68139,6.16143,0.211844,1.67163,0,0,0.881967,0.272517,0,0,0,-1.37989
"MtrElec",3,24,20,"",12.1021,0,0,0,0,0,0.0330909,0,0,0.756867,0,0,0,2.34194,6.48972,0.281018,1.67855,0,0.372517,0,0.148371,0,0,0,0
"MtrElec",3,24,21,"",11.8704,0,0,0,0,0,0.0330909,0,0,0.756867,0,0,0,2.26188,6.7719,0.393425,1.58961,0,0,0,0.0635874,0,0,0,0
"MtrElec",3,24,22,"",12.7063,0,0,0,0,0,0.0330909,0,0,0.756867,0,0,0,1.92159,6.73222,0.453952,1.50907,1.26921,0,0,0.0302797,0,0,0,0
"MtrElec",3,24,23,"",11.281,0,0,0,0,0,0.0330909,0,0,0.756867,0,0,0,1.26105,5.97505,0.393425,1.41203,1.20634,0,0.225027,0.0181678,0,0,0,0
"MtrElec",3,24,24,"",9.00973,0,0,0,0,0,0.0330909,0,0,0.756867,0,0,0,0.780647,5.1101,0.272371,1.28958,0,0.0950445,0.656879,0.0151399,0,0,0,0
"MtrElec",3,25,1,"",7.11325,0,0,0,0,0,0.0330909,0,0,0.756867,0,0,0,0.460382,4.10055,0.198874,1.27847,0,0.277446,0,0.00756993,0,0,0,0
"MtrElec",3,25,2,"",6.36043,0,0,0,0,0,0.0330909,0,0,0.756867,0,0,0,0.380315,3.72819,0.198874,1.25704,0,0,0,0.00605594,0,0,0,0
"MtrElec",3,25,3,"",6.09192,0,0,0,0,0,0.0330909,0,0,0.756867,0,0,0,0.300249,3.58199,0.198874,1.21479,0,0,0,0.00605594,0,0,0,0
"MtrElec",3,25,4,"",6.09093,0,0,0,0,0,0.0330909,0,0,0.756867,0,0,0,0.340282,3.55893,0.198874,1.19683,0,0,0,0.00605594,0,0,0,0
"MtrElec",3,25,5,"",5.96749,0,0,0,0,0,0.0330909,0,0,0.756867,0,0,0,0.420349,3.39261,0.198874,1.15964,0,0,0,0.00605594,0,0,0,0
"MtrElec",3,25,6,"",6.4558,0,0,0,0,0,0.0330909,0,0,0.756867,0,0,0,0.620514,3.66835,0.159964,1.19582,0,0,0,0.0211958,0,0,0,0
"MtrElec",3,25,7,"",7.34643,0,0,0,0,0,0.0330909,0,0,0.756867,0,0,0,0.840697,4.17958,0.151317,1.35611,0,0,0,0.0287657,0,0,0,0
"MtrElec",3,25,8,"",6.03529,0,0,0,0,0,0.0330909,0,0,0.756867,0,0,0,0.82068,4.50639,0.146994,1.49388,0,0,0,0.0378496,0,0,0,-1.76047
"MtrElec",3,25,9,"",4.83488,0,0,0,0,0,0.0330909,0,0,0.756867,0,0,0,0.680564,4.20209,0.142671,1.44245,0,0,0,0.0393636,0,0,0,-2.46222
"MtrElec",3,25,10,"",2.76458,0,0,0,0.0264844,0,0.0330909,0,0,0.756867,0,0,0,0.580481,3.96017,0.121054,1.32018,0,0,0.476651,0.0333077,0,0,0,-4.54371
"MtrElec",3,25,11,"",1.02611,0,0,0,0.0264844,0,0.0330909,0,0,0.756867,0,0,0,0.540448,4.00187,0.0951138,1.27949,0,0.201323,0.405362,0.0317937,0,0,0,-6.34573
"MtrElec",3,25,12,"",-12.2487,0,0,0,0.0264844,0,0.0330909,0,0,0.756867,0,0,0,0.500415,4.00187,0.0648503,1.29599,0,0.171213,0,0.0439056,0,0,0,-19.1434
"MtrElec",3,25,13,"",-4.42853,0,0,0,0.0264844,0,0.0330909,0,0,0.756867,0,0,0,0.420349,4.0156,0.0518802,1.3484,0,0,0,0.0529895,0,0,0,-11.1342
"MtrElec",3,25,14,"",-1.37728,0,0,0,0.0264844,0,0.0330909,0,0,0.756867,0,0,0,0.420349,4.10489,0.0475569,1.31624,0,0,0.400627,0.0484475,0,0,0,-8.53183
"MtrElec",3,25,15,"",-3.40014,0,0,0,0.0264844,0,0.0330909,0,0,0.756867,0,0,0,0.420349,4.24872,0.0475569,1.3447,0,0.169213,0.481249,0.0514755,0,0,0,-10.9798
"MtrElec",3,25,16,"",0.529763,0,0,0,0.0264844,0,0.0330909,0,0,0.756867,0,0,0,0.520432,4.36893,0.0518802,1.35612,1.26327,0.203265,0,0.0787273,0,0,0,-8.12931
"MtrElec",3,25,17,"",-1.11762,0,0,0,0.0264844,0,0.0330909,0,0,0.756867,0,0,0,0.620514,4.92391,0.0821437,1.38583,1.21212,0,0,0.174108,0,0,0,-10.3327
"MtrElec",3,25,18,"",0.0942158,0,0,0,0.0264844,0,0.0330909,0,0,0.756867,0,0,0,0.88073,5.65748,0.159964,1.51922,0,0,0,0.292199,0,0,0,-9.23182
"MtrElec",3,25,19,"",9.01053,0,0,0,0.0264844,0,0.0330909,0,0,0.756867,0,0,0,1.68139,6.16143,0.211844,1.65809,0,0,0,0.272517,0,0,0,-1.79118
"MtrElec",3,25,20,"",11.7218,0,0,0,0,0,0.0330909,0,0,0.756867,0,0,0,2.34194,6.48972,0.281018,1.67079,0,0,0,0.148371,0,0,0,0
"MtrElec",3,25,21,"",12.4031,0,0,0,0,0,0.0330909,0,0,0.756867,0,0,0,2.26188,6.7719,0.393425,1.58024,0.54211,0,0,0.0635874,0,0,0,0
"MtrElec",3,25,22,"",15.6253,0,0,0,0,0,0.0330909,0,0,0.756867,0,0,0,1.92159,6.73222,0.453952,1.49832,3.3474,0,0.851616,0.0302797,0,0,0,0
"MtrElec",3,25,23,"",11.2911,0,0,0,0,0,0.0330909,0,0,0.756867,0,0,0,1.26105,5.97505,0.393425,1.40297,1.06029,0.359697,0.0305102,0.0181678,0,0,0,0
"MtrElec",3,25,24,"",8.25955,0,0,0,0,0,0.0330909,0,0,0.756867,0,0,0,0.780647,5.1101,0.272371,1.27845,0,0.0128866,0,0.0151399,0,0,0,0
"MtrElec",3,26,1,"",7.70646,0,0,0,0,0,0.0330909,0,0,0.756867,0,0,0,0.460382,4.10055,0.198874,1.26707,0,0,0.882062,0.00756993,0,0,0,0
"MtrElec",3,26,2,"",6.72267,0,0,0,0,0,0.0330909,0,0,0.756867,0,0,0,0.380315,3.72819,0.198874,1.24672,0,0.372557,0,0.00605594,0,0,0,0
"MtrElec",3,26,3,"",6.0824,0,0,0,0,0,0.0330909,0,0,0.756867,0,0,0,0.300249,3.58199,0.198874,1.20527,0,0,0,0.00605594,0,0,0,0
"MtrElec",3,26,4,"",6.08169,0,0,0,0,0,0.0330909,0,0,0.756867,0,0,0,0.340282,3.55893,0.198874,1.18758,0,0,0,0.00605594,0,0,0,0
"MtrElec",3,26,5,"",5.95671,0,0,0,0,0,0.0330909,0,0,0.756867,0,0,0,0.420349,3.39261,0.198874,1.14886,0,0,0,0.00605594,0,0,0,0
"MtrElec",3,26,6,"",6.4427,0,0,0,0,0,0.0330909,0,0,0.756867,0,0,0,0.620514,3.66835,0.159964,1.18271,0,0,0,0.0211958,0,0,0,0
"MtrElec",3,26,7,"",7.33567,0,0,0,0,0,0.0330909,0,0,0.756867,0,0,0,0.840697,4.17958,0.151317,1.34535,0,0,0,0.0287657,0,0,0,0
"MtrElec",3,26,8,"",4.46919,0,0,0,0,0,0.0330909,0,0,0.756867,0,0,0,0.82068,4.50639,0.146994,1.48163,0,0,0,0.0378496,0,0,0,-3.31431
"MtrElec",3,26,9,"",-4.92672,0,0,0,0.0264844,0,0.0330909,0,0,0.756867,0,0,0,0.680564,4.20209,0.142671,1.42643,0,0,0.287278,0.0393636,0,0,0,-12.5216
"MtrElec",3,26,10,"",-14.6225,0,0,0,0.0264844,0,0.0330909,0,0,0.756867,0,0,0,0.580481,3.96017,0.121054,1.30346,0,0.121338,0.594891,0.0333077,0,0,0,-22.1536
"MtrElec",3,26,11,"",-22.2272,0,0,0,0.0264844,0,0.0330909,0,0,0.756867,0,0,0,0.540448,4.00187,0.0951138,1.27001,0,0.251264,0.580873,0.0317937,0,0,0,-29.815
"MtrElec",3,26,12,"",-27.7643,0,0,0,0.0264844,0,0.0330909,0,0,0.756867,0,0,0,0.500415,4.00187,0.0648503,1.29403,0,0.245343,0.301168,0.0439056,0,0,0,-35.0323
"MtrElec",3,26,13,"",-30.4016,0,0,0,0.0264844,0,0.0330909,0,0,0.756867,0,0,0,0.420349,4.0156,0.0518802,1.34754,0,0.127204,0,0.0529895,0,0,0,-37.2337
"MtrElec",3,26,14,"",-29.713,0,0,0,0.0264844,0,0.0330909,0,0,0.756867,0,0,0,0.420349,4.10489,0.0475569,1.31783,0,0,0,0.0484475,0,0,0,-36.4685
"MtrElec",3,26,15,"",-26.6817,0,0,0,0.0264844,0,0.0330909,0,0,0.756867,0,0,0,0.420349,4.24872,0.0475569,1.34992,0,0,0,0.0514755,0,0,0,-33.6162
"MtrElec",3,26,16,"",-19.5348,0,0,0,0.0264844,0,0.0330909,0,0,0.756867,0,0,0,0.520432,4.36893,0.0518802,1.36225,1.26327,0,0.575947,0.0787273,0,0,0,-28.5727
"MtrElec",3,26,17,"",-10.7517,0,0,0,0.0264844,0,0.0330909,0,0,0.756867,0,0,0,0.620514,4.92391,0.0821437,1.39281,1.21212,0.243263,0.306327,0.174108,0,0,0,-20.5233
"MtrElec",3,26,18,"",-1.27097,0,0,0,0.0264844,0,0.0330909,0,0,0.756867,0,0,0,0.88073,5.65748,0.159964,1.53009,0,0.129383,0,0.292199,0,0,0,-10.7373
"MtrElec",3,26,19,"",8.97398,0,0,0,0.0264844,0,0.0330909,0,0,0.756867,0,0,0,1.68139,6.16143,0.211844,1.66645,0.412435,0,0,0.272517,0,0,0,-2.24853
"MtrElec",3,26,20,"",13.7889,0,0,0,0,0,0.0330909,0,0,0.756867,0,0,0,2.34194,6.48972,0.281018,1.67531,2.06263,0,0,0.148371,0,0,0,0
"MtrElec",3,26,21,"",12.4073,0,0,0,0,0,0.0330909,0,0,0.756867,0,0,0,2.26188,6.7719,0.393425,1.58449,0.54211,0,0,0.0635874,0,0,0,0
"MtrElec",3,26,22,"",13.1842,0,0,0,0,0,0.0330909,0,0,0.756867,0,0,0,1.92159,6.73222,0.453952,1.50107,0.873087,0,0.882062,0.0302797,0,0,0,0
"MtrElec",3,26,23,"",11.2721,0,0,0,0,0,0.0330909,0,0,0.756867,0,0,0,1.26105,5.97505,0.393425,1.40162,1.06029,0.372557,0,0.0181678,0,0,0,0
"MtrElec",3,26,24,"",8.24252,0,0,0,0,0,0.0330909,0,0,0.756867,0,0,0,0.780647,5.1101,0.272371,1.2743,0,0,0,0.0151399,0,0,0,0
"MtrElec",3,27,1,"",6.82186,0,0,0,0,0,0.0330909,0,0,0.756867,0,0,0,0.460382,4.10055,0.198874,1.26453,0,0,0,0.00756993,0,0,0,0
"MtrElec",3,27,2,"",6.34782,0,0,0,0,0,0.0330909,0,0,0.756867,0,0,0,0.380315,3.72819,0.198874,1.24442,0,0,0,0.00605594,0,0,0,0
"MtrElec",3,27,3,"",6.07891,0,0,0,0,0,0.0330909,0,0,0.756867,0,0,0,0.300249,3.58199,0.198874,1.20178,0,0,0,0.00605594,0,0,0,0
"MtrElec",3,27,4,"",6.07783,0,0,0,0,0,0.0330909,0,0,0.756867,0,0,0,0.340282,3.55893,0.198874,1.18372,0,0,0,0.00605594,0,0,0,0
"MtrElec",3,27,5,"",5.95212,0,0,0,0,0,0.0330909,0,0,0.756867,0,0,0,0.420349,3.39261,0.198874,1.14427,0,0,0,0.00605594,0,0,0,0
"MtrElec",3,27,6,"",6.43623,0,0,0,0,0,0.0330909,0,0,0.756867,0,0,0,0.620514,3.66835,0.159964,1.17625,0,0,0,0.0211958,0,0,0,0
"MtrElec",3,27,7,"",7.3294,0,0,0,0,0,0.0330909,0,0,0.756867,0,0,0,0.840697,4.17958,0.151317,1.33908,0,0,0,0.0287657,0,0,0,0
"MtrElec",3,27,8,"",4.36352,0,0,0,0,0,0.0330909,0,0,0.756867,0,0,0,0.82068,4.50639,0.146994,1.47886,0,0,0,0.0378496,0,0,0,-3.41722
"MtrElec",3,27,9,"",-5.0181,0,0,0,0.0264844,0,0.0330909,0,0,0.756867,0,0,0,0.680564,4.20209,0.142671,1.42837,0,0,0.287278,0.0393636,0,0,0,-12.6149
"MtrElec",3,27,10,"",-13.9898,0,0,0,0.0264844,0,0.0330909,0,0,0.756867,0,0,0,0.580481,3.96017,0.121054,1.30777,0,0.121338,1.07154,0.0333077,0,0,0,-22.0019
"MtrElec",3,27,11,"",-21.6306,0,0,0,0.0264844,0,0.0330909,0,0,0.756867,0,0,0,0.540448,4.00187,0.0951138,1.27739,0,0.452587,0.405362,0.0317937,0,0,0,-29.2516
"MtrElec",3,27,12,"",-27.3309,0,0,0,0.0264844,0,0.0330909,0,0,0.756867,0,0,0,0.500415,4.00187,0.0648503,1.30121,0,0.171213,0,0.0439056,0,0,0,-34.2308
"MtrElec",3,27,13,"",-30.4533,0,0,0,0.0264844,0,0.0330909,0,0,0.756867,0,0,0,0.420349,4.0156,0.0518802,1.35423,0,0,0,0.0529895,0,0,0,-37.1648
"MtrElec",3,27,14,"",-30.6183,0,0,0,0.0264844,0,0.0330909,0,0,0.756867,0,0,0,0.420349,4.10489,0.0475569,1.32095,0,0,0,0.0484475,0,0,0,-37.3769
"MtrElec",3,27,15,"",-27.4833,0,0,0,0.0264844,0,0.0330909,0,0,0.756867,0,0,0,0.420349,4.24872,0.0475569,1.34816,0,0,0,0.0514755,0,0,0,-34.416
"MtrElec",3,27,16,"",-21.687,0,0,0,0.0264844,0,0.0330909,0,0,0.756867,0,0,0,0.520432,4.36893,0.0518802,1.36046,0,0,0,0.0787273,0,0,0,-28.8839
"MtrElec",3,27,17,"",-12.7716,0,0,0,0.0264844,0,0.0330909,0,0,0.756867,0,0,0,0.620514,4.92391,0.0821437,1.38944,0,0,0,0.174108,0,0,0,-20.7782
"MtrElec",3,27,18,"",-1.51304,0,0,0,0.0264844,0,0.0330909,0,0,0.756867,0,0,0,0.88073,5.65748,0.159964,1.52632,0,0,0,0.292199,0,0,0,-10.8462
"MtrElec",3,27,19,"",9.45332,0,0,0,0.0264844,0,0.0330909,0,0,0.756867,0,0,0,1.68139,6.16143,0.211844,1.66569,0,0,0.881937,0.272517,0,0,0,-2.23794
"MtrElec",3,27,20,"",12.1018,0,0,0,0,0,0.0330909,0,0,0.756867,0,0,0,2.34194,6.48972,0.281018,1.67826,0,0.372504,0,0.148371,0,0,0,0
"MtrElec",3,27,21,"",11.8704,0,0,0,0,0,0.0330909,0,0,0.756867,0,0,0,2.26188,6.7719,0.393425,1.58963,0,0,0,0.0635874,0,0,0,0
"MtrElec",3,27,22,"",15.6408,0,0,0,0,0,0.0330909,0,0,0.756867,0,0,0,1.92159,6.73222,0.453952,1.50494,2.47431,0,1.73353,0.0302797,0,0,0,0
"MtrElec",3,27,23,"",10.6058,0,0,0,0,0,0.0330909,0,0,0.756867,0,0,0,1.26105,5.97505,0.393425,1.40544,0,0.73219,0.0305102,0.0181678,0,0,0,0
"MtrElec",3,27,24,"",8.2592,0,0,0,0,0,0.0330909,0,0,0.756867,0,0,0,0.780647,5.1101,0.272371,1.2781,0,0.0128866,0,0.0151399,0,0,0,0
"MtrElec",3,28,1,"",6.88575,0,0,0,0,0,0.0330909,0,0,0.756867,0,0,0,0.460382,4.11191,0.198874,1.31706,0,0,0,0.00756993,0,0,0,0
"MtrElec",3,28,2,"",6.41111,0,0,0,0,0,0.0330909,0,0,0.756867,0,0,0,0.380315,3.7734,0.198874,1.26252,0,0,0,0.00605594,0,0,0,0
"MtrElec",3,28,3,"",6.09793,0,0,0,0,0,0.0330909,0,0,0.756867,0,0,0,0.300249,3.56972,0.194551,1.23891,0,0,0,0.00454196,0,0,0,0
"MtrElec",3,28,4,"",6.09487,0,0,0,0,0,0.0330909,0,0,0.756867,0,0,0,0.340282,3.55802,0.194551,1.20751,0,0,0,0.00454196,0,0,0,0
"MtrElec",3,28,5,"",5.95239,0,0,0,0,0,0.0330909,0,0,0.756867,0,0,0,0.420349,3.38034,0.198874,1.15832,0,0,0,0.00454196,0,0,0,0
"MtrElec",3,28,6,"",6.41684,0,0,0,0,0,0.0330909,0,0,0.756867,0,0,0,0.620514,3.65608,0.194551,1.14817,0,0,0,0.00756993,0,0,0,0
"MtrElec",3,28,7,"",7.10061,0,0,0,0,0,0.0330909,0,0,0.756867,0,0,0,0.840697,4.09962,0.190228,1.16497,0,0,0,0.0151399,0,0,0,0
"MtrElec",3,28,8,"",4.14663,0,0,0,0,0,0.0330909,0,0,0.756867,0,0,0,0.82068,4.41507,0.177258,1.27333,0,0,0,0.0408776,0,0,0,-3.37055
"MtrElec",3,28,9,"",-4.89506,0,0,0,0.0264844,0,0.0330909,0,0,0.756867,0,0,0,0.680564,4.1796,0.155641,1.47877,0,0,0,0.0726713,0,0,0,-12.2787
"MtrElec",3,28,10,"",-14.1254,0,0,0,0.0264844,0,0.0330909,0,0,0.756867,0,0,0,0.580481,4.04127,0.129701,1.43147,0,0,0,0.0726713,0,0,0,-21.1974
"MtrElec",3,28,11,"",-19.4507,0,0,0,0.0264844,0,0.0330909,0,0,0.756867,0,0,0,0.540448,4.10603,0.10376,1.41346,0.853184,0,0.882176,0.0696433,0,0,0,-28.2359
"MtrElec",3,28,12,"",-23.7809,0,0,0,0.0264844,0,0.0330909,0,0,0.756867,0,0,0,0.500415,4.03629,0.0691737,1.44654,1.62204,0.372605,0,0.0832692,0,0,0,-32.7276
"MtrElec",3,28,13,"",-24.143,0,0,0,0.0264844,0,0.0330909,0,0,0.756867,0,0,0,0.420349,4.0039,0.0518802,1.48302,1.21676,0,0,0.0953811,0,0,0,-32.2307
"MtrElec",3,28,14,"",-23.5629,0,0,0,0.0264844,0,0.0330909,0,0,0.756867,0,0,0,0.420349,4.12704,0.0475569,1.50974,1.25715,0,0,0.0893252,0,0,0,-31.8305
"MtrElec",3,28,15,"",-21.4132,0,0,0,0.0264844,0,0.0330909,0,0,0.756867,0,0,0,0.420349,4.32869,0.0475569,1.49236,0,0,0.504077,0.0938671,0,0,0,-29.1165
"MtrElec",3,28,16,"",-17.7174,0,0,0,0.0264844,0,0.0330909,0,0,0.756867,0,0,0,0.520432,4.55248,0.0518802,1.54106,0,0.212907,0.867945,0.102951,0,0,0,-26.3835
"MtrElec",3,28,17,"",-8.483,0,0,0,0.0264844,0,0.0330909,0,0,0.756867,0,0,0,0.620514,5.0961,0.0821437,1.50423,0,0.366594,0.875203,0.137773,0,0,0,-17.982
"MtrElec",3,28,18,"",4.51968,0,0,0,0.0264844,0,0.0330909,0,0,0.756867,0,0,0,0.88073,5.72665,0.164287,1.60111,2.47509,0.36966,2.16298,0.210444,0,0,0,-9.88772
"MtrElec",3,28,19,"",10.71,0,0,0,0.0264844,0,0.0330909,0,0,0.756867,0,0,0,1.68139,6.15064,0.207521,1.73408,0,0.913578,1.29102,0.195304,0,0,0,-2.28
"MtrElec",3,28,20,"",13.9616,0,0,0,0,0,0.0330909,0,0,0.756867,0,0,0,2.34194,6.3984,0.259401,1.70048,1.24133,0.545287,0.575805,0.109007,0,0,0,0
"MtrElec",3,28,21,"",14.3607,0,0,0,0,0,0.0330909,0,0,0.756867,0,0,0,2.26188,6.63446,0.358838,1.65017,1.23252,0.243203,1.14125,0.0484475,0,0,0,0
"MtrElec",3,28,22,"",12.3217,0,0,0,0,0,0.0330909,0,0,0.756867,0,0,0,1.92159,6.58343,0.423689,1.57959,0,0.482028,0.520187,0.0211958,0,0,0,0
"MtrElec",3,28,23,"",9.98973,0,0,0,0,0,0.0330909,0,0,0.756867,0,0,0,1.26105,5.89452,0.367485,1.44338,0,0.219712,0,0.0136259,0,0,0,0
"MtrElec",3,28,24,"",8.31571,0,0,0,0,0,0.0330909,0,0,0.756867,0,0,0,0.780647,5.01889,0.255078,1.46357,0,0,0,0.00756993,0,0,0,0
"MtrElec",3,29,1,"",6.91662,0,0,0,0,0,0.0330909,0,0,0.756867,0,0,0,0.460382,4.11191,0.198874,1.34793,0,0,0,0.00756993,0,0,0,0
"MtrElec",3,29,2,"",6.43908,0,0,0,0,0,0.0330909,0,0,0.756867,0,0,0,0.380315,3.7734,0.198874,1.29048,0,0,0,0.00605594,0,0,0,0
"MtrElec",3,29,3,"",6.12524,0,0,0,0,0,0.0330909,0,0,0.756867,0,0,0,0.300249,3.56972,0.194551,1.26621,0,0,0,0.00454196,0,0,0,0
"MtrElec",3,29,4,"",6.12142,0,0,0,0,0,0.0330909,0,0,0.756867,0,0,0,0.340282,3.55802,0.194551,1.23406,0,0,0,0.00454196,0,0,0,0
"MtrElec",3,29,5,"",5.98175,0,0,0,0,0,0.0330909,0,0,0.756867,0,0,0,0.420349,3.38034,0.198874,1.18768,0,0,0,0.00454196,0,0,0,0
"MtrElec",3,29,6,"",6.44631,0,0,0,0,0,0.0330909,0,0,0.756867,0,0,0,0.620514,3.65608,0.194551,1.17763,0,0,0,0.00756993,0,0,0,0
"MtrElec",3,29,7,"",8.64556,0,0,0,0,0,0.0330909,0,0,0.756867,0,0,0,0.840697,4.09962,0.190228,1.19852,0,0,1.5114,0.0151399,0,0,0,0
"MtrElec",3,29,8,"",8.03658,0,0,0,0,0,0.0330909,0,0,0.756867,0,0,0,0.82068,4.41507,0.177258,1.2951,0,0.638369,2.30593,0.0408776,0,0,0,-2.44666
"MtrElec",3,29,9,"",0.0766494,0,0,0,0.0264844,0,0.0330909,0,0,0.756867,0,0,0,0.680564,4.1796,0.155641,1.48978,0,0.973955,1.47596,0.0726713,0,0,0,-9.76797
"MtrElec",3,29,10,"",-9.77905,0,0,0,0.0264844,0,0.0330909,0,0,0.756867,0,0,0,0.580481,4.04127,0.129701,1.44875,0,0.623403,0,0.0726713,0,0,0,-17.4918
"MtrElec",3,29,11,"",-19.0773,0,0,0,0.0264844,0,0.0330909,0,0,0.756867,0,0,0,0.540448,4.10603,0.10376,1.43504,0.853184,0,0,0.0696433,0,0,0,-27.0018
"MtrElec",3,29,12,"",-21.7154,0,0,0,0.0264844,0,0.0330909,0,0,0.756867,0,0,0,0.500415,4.03629,0.0691737,1.4709,2.78123,0,0,0.0832692,0,0,0,-31.4732
"MtrElec",3,29,13,"",-23.5859,0,0,0,0.0264844,0,0.0330909,0,0,0.756867,0,0,0,0.420349,4.0039,0.0518802,1.50824,1.31657,0,0,0.0953811,0,0,0,-31.7987
"MtrElec",3,29,14,"",-24.1003,0,0,0,0.0264844,0,0.0330909,0,0,0.756867,0,0,0,0.420349,4.12704,0.0475569,1.53361,0,0,0,0.0893252,0,0,0,-31.1346
"MtrElec",3,29,15,"",-22.0835,0,0,0,0.0264844,0,0.0330909,0,0,0.756867,0,0,0,0.420349,4.32869,0.0475569,1.51377,0,0,0,0.0938671,0,0,0,-29.3042
"MtrElec",3,29,16,"",-14.4468,0,0,0,0.0264844,0,0.0330909,0,0,0.756867,0,0,0,0.520432,4.55248,0.0518802,1.55151,0,0,0,0.102951,0,0,0,-22.0425
"MtrElec",3,29,17,"",-7.67932,0,0,0,0.0264844,0,0.0330909,0,0,0.756867,0,0,0,0.620514,5.0961,0.0821437,1.51514,0,0,0,0.137773,0,0,0,-15.9474
"MtrElec",3,29,18,"",1.95246,0,0,0,0.0264844,0,0.0330909,0,0,0.756867,0,0,0,0.88073,5.72665,0.164287,1.60853,0,0,0.882206,0.210444,0,0,0,-8.33683
"MtrElec",3,29,19,"",9.56275,0,0,0,0.0264844,0,0.0330909,0,0,0.756867,0,0,0,1.68139,6.15064,0.207521,1.73783,0,0.372617,0.408911,0.195304,0,0,0,-2.0079
"MtrElec",3,29,20,"",12.251,0,0,0,0,0,0.0330909,0,0,0.756867,0,0,0,2.34194,6.3984,0.259401,1.70641,0,0.172712,0.473138,0.109007,0,0,0,0
"MtrElec",3,29,21,"",13.2943,0,0,0,0,0,0.0330909,0,0,0.756867,0,0,0,2.26188,6.63446,0.358838,1.66015,1.34073,0.199839,0,0.0484475,0,0,0,0
"MtrElec",3,29,22,"",12.4633,0,0,0,0,0,0.0330909,0,0,0.756867,0,0,0,1.92159,6.58343,0.423689,1.59011,1.13329,0,0,0.0211958,0,0,0,0
"MtrElec",3,29,23,"",9.78653,0,0,0,0,0,0.0330909,0,0,0.756867,0,0,0,1.26105,5.89452,0.367485,1.4599,0,0,0,0.0136259,0,0,0,0
"MtrElec",3,29,24,"",8.32676,0,0,0,0,0,0.0330909,0,0,0.756867,0,0,0,0.780647,5.01889,0.255078,1.47461,0,0,0,0.00756993,0,0,0,0
"MtrElec",3,30,1,"",6.87613,0,0,0,0,0,0.0330909,0,0,0.756867,0,0,0,0.460382,4.10055,0.198874,1.31879,0,0,0,0.00756993,0,0,0,0
"MtrElec",3,30,2,"",6.39368,0,0,0,0,0,0.0330909,0,0,0.756867,0,0,0,0.380315,3.72819,0.198874,1.29028,0,0,0,0.00605594,0,0,0,0
"MtrElec",3,30,3,"",6.12439,0,0,0,0,0,0.0330909,0,0,0.756867,0,0,0,0.300249,3.58199,0.198874,1.24726,0,0,0,0.00605594,0,0,0,0
"MtrElec",3,30,4,"",6.12127,0,0,0,0,0,0.0330909,0,0,0.756867,0,0,0,0.340282,3.55893,0.198874,1.22717,0,0,0,0.00605594,0,0,0,0
"MtrElec",3,30,5,"",5.99912,0,0,0,0,0,0.0330909,0,0,0.756867,0,0,0,0.420349,3.39261,0.198874,1.19127,0,0,0,0.00605594,0,0,0,0
"MtrElec",3,30,6,"",6.49084,0,0,0,0,0,0.0330909,0,0,0.756867,0,0,0,0.620514,3.66835,0.159964,1.23086,0,0,0,0.0211958,0,0,0,0
"MtrElec",3,30,7,"",7.37267,0,0,0,0,0,0.0330909,0,0,0.756867,0,0,0,0.840697,4.17958,0.151317,1.38235,0,0,0,0.0287657,0,0,0,0
"MtrElec",3,30,8,"",4.09095,0,0,0,0,0,0.0330909,0,0,0.756867,0,0,0,0.82068,4.50639,0.146994,1.50423,0,0,0,0.0378496,0,0,0,-3.71516
"MtrElec",3,30,9,"",-6.26981,0,0,0,0.0264844,0,0.0330909,0,0,0.756867,0,0,0,0.680564,4.20209,0.142671,1.44712,0,0,0,0.0393636,0,0,0,-13.5981
"MtrElec",3,30,10,"",-16.5732,0,0,0,0.0264844,0,0.0330909,0,0,0.756867,0,0,0,0.580481,3.96017,0.121054,1.33044,0,0,0,0.0333077,0,0,0,-23.4151
"MtrElec",3,30,11,"",-24.3456,0,0,0,0.0264844,0,0.0330909,0,0,0.756867,0,0,0,0.540448,4.00187,0.0951138,1.302,0,0,0,0.0317937,0,0,0,-31.1333
"MtrElec",3,30,12,"",-29.4345,0,0,0,0.0264844,0,0.0330909,0,0,0.756867,0,0,0,0.500415,4.00187,0.0648503,1.32432,0,0,0,0.0439056,0,0,0,-36.1863
"MtrElec",3,30,13,"",-31.4613,0,0,0,0.0264844,0,0.0330909,0,0,0.756867,0,0,0,0.420349,4.0156,0.0518802,1.37376,0,0,0,0.0529895,0,0,0,-38.1923
"MtrElec",3,30,14,"",-31.4042,0,0,0,0.0264844,0,0.0330909,0,0,0.756867,0,0,0,0.420349,4.10489,0.0475569,1.34714,0,0,0,0.0484475,0,0,0,-38.189
"MtrElec",3,30,15,"",-28.3401,0,0,0,0.0264844,0,0.0330909,0,0,0.756867,0,0,0,0.420349,4.24872,0.0475569,1.37454,0,0,0.336868,0.0514755,0,0,0,-35.6361
"MtrElec",3,30,16,"",-22.1183,0,0,0,0.0264844,0,0.0330909,0,0,0.756867,0,0,0,0.520432,4.36893,0.0518802,1.38866,0,0.142283,0.545039,0.0787273,0,0,0,-30.0307
"MtrElec",3,30,17,"",-13.4634,0,0,0,0.0264844,0,0.0330909,0,0,0.756867,0,0,0,0.620514,4.92391,0.0821437,1.42798,0,0.230208,0,0.174108,0,0,0,-21.7387
"MtrElec",3,30,18,"",-2.08187,0,0,0,0.0264844,0,0.0330909,0,0,0.756867,0,0,0,0.88073,5.65748,0.159964,1.56664,0,0,0,0.292199,0,0,0,-11.4553
"MtrElec",3,30,19,"",8.56409,0,0,0,0.0264844,0,0.0330909,0,0,0.756867,0,0,0,1.68139,6.16143,0.211844,1.6992,0,0,0,0.272517,0,0,0,-2.27873
"MtrElec",3,30,20,"",11.7525,0,0,0,0,0,0.0330909,0,0,0.756867,0,0,0,2.34194,6.48972,0.281018,1.70146,0,0,0,0.148371,0,0,0,0
"MtrElec",3,30,21,"",11.8935,0,0,0,0,0,0.0330909,0,0,0.756867,0,0,0,2.26188,6.7719,0.393425,1.61272,0,0,0,0.0635874,0,0,0,0
"MtrElec",3,30,22,"",12.7269,0,0,0,0,0,0.0330909,0,0,0.756867,0,0,0,1.92159,6.73222,0.453952,1.52966,1.26921,0,0,0.0302797,0,0,0,0
"MtrElec",3,30,23,"",11.0724,0,0,0,0,0,0.0330909,0,0,0.756867,0,0,0,1.26105,5.97505,0.393425,1.42842,1.20634,0,0,0.0181678,0,0,0,0
"MtrElec",3,30,24,"",8.27127,0,0,0,0,0,0.0330909,0,0,0.756867,0,0,0,0.780647,5.1101,0.272371,1.30305,0,0,0,0.0151399,0,0,0,0
"MtrElec",3,31,1,"",6.9051,0,0,0,0,0,0.0330909,0,0,0.756867,0,0,0,0.460382,4.11191,0.198874,1.33641,0,0,0,0.00756993,0,0,0,0
"MtrElec",3,31,2,"",8.9046,0,0,0,0,0,0.0330909,0,0,0.756867,0,0,0,0.380315,3.7734,0.198874,1.28094,2.47506,0,0,0.00605594,0,0,0,0
"MtrElec",3,31,3,"",6.11747,0,0,0,0,0,0.0330909,0,0,0.756867,0,0,0,0.300249,3.56972,0.194551,1.25845,0,0,0,0.00454196,0,0,0,0
"MtrElec",3,31,4,"",6.11423,0,0,0,0,0,0.0330909,0,0,0.756867,0,0,0,0.340282,3.55802,0.194551,1.22688,0,0,0,0.00454196,0,0,0,0
"MtrElec",3,31,5,"",5.97354,0,0,0,0,0,0.0330909,0,0,0.756867,0,0,0,0.420349,3.38034,0.198874,1.17947,0,0,0,0.00454196,0,0,0,0
"MtrElec",3,31,6,"",6.43828,0,0,0,0,0,0.0330909,0,0,0.756867,0,0,0,0.620514,3.65608,0.194551,1.16961,0,0,0,0.00756993,0,0,0,0
"MtrElec",3,31,7,"",8.53194,0,0,0,0,0,0.0330909,0,0,0.756867,0,0,0,0.840697,4.09962,0.190228,1.1898,1.40649,0,0,0.0151399,0,0,0,0
"MtrElec",3,31,8,"",4.93777,0,0,0,0,0,0.0330909,0,0,0.756867,0,0,0,0.82068,4.41507,0.177258,1.28831,1.06891,0,0,0.0408776,0,0,0,-3.66329
"MtrElec",3,31,9,"",-3.84627,0,0,0,0.0264844,0,0.0330909,0,0,0.756867,0,0,0,0.680564,4.1796,0.155641,1.48603,0,0,1.48467,0.0726713,0,0,0,-12.7219
"MtrElec",3,31,10,"",-12.9938,0,0,0,0.0264844,0,0.0330909,0,0,0.756867,0,0,0,0.580481,4.04127,0.129701,1.43988,0,0.627082,1.16155,0.0726713,0,0,0,-21.8629
"MtrElec",3,31,11,"",-21.0257,0,0,0,0.0264844,0,0.0330909,0,0,0.756867,0,0,0,0.540448,4.10603,0.10376,1.42571,0,0.490603,0.699994,0.0696433,0,0,0,-29.2783
"MtrElec",3,31,12,"",-25.8783,0,0,0,0.0264844,0,0.0330909,0,0,0.756867,0,0,0,0.500415,4.03629,0.0691737,1.45913,0,0.295656,0.847216,0.0832692,0,0,0,-33.9858
"MtrElec",3,31,13,"",-28.8029,0,0,0,0.0264844,0,0.0330909,0,0,0.756867,0,0,0,0.420349,4.0039,0.0518802,1.49171,0,0.357839,0.372167,0.0953811,0,0,0,-36.4126
"MtrElec",3,31,14,"",-28.7417,0,0,0,0.0264844,0,0.0330909,0,0,0.756867,0,0,0,0.420349,4.12704,0.0475569,1.51447,0,0.157192,0.981981,0.0893252,0,0,0,-36.896
"MtrElec",3,31,15,"",-26.2277,0,0,0,0.0264844,0,0.0330909,0,0,0.756867,0,0,0,0.420349,4.32869,0.0475569,1.49063,0,0.41476,0.626786,0.0938671,0,0,0,-34.4668
"MtrElec",3,31,16,"",-21.5237,0,0,0,0.0264844,0,0.0330909,0,0,0.756867,0,0,0,0.520432,4.55248,0.0518802,1.53408,0,0.264736,0,0.102951,0,0,0,-29.3667
"MtrElec",3,31,17,"",-13.1795,0,0,0,0.0264844,0,0.0330909,0,0,0.756867,0,0,0,0.620514,5.0961,0.0821437,1.48787,0,0,0,0.137773,0,0,0,-21.4203
"MtrElec",3,31,18,"",-1.97677,0,0,0,0.0264844,0,0.0330909,0,0,0.756867,0,0,0,0.88073,5.72665,0.164287,1.57773,0,0,0,0.210444,0,0,0,-11.3531
"MtrElec",3,31,19,"",8.46512,0,0,0,0.0264844,0,0.0330909,0,0,0.756867,0,0,0,1.68139,6.15064,0.207521,1.7117,0,0,0,0.195304,0,0,0,-2.29788
"MtrElec",3,31,20,"",16.5208,0,0,0,0,0,0.0330909,0,0,0.756867,0,0,0,2.34194,6.3984,0.259401,1.6717,4.95042,0,0,0.109007,0,0,0,0
"MtrElec",3,31,21,"",12.8896,0,0,0,0,0,0.0330909,0,0,0.756867,0,0,0,2.26188,6.63446,0.358838,1.61908,1.1769,0,0,0.0484475,0,0,0,0
"MtrElec",3,31,22,"",12.5887,0,0,0,0,0,0.0330909,0,0,0.756867,0,0,0,1.92159,6.58343,0.423689,1.5509,1.2979,0,0,0.0211958,0,0,0,0
"MtrElec",3,31,23,"",9.73244,0,0,0,0,0,0.0330909,0,0,0.756867,0,0,0,1.26105,5.89452,0.367485,1.40581,0,0,0,0.0136259,0,0,0,0
"MtrElec",3,31,24,"",8.29297,0,0,0,0,0,0.0330909,0,0,0.756867,0,0,0,0.780647,5.01889,0.255078,1.44083,0,0,0,0.00756993,0,0,0,0
"MtrElec",4,1,1,"",6.68035,0,0,0,0,0,0.0330909,0,0,0.756867,0,0,0,0.41976,4.01322,0.181327,1.26983,0,0,0,0.00626598,0,0,0,0
"MtrElec",4,1,2,"",7.9142,0,0,0,0,0,0.0330909,0,0,0.756867,0,0,0,0.346758,3.64371,0.181327,1.2498,1.69764,0,0,0.00501279,0,0,0,0
"MtrElec",4,1,3,"",6.73697,0,0,0,0,0,0.0330909,0,0,0.756867,0,0,0,0.273756,3.50041,0.181327,1.2086,0.777912,0,0,0.00501279,0,0,0,0
"MtrElec",4,1,4,"",5.95553,0,0,0,0,0,0.0330909,0,0,0.756867,0,0,0,0.310257,3.47725,0.181327,1.19172,0,0,0,0.00501279,0,0,0,0
"MtrElec",4,1,5,"",5.83281,0,0,0,0,0,0.0330909,0,0,0.756867,0,0,0,0.383259,3.31986,0.181327,1.15339,0,0,0,0.00501279,0,0,0,0
"MtrElec",4,1,6,"",6.28126,0,0,0,0,0,0.0330909,0,0,0.756867,0,0,0,0.565763,3.57489,0.14585,1.18725,0,0,0,0.0175448,0,0,0,0
"MtrElec",4,1,7,"",7.10316,0,0,0,0,0,0.0330909,0,0,0.756867,0,0,0,0.766518,4.05676,0.137966,1.34831,0,0,0,0.0238107,0,0,0,-0.0201631
"MtrElec",4,1,8,"",3.98682,0,0,0,0,0,0.0330909,0,0,0.756867,0,0,0,0.748268,4.37861,0.134024,1.4874,0,0,0,0.0313299,0,0,0,-3.58277
"MtrElec",4,1,9,"",-5.23261,0,0,0,0.0264844,0,0.0330909,0,0,0.756867,0,0,0,0.620515,4.12304,0.130082,1.44029,0,0,0.4939,0.0325831,0,0,0,-12.8895
"MtrElec",4,1,10,"",-14.5588,0,0,0,0.0264844,0,0.0330909,0,0,0.756867,0,0,0,0.529262,3.9212,0.110373,1.33384,0,0.208609,0.388234,0.0275703,0,0,0,-21.8944
"MtrElec",4,1,11,"",-21.6863,0,0,0,0.0264844,0,0.0330909,0,0,0.756867,0,0,0,0.492762,3.9622,0.0867214,1.31085,0,0.163978,0,0.0263171,0,0,0,-28.5456
"MtrElec",4,1,12,"",-25.2421,0,0,0,0.0264844,0,0.0330909,0,0,0.756867,0,0,0,0.456261,3.9622,0.0591282,1.33836,0,0,0.882056,0.0363427,0,0,0,-32.7928
"MtrElec",4,1,13,"",-26.1603,0,0,0,0.0264844,0,0.0330909,0,0,0.756867,0,0,0,0.383259,3.98472,0.0473026,1.391,1.41802,0.372554,0,0.0438619,0,0,0,-34.6174
"MtrElec",4,1,14,"",-26.5654,0,0,0,0.0264844,0,0.0330909,0,0,0.756867,0,0,0,0.383259,4.06826,0.0433607,1.37191,1.0564,0,0,0.0401023,0,0,0,-34.3452
"MtrElec",4,1,15,"",-25.3796,0,0,0,0.0264844,0,0.0330909,0,0,0.756867,0,0,0,0.383259,4.20115,0.0433607,1.39967,0,0,0,0.0426087,0,0,0,-32.2661
"MtrElec",4,1,16,"",-19.3937,0,0,0,0.0264844,0,0.0330909,0,0,0.756867,0,0,0,0.474511,4.31224,0.0473026,1.42221,1.26327,0,0,0.0651662,0,0,0,-27.7948
"MtrElec",4,1,17,"",-11.4067,0,0,0,0.0264844,0,0.0330909,0,0,0.756867,0,0,0,0.565763,4.83,0.0748958,1.48075,1.21212,0,0,0.144118,0,0,0,-20.5307
"MtrElec",4,1,18,"",-1.97707,0,0,0,0.0264844,0,0.0330909,0,0,0.756867,0,0,0,0.803019,5.51484,0.14585,1.63158,0,0,0,0.241867,0,0,0,-11.1307
"MtrElec",4,1,19,"",8.32361,0,0,0,0.0264844,0,0.0330909,0,0,0.756867,0,0,0,1.53304,5.99096,0.193152,1.76261,0,0,0,0.225575,0,0,0,-2.19817
"MtrElec",4,1,20,"",11.3652,0,0,0,0,0,0.0330909,0,0,0.756867,0,0,0,2.1353,6.30905,0.256222,1.75189,0,0,0,0.122813,0,0,0,0
"MtrElec",4,1,21,"",11.5174,0,0,0,0,0,0.0330909,0,0,0.756867,0,0,0,2.0623,6.58084,0.358711,1.67298,0,0,0,0.0526343,0,0,0,0
"MtrElec",4,1,22,"",12.3963,0,0,0,0,0,0.0330909,0,0,0.756867,0,0,0,1.75204,6.55131,0.413898,1.59483,1.26921,0,0,0.0250639,0,0,0,0
"MtrElec",4,1,23,"",10.8388,0,0,0,0,0,0.0330909,0,0,0.756867,0,0,0,1.14978,5.82809,0.358711,1.49089,1.20634,0,0,0.0150384,0,0,0,0
"MtrElec",4,1,24,"",8.13514,0,0,0,0,0,0.0330909,0,0,0.756867,0,0,0,0.711767,4.99455,0.248339,1.37799,0,0,0,0.012532,0,0,0,0
"MtrElec",4,2,1,"",6.76185,0,0,0,0,0,0.0330909,0,0,0.756867,0,0,0,0.41976,4.01322,0.181327,1.35132,0,0,0,0.00626598,0,0,0,0
"MtrElec",4,2,2,"",6.28447,0,0,0,0,0,0.0330909,0,0,0.756867,0,0,0,0.346758,3.64371,0.181327,1.31771,0,0,0,0.00501279,0,0,0,0
"MtrElec",4,2,3,"",6.02533,0,0,0,0,0,0.0330909,0,0,0.756867,0,0,0,0.273756,3.50041,0.181327,1.27487,0,0,0,0.00501279,0,0,0,0
"MtrElec",4,2,4,"",6.01795,0,0,0,0,0,0.0330909,0,0,0.756867,0,0,0,0.310257,3.47725,0.181327,1.25414,0,0,0,0.00501279,0,0,0,0
"MtrElec",4,2,5,"",5.90088,0,0,0,0,0,0.0330909,0,0,0.756867,0,0,0,0.383259,3.31986,0.181327,1.22146,0,0,0,0.00501279,0,0,0,0
"MtrElec",4,2,6,"",6.36128,0,0,0,0,0,0.0330909,0,0,0.756867,0,0,0,0.565763,3.57489,0.14585,1.26727,0,0,0,0.0175448,0,0,0,0
"MtrElec",4,2,7,"",7.18768,0,0,0,0,0,0.0330909,0,0,0.756867,0,0,0,0.766518,4.05676,0.137966,1.41266,0,0,0,0.0238107,0,0,0,0
"MtrElec",4,2,8,"",6.61883,0,0,0,0,0,0.0330909,0,0,0.756867,0,0,0,0.748268,4.37861,0.134024,1.53551,0,0,0.881945,0.0313299,0,0,0,-1.88082
"MtrElec",4,2,9,"",0.188451,0,0,0,0.0264844,0,0.0330909,0,0,0.756867,0,0,0,0.620515,4.12304,0.130082,1.48825,0,0.372507,0,0.0325831,0,0,0,-7.39496
"MtrElec",4,2,10,"",-0.851528,0,0,0,0.0264844,0,0.0330909,0,0,0.756867,0,0,0,0.529262,3.9212,0.110373,1.37923,0.484958,0,0.476651,0.0275703,0,0,0,-8.59721
"MtrElec",4,2,11,"",-7.16729,0,0,0,0.0264844,0,0.0330909,0,0,0.756867,0,0,0,0.492762,3.9622,0.0867214,1.34264,1.69357,0.201323,1.28735,0.0263171,0,0,0,-17.0766
"MtrElec",4,2,12,"",-10.9363,0,0,0,0.0264844,0,0.0330909,0,0,0.756867,0,0,0,0.456261,3.9622,0.0591282,1.35985,0.296245,0.543737,0.882056,0.0363427,0,0,0,-19.3485
"MtrElec",4,2,13,"",-4.66908,0,0,0,0.0264844,0,0.0330909,0,0,0.756867,0,0,0,0.383259,3.98472,0.0473026,1.40095,0,0.372554,0,0.0438619,0,0,0,-11.7182
"MtrElec",4,2,14,"",-13.1159,0,0,0,0.0264844,0,0.0330909,0,0,0.756867,0,0,0,0.383259,4.06826,0.0433607,1.37085,0,0,0.881958,0.0401023,0,0,0,-20.7201
"MtrElec",4,2,15,"",-8.66261,0,0,0,0.0264844,0,0.0330909,0,0,0.756867,0,0,0,0.383259,4.20115,0.0433607,1.39051,0,0.372513,0.336868,0.0426087,0,0,0,-16.2493
"MtrElec",4,2,16,"",2.88463,0,0,0,0.0264844,0,0.0330909,0,0,0.756867,0,0,0,0.474511,4.31224,0.0473026,1.40878,0,0.142283,1.4272,0.0651662,0,0,0,-5.8093
"MtrElec",4,2,17,"",6.04745,0,0,0,0.0264844,0,0.0330909,0,0,0.756867,0,0,0,0.565763,4.83,0.0748958,1.45392,0,0.602807,0.881924,0.144118,0,0,0,-3.32242
"MtrElec",4,2,18,"",4.46872,0,0,0,0.0264844,0,0.0330909,0,0,0.756867,0,0,0,0.803019,5.51484,0.14585,1.58269,0,0.372498,0.882049,0.241867,0,0,0,-5.89053
"MtrElec",4,2,19,"",10.5779,0,0,0,0.0264844,0,0.0330909,0,0,0.756867,0,0,0,1.53304,5.99096,0.193152,1.70948,1.71125,0.372551,0,0.225575,0,0,0,-1.97453
"MtrElec",4,2,20,"",12.0863,0,0,0,0,0,0.0330909,0,0,0.756867,0,0,0,2.1353,6.30905,0.256222,1.71024,0.762762,0,0,0.122813,0,0,0,0
"MtrElec",4,2,21,"",11.4702,0,0,0,0,0,0.0330909,0,0,0.756867,0,0,0,2.0623,6.58084,0.358711,1.62576,0,0,0,0.0526343,0,0,0,0
"MtrElec",4,2,22,"",11.0776,0,0,0,0,0,0.0330909,0,0,0.756867,0,0,0,1.75204,6.55131,0.413898,1.54537,0,0,0,0.0250639,0,0,0,0
"MtrElec",4,2,23,"",9.58275,0,0,0,0,0,0.0330909,0,0,0.756867,0,0,0,1.14978,5.82809,0.358711,1.44118,0,0,0,0.0150384,0,0,0,0
"MtrElec",4,2,24,"",8.07366,0,0,0,0,0,0.0330909,0,0,0.756867,0,0,0,0.711767,4.99455,0.248339,1.31651,0,0,0,0.012532,0,0,0,0
"MtrElec",4,3,1,"",6.70979,0,0,0,0,0,0.0330909,0,0,0.756867,0,0,0,0.41976,4.01322,0.181327,1.29926,0,0,0,0.00626598,0,0,0,0
"MtrElec",4,3,2,"",6.24048,0,0,0,0,0,0.0330909,0,0,0.756867,0,0,0,0.346758,3.64371,0.181327,1.27372,0,0,0,0.00501279,0,0,0,0
"MtrElec",4,3,3,"",5.98136,0,0,0,0,0,0.0330909,0,0,0.756867,0,0,0,0.273756,3.50041,0.181327,1.2309,0,0,0,0.00501279,0,0,0,0
"MtrElec",4,3,4,"",5.97564,0,0,0,0,0,0.0330909,0,0,0.756867,0,0,0,0.310257,3.47725,0.181327,1.21183,0,0,0,0.00501279,0,0,0,0
"MtrElec",4,3,5,"",5.85462,0,0,0,0,0,0.0330909,0,0,0.756867,0,0,0,0.383259,3.31986,0.181327,1.1752,0,0,0,0.00501279,0,0,0,0
"MtrElec",4,3,6,"",6.30718,0,0,0,0,0,0.0330909,0,0,0.756867,0,0,0,0.565763,3.57489,0.14585,1.21318,0,0,0,0.0175448,0,0,0,0
"MtrElec",4,3,7,"",7.14443,0,0,0,0,0,0.0330909,0,0,0.756867,0,0,0,0.766518,4.05676,0.137966,1.36941,0,0,0,0.0238107,0,0,0,0
"MtrElec",4,3,8,"",6.00807,0,0,0,0,0,0.0330909,0,0,0.756867,0,0,0,0.748268,4.37861,0.134024,1.50117,0,0,0,0.0313299,0,0,0,-1.5753
"MtrElec",4,3,9,"",-1.73126,0,0,0,0.0264844,0,0.0330909,0,0,0.756867,0,0,0,0.620515,4.12304,0.130082,1.44816,0,0,0.287278,0.0325831,0,0,0,-9.18935
"MtrElec",4,3,10,"",-12.402,0,0,0,0.0264844,0,0.0330909,0,0,0.756867,0,0,0,0.529262,3.9212,0.110373,1.32981,0,0.121338,1.95334,0.0275703,0,0,0,-21.2113
"MtrElec",4,3,11,"",-19.4324,0,0,0,0.0264844,0,0.0330909,0,0,0.756867,0,0,0,0.492762,3.9622,0.0867214,1.2998,0,0.825034,0.405362,0.0263171,0,0,0,-27.347
"MtrElec",4,3,12,"",-20.1002,0,0,0,0.0264844,0,0.0330909,0,0,0.756867,0,0,0,0.456261,3.9622,0.0591282,1.32404,0,0.171213,0,0.0363427,0,0,0,-26.9258
"MtrElec",4,3,13,"",-30.9969,0,0,0,0.0264844,0,0.0330909,0,0,0.756867,0,0,0,0.383259,3.98472,0.0473026,1.36968,0,0,0,0.0438619,0,0,0,-37.6421
"MtrElec",4,3,14,"",-30.4374,0,0,0,0.0264844,0,0.0330909,0,0,0.756867,0,0,0,0.383259,4.06826,0.0433607,1.33622,0,0,0,0.0401023,0,0,0,-37.1251
"MtrElec",4,3,15,"",-27.5502,0,0,0,0.0264844,0,0.0330909,0,0,0.756867,0,0,0,0.383259,4.20115,0.0433607,1.36236,0,0,0,0.0426087,0,0,0,-34.3994
"MtrElec",4,3,16,"",-19.4542,0,0,0,0.0264844,0,0.0330909,0,0,0.756867,0,0,0,0.474511,4.31224,0.0473026,1.37568,2.52655,0,0,0.0651662,0,0,0,-29.0721
"MtrElec",4,3,17,"",-10.7525,0,0,0,0.0264844,0,0.0330909,0,0,0.756867,0,0,0,0.565763,4.83,0.0748958,1.40938,2.42423,0,0,0.144118,0,0,0,-21.0173
"MtrElec",4,3,18,"",-2.07353,0,0,0,0.0264844,0,0.0330909,0,0,0.756867,0,0,0,0.803019,5.51484,0.14585,1.54713,0,0,0,0.241867,0,0,0,-11.1427
"MtrElec",4,3,19,"",8.04381,0,0,0,0.0264844,0,0.0330909,0,0,0.756867,0,0,0,1.53304,5.99096,0.193152,1.68154,0,0,0,0.225575,0,0,0,-2.39691
"MtrElec",4,3,20,"",11.3019,0,0,0,0,0,0.0330909,0,0,0.756867,0,0,0,2.1353,6.30905,0.256222,1.68857,0,0,0,0.122813,0,0,0,0
"MtrElec",4,3,21,"",11.4478,0,0,0,0,0,0.0330909,0,0,0.756867,0,0,0,2.0623,6.58084,0.358711,1.60339,0,0,0,0.0526343,0,0,0,0
"MtrElec",4,3,22,"",11.0562,0,0,0,0,0,0.0330909,0,0,0.756867,0,0,0,1.75204,6.55131,0.413898,1.52391,0,0,0,0.0250639,0,0,0,0
"MtrElec",4,3,23,"",9.56039,0,0,0,0,0,0.0330909,0,0,0.756867,0,0,0,1.14978,5.82809,0.358711,1.41882,0,0,0,0.0150384,0,0,0,0
"MtrElec",4,3,24,"",8.04656,0,0,0,0,0,0.0330909,0,0,0.756867,0,0,0,0.711767,4.99455,0.248339,1.28941,0,0,0,0.012532,0,0,0,0
"MtrElec",4,4,1,"",6.74693,0,0,0,0,0,0.0330909,0,0,0.756867,0,0,0,0.41976,4.02532,0.181327,1.3243,0,0,0,0.00626598,0,0,0,0
"MtrElec",4,4,2,"",6.28379,0,0,0,0,0,0.0330909,0,0,0.756867,0,0,0,0.346758,3.69241,0.181327,1.26832,0,0,0,0.00501279,0,0,0,0
"MtrElec",4,4,3,"",5.97964,0,0,0,0,0,0.0330909,0,0,0.756867,0,0,0,0.273756,3.49071,0.177385,1.24407,0,0,0,0.00375959,0,0,0,0
"MtrElec",4,4,4,"",5.97319,0,0,0,0,0,0.0330909,0,0,0.756867,0,0,0,0.310257,3.47966,0.177385,1.21217,0,0,0,0.00375959,0,0,0,0
"MtrElec",4,4,5,"",5.83177,0,0,0,0,0,0.0330909,0,0,0.756867,0,0,0,0.383259,3.31017,0.181327,1.1633,0,0,0,0.00375959,0,0,0,0
"MtrElec",4,4,6,"",6.25782,0,0,0,0,0,0.0330909,0,0,0.756867,0,0,0,0.565763,3.56519,0.177385,1.15326,0,0,0,0.00626598,0,0,0,0
"MtrElec",4,4,7,"",6.88746,0,0,0,0,0,0.0330909,0,0,0.756867,0,0,0,0.766518,3.97385,0.173443,1.17116,0,0,0,0.012532,0,0,0,0
"MtrElec",4,4,8,"",3.23372,0,0,0,0,0,0.0330909,0,0,0.756867,0,0,0,0.748268,4.28361,0.161617,1.27979,0,0,0,0.0338363,0,0,0,-4.06335
"MtrElec",4,4,9,"",-6.63935,0,0,0,0.0264844,0,0.0330909,0,0,0.756867,0,0,0,0.620515,4.09853,0.141908,1.48421,0,0,0,0.0601534,0,0,0,-13.8611
"MtrElec",4,4,10,"",-16.0219,0,0,0,0.0264844,0,0.0330909,0,0,0.756867,0,0,0,0.529262,4.0014,0.118256,1.43753,0,0,0.393765,0.0601534,0,0,0,-23.3787
"MtrElec",4,4,11,"",-20.0219,0,0,0,0.0264844,0,0.0330909,0,0,0.756867,0,0,0,0.492762,4.06555,0.0946052,1.41554,0.853184,0.166314,2.61181,0.057647,0,0,0,-30.5958
"MtrElec",4,4,12,"",-25.1694,0,0,0,0.0264844,0,0.0330909,0,0,0.756867,0,0,0,0.456261,3.99745,0.0630701,1.44655,1.62204,1.10315,0.523204,0.0689258,0,0,0,-35.2665
"MtrElec",4,4,13,"",-28.5094,0,0,0,0.0264844,0,0.0330909,0,0,0.756867,0,0,0,0.383259,3.97367,0.0473026,1.48275,0.752665,0.220986,1.31039,0.0789514,0,0,0,-37.5759
"MtrElec",4,4,14,"",-27.9364,0,0,0,0.0264844,0,0.0330909,0,0,0.756867,0,0,0,0.383259,4.09382,0.0433607,1.51021,1.7221,0.553471,0.453551,0.0739386,0,0,0,-37.5865
"MtrElec",4,4,15,"",-27.4703,0,0,0,0.0264844,0,0.0330909,0,0,0.756867,0,0,0,0.383259,4.28406,0.0433607,1.4902,0,0.191566,0,0.0776982,0,0,0,-34.7569
"MtrElec",4,4,16,"",-21.7687,0,0,0,0.0264844,0,0.0330909,0,0,0.756867,0,0,0,0.474511,4.49985,0.0473026,1.53588,0,0,0,0.0852174,0,0,0,-29.2279
"MtrElec",4,4,17,"",-13.3247,0,0,0,0.0264844,0,0.0330909,0,0,0.756867,0,0,0,0.565763,5.00551,0.0748958,1.49635,0,0,0,0.114041,0,0,0,-21.3977
"MtrElec",4,4,18,"",-2.30542,0,0,0,0.0264844,0,0.0330909,0,0,0.756867,0,0,0,0.803019,5.58429,0.149792,1.5941,0,0,0,0.174194,0,0,0,-11.4273
"MtrElec",4,4,19,"",8.07226,0,0,0,0.0264844,0,0.0330909,0,0,0.756867,0,0,0,1.53304,5.97751,0.18921,1.72769,0,0,0,0.161662,0,0,0,-2.33329
"MtrElec",4,4,20,"",11.1607,0,0,0,0,0,0.0330909,0,0,0.756867,0,0,0,2.1353,6.21405,0.236513,1.69464,0,0,0,0.0902302,0,0,0,0
"MtrElec",4,4,21,"",11.3075,0,0,0,0,0,0.0330909,0,0,0.756867,0,0,0,2.0623,6.43954,0.327176,1.64839,0,0,0,0.0401023,0,0,0,0
"MtrElec",4,4,22,"",10.9231,0,0,0,0,0,0.0330909,0,0,0.756867,0,0,0,1.75204,6.3979,0.386304,1.57934,0,0,0,0.0175448,0,0,0,0
"MtrElec",4,4,23,"",9.4692,0,0,0,0,0,0.0330909,0,0,0.756867,0,0,0,1.14978,5.74653,0.33506,1.43659,0,0,0,0.0112788,0,0,0,0
"MtrElec",4,4,24,"",8.09686,0,0,0,0,0,0.0330909,0,0,0.756867,0,0,0,0.711767,4.8988,0.232571,1.45749,0,0,0,0.00626598,0,0,0,0
"MtrElec",4,5,1,"",6.76327,0,0,0,0,0,0.0330909,0,0,0.756867,0,0,0,0.41976,4.02532,0.181327,1.34064,0,0,0,0.00626598,0,0,0,0
"MtrElec",4,5,2,"",6.30033,0,0,0,0,0,0.0330909,0,0,0.756867,0,0,0,0.346758,3.69241,0.181327,1.28487,0,0,0,0.00501279,0,0,0,0
"MtrElec",4,5,3,"",7.46332,0,0,0,0,0,0.0330909,0,0,0.756867,0,0,0,0.273756,3.49071,0.177385,1.26163,1.46611,0,0,0.00375959,0,0,0,0
"MtrElec",4,5,4,"",7.00164,0,0,0,0,0,0.0330909,0,0,0.756867,0,0,0,0.310257,3.47966,0.177385,1.23125,1.00937,0,0,0.00375959,0,0,0,0
"MtrElec",4,5,5,"",5.85502,0,0,0,0,0,0.0330909,0,0,0.756867,0,0,0,0.383259,3.31017,0.181327,1.18655,0,0,0,0.00375959,0,0,0,0
"MtrElec",4,5,6,"",6.28267,0,0,0,0,0,0.0330909,0,0,0.756867,0,0,0,0.565763,3.56519,0.177385,1.1781,0,0,0,0.00626598,0,0,0,0
"MtrElec",4,5,7,"",6.91741,0,0,0,0,0,0.0330909,0,0,0.756867,0,0,0,0.766518,3.97385,0.173443,1.20111,0,0,0,0.012532,0,0,0,0
"MtrElec",4,5,8,"",4.05397,0,0,0,0,0,0.0330909,0,0,0.756867,0,0,0,0.748268,4.28361,0.161617,1.30152,0,0,0,0.0338363,0,0,0,-3.26484
"MtrElec",4,5,9,"",-4.62488,0,0,0,0.0264844,0,0.0330909,0,0,0.756867,0,0,0,0.620515,4.09853,0.141908,1.49328,0,0,0.88205,0.0601534,0,0,0,-12.7378
"MtrElec",4,5,10,"",-13.9549,0,0,0,0.0264844,0,0.0330909,0,0,0.756867,0,0,0,0.529262,4.0014,0.118256,1.44922,0,0.372551,1.97144,0.0601534,0,0,0,-23.2736
"MtrElec",4,5,11,"",-20.2841,0,0,0,0.0264844,0,0.0330909,0,0,0.756867,0,0,0,0.492762,4.06555,0.0946052,1.4308,0,0.832679,2.45313,0.057647,0,0,0,-30.5277
"MtrElec",4,5,12,"",-24.6537,0,0,0,0.0264844,0,0.0330909,0,0,0.756867,0,0,0,0.456261,3.99745,0.0630701,1.46283,1.15919,1.03613,1.57874,0.0689258,0,0,0,-35.2928
"MtrElec",4,5,13,"",-28.4136,0,0,0,0.0264844,0,0.0330909,0,0,0.756867,0,0,0,0.383259,3.97367,0.0473026,1.49573,1.31657,0.666814,0.171384,0.0789514,0,0,0,-37.3637
"MtrElec",4,5,14,"",-26.8233,0,0,0,0.0264844,0,0.0330909,0,0,0.756867,0,0,0,0.383259,4.09382,0.0433607,1.5177,0,0.0723874,0,0.0739386,0,0,0,-33.8242
"MtrElec",4,5,15,"",-20.8188,0,0,0,0.0264844,0,0.0330909,0,0,0.756867,0,0,0,0.383259,4.28406,0.0433607,1.49655,0,0,0,0.0776982,0,0,0,-27.9201
"MtrElec",4,5,16,"",-17.1287,0,0,0,0.0264844,0,0.0330909,0,0,0.756867,0,0,0,0.474511,4.49985,0.0473026,1.54261,0,0,0,0.0852174,0,0,0,-24.5946
"MtrElec",4,5,17,"",-11.0702,0,0,0,0.0264844,0,0.0330909,0,0,0.756867,0,0,0,0.565763,5.00551,0.0748958,1.50989,0,0,0,0.114041,0,0,0,-19.1567
"MtrElec",4,5,18,"",-0.600726,0,0,0,0.0264844,0,0.0330909,0,0,0.756867,0,0,0,0.803019,5.58429,0.149792,1.60957,0,0,0,0.174194,0,0,0,-9.73804
"MtrElec",4,5,19,"",8.04254,0,0,0,0.0264844,0,0.0330909,0,0,0.756867,0,0,0,1.53304,5.97751,0.18921,1.73685,0,0,0,0.161662,0,0,0,-2.37217
"MtrElec",4,5,20,"",11.1679,0,0,0,0,0,0.0330909,0,0,0.756867,0,0,0,2.1353,6.21405,0.236513,1.70185,0,0,0,0.0902302,0,0,0,0
"MtrElec",4,5,21,"",11.3134,0,0,0,0,0,0.0330909,0,0,0.756867,0,0,0,2.0623,6.43954,0.327176,1.65433,0,0,0,0.0401023,0,0,0,0
"MtrElec",4,5,22,"",11.8112,0,0,0,0,0,0.0330909,0,0,0.756867,0,0,0,1.75204,6.3979,0.386304,1.58544,0,0,0.881966,0.0175448,0,0,0,0
"MtrElec",4,5,23,"",9.85513,0,0,0,0,0,0.0330909,0,0,0.756867,0,0,0,1.14978,5.74653,0.33506,1.45,0,0.372516,0,0.0112788,0,0,0,0
"MtrElec",4,5,24,"",8.10759,0,0,0,0,0,0.0330909,0,0,0.756867,0,0,0,0.711767,4.8988,0.232571,1.46822,0,0,0,0.00626598,0,0,0,0
"MtrElec",4,6,1,"",7.60041,0,0,0,0,0,0.0330909,0,0,0.756867,0,0,0,0.41976,4.01322,0.181327,1.30782,0,0,0.882062,0.00626598,0,0,0,0
"MtrElec",4,6,2,"",6.61937,0,0,0,0,0,0.0330909,0,0,0.756867,0,0,0,0.346758,3.64371,0.181327,1.28005,0,0.372557,0,0.00501279,0,0,0,0
"MtrElec",4,6,3,"",5.98814,0,0,0,0,0,0.0330909,0,0,0.756867,0,0,0,0.273756,3.50041,0.181327,1.23768,0,0,0,0.00501279,0,0,0,0
"MtrElec",4,6,4,"",5.98196,0,0,0,0,0,0.0330909,0,0,0.756867,0,0,0,0.310257,3.47725,0.181327,1.21815,0,0,0,0.00501279,0,0,0,0
"MtrElec",4,6,5,"",5.86126,0,0,0,0,0,0.0330909,0,0,0.756867,0,0,0,0.383259,3.31986,0.181327,1.18184,0,0,0,0.00501279,0,0,0,0
"MtrElec",4,6,6,"",6.31502,0,0,0,0,0,0.0330909,0,0,0.756867,0,0,0,0.565763,3.57489,0.14585,1.22102,0,0,0,0.0175448,0,0,0,0
"MtrElec",4,6,7,"",7.15093,0,0,0,0,0,0.0330909,0,0,0.756867,0,0,0,0.766518,4.05676,0.137966,1.37592,0,0,0,0.0238107,0,0,0,0
"MtrElec",4,6,8,"",5.85466,0,0,0,0,0,0.0330909,0,0,0.756867,0,0,0,0.748268,4.37861,0.134024,1.50761,0,0,0,0.0313299,0,0,0,-1.73514
"MtrElec",4,6,9,"",4.97603,0,0,0,0,0,0.0330909,0,0,0.756867,0,0,0,0.620515,4.12304,0.130082,1.45637,1.26088,0,1.16908,0.0325831,0,0,0,-4.60649
"MtrElec",4,6,10,"",-3.35779,0,0,0,0.0264844,0,0.0330909,0,0,0.756867,0,0,0,0.529262,3.9212,0.110373,1.3404,1.21459,0.493786,0.594891,0.0275703,0,0,0,-12.4063
"MtrElec",4,6,11,"",-10.561,0,0,0,0.0264844,0,0.0330909,0,0,0.756867,0,0,0,0.492762,3.9622,0.0867214,1.30628,0,0.251264,0,0.0263171,0,0,0,-17.503
"MtrElec",4,6,12,"",-17.0175,0,0,0,0.0264844,0,0.0330909,0,0,0.756867,0,0,0,0.456261,3.9622,0.0591282,1.32632,0,0,0,0.0363427,0,0,0,-23.6742
"MtrElec",4,6,13,"",-19.5878,0,0,0,0.0264844,0,0.0330909,0,0,0.756867,0,0,0,0.383259,3.98472,0.0473026,1.37493,0,0,0.698484,0.0438619,0,0,0,-26.9368
"MtrElec",4,6,14,"",-14.2581,0,0,0,0.0264844,0,0.0330909,0,0,0.756867,0,0,0,0.383259,4.06826,0.0433607,1.34898,0,0.295019,1.9478,0.0401023,0,0,0,-23.2013
"MtrElec",4,6,15,"",-21.6619,0,0,0,0.0264844,0,0.0330909,0,0,0.756867,0,0,0,0.383259,4.20115,0.0433607,1.37848,0,0.822691,0.336868,0.0426087,0,0,0,-29.6868
"MtrElec",4,6,16,"",-19.4567,0,0,0,0.0264844,0,0.0330909,0,0,0.756867,0,0,0,0.474511,4.31224,0.0473026,1.39677,0,0.142283,0.545039,0.0651662,0,0,0,-27.2565
"MtrElec",4,6,17,"",-11.7727,0,0,0,0.0264844,0,0.0330909,0,0,0.756867,0,0,0,0.565763,4.83,0.0748958,1.44363,0,0.230208,0,0.144118,0,0,0,-19.8778
"MtrElec",4,6,18,"",-1.10494,0,0,0,0.0264844,0,0.0330909,0,0,0.756867,0,0,0,0.803019,5.51484,0.14585,1.58754,0,0,0.463257,0.241867,0,0,0,-10.6778
"MtrElec",4,6,19,"",10.3778,0,0,0,0.0264844,0,0.0330909,0,0,0.756867,0,0,0,1.53304,5.99096,0.193152,1.72077,1.71125,0.195666,0.418981,0.225575,0,0,0,-2.42801
"MtrElec",4,6,20,"",12.2723,0,0,0,0,0,0.0330909,0,0,0.756867,0,0,0,2.1353,6.30905,0.256222,1.71926,0.762762,0.176965,0,0.122813,0,0,0,0
"MtrElec",4,6,21,"",11.4766,0,0,0,0,0,0.0330909,0,0,0.756867,0,0,0,2.0623,6.58084,0.358711,1.63213,0,0,0,0.0526343,0,0,0,0
"MtrElec",4,6,22,"",11.9604,0,0,0,0,0,0.0330909,0,0,0.756867,0,0,0,1.75204,6.55131,0.413898,1.54603,0,0,0.882062,0.0250639,0,0,0,0
"MtrElec",4,6,23,"",9.95254,0,0,0,0,0,0.0330909,0,0,0.756867,0,0,0,1.14978,5.82809,0.358711,1.43842,0,0.372557,0,0.0150384,0,0,0,0
"MtrElec",4,6,24,"",8.0692,0,0,0,0,0,0.0330909,0,0,0.756867,0,0,0,0.711767,4.99455,0.248339,1.31205,0,0,0,0.012532,0,0,0,0
"MtrElec",4,7,1,"",6.70702,0,0,0,0,0,0.0330909,0,0,0.756867,0,0,0,0.41976,4.01322,0.181327,1.29649,0,0,0,0.00626598,0,0,0,0
"MtrElec",4,7,2,"",6.23873,0,0,0,0,0,0.0330909,0,0,0.756867,0,0,0,0.346758,3.64371,0.181327,1.27197,0,0,0,0.00501279,0,0,0,0
"MtrElec",4,7,3,"",5.9799,0,0,0,0,0,0.0330909,0,0,0.756867,0,0,0,0.273756,3.50041,0.181327,1.22944,0,0,0,0.00501279,0,0,0,0
"MtrElec",4,7,4,"",5.97444,0,0,0,0,0,0.0330909,0,0,0.756867,0,0,0,0.310257,3.47725,0.181327,1.21063,0,0,0,0.00501279,0,0,0,0
"MtrElec",4,7,5,"",5.85368,0,0,0,0,0,0.0330909,0,0,0.756867,0,0,0,0.383259,3.31986,0.181327,1.17426,0,0,0,0.00501279,0,0,0,0
"MtrElec",4,7,6,"",6.3065,0,0,0,0,0,0.0330909,0,0,0.756867,0,0,0,0.565763,3.57489,0.14585,1.21249,0,0,0,0.0175448,0,0,0,0
"MtrElec",4,7,7,"",7.14427,0,0,0,0,0,0.0330909,0,0,0.756867,0,0,0,0.766518,4.05676,0.137966,1.36926,0,0,0,0.0238107,0,0,0,0
"MtrElec",4,7,8,"",6.829,0,0,0,0,0,0.0330909,0,0,0.756867,0,0,0,0.748268,4.37861,0.134024,1.50301,0,0,0,0.0313299,0,0,0,-0.756204
"MtrElec",4,7,9,"",0.0328745,0,0,0,0.0264844,0,0.0330909,0,0,0.756867,0,0,0,0.620515,4.12304,0.130082,1.45167,0,0,0.287278,0.0325831,0,0,0,-7.42873
"MtrElec",4,7,10,"",-9.17282,0,0,0,0.0264844,0,0.0330909,0,0,0.756867,0,0,0,0.529262,3.9212,0.110373,1.33401,0,0.121338,0.594891,0.0275703,0,0,0,-16.6279
"MtrElec",4,7,11,"",-5.26067,0,0,0,0.0264844,0,0.0330909,0,0,0.756867,0,0,0,0.492762,3.9622,0.0867214,1.29919,0,0.251264,0,0.0263171,0,0,0,-12.1956
"MtrElec",4,7,12,"",-1.4917,0,0,0,0.0264844,0,0.0330909,0,0,0.756867,0,0,0,0.456261,3.9622,0.0591282,1.31323,0,0,1.76411,0.0363427,0,0,0,-9.89942
"MtrElec",4,7,13,"",-22.8621,0,0,0,0.0264844,0,0.0330909,0,0,0.756867,0,0,0,0.383259,3.98472,0.0473026,1.35272,0,0.745108,0,0.0438619,0,0,0,-30.2355
"MtrElec",4,7,14,"",-27.2423,0,0,0,0.0264844,0,0.0330909,0,0,0.756867,0,0,0,0.383259,4.06826,0.0433607,1.31505,0,0,0,0.0401023,0,0,0,-33.9088
"MtrElec",4,7,15,"",-24.8632,0,0,0,0.0264844,0,0.0330909,0,0,0.756867,0,0,0,0.383259,4.20115,0.0433607,1.34259,0,0,0,0.0426087,0,0,0,-31.6926
"MtrElec",4,7,16,"",-14.9018,0,0,0,0.0264844,0,0.0330909,0,0,0.756867,0,0,0,0.474511,4.31224,0.0473026,1.35013,0,0,0,0.0651662,0,0,0,-21.9676
"MtrElec",4,7,17,"",-8.49066,0,0,0,0.0264844,0,0.0330909,0,0,0.756867,0,0,0,0.565763,4.83,0.0748958,1.37367,0,0,0,0.144118,0,0,0,-16.2955
"MtrElec",4,7,18,"",1.93703,0,0,0,0.0264844,0,0.0330909,0,0,0.756867,0,0,0,0.803019,5.51484,0.14585,1.50725,0,0,0,0.241867,0,0,0,-7.09223
"MtrElec",4,7,19,"",8.97583,0,0,0,0,0,0.0330909,0,0,0.756867,0,0,0,1.53304,5.99096,0.193152,1.64508,0,0,0,0.225575,0,0,0,-1.40194
"MtrElec",4,7,20,"",11.2731,0,0,0,0,0,0.0330909,0,0,0.756867,0,0,0,2.1353,6.30905,0.256222,1.65973,0,0,0,0.122813,0,0,0,0
"MtrElec",4,7,21,"",11.4146,0,0,0,0,0,0.0330909,0,0,0.756867,0,0,0,2.0623,6.58084,0.358711,1.57013,0,0,0,0.0526343,0,0,0,0
"MtrElec",4,7,22,"",14.3464,0,0,0,0,0,0.0330909,0,0,0.756867,0,0,0,1.75204,6.55131,0.413898,1.48825,2.47431,0,0.851616,0.0250639,0,0,0,0
"MtrElec",4,7,23,"",9.92279,0,0,0,0,0,0.0330909,0,0,0.756867,0,0,0,1.14978,5.82809,0.358711,1.39101,0,0.359697,0.0305102,0.0150384,0,0,0,0
"MtrElec",4,7,24,"",8.03459,0,0,0,0,0,0.0330909,0,0,0.756867,0,0,0,0.711767,4.99455,0.248339,1.26455,0,0.0128866,0,0.012532,0,0,0,0
"MtrElec",4,8,1,"",6.65908,0,0,0,0,0,0.0330909,0,0,0.756867,0,0,0,0.41976,4.01322,0.181327,1.24855,0,0,0,0.00626598,0,0,0,0
"MtrElec",4,8,2,"",6.19066,0,0,0,0,0,0.0330909,0,0,0.756867,0,0,0,0.346758,3.64371,0.181327,1.22389,0,0,0,0.00501279,0,0,0,0
"MtrElec",4,8,3,"",7.01954,0,0,0,0,0,0.0330909,0,0,0.756867,0,1.09188,0,0.273756,3.50041,0.181327,1.17719,0,0,0,0.00501279,0,0,0,0
"MtrElec",4,8,4,"",7.01263,0,0,0,0,0,0.0330909,0,0,0.756867,0,1.09188,0,0.310257,3.47725,0.181327,1.15694,0,0,0,0.00501279,0,0,0,0
"MtrElec",4,8,5,"",6.88307,0,0,0,0,0,0.0330909,0,0,0.756867,0,1.09188,0,0.383259,3.31986,0.181327,1.11177,0,0,0,0.00501279,0,0,0,0
"MtrElec",4,8,6,"",7.32026,0,0,0,0,0,0.0330909,0,0,0.756867,0,1.09188,0,0.565763,3.57489,0.14585,1.13437,0,0,0,0.0175448,0,0,0,0
"MtrElec",4,8,7,"",8.06556,0,0,0,0,0,0.0330909,0,0,0.756867,0,1.09188,0,0.766518,4.05676,0.137966,1.30226,0,0,0,0.0238107,0,0,0,-0.103598
"MtrElec",4,8,8,"",4.307,0,0,0,0,0,0.0330909,0,0,0.756867,0,1.09188,0,0.748268,4.37861,0.134024,1.45435,0,0,0,0.0313299,0,0,0,-4.32144
"MtrElec",4,8,9,"",-7.40819,0,0,0,0.0264844,0,0.0330909,0,0,0.756867,0,0,0,0.620515,4.12304,0.130082,1.40266,0,0,0,0.0325831,0,0,0,-14.5335
"MtrElec",4,8,10,"",-17.3759,0,0,0,0.0264844,0,0.0330909,0,0,0.756867,0,0,0,0.529262,3.9212,0.110373,1.27888,0,0,0,0.0275703,0,0,0,-24.0596
"MtrElec",4,8,11,"",-23.8734,0,0,0,0.0264844,0,0.0330909,0,0,0.756867,0,0,0,0.492762,3.9622,0.0867214,1.24823,0,0,0.886914,0.0263171,0,0,0,-31.393
"MtrElec",4,8,12,"",-27.8887,0,0,0,0.0264844,0,0.0330909,0,0,0.756867,0,0,0,0.456261,3.9622,0.0591282,1.27112,0,0.374606,1.33536,0.0363427,0,0,0,-36.2002
"MtrElec",4,8,13,"",-30.0659,0,0,0,0.0264844,0,0.0330909,0,0,0.756867,0,0,0,0.383259,3.98472,0.0473026,1.32904,0,0.564016,1.30516,0.0438619,0,0,0,-38.5397
"MtrElec",4,8,14,"",-30.9827,0,0,0,0.0264844,0,0.0330909,0,0,0.756867,0,0,0,0.383259,4.06826,0.0433607,1.29828,0,0.551262,0,0.0401023,0,0,0,-38.1836
"MtrElec",4,8,15,"",-28.4014,0,0,0,0.0264844,0,0.0330909,0,0,0.756867,0,0,0,0.383259,4.20115,0.0433607,1.33413,0,0,0,0.0426087,0,0,0,-35.2223
"MtrElec",4,8,16,"",-22.715,0,0,0,0.0264844,0,0.0330909,0,0,0.756867,0,0,0,0.474511,4.31224,0.0473026,1.34448,0,0,0,0.0651662,0,0,0,-29.7752
"MtrElec",4,8,17,"",-14.0057,0,0,0,0.0264844,0,0.0330909,0,0,0.756867,0,0,0,0.565763,4.83,0.0748958,1.37046,0,0,0,0.144118,0,0,0,-21.8074
"MtrElec",4,8,18,"",0.704213,0,0,0,0.0264844,0,0.0330909,0,0,0.756867,0,0,0,0.803019,5.51484,0.14585,1.50542,2.98327,0,0.440226,0.241867,0,0,0,-11.7467
"MtrElec",4,8,19,"",11.4505,0,0,0,0.0264844,0,0.0330909,0,0,0.756867,0,0,0,1.53304,5.99096,0.193152,1.64394,1.96754,0.185938,1.32297,0.225575,0,0,0,-2.42903
"MtrElec",4,8,20,"",11.8304,0,0,0,0,0,0.0330909,0,0,0.756867,0,0,0,2.1353,6.30905,0.256222,1.6583,0,0.558784,0,0.122813,0,0,0,0
"MtrElec",4,8,21,"",11.4126,0,0,0,0,0,0.0330909,0,0,0.756867,0,0,0,2.0623,6.58084,0.358711,1.56812,0,0,0,0.0526343,0,0,0,0
"MtrElec",4,8,22,"",12.1108,0,0,0,0,0,0.0330909,0,0,0.756867,0,1.09188,0,1.75204,6.55131,0.413898,1.48666,0,0,0,0.0250639,0,0,0,0
"MtrElec",4,8,23,"",10.6186,0,0,0,0,0,0.0330909,0,0,0.756867,0,1.09188,0,1.14978,5.82809,0.358711,1.38517,0,0,0,0.0150384,0,0,0,0
"MtrElec",4,8,24,"",9.10161,0,0,0,0,0,0.0330909,0,0,0.756867,0,1.09188,0,0.711767,4.99455,0.248339,1.25258,0,0,0,0.012532,0,0,0,0
"MtrElec",4,9,1,"",8.62159,0,0,0,0,0,0.0330909,0,0,0.756867,0,1.09188,0,0.41976,4.01322,0.181327,1.23712,0,0,0.882062,0.00626598,0,0,0,0
"MtrElec",4,9,2,"",18.3219,0,4.61578,4.95509,0,0,0.0330909,0,1.10623,0.756867,0,1.09188,0,0.346758,3.64371,0.181327,1.21358,0,0.372557,0,0.00501279,0,0,0,0
"MtrElec",4,9,3,"",14.1637,0,4.86624,1.13681,0,0,0.0330909,0,1.13694,0.756867,0,1.09188,0,0.273756,3.50041,0.181327,1.18135,0,0,0,0.00501279,0,0,0,0
"MtrElec",4,9,4,"",16.106,0,5.20978,2.63964,0,0,0.0330909,0,1.2342,0.756867,0,1.09188,0,0.310257,3.47725,0.181327,1.16672,0,0,0,0.00501279,0,0,0,0
"MtrElec",4,9,5,"",16.739,0,5.67546,2.81689,0,0,0.0330909,0,1.34774,0.756867,0,1.09188,0,0.383259,3.31986,0.181327,1.12767,0,0,0,0.00501279,0,0,0,0
"MtrElec",4,9,6,"",17.0843,0,5.65933,2.73789,0,0,0.0330909,0,1.34179,0.756867,0,1.09188,0,0.565763,3.57489,0.14585,1.15942,0,0,0,0.0175448,0,0,0,0
"MtrElec",4,9,7,"",17.0688,0,4.73875,2.28031,0,0,0.0330909,0,1.10456,0.756867,0,1.09188,0,0.766518,4.05676,0.137966,1.32675,0,0,0.882236,0.0238107,0,0,0,-0.130734
"MtrElec",4,9,8,"",9.12914,0,2.68207,0.277488,0,0,0.0330909,0,0.59098,0.756867,0,1.09188,0,0.748268,4.37861,0.134024,1.47471,0,0.37263,0.881945,0.0313299,0,0,0,-4.32477
"MtrElec",4,9,9,"",-5.30117,0,0.826071,0,0.0264844,0,0.0330909,0,0.175554,0.756867,0,0,0,0.620515,4.12304,0.130082,1.42486,0,0.372507,0.4939,0.0325831,0,0,0,-14.3167
"MtrElec",4,9,10,"",-15.9593,0,0.0462102,0,0.0264844,0,0.0330909,0,0.00964443,0.756867,0,0,0,0.529262,3.9212,0.110373,1.3031,0,0.208609,0.388234,0.0275703,0,0,0,-23.3199
"MtrElec",4,9,11,"",-23.3984,0,0,0,0.0264844,0,0.0330909,0,0,0.756867,0,0,0,0.492762,3.9622,0.0867214,1.26811,0,0.163978,0.881985,0.0263171,0,0,0,-31.097
"MtrElec",4,9,12,"",-29.2234,0,0,0,0.0264844,0,0.0330909,0,0,0.756867,0,0,0,0.456261,3.9622,0.0591282,1.28926,0,0.372524,0,0.0363427,0,0,0,-36.2155
"MtrElec",4,9,13,"",-30.4067,0,0,0,0.0264844,0,0.0330909,0,0,0.756867,0,0,0,0.383259,3.98472,0.0473026,1.343,1.41802,0,0,0.0438619,0,0,0,-38.4433
"MtrElec",4,9,14,"",-30.053,0,0,0,0.0264844,0,0.0330909,0,0,0.756867,0,0,0,0.383259,4.06826,0.0433607,1.31179,1.0564,0,0.449466,0.0401023,0,0,0,-38.222
"MtrElec",4,9,15,"",-26.8768,0,0,0,0.0264844,0,0.0330909,0,0,0.756867,0,0,0,0.383259,4.20115,0.0433607,1.34526,0,0.189841,1.30721,0.0426087,0,0,0,-35.206
"MtrElec",4,9,16,"",-19.7157,0,0,0,0.0264844,0,0.0330909,0,0,0.756867,0,0,0,0.474511,4.31224,0.0473026,1.35873,1.26327,0.552127,0.889338,0.0651662,0,0,0,-29.4949
"MtrElec",4,9,17,"",-11.9666,0,0,0,0.0264844,0,0.0330909,0,0,0.756867,0,0,0,0.565763,4.83,0.0748958,1.39368,1.21212,0.37563,0,0.144118,0,0,0,-21.3793
"MtrElec",4,9,18,"",-2.44338,0,0,0,0.0264844,0,0.0330909,0,0,0.756867,0,0,0,0.803019,5.51484,0.14585,1.53579,0,0,0,0.241867,0,0,0,-11.5012
"MtrElec",4,9,19,"",8.87621,0,0,0,0.0264844,0,0.0330909,0,0,0.756867,0,0,0,1.53304,5.99096,0.193152,1.67518,0,0,0.881967,0.225575,0,0,0,-2.44011
"MtrElec",4,9,20,"",11.6726,0,0,0,0,0,0.0330909,0,0,0.756867,0,0,0,2.1353,6.30905,0.256222,1.68674,0,0.372517,0,0.122813,0,0,0,0
"MtrElec",4,9,21,"",11.4473,0,0,0,0,0,0.0330909,0,0,0.756867,0,0,0,2.0623,6.58084,0.358711,1.60286,0,0,0,0.0526343,0,0,0,0
"MtrElec",4,9,22,"",11.9367,0,0,0,0,0,0.0330909,0,0,0.756867,0,0,0,1.75204,6.55131,0.413898,1.52238,0,0,0.882062,0.0250639,0,0,0,0
"MtrElec",4,9,23,"",9.93437,0,0,0,0,0,0.0330909,0,0,0.756867,0,0,0,1.14978,5.82809,0.358711,1.42024,0,0.372557,0,0.0150384,0,0,0,0
"MtrElec",4,9,24,"",8.05294,0,0,0,0,0,0.0330909,0,0,0.756867,0,0,0,0.711767,4.99455,0.248339,1.29579,0,0,0,0.012532,0,0,0,0
"MtrElec",4,10,1,"",7.77605,0,0,0,0,0,0.0330909,0,0,0.756867,0,1.09188,0,0.41976,4.01322,0.181327,1.27364,0,0,0,0.00626598,0,0,0,0
"MtrElec",4,10,2,"",9.18751,0,0.154373,0,0,0,0.0330909,0,0.0327957,0.756867,0,1.09188,0,0.346758,3.64371,0.181327,1.24406,1.69764,0,0,0.00501279,0,0,0,0
"MtrElec",4,10,3,"",8.97666,0,0.953065,0,0,0,0.0330909,0,0.206062,0.756867,0,1.09188,0,0.273756,3.50041,0.181327,1.19728,0.777912,0,0,0.00501279,0,0,0,0
"MtrElec",4,10,4,"",8.88677,0,1.5187,0,0,0,0.0330909,0,0.3345,0.756867,0,1.09188,0,0.310257,3.47725,0.181327,1.17788,0,0,0,0.00501279,0,0,0,0
"MtrElec",4,10,5,"",9.22689,0,1.89577,0,0,0,0.0330909,0,0.423049,0.756867,0,1.09188,0,0.383259,3.31986,0.181327,1.13677,0,0,0,0.00501279,0,0,0,0
"MtrElec",4,10,6,"",9.78659,0,1.9886,0,0,0,0.0330909,0,0.445749,0.756867,0,1.09188,0,0.565763,3.57489,0.14585,1.16635,0,0,0,0.0175448,0,0,0,0
"MtrElec",4,10,7,"",10.0777,0,1.6945,0,0,0,0.0330909,0,0.375943,0.756867,0,1.09188,0,0.766518,4.05676,0.137966,1.32967,0,0,0,0.0238107,0,0,0,-0.189293
"MtrElec",4,10,8,"",3.88218,0,0.806909,0,0,0,0.0330909,0,0.173903,0.756867,0,0,0,0.748268,4.37861,0.134024,1.4756,0,0,0,0.0313299,0,0,0,-4.65642
"MtrElec",4,10,9,"",-6.8315,0,0.0824072,0,0.0264844,0,0.0330909,0,0.0172477,0.756867,0,0,0,0.620515,4.12304,0.130082,1.42594,0,0,0,0.0325831,0,0,0,-14.0798
"MtrElec",4,10,10,"",-15.4894,0,0,0,0.0264844,0,0.0330909,0,0,0.756867,0,0,0,0.529262,3.9212,0.110373,1.30699,0.484958,0,0.476651,0.0275703,0,0,0,-23.1628
"MtrElec",4,10,11,"",-20.6335,0,0,0,0.0264844,0,0.0330909,0,0,0.756867,0,0,0,0.492762,3.9622,0.0867214,1.2775,1.69357,0.201323,0.986235,0.0263171,0,0,0,-30.1765
"MtrElec",4,10,12,"",-27.4954,0,0,0,0.0264844,0,0.0330909,0,0,0.756867,0,0,0,0.456261,3.9622,0.0591282,1.3033,0.296245,0.416556,0.301168,0.0363427,0,0,0,-35.1431
"MtrElec",4,10,13,"",-30.7988,0,0,0,0.0264844,0,0.0330909,0,0,0.756867,0,0,0,0.383259,3.98472,0.0473026,1.35768,0,0.127204,0,0.0438619,0,0,0,-37.5593
"MtrElec",4,10,14,"",-30.4424,0,0,0,0.0264844,0,0.0330909,0,0,0.756867,0,0,0,0.383259,4.06826,0.0433607,1.32842,0,0,0,0.0401023,0,0,0,-37.1222
"MtrElec",4,10,15,"",-27.6338,0,0,0,0.0264844,0,0.0330909,0,0,0.756867,0,0,0,0.383259,4.20115,0.0433607,1.35874,0,0,0,0.0426087,0,0,0,-34.4793
"MtrElec",4,10,16,"",-21.1918,0,0,0,0.0264844,0,0.0330909,0,0,0.756867,0,0,0,0.474511,4.31224,0.0473026,1.37299,0,0,0.882163,0.0651662,0,0,0,-29.1626
"MtrElec",4,10,17,"",-12.1445,0,0,0,0.0264844,0,0.0330909,0,0,0.756867,0,0,0,0.565763,4.83,0.0748958,1.41129,0,0.372599,0.881924,0.144118,0,0,0,-21.2415
"MtrElec",4,10,18,"",-1.09275,0,0,0,0.0264844,0,0.0330909,0,0,0.756867,0,0,0,0.803019,5.51484,0.14585,1.55578,0,0.372498,0.882049,0.241867,0,0,0,-11.4251
"MtrElec",4,10,19,"",8.78082,0,0,0,0.0264844,0,0.0330909,0,0,0.756867,0,0,0,1.53304,5.99096,0.193152,1.69591,0.412435,0.372551,0,0.225575,0,0,0,-2.45924
"MtrElec",4,10,20,"",13.3798,0,0,0,0,0,0.0330909,0,0,0.756867,0,0,0,2.1353,6.30905,0.256222,1.70386,2.06263,0,0,0.122813,0,0,0,0
"MtrElec",4,10,21,"",12.0088,0,0,0,0,0,0.0330909,0,0,0.756867,0,0,0,2.0623,6.58084,0.358711,1.62225,0.54211,0,0,0.0526343,0,0,0,0
"MtrElec",4,10,22,"",11.9489,0,0,0,0,0,0.0330909,0,0,0.756867,0,0,0,1.75204,6.55131,0.413898,1.54355,0.873087,0,0,0.0250639,0,0,0,0
"MtrElec",4,10,23,"",10.6437,0,0,0,0,0,0.0330909,0,0,0.756867,0,0,0,1.14978,5.82809,0.358711,1.44185,1.06029,0,0,0.0150384,0,0,0,0
"MtrElec",4,10,24,"",8.07946,0,0,0,0,0,0.0330909,0,0,0.756867,0,0,0,0.711767,4.99455,0.248339,1.32231,0,0,0,0.012532,0,0,0,0
"MtrElec",4,11,1,"",6.76651,0,0,0,0,0,0.0330909,0,0,0.756867,0,0,0,0.41976,4.02532,0.181327,1.34389,0,0,0,0.00626598,0,0,0,0
"MtrElec",4,11,2,"",6.29698,0,0,0,0,0,0.0330909,0,0,0.756867,0,0,0,0.346758,3.69241,0.181327,1.28151,0,0,0,0.00501279,0,0,0,0
"MtrElec",4,11,3,"",5.99095,0,0,0,0,0,0.0330909,0,0,0.756867,0,0,0,0.273756,3.49071,0.177385,1.25538,0,0,0,0.00375959,0,0,0,0
"MtrElec",4,11,4,"",5.98343,0,0,0,0,0,0.0330909,0,0,0.756867,0,0,0,0.310257,3.47966,0.177385,1.22241,0,0,0,0.00375959,0,0,0,0
"MtrElec",4,11,5,"",5.84269,0,0,0,0,0,0.0330909,0,0,0.756867,0,0,0,0.383259,3.31017,0.181327,1.17422,0,0,0,0.00375959,0,0,0,0
"MtrElec",4,11,6,"",6.44969,0,0.149553,0,0,0,0.0330909,0,0.0314453,0.756867,0,0,0,0.565763,3.56519,0.177385,1.16412,0,0,0,0.00626598,0,0,0,0
"MtrElec",4,11,7,"",7.26539,0,0.221999,0,0,0,0.0330909,0,0.0465736,0.756867,0,0,0,0.766518,3.97385,0.173443,1.18381,0,0,0.0967123,0.012532,0,0,0,0
"MtrElec",4,11,8,"",6.1118,0,0.0878678,0,0,0,0.0330909,0,0.0183485,0.756867,0,0,0,0.748268,4.28361,0.161617,1.29195,0,0.0408484,0.414573,0.0338363,0,0,0,-1.75907
"MtrElec",4,11,9,"",-2.47791,0,0,0,0.0264844,0,0.0330909,0,0,0.756867,0,0,0,0.620515,4.09853,0.141908,1.48966,0,0.175103,0.370832,0.0601534,0,0,0,-10.2511
"MtrElec",4,11,10,"",-11.9668,0,0,0,0.0264844,0,0.0330909,0,0,0.756867,0,0,0,0.529262,4.0014,0.118256,1.4434,0,0.156629,0.688096,0.0601534,0,0,0,-19.7804
"MtrElec",4,11,11,"",-19.1787,0,0,0,0.0264844,0,0.0330909,0,0,0.756867,0,0,0,0.492762,4.06555,0.0946052,1.42596,0,0.290631,1.6278,0.057647,0,0,0,-28.0501
"MtrElec",4,11,12,"",-27.0291,0,0,0,0.0264844,0,0.0330909,0,0,0.756867,0,0,0,0.456261,3.99745,0.0630701,1.45939,0,0.687535,0.330915,0.0689258,0,0,0,-34.909
"MtrElec",4,11,13,"",-29.4018,0,0,0,0.0264844,0,0.0330909,0,0,0.756867,0,0,0,0.383259,3.97367,0.0473026,1.49329,0,0.139769,0.722415,0.0789514,0,0,0,-37.0569
"MtrElec",4,11,14,"",-28.5157,0,0,0,0.0264844,0,0.0330909,0,0,0.756867,0,0,0,0.383259,4.09382,0.0433607,1.51612,0,0.305127,1.04154,0.0739386,0,0,0,-36.7893
"MtrElec",4,11,15,"",-26.0597,0,0,0,0.0264844,0,0.0330909,0,0,0.756867,0,0,0,0.383259,4.28406,0.0433607,1.49646,0,0.439915,0.287418,0.0776982,0,0,0,-33.8883
"MtrElec",4,11,16,"",-20.0926,0,0,0,0.0264844,0,0.0330909,0,0,0.756867,0,0,0,0.474511,4.49985,0.0473026,1.54454,0,0.121397,1.00462,0.0852174,0,0,0,-28.6865
"MtrElec",4,11,17,"",-11.9291,0,0,0,0.0264844,0,0.0330909,0,0,0.756867,0,0,0,0.565763,5.00551,0.0748958,1.51235,0,0.424321,0.472187,0.114041,0,0,0,-20.9146
"MtrElec",4,11,18,"",-1.88868,0,0,0,0.0264844,0,0.0330909,0,0,0.756867,0,0,0,0.803019,5.58429,0.149792,1.61088,0,0.199438,0,0.174194,0,0,0,-11.2267
"MtrElec",4,11,19,"",8.8391,0,0,0,0.0264844,0,0.0330909,0,0,0.756867,0,0,0,1.53304,5.97751,0.18921,1.74131,0,0,0.882059,0.161662,0,0,0,-2.46213
"MtrElec",4,11,20,"",14.3869,0,0,0,0,0,0.0330909,0,0,0.756867,0,0,0,2.1353,6.21405,0.236513,1.71187,2.47456,0.372555,0.361887,0.0902302,0,0,0,0
"MtrElec",4,11,21,"",13.5001,0,0,0,0,0,0.0330909,0,0,0.756867,0,0,0,2.0623,6.43954,0.327176,1.67131,1.49682,0.15285,0.520064,0.0401023,0,0,0,0
"MtrElec",4,11,22,"",12.1472,0,0,0,0,0,0.0330909,0,0,0.756867,0,0,0,1.75204,6.3979,0.386304,1.60496,0.978837,0.219659,0,0.0175448,0,0,0,0
"MtrElec",4,11,23,"",10.8697,0,0,0,0,0,0.0330909,0,0,0.756867,0,0,0,1.14978,5.74653,0.33506,1.47814,1.35898,0,0,0.0112788,0,0,0,0
"MtrElec",4,11,24,"",9.24286,0,0,0,0,0,0.0330909,0,0,0.756867,0,0,0,0.711767,4.8988,0.232571,1.48689,1.11661,0,0,0.00626598,0,0,0,0
"MtrElec",4,12,1,"",6.79578,0,0,0,0,0,0.0330909,0,0,0.756867,0,0,0,0.41976,4.02532,0.181327,1.37315,0,0,0,0.00626598,0,0,0,0
"MtrElec",4,12,2,"",6.32322,0,0,0,0,0,0.0330909,0,0,0.756867,0,0,0,0.346758,3.69241,0.181327,1.30775,0,0,0,0.00501279,0,0,0,0
"MtrElec",4,12,3,"",6.01619,0,0,0,0,0,0.0330909,0,0,0.756867,0,0,0,0.273756,3.49071,0.177385,1.28062,0,0,0,0.00375959,0,0,0,0
"MtrElec",4,12,4,"",6.00774,0,0,0,0,0,0.0330909,0,0,0.756867,0,0,0,0.310257,3.47966,0.177385,1.24672,0,0,0,0.00375959,0,0,0,0
"MtrElec",4,12,5,"",5.8692,0,0,0,0,0,0.0330909,0,0,0.756867,0,0,0,0.383259,3.31017,0.181327,1.20073,0,0,0,0.00375959,0,0,0,0
"MtrElec",4,12,6,"",6.29465,0,0,0,0,0,0.0330909,0,0,0.756867,0,0,0,0.565763,3.56519,0.177385,1.19008,0,0,0,0.00626598,0,0,0,0
"MtrElec",4,12,7,"",7.97654,0,0,0,0,0,0.0330909,0,0,0.756867,0,0,0,0.766518,3.97385,0.173443,1.21182,0,0,1.38578,0.012532,0,0,0,-0.337367
"MtrElec",4,12,8,"",4.53378,0,0,0,0,0,0.0330909,0,0,0.756867,0,0,0,0.748268,4.28361,0.161617,1.31688,0,0.585314,1.45432,0.0338363,0,0,0,-4.84002
"MtrElec",4,12,9,"",4.12899,0,0,0,0.0264844,0,0.0330909,0,0,0.756867,0,0,0,0.620515,4.09853,0.141908,1.50728,0,0.614262,2.45266,0.0601534,0,0,0,-6.18276
"MtrElec",4,12,10,"",-6.67078,0,0,0,0.0264844,0,0.0330909,0,0,0.756867,0,0,0,0.529262,4.0014,0.118256,1.46935,0,1.03593,0,0.0601534,0,0,0,-14.7016
"MtrElec",4,12,11,"",-22.0464,0,0,0,0.0264844,0,0.0330909,0,0,0.756867,0,0,0,0.492762,4.06555,0.0946052,1.4485,0,0,0.882176,0.057647,0,0,0,-29.9041
"MtrElec",4,12,12,"",-27.6299,0,0,0,0.0264844,0,0.0330909,0,0,0.756867,0,0,0,0.456261,3.99745,0.0630701,1.47927,0,0.372605,0,0.0689258,0,0,0,-34.8839
"MtrElec",4,12,13,"",-28.9468,0,0,0,0.0264844,0,0.0330909,0,0,0.756867,0,0,0,0.383259,3.97367,0.0473026,1.51094,0.752665,0,0.294076,0.0789514,0,0,0,-36.8041
"MtrElec",4,12,14,"",-26.8615,0,0,0,0.0264844,0,0.0330909,0,0,0.756867,0,0,0,0.383259,4.09382,0.0433607,1.53257,1.7221,0.124209,0.587988,0.0739386,0,0,0,-36.2392
"MtrElec",4,12,15,"",-24.923,0,0,0,0.0264844,0,0.0330909,0,0,0.756867,0,0,0,0.383259,4.28406,0.0433607,1.51434,0,0.248348,0.882055,0.0776982,0,0,0,-33.1725
"MtrElec",4,12,16,"",-20.1271,0,0,0,0.0264844,0,0.0330909,0,0,0.756867,0,0,0,0.474511,4.49985,0.0473026,1.55801,0,0.372554,0,0.0852174,0,0,0,-27.981
"MtrElec",4,12,17,"",-12.4687,0,0,0,0.0264844,0,0.0330909,0,0,0.756867,0,0,0,0.565763,5.00551,0.0748958,1.53232,0,0,0,0.114041,0,0,0,-20.5777
"MtrElec",4,12,18,"",-1.02895,0,0,0,0.0264844,0,0.0330909,0,0,0.756867,0,0,0,0.803019,5.58429,0.149792,1.62953,0,0,0.882206,0.174194,0,0,0,-11.0684
"MtrElec",4,12,19,"",9.56571,0,0,0,0.0264844,0,0.0330909,0,0,0.756867,0,0,0,1.53304,5.97751,0.18921,1.75308,0,0.372617,1.29097,0.161662,0,0,0,-2.52881
"MtrElec",4,12,20,"",12.2079,0,0,0,0,0,0.0330909,0,0,0.756867,0,0,0,2.1353,6.21405,0.236513,1.72349,0,0.545267,0.473138,0.0902302,0,0,0,0
"MtrElec",4,12,21,"",11.5397,0,0,0,0,0,0.0330909,0,0,0.756867,0,0,0,2.0623,6.43954,0.327176,1.68078,0,0.199839,0,0.0401023,0,0,0,0
"MtrElec",4,12,22,"",10.955,0,0,0,0,0,0.0330909,0,0,0.756867,0,0,0,1.75204,6.3979,0.386304,1.61121,0,0,0,0.0175448,0,0,0,0
"MtrElec",4,12,23,"",10.8768,0,0,0,0,0,0.0330909,0,0,0.756867,0,0,0,1.14978,5.74653,0.33506,1.4852,1.35898,0,0,0.0112788,0,0,0,0
"MtrElec",4,12,24,"",9.24762,0,0,0,0,0,0.0330909,0,0,0.756867,0,0,0,0.711767,4.8988,0.232571,1.49165,1.11661,0,0,0.00626598,0,0,0,0
"MtrElec",4,13,1,"",6.74943,0,0,0,0,0,0.0330909,0,0,0.756867,0,0,0,0.41976,4.01322,0.181327,1.3389,0,0,0,0.00626598,0,0,0,0
"MtrElec",4,13,2,"",7.96594,0,0,0,0,0,0.0330909,0,0,0.756867,0,0,0,0.346758,3.64371,0.181327,1.30154,1.69764,0,0,0.00501279,0,0,0,0
"MtrElec",4,13,3,"",6.78499,0,0,0,0,0,0.0330909,0,0,0.756867,0,0,0,0.273756,3.50041,0.181327,1.25662,0.777912,0,0,0.00501279,0,0,0,0
"MtrElec",4,13,4,"",5.99895,0,0,0,0,0,0.0330909,0,0,0.756867,0,0,0,0.310257,3.47725,0.181327,1.23514,0,0,0,0.00501279,0,0,0,0
"MtrElec",4,13,5,"",5.87811,0,0,0,0,0,0.0330909,0,0,0.756867,0,0,0,0.383259,3.31986,0.181327,1.19869,0,0,0,0.00501279,0,0,0,0
"MtrElec",4,13,6,"",6.33259,0,0,0,0,0,0.0330909,0,0,0.756867,0,0,0,0.565763,3.57489,0.14585,1.23859,0,0,0,0.0175448,0,0,0,0
"MtrElec",4,13,7,"",6.87306,0,0,0,0,0,0.0330909,0,0,0.756867,0,0,0,0.766518,4.05676,0.137966,1.38828,0,0,0,0.0238107,0,0,0,-0.290229
"MtrElec",4,13,8,"",3.67601,0,0,0,0,0,0.0330909,0,0,0.756867,0,0,0,0.748268,4.37861,0.134024,1.52067,0,0,0,0.0313299,0,0,0,-3.92685
"MtrElec",4,13,9,"",1.01091,0,0,0,0.0264844,0,0.0330909,0,0,0.756867,0,0,0,0.620515,4.12304,0.130082,1.47537,0,0,0.287278,0.0325831,0,0,0,-6.4744
"MtrElec",4,13,10,"",-6.38903,0,0,0,0.0264844,0,0.0330909,0,0,0.756867,0,0,0,0.529262,3.9212,0.110373,1.36621,0,0.121338,0.594891,0.0275703,0,0,0,-13.8763
"MtrElec",4,13,11,"",-23.226,0,0,0,0.0264844,0,0.0330909,0,0,0.756867,0,0,0,0.492762,3.9622,0.0867214,1.33197,0,0.251264,0,0.0263171,0,0,0,-30.1937
"MtrElec",4,13,12,"",-28.4237,0,0,0,0.0264844,0,0.0330909,0,0,0.756867,0,0,0,0.456261,3.9622,0.0591282,1.35179,0,0,0,0.0363427,0,0,0,-35.1059
"MtrElec",4,13,13,"",-30.7902,0,0,0,0.0264844,0,0.0330909,0,0,0.756867,0,0,0,0.383259,3.98472,0.0473026,1.39611,0,0,0,0.0438619,0,0,0,-37.4619
"MtrElec",4,13,14,"",-30.7211,0,0,0,0.0264844,0,0.0330909,0,0,0.756867,0,0,0,0.383259,4.06826,0.0433607,1.3682,0,0,0,0.0401023,0,0,0,-37.4407
"MtrElec",4,13,15,"",-27.4395,0,0,0,0.0264844,0,0.0330909,0,0,0.756867,0,0,0,0.383259,4.20115,0.0433607,1.3889,0,0,0.336868,0.0426087,0,0,0,-34.6521
"MtrElec",4,13,16,"",-19.8489,0,0,0,0.0264844,0,0.0330909,0,0,0.756867,0,0,0,0.474511,4.31224,0.0473026,1.40365,1.26327,0.142283,0.545039,0.0651662,0,0,0,-28.9188
"MtrElec",4,13,17,"",-11.318,0,0,0,0.0264844,0,0.0330909,0,0,0.756867,0,0,0,0.565763,4.83,0.0748958,1.45091,1.21212,0.230208,0,0.144118,0,0,0,-20.6424
"MtrElec",4,13,18,"",-1.62796,0,0,0,0.0264844,0,0.0330909,0,0,0.756867,0,0,0,0.803019,5.51484,0.14585,1.5967,0,0,0,0.241867,0,0,0,-10.7467
"MtrElec",4,13,19,"",7.65106,0,0,0,0,0,0.0330909,0,0,0.756867,0,0,0,1.53304,5.99096,0.193152,1.72937,0,0,0,0.225575,0,0,0,-2.81099
"MtrElec",4,13,20,"",11.3414,0,0,0,0,0,0.0330909,0,0,0.756867,0,0,0,2.1353,6.30905,0.256222,1.72802,0,0,0,0.122813,0,0,0,0
"MtrElec",4,13,21,"",11.4931,0,0,0,0,0,0.0330909,0,0,0.756867,0,0,0,2.0623,6.58084,0.358711,1.6487,0,0,0,0.0526343,0,0,0,0
"MtrElec",4,13,22,"",11.1047,0,0,0,0,0,0.0330909,0,0,0.756867,0,0,0,1.75204,6.55131,0.413898,1.57245,0,0,0,0.0250639,0,0,0,0
"MtrElec",4,13,23,"",9.61227,0,0,0,0,0,0.0330909,0,0,0.756867,0,0,0,1.14978,5.82809,0.358711,1.4707,0,0,0,0.0150384,0,0,0,0
"MtrElec",4,13,24,"",8.11315,0,0,0,0,0,0.0330909,0,0,0.756867,0,0,0,0.711767,4.99455,0.248339,1.356,0,0,0,0.012532,0,0,0,0
"MtrElec",4,14,1,"",6.73579,0,0,0,0,0,0.0330909,0,0,0.756867,0,0,0,0.41976,4.01322,0.181327,1.32526,0,0,0,0.00626598,0,0,0,0
"MtrElec",4,14,2,"",6.25565,0,0,0,0,0,0.0330909,0,0,0.756867,0,0,0,0.346758,3.64371,0.181327,1.28889,0,0,0,0.00501279,0,0,0,0
"MtrElec",4,14,3,"",5.99247,0,0,0,0,0,0.0330909,0,0,0.756867,0,0,0,0.273756,3.50041,0.181327,1.24201,0,0,0,0.00501279,0,0,0,0
"MtrElec",4,14,4,"",5.98298,0,0,0,0,0,0.0330909,0,0,0.756867,0,0,0,0.310257,3.47725,0.181327,1.21918,0,0,0,0.00501279,0,0,0,0
"MtrElec",4,14,5,"",5.85908,0,0,0,0,0,0.0330909,0,0,0.756867,0,0,0,0.383259,3.31986,0.181327,1.17966,0,0,0,0.00501279,0,0,0,0
"MtrElec",4,14,6,"",6.30786,0,0,0,0,0,0.0330909,0,0,0.756867,0,0,0,0.565763,3.57489,0.14585,1.21385,0,0,0,0.0175448,0,0,0,0
"MtrElec",4,14,7,"",6.8517,0,0,0,0,0,0.0330909,0,0,0.756867,0,0,0,0.766518,4.05676,0.137966,1.36604,0,0,0,0.0238107,0,0,0,-0.289353
"MtrElec",4,14,8,"",2.64498,0,0,0,0,0,0.0330909,0,0,0.756867,0,0,0,0.748268,4.37861,0.134024,1.50262,0,0,0,0.0313299,0,0,0,-4.93983
"MtrElec",4,14,9,"",-4.6393,0,0,0,0.0264844,0,0.0330909,0,0,0.756867,0,0,0,0.620515,4.12304,0.130082,1.4573,1.26088,0,0.881806,0.0325831,0,0,0,-13.9619
"MtrElec",4,14,10,"",-14.1738,0,0,0,0.0264844,0,0.0330909,0,0,0.756867,0,0,0,0.529262,3.9212,0.110373,1.35116,1.21459,0.372449,0,0.0275703,0,0,0,-22.5168
"MtrElec",4,14,11,"",-22.042,0,0,0,0.0264844,0,0.0330909,0,0,0.756867,0,0,0,0.492762,3.9622,0.0867214,1.3255,0,0,0,0.0263171,0,0,0,-28.7519
"MtrElec",4,14,12,"",-26.6778,0,0,0,0.0264844,0,0.0330909,0,0,0.756867,0,0,0,0.456261,3.9622,0.0591282,1.34947,0,0,0,0.0363427,0,0,0,-33.3577
"MtrElec",4,14,13,"",-28.1379,0,0,0,0.0264844,0,0.0330909,0,0,0.756867,0,0,0,0.383259,3.98472,0.0473026,1.39725,0,0,1.73752,0.0438619,0,0,0,-36.5482
"MtrElec",4,14,14,"",-28.19,0,0,0,0.0264844,0,0.0330909,0,0,0.756867,0,0,0,0.383259,4.06826,0.0433607,1.3739,0,0.733875,0.908623,0.0401023,0,0,0,-36.5579
"MtrElec",4,14,15,"",-26.2547,0,0,0,0.0264844,0,0.0330909,0,0,0.756867,0,0,0,0.383259,4.20115,0.0433607,1.39762,0,0.383775,0,0.0426087,0,0,0,-33.5229
"MtrElec",4,14,16,"",-19.8815,0,0,0,0.0264844,0,0.0330909,0,0,0.756867,0,0,0,0.474511,4.31224,0.0473026,1.41573,1.26327,0,0,0.0651662,0,0,0,-28.2762
"MtrElec",4,14,17,"",-11.4047,0,0,0,0.0264844,0,0.0330909,0,0,0.756867,0,0,0,0.565763,4.83,0.0748958,1.46756,1.21212,0,0,0.144118,0,0,0,-20.5156
"MtrElec",4,14,18,"",-1.46723,0,0,0,0.0264844,0,0.0330909,0,0,0.756867,0,0,0,0.803019,5.51484,0.14585,1.61555,0,0,0.463257,0.241867,0,0,0,-11.0681
"MtrElec",4,14,19,"",9.95549,0,0,0,0.0264844,0,0.0330909,0,0,0.756867,0,0,0,1.53304,5.99096,0.193152,1.74957,1.27235,0.195666,0.418981,0.225575,0,0,0,-2.44024
"MtrElec",4,14,20,"",12.7413,0,0,0,0,0,0.0330909,0,0,0.756867,0,0,0,2.1353,6.30905,0.256222,1.74817,1.2028,0.176965,0,0.122813,0,0,0,0
"MtrElec",4,14,21,"",13.2846,0,0,0,0,0,0.0330909,0,0,0.756867,0,0,0,2.0623,6.58084,0.358711,1.67579,0,0,1.76438,0.0526343,0,0,0,0
"MtrElec",4,14,22,"",11.8826,0,0,0,0,0,0.0330909,0,0,0.756867,0,0,0,1.75204,6.55131,0.413898,1.60515,0,0.74522,0,0.0250639,0,0,0,0
"MtrElec",4,14,23,"",9.64914,0,0,0,0,0,0.0330909,0,0,0.756867,0,0,0,1.14978,5.82809,0.358711,1.50757,0,0,0,0.0150384,0,0,0,0
"MtrElec",4,14,24,"",8.15981,0,0,0,0,0,0.0330909,0,0,0.756867,0,0,0,0.711767,4.99455,0.248339,1.40266,0,0,0,0.012532,0,0,0,0
"MtrElec",4,15,1,"",6.77629,0,0,0,0,0,0.0330909,0,0,0.756867,0,0,0,0.41976,4.01322,0.181327,1.36577,0,0,0,0.00626598,0,0,0,0
"MtrElec",4,15,2,"",6.29143,0,0,0,0,0,0.0330909,0,0,0.756867,0,0,0,0.346758,3.64371,0.181327,1.32467,0,0,0,0.00501279,0,0,0,0
"MtrElec",4,15,3,"",6.02989,0,0,0,0,0,0.0330909,0,0,0.756867,0,0,0,0.273756,3.50041,0.181327,1.27943,0,0,0,0.00501279,0,0,0,0
"MtrElec",4,15,4,"",6.02075,0,0,0,0,0,0.0330909,0,0,0.756867,0,0,0,0.310257,3.47725,0.181327,1.25694,0,0,0,0.00501279,0,0,0,0
"MtrElec",4,15,5,"",5.90234,0,0,0,0,0,0.0330909,0,0,0.756867,0,0,0,0.383259,3.31986,0.181327,1.22292,0,0,0,0.00501279,0,0,0,0
"MtrElec",4,15,6,"",6.36125,0,0,0,0,0,0.0330909,0,0,0.756867,0,0,0,0.565763,3.57489,0.14585,1.26724,0,0,0,0.0175448,0,0,0,0
"MtrElec",4,15,7,"",6.91035,0,0,0,0,0,0.0330909,0,0,0.756867,0,0,0,0.766518,4.05676,0.137966,1.41106,0,0,0,0.0238107,0,0,0,-0.275726
"MtrElec",4,15,8,"",3.64854,0,0,0,0,0,0.0330909,0,0,0.756867,0,0,0,0.748268,4.37861,0.134024,1.53797,0,0,0.881945,0.0313299,0,0,0,-4.85357
"MtrElec",4,15,9,"",-4.02636,0,0,0,0.0264844,0,0.0330909,0,0,0.756867,0,0,0,0.620515,4.12304,0.130082,1.49851,1.26088,0.372507,0.881806,0.0325831,0,0,0,-13.7627
"MtrElec",4,15,10,"",-11.0463,0,0,0,0.0264844,0,0.0330909,0,0,0.756867,0,0,0,0.529262,3.9212,0.110373,1.40717,1.21459,0.372449,2.31218,0.0275703,0,0,0,-21.7575
"MtrElec",4,15,11,"",-18.6594,0,0,0,0.0264844,0,0.0330909,0,0,0.756867,0,0,0,0.492762,3.9622,0.0867214,1.38448,0,0.976597,2.09807,0.0263171,0,0,0,-28.503
"MtrElec",4,15,12,"",-25.7829,0,0,0,0.0264844,0,0.0330909,0,0,0.756867,0,0,0,0.456261,3.9622,0.0591282,1.41136,0,0.886162,0,0.0363427,0,0,0,-33.4108
"MtrElec",4,15,13,"",-28.4151,0,0,0,0.0264844,0,0.0330909,0,0,0.756867,0,0,0,0.383259,3.98472,0.0473026,1.45165,0,0,0.412509,0.0438619,0,0,0,-35.5549
"MtrElec",4,15,14,"",-28.4414,0,0,0,0.0264844,0,0.0330909,0,0,0.756867,0,0,0,0.383259,4.06826,0.0433607,1.43183,0,0.174231,0.469537,0.0401023,0,0,0,-35.8684
"MtrElec",4,15,15,"",-26.3986,0,0,0,0.0264844,0,0.0330909,0,0,0.756867,0,0,0,0.383259,4.20115,0.0433607,1.44439,0,0.198319,0,0.0426087,0,0,0,-33.5281
"MtrElec",4,15,16,"",-20.9426,0,0,0,0.0264844,0,0.0330909,0,0,0.756867,0,0,0,0.474511,4.31224,0.0473026,1.4668,0,0,0,0.0651662,0,0,0,-28.1251
"MtrElec",4,15,17,"",-12.4633,0,0,0,0.0264844,0,0.0330909,0,0,0.756867,0,0,0,0.565763,4.83,0.0748958,1.53527,0,0,0,0.144118,0,0,0,-20.4298
"MtrElec",4,15,18,"",-1.36639,0,0,0,0.0264844,0,0.0330909,0,0,0.756867,0,0,0,0.803019,5.51484,0.14585,1.68665,0,0,0.463257,0.241867,0,0,0,-11.0383
"MtrElec",4,15,19,"",8.86701,0,0,0,0.0264844,0,0.0330909,0,0,0.756867,0,0,0,1.53304,5.99096,0.193152,1.81365,0,0.195666,0.418981,0.225575,0,0,0,-2.32046
"MtrElec",4,15,20,"",11.5867,0,0,0,0,0,0.0330909,0,0,0.756867,0,0,0,2.1353,6.30905,0.256222,1.79934,0,0.176965,0,0.122813,0,0,0,-0.0029584
"MtrElec",4,15,21,"",11.5803,0,0,0,0,0,0.0330909,0,0,0.756867,0,0,0,2.0623,6.58084,0.358711,1.73581,0,0,0,0.0526343,0,0,0,0
"MtrElec",4,15,22,"",11.3668,0,0,0,0,0,0.0330909,0,0,0.756867,0,0,0,1.75204,6.55131,0.413898,1.67273,0,0,0.161806,0.0250639,0,0,0,0
"MtrElec",4,15,23,"",10.212,0,0,0,0,0,0.0330909,0,0,0.756867,0,0,0,1.14978,5.82809,0.358711,1.57651,0,0.0683418,0.425533,0.0150384,0,0,0,0
"MtrElec",4,15,24,"",8.72137,0,0,0,0,0,0.0330909,0,0,0.756867,0,0,0,0.711767,4.99455,0.248339,1.4896,0,0.179732,0.294889,0.012532,0,0,0,0
"MtrElec",4,16,1,"",6.9778,0,0,0,0,0,0.0330909,0,0,0.756867,0,0,0,0.41976,4.01322,0.181327,1.44271,0,0.124552,0,0.00626598,0,0,0,0
"MtrElec",4,16,2,"",6.35857,0,0,0,0,0,0.0330909,0,0,0.756867,0,0,0,0.346758,3.64371,0.181327,1.39181,0,0,0,0.00501279,0,0,0,0
"MtrElec",4,16,3,"",6.0983,0,0,0,0,0,0.0330909,0,0,0.756867,0,0,0,0.273756,3.50041,0.181327,1.34784,0,0,0,0.00501279,0,0,0,0
"MtrElec",4,16,4,"",6.08784,0,0,0,0,0,0.0330909,0,0,0.756867,0,0,0,0.310257,3.47725,0.181327,1.32403,0,0,0,0.00501279,0,0,0,0
"MtrElec",4,16,5,"",5.97721,0,0,0,0,0,0.0330909,0,0,0.756867,0,0,0,0.383259,3.31986,0.181327,1.2978,0,0,0,0.00501279,0,0,0,0
"MtrElec",4,16,6,"",6.45086,0,0,0,0,0,0.0330909,0,0,0.756867,0,0,0,0.565763,3.57489,0.14585,1.35685,0,0,0,0.0175448,0,0,0,0
"MtrElec",4,16,7,"",7.85411,0,0,0,0,0,0.0330909,0,0,0.756867,0,0,0,0.766518,4.05676,0.137966,1.48452,0,0,0.882236,0.0238107,0,0,0,-0.287657
"MtrElec",4,16,8,"",3.2259,0,0,0,0.0264844,0,0.0330909,0,0,0.756867,0,0,0,0.748268,4.37861,0.134024,1.59482,0,0.37263,0,0.0313299,0,0,0,-4.85023
"MtrElec",4,16,9,"",-5.19088,0,0,0,0.0264844,0,0.0330909,0,0,0.756867,0,0,0,0.620515,4.12304,0.130082,1.56216,1.3606,0,0,0.0325831,0,0,0,-13.8363
"MtrElec",4,16,10,"",-12.0756,0,0,0,0.0264844,0,0.0330909,0,0,0.756867,0,0,0,0.529262,3.9212,0.110373,1.48479,2.30358,0,0.88224,0.0275703,0,0,0,-22.151
"MtrElec",4,16,11,"",-18.042,0,0,0,0.0264844,0,0.0330909,0,0,0.756867,0,0,0,0.492762,3.9622,0.0867214,1.45972,1.28607,0.372632,2.3499,0.0263171,0,0,0,-28.8948
"MtrElec",4,16,12,"",-25.3263,0,0,0,0.0264844,0,0.0330909,0,0,0.756867,0,0,0,0.456261,3.9622,0.0591282,1.48431,0,0.992528,0.29618,0.0363427,0,0,0,-33.4297
"MtrElec",4,16,13,"",-27.5885,0,0,0,0.0264844,0,0.0330909,0,0,0.756867,0,0,0,0.383259,3.98472,0.0473026,1.51432,0,0.125098,1.168,0.0438619,0,0,0,-35.6715
"MtrElec",4,16,14,"",-26.8729,0,0,0,0.0264844,0,0.0330909,0,0,0.756867,0,0,0,0.383259,4.06826,0.0433607,1.49965,0,0.493328,1.47826,0.0401023,0,0,0,-35.6956
"MtrElec",4,16,15,"",-24.9828,0,0,0,0.0264844,0,0.0330909,0,0,0.756867,0,0,0,0.383259,4.20115,0.0433607,1.49916,0,0.624373,0.776048,0.0426087,0,0,0,-33.3692
"MtrElec",4,16,16,"",-19.3667,0,0,0,0.0264844,0,0.0330909,0,0,0.756867,0,0,0,0.474511,4.31224,0.0473026,1.52701,0,0.327779,1.20668,0.0651662,0,0,0,-28.1438
"MtrElec",4,16,17,"",-11.4313,0,0,0,0.0264844,0,0.0330909,0,0,0.756867,0,0,0,0.565763,4.83,0.0748958,1.61631,0,0.509665,0.432205,0.144118,0,0,0,-20.4207
"MtrElec",4,16,18,"",3.33072,3.61353,0,0,0.0264844,0,0.0330909,0.99451,0,0.756867,0,0,0,0.803019,5.51484,0.14585,1.77419,0,0.18255,0.230815,0.241867,0,0,0,-10.9869
"MtrElec",4,16,19,"",15.231,3.37472,0,0,0.0264844,0,0.0330909,0.944376,0,0.756867,0,0,0,1.53304,5.99096,0.193152,1.88162,1.71125,0.0974895,0.881967,0.225575,0,0,0,-2.41964
"MtrElec",4,16,20,"",16.0502,2.69409,0,0,0,0,0.0330909,0.766608,0,0.756867,0,0,0,2.1353,6.30905,0.256222,1.84689,0.762762,0.372517,0,0.122813,0,0,0,-0.00602963
"MtrElec",4,16,21,"",13.7164,1.61571,0,0,0,0,0.0330909,0.469731,0,0.756867,0,0,0,2.0623,6.58084,0.358711,1.78653,0,0,0,0.0526343,0,0,0,0
"MtrElec",4,16,22,"",12.5483,0.991886,0,0,0,0,0.0330909,0.296906,0,0.756867,0,0,0,1.75204,6.55131,0.413898,1.7272,0,0,0,0.0250639,0,0,0,0
"MtrElec",4,16,23,"",10.1921,0.320906,0,0,0,0,0.0330909,0.0980798,0,0.756867,0,0,0,1.14978,5.82809,0.358711,1.63159,0,0,0,0.0150384,0,0,0,0
"MtrElec",4,16,24,"",8.31394,0,0,0,0,0,0.0330909,0,0,0.756867,0,0,0,0.711767,4.99455,0.248339,1.55679,0,0,0,0.012532,0,0,0,0
"MtrElec",4,17,1,"",6.91045,0,0,0,0,0,0.0330909,0,0,0.756867,0,0,0,0.41976,4.01322,0.181327,1.49992,0,0,0,0.00626598,0,0,0,0
"MtrElec",4,17,2,"",6.40701,0,0,0,0,0,0.0330909,0,0,0.756867,0,0,0,0.346758,3.64371,0.181327,1.44024,0,0,0,0.00501279,0,0,0,0
"MtrElec",4,17,3,"",6.14667,0,0,0,0,0,0.0330909,0,0,0.756867,0,0,0,0.273756,3.50041,0.181327,1.39621,0,0,0,0.00501279,0,0,0,0
"MtrElec",4,17,4,"",6.13418,0,0,0,0,0,0.0330909,0,0,0.756867,0,0,0,0.310257,3.47725,0.181327,1.37037,0,0,0,0.00501279,0,0,0,0
"MtrElec",4,17,5,"",6.02718,0,0,0,0,0,0.0330909,0,0,0.756867,0,0,0,0.383259,3.31986,0.181327,1.34777,0,0,0,0.00501279,0,0,0,0
"MtrElec",4,17,6,"",6.50844,0,0,0,0,0,0.0330909,0,0,0.756867,0,0,0,0.565763,3.57489,0.14585,1.41444,0,0,0,0.0175448,0,0,0,0
"MtrElec",4,17,7,"",6.88259,0,0,0,0,0,0.0330909,0,0,0.756867,0,0,0,0.766518,4.05676,0.137966,1.52986,0,0,0,0.0238107,0,0,0,-0.422282
"MtrElec",4,17,8,"",3.57143,0,0,0,0,0,0.0330909,0,0,0.756867,0,0,0,0.748268,4.37861,0.134024,1.61674,0,0,0.881945,0.0313299,0,0,0,-5.00945
"MtrElec",4,17,9,"",-6.59849,0,0,0,0.0264844,0,0.0330909,0,0,0.756867,0,0,0,0.620515,4.12304,0.130082,1.57291,0,0.372507,0.287278,0.0325831,0,0,0,-14.5539
"MtrElec",4,17,10,"",-15.3984,0,0,0,0.0264844,0,0.0330909,0,0,0.756867,0,0,0,0.529262,3.9212,0.110373,1.48458,0.484958,0.121338,0.594891,0.0275703,0,0,0,-23.489
"MtrElec",4,17,11,"",-20.5463,0,0,0,0.0264844,0,0.0330909,0,0,0.756867,0,0,0,0.492762,3.9622,0.0867214,1.44651,1.69357,0.251264,0.881985,0.0263171,0,0,0,-30.2041
"MtrElec",4,17,12,"",-26.7651,0,0,0,0.0264844,0,0.0330909,0,0,0.756867,0,0,0,0.456261,3.9622,0.0591282,1.46071,0.296245,0.372524,0.458896,0.0363427,0,0,0,-34.6838
"MtrElec",4,17,13,"",-28.2002,0,0,0,0.0264844,0,0.0330909,0,0,0.756867,0,0,0,0.383259,3.98472,0.0473026,1.48664,0,0.193824,1.30516,0.0438619,0,0,0,-36.4614
"MtrElec",4,17,14,"",-28.3661,0,0,0,0.0264844,0,0.0330909,0,0,0.756867,0,0,0,0.383259,4.06826,0.0433607,1.46696,0,0.551262,0,0.0401023,0,0,0,-35.7358
"MtrElec",4,17,15,"",-25.8068,0,0,0,0.0264844,0,0.0330909,0,0,0.756867,0,0,0,0.383259,4.20115,0.0433607,1.47243,0,0,0,0.0426087,0,0,0,-32.7661
"MtrElec",4,17,16,"",-19.4472,0,0,0,0.0264844,0,0.0330909,0,0,0.756867,0,0,0,0.474511,4.31224,0.0473026,1.4965,0,0,0.882163,0.0651662,0,0,0,-27.5415
"MtrElec",4,17,17,"",-10.397,0,0,0,0.0264844,0,0.0330909,0,0,0.756867,0,0,0,0.565763,4.83,0.0748958,1.5753,0,0.372599,0.881924,0.144118,0,0,0,-19.6581
"MtrElec",4,17,18,"",1.49246,0,0,0,0.0264844,0,0.0330909,0,0,0.756867,0,0,0,0.803019,5.51484,0.14585,1.72836,0,0.372498,1.32227,0.241867,0,0,0,-9.45269
"MtrElec",4,17,19,"",10.0961,0,0,0,0.0264844,0,0.0330909,0,0,0.756867,0,0,0,1.53304,5.99096,0.193152,1.84477,0,0.558489,1.32297,0.225575,0,0,0,-2.38933
"MtrElec",4,17,20,"",11.9885,0,0,0,0,0,0.0330909,0,0,0.756867,0,0,0,2.1353,6.30905,0.256222,1.81634,0,0.558784,0,0.122813,0,0,0,0
"MtrElec",4,17,21,"",11.5915,0,0,0,0,0,0.0330909,0,0,0.756867,0,0,0,2.0623,6.58084,0.358711,1.74704,0,0,0,0.0526343,0,0,0,0
"MtrElec",4,17,22,"",11.2102,0,0,0,0,0,0.0330909,0,0,0.756867,0,0,0,1.75204,6.55131,0.413898,1.67788,0,0,0,0.0250639,0,0,0,0
"MtrElec",4,17,23,"",9.71721,0,0,0,0,0,0.0330909,0,0,0.756867,0,0,0,1.14978,5.82809,0.358711,1.57564,0,0,0,0.0150384,0,0,0,0
"MtrElec",4,17,24,"",8.23757,0,0,0,0,0,0.0330909,0,0,0.756867,0,0,0,0.711767,4.99455,0.248339,1.48042,0,0,0,0.012532,0,0,0,0
"MtrElec",4,18,1,"",6.88994,0,0,0,0,0,0.0330909,0,0,0.756867,0,0,0,0.41976,4.02532,0.181327,1.46731,0,0,0,0.00626598,0,0,0,0
"MtrElec",4,18,2,"",6.41483,0,0,0,0,0,0.0330909,0,0,0.756867,0,0,0,0.346758,3.69241,0.181327,1.39936,0,0,0,0.00501279,0,0,0,0
"MtrElec",4,18,3,"",6.11039,0,0,0,0,0,0.0330909,0,0,0.756867,0,0,0,0.273756,3.49071,0.177385,1.37482,0,0,0,0.00375959,0,0,0,0
"MtrElec",4,18,4,"",6.10379,0,0,0,0,0,0.0330909,0,0,0.756867,0,0,0,0.310257,3.47966,0.177385,1.34277,0,0,0,0.00375959,0,0,0,0
"MtrElec",4,18,5,"",5.98114,0,0,0,0,0,0.0330909,0,0,0.756867,0,0,0,0.383259,3.31017,0.181327,1.31267,0,0,0,0.00375959,0,0,0,0
"MtrElec",4,18,6,"",6.41354,0,0,0,0,0,0.0330909,0,0,0.756867,0,0,0,0.565763,3.56519,0.177385,1.30897,0,0,0,0.00626598,0,0,0,0
"MtrElec",4,18,7,"",6.36802,0,0,0,0,0,0.0330909,0,0,0.756867,0,0,0,0.766518,3.97385,0.173443,1.35519,0,0,0,0.012532,0,0,0,-0.703478
"MtrElec",4,18,8,"",4.09689,0,0,0,0,0,0.0330909,0,0,0.756867,0,0,0,0.748268,4.28361,0.161617,1.44755,0,0,0.881859,0.0338363,0,0,0,-4.24981
"MtrElec",4,18,9,"",4.98392,0,0,0,0,0,0.0330909,0,0,0.756867,0,0,0,0.620515,4.09853,0.141908,1.58642,0,0.372471,0,0.0601534,0,0,0,-2.68603
"MtrElec",4,18,10,"",3.61029,0,0,0,0.0264844,0,0.0330909,0,0,0.756867,0,0,0,0.529262,4.0014,0.118256,1.56833,0,0,1.27587,0.0601534,0,0,0,-4.75941
"MtrElec",4,18,11,"",3.1258,0,0,0,0.0264844,0,0.0330909,0,0,0.756867,0,0,0,0.492762,4.06555,0.0946052,1.53354,0.853184,0.538889,1.3705,0.057647,0,0,0,-6.69732
"MtrElec",4,18,12,"",3.89086,0,0,0,0.0264844,0,0.0330909,0,0,0.756867,0,0,0,0.456261,3.99745,0.0630701,1.56215,1.62204,0.57886,0,0.0689258,0,0,0,-5.27435
"MtrElec",4,18,13,"",2.008,0,0,0,0.0264844,0,0.0330909,0,0,0.756867,0,0,0,0.383259,3.97367,0.0473026,1.58945,0,0,0,0.0789514,0,0,0,-4.88107
"MtrElec",4,18,14,"",0.540708,0,0,0,0.0264844,0,0.0330909,0,0,0.756867,0,0,0,0.383259,4.09382,0.0433607,1.60066,0,0,0.523078,0.0739386,0,0,0,-6.99385
"MtrElec",4,18,15,"",-2.15732,0,0,0,0.0264844,0,0.0330909,0,0,0.756867,0,0,0,0.383259,4.28406,0.0433607,1.57348,0,0.220933,1.24108,0.0776982,0,0,0,-10.7976
"MtrElec",4,18,16,"",-9.93918,0,0,0,0.0264844,0,0.0330909,0,0,0.756867,0,0,0,0.474511,4.49985,0.0473026,1.59631,0,0.524197,0,0.0852174,0,0,0,-17.983
"MtrElec",4,18,17,"",-6.2151,0,0,0,0.0264844,0,0.0330909,0,0,0.756867,0,0,0,0.565763,5.00551,0.0748958,1.57916,0,0,0,0.114041,0,0,0,-14.3709
"MtrElec",4,18,18,"",0.555859,0,0,0,0.0264844,0,0.0330909,0,0,0.756867,0,0,0,0.803019,5.58429,0.149792,1.6654,2.47509,0,0,0.174194,0,0,0,-11.1124
"MtrElec",4,18,19,"",8.75747,0,0,0,0.0264844,0,0.0330909,0,0,0.756867,0,0,0,1.53304,5.97751,0.18921,1.77493,0,0,0.882107,0.161662,0,0,0,-2.57743
"MtrElec",4,18,20,"",11.6668,0,0,0,0,0,0.0330909,0,0,0.756867,0,0,0,2.1353,6.21405,0.236513,1.74667,0,0.372576,0.102667,0.0902302,0,0,0,-0.0211998
"MtrElec",4,18,21,"",12.1878,0,0,0,0,0,0.0330909,0,0,0.756867,0,0,0,2.0623,6.43954,0.327176,1.70591,0,0.0433635,0.779442,0.0401023,0,0,0,0
"MtrElec",4,18,22,"",11.3066,0,0,0,0,0,0.0330909,0,0,0.756867,0,0,0,1.75204,6.3979,0.386304,1.63361,0,0.329213,0,0.0175448,0,0,0,0
"MtrElec",4,18,23,"",9.54515,0,0,0,0,0,0.0330909,0,0,0.756867,0,0,0,1.14978,5.74653,0.33506,1.51254,0,0,0,0.0112788,0,0,0,0
"MtrElec",4,18,24,"",8.14552,0,0,0,0,0,0.0330909,0,0,0.756867,0,0,0,0.711767,4.8988,0.232571,1.50615,0,0,0,0.00626598,0,0,0,0
"MtrElec",4,19,1,"",6.82729,0,0,0,0,0,0.0330909,0,0,0.756867,0,0,0,0.41976,4.02532,0.181327,1.40466,0,0,0,0.00626598,0,0,0,0
"MtrElec",4,19,2,"",6.35818,0,0,0,0,0,0.0330909,0,0,0.756867,0,0,0,0.346758,3.69241,0.181327,1.34271,0,0,0,0.00501279,0,0,0,0
"MtrElec",4,19,3,"",6.05468,0,0,0,0,0,0.0330909,0,0,0.756867,0,0,0,0.273756,3.49071,0.177385,1.31912,0,0,0,0.00375959,0,0,0,0
"MtrElec",4,19,4,"",6.04904,0,0,0,0,0,0.0330909,0,0,0.756867,0,0,0,0.310257,3.47966,0.177385,1.28802,0,0,0,0.00375959,0,0,0,0
"MtrElec",4,19,5,"",5.91953,0,0,0,0,0,0.0330909,0,0,0.756867,0,0,0,0.383259,3.31017,0.181327,1.25106,0,0,0,0.00375959,0,0,0,0
"MtrElec",4,19,6,"",6.35051,0,0,0,0,0,0.0330909,0,0,0.756867,0,0,0,0.565763,3.56519,0.177385,1.24595,0,0,0,0.00626598,0,0,0,0
"MtrElec",4,19,7,"",7.08844,0,0,0,0,0,0.0330909,0,0,0.756867,0,0,0,0.766518,3.97385,0.173443,1.28228,0,0,0.881876,0.012532,0,0,0,-0.792014
"MtrElec",4,19,8,"",2.22548,0,0,0,0.0264844,0,0.0330909,0,0,0.756867,0,0,0,0.748268,4.28361,0.161617,1.38242,0,0.372478,0,0.0338363,0,0,0,-5.57319
"MtrElec",4,19,9,"",0.723335,0,0,0,0.0264844,0,0.0330909,0,0,0.756867,0,0,0,0.620515,4.09853,0.141908,1.54764,0,0,0.66868,0.0601534,0,0,0,-7.23053
"MtrElec",4,19,10,"",-2.68196,0,0,0,0.0264844,0,0.0330909,0,0,0.756867,0,0,0,0.529262,4.0014,0.118256,1.52144,0,0.282431,1.21785,0.0601534,0,0,0,-11.2292
"MtrElec",4,19,11,"",-6.42223,0,0,0,0.0264844,0,0.0330909,0,0,0.756867,0,0,0,0.492762,4.06555,0.0946052,1.49403,0,0.514384,3.40602,0.057647,0,0,0,-17.3637
"MtrElec",4,19,12,"",-3.02573,0,0,0,0.0264844,0,0.0330909,0,0,0.756867,0,0,0,0.456261,3.99745,0.0630701,1.52453,0,1.4386,0,0.0689258,0,0,0,-11.391
"MtrElec",4,19,13,"",-14.0008,0,0,0,0.0264844,0,0.0330909,0,0,0.756867,0,0,0,0.383259,3.97367,0.0473026,1.55448,0,0,0.71108,0.0789514,0,0,0,-21.5659
"MtrElec",4,19,14,"",-20.4291,0,0,0,0.0264844,0,0.0330909,0,0,0.756867,0,0,0,0.383259,4.09382,0.0433607,1.57239,0,0.300339,1.05305,0.0739386,0,0,0,-28.7657
"MtrElec",4,19,15,"",-25.014,0,0,0,0.0264844,0,0.0330909,0,0,0.756867,0,0,0,0.383259,4.28406,0.0433607,1.55434,0,0.444778,0,0.0776982,0,0,0,-32.6179
"MtrElec",4,19,16,"",-19.6637,0,0,0,0.0264844,0,0.0330909,0,0,0.756867,0,0,0,0.474511,4.49985,0.0473026,1.58802,0,0,0,0.0852174,0,0,0,-27.175
"MtrElec",4,19,17,"",-11.7158,0,0,0,0.0264844,0,0.0330909,0,0,0.756867,0,0,0,0.565763,5.00551,0.0748958,1.57357,0,0,0,0.114041,0,0,0,-19.866
"MtrElec",4,19,18,"",1.71388,0,0,0,0.0264844,0,0.0330909,0,0,0.756867,0,0,0,0.803019,5.58429,0.149792,1.66705,2.47509,0,0.882206,0.174194,0,0,0,-10.8382
"MtrElec",4,19,19,"",9.51212,0,0,0,0.0264844,0,0.0330909,0,0,0.756867,0,0,0,1.53304,5.97751,0.18921,1.7784,0,0.372617,1.29102,0.161662,0,0,0,-2.60777
"MtrElec",4,19,20,"",12.3141,0,0,0,0,0,0.0330909,0,0,0.756867,0,0,0,2.1353,6.21405,0.236513,1.74905,0,0.545287,0.575805,0.0902302,0,0,0,-0.0220733
"MtrElec",4,19,21,"",12.3857,0,0,0,0,0,0.0330909,0,0,0.756867,0,0,0,2.0623,6.43954,0.327176,1.70398,0,0.243203,0.779442,0.0401023,0,0,0,0
"MtrElec",4,19,22,"",11.3011,0,0,0,0,0,0.0330909,0,0,0.756867,0,0,0,1.75204,6.3979,0.386304,1.62813,0,0.329213,0,0.0175448,0,0,0,0
"MtrElec",4,19,23,"",9.53611,0,0,0,0,0,0.0330909,0,0,0.756867,0,0,0,1.14978,5.74653,0.33506,1.5035,0,0,0,0.0112788,0,0,0,0
"MtrElec",4,19,24,"",8.13836,0,0,0,0,0,0.0330909,0,0,0.756867,0,0,0,0.711767,4.8988,0.232571,1.499,0,0,0,0.00626598,0,0,0,0
"MtrElec",4,20,1,"",6.76619,0,0,0,0,0,0.0330909,0,0,0.756867,0,0,0,0.41976,4.01322,0.181327,1.35566,0,0,0,0.00626598,0,0,0,0
"MtrElec",4,20,2,"",6.28881,0,0,0,0,0,0.0330909,0,0,0.756867,0,0,0,0.346758,3.64371,0.181327,1.32205,0,0,0,0.00501279,0,0,0,0
"MtrElec",4,20,3,"",6.02992,0,0,0,0,0,0.0330909,0,0,0.756867,0,0,0,0.273756,3.50041,0.181327,1.27946,0,0,0,0.00501279,0,0,0,0
"MtrElec",4,20,4,"",6.02263,0,0,0,0,0,0.0330909,0,0,0.756867,0,0,0,0.310257,3.47725,0.181327,1.25882,0,0,0,0.00501279,0,0,0,0
"MtrElec",4,20,5,"",5.90638,0,0,0,0,0,0.0330909,0,0,0.756867,0,0,0,0.383259,3.31986,0.181327,1.22696,0,0,0,0.00501279,0,0,0,0
"MtrElec",4,20,6,"",6.36835,0,0,0,0,0,0.0330909,0,0,0.756867,0,0,0,0.565763,3.57489,0.14585,1.27434,0,0,0,0.0175448,0,0,0,0
"MtrElec",4,20,7,"",7.19397,0,0,0,0,0,0.0330909,0,0,0.756867,0,0,0,0.766518,4.05676,0.137966,1.41895,0,0,0,0.0238107,0,0,0,0
"MtrElec",4,20,8,"",6.91355,0,0,0,0,0,0.0330909,0,0,0.756867,0,0,0,0.748268,4.37861,0.134024,1.5392,0,0,0.881945,0.0313299,0,0,0,-1.58979
"MtrElec",4,20,9,"",3.73217,0,0,0,0,0,0.0330909,0,0,0.756867,0,0,0,0.620515,4.12304,0.130082,1.49058,0,0.372507,0,0.0325831,0,0,0,-3.82709
"MtrElec",4,20,10,"",-3.55468,0,0,0,0.0264844,0,0.0330909,0,0,0.756867,0,0,0,0.529262,3.9212,0.110373,1.38041,0.484958,0,0.476651,0.0275703,0,0,0,-11.3015
"MtrElec",4,20,11,"",4.53046,0,0,0,0.0264844,0,0.0330909,0,0,0.756867,0,0,0,0.492762,3.9622,0.0867214,1.34198,1.69357,0.201323,1.28735,0.0263171,0,0,0,-5.37821
"MtrElec",4,20,12,"",-10.0254,0,0,0,0.0264844,0,0.0330909,0,0,0.756867,0,0,0,0.456261,3.9622,0.0591282,1.35551,0.296245,0.543737,0,0.0363427,0,0,0,-17.5513
"MtrElec",4,20,13,"",-24.6665,0,0,0,0.0264844,0,0.0330909,0,0,0.756867,0,0,0,0.383259,3.98472,0.0473026,1.3928,0,0,0,0.0438619,0,0,0,-31.3349
"MtrElec",4,20,14,"",-29.7777,0,0,0,0.0264844,0,0.0330909,0,0,0.756867,0,0,0,0.383259,4.06826,0.0433607,1.36189,0,0,0,0.0401023,0,0,0,-36.491
"MtrElec",4,20,15,"",-26.8183,0,0,0,0.0264844,0,0.0330909,0,0,0.756867,0,0,0,0.383259,4.20115,0.0433607,1.38309,0,0,0,0.0426087,0,0,0,-33.6883
"MtrElec",4,20,16,"",-19.1176,0,0,0,0.0264844,0,0.0330909,0,0,0.756867,0,0,0,0.474511,4.31224,0.0473026,1.3968,1.26327,0,0.882163,0.0651662,0,0,0,-28.3755
"MtrElec",4,20,17,"",-10.2608,0,0,0,0.0264844,0,0.0330909,0,0,0.756867,0,0,0,0.565763,4.83,0.0748958,1.4417,1.21212,0.372599,0.881924,0.144118,0,0,0,-20.6003
"MtrElec",4,20,18,"",2.80666,0,0,0,0.0264844,0,0.0330909,0,0,0.756867,0,0,0,0.803019,5.51484,0.14585,1.58085,0,0.372498,0.882049,0.241867,0,0,0,-7.55076
"MtrElec",4,20,19,"",8.70419,0,0,0,0.0264844,0,0.0330909,0,0,0.756867,0,0,0,1.53304,5.99096,0.193152,1.7109,0,0.372551,0,0.225575,0,0,0,-2.13842
"MtrElec",4,20,20,"",11.2732,0,0,0,0,0,0.0330909,0,0,0.756867,0,0,0,2.1353,6.30905,0.256222,1.71054,0,0,0,0.122813,0,0,0,-0.0507104
"MtrElec",4,20,21,"",11.4693,0,0,0,0,0,0.0330909,0,0,0.756867,0,0,0,2.0623,6.58084,0.358711,1.6249,0,0,0,0.0526343,0,0,0,0
"MtrElec",4,20,22,"",11.9578,0,0,0,0,0,0.0330909,0,0,0.756867,0,0,0,1.75204,6.55131,0.413898,1.54337,0,0,0.882198,0.0250639,0,0,0,0
"MtrElec",4,20,23,"",9.95417,0,0,0,0,0,0.0330909,0,0,0.756867,0,0,0,1.14978,5.82809,0.358711,1.43998,0,0.372614,0,0.0150384,0,0,0,0
"MtrElec",4,20,24,"",8.07503,0,0,0,0,0,0.0330909,0,0,0.756867,0,0,0,0.711767,4.99455,0.248339,1.31788,0,0,0,0.012532,0,0,0,0
"MtrElec",4,21,1,"",6.71159,0,0,0,0,0,0.0330909,0,0,0.756867,0,0,0,0.41976,4.01322,0.181327,1.30106,0,0,0,0.00626598,0,0,0,0
"MtrElec",4,21,2,"",6.24186,0,0,0,0,0,0.0330909,0,0,0.756867,0,0,0,0.346758,3.64371,0.181327,1.27509,0,0,0,0.00501279,0,0,0,0
"MtrElec",4,21,3,"",5.98302,0,0,0,0,0,0.0330909,0,0,0.756867,0,0,0,0.273756,3.50041,0.181327,1.23256,0,0,0,0.00501279,0,0,0,0
"MtrElec",4,21,4,"",5.97763,0,0,0,0,0,0.0330909,0,0,0.756867,0,0,0,0.310257,3.47725,0.181327,1.21382,0,0,0,0.00501279,0,0,0,0
"MtrElec",4,21,5,"",5.85737,0,0,0,0,0,0.0330909,0,0,0.756867,0,0,0,0.383259,3.31986,0.181327,1.17795,0,0,0,0.00501279,0,0,0,0
"MtrElec",4,21,6,"",6.31105,0,0,0,0,0,0.0330909,0,0,0.756867,0,0,0,0.565763,3.57489,0.14585,1.21704,0,0,0,0.0175448,0,0,0,0
"MtrElec",4,21,7,"",7.16907,0,0,0,0,0,0.0330909,0,0,0.756867,0,0,0,0.766518,4.05676,0.137966,1.37309,0,0,0.882236,0.0238107,0,0,0,-0.86126
"MtrElec",4,21,8,"",3.46575,0,0,0,0,0,0.0330909,0,0,0.756867,0,0,0,0.748268,4.37861,0.134024,1.50755,0,0.37263,0,0.0313299,0,0,0,-4.49662
"MtrElec",4,21,9,"",3.17543,0,0,0,0,0,0.0330909,0,0,0.756867,0,0,0,0.620515,4.12304,0.130082,1.45917,0,0,0.287278,0.0325831,0,0,0,-4.2672
"MtrElec",4,21,10,"",-0.231062,0,0,0,0.0264844,0,0.0330909,0,0,0.756867,0,0,0,0.529262,3.9212,0.110373,1.34323,0,0.121338,1.47669,0.0275703,0,0,0,-8.57717
"MtrElec",4,21,11,"",-17.626,0,0,0,0.0264844,0,0.0330909,0,0,0.756867,0,0,0,0.492762,3.9622,0.0867214,1.30908,0,0.623711,0,0.0263171,0,0,0,-24.9433
"MtrElec",4,21,12,"",-18.7335,0,0,0,0.0264844,0,0.0330909,0,0,0.756867,0,0,0,0.456261,3.9622,0.0591282,1.33022,0,0,0.882056,0.0363427,0,0,0,-26.2761
"MtrElec",4,21,13,"",-30.5937,0,0,0,0.0264844,0,0.0330909,0,0,0.756867,0,0,0,0.383259,3.98472,0.0473026,1.37748,0,0.372554,0,0.0438619,0,0,0,-37.6193
"MtrElec",4,21,14,"",-30.0505,0,0,0,0.0264844,0,0.0330909,0,0,0.756867,0,0,0,0.383259,4.06826,0.0433607,1.34926,0,0,0,0.0401023,0,0,0,-36.7512
"MtrElec",4,21,15,"",-26.3696,0,0,0,0.0264844,0,0.0330909,0,0,0.756867,0,0,0,0.383259,4.20115,0.0433607,1.37621,0,0,0.43918,0.0426087,0,0,0,-33.6718
"MtrElec",4,21,16,"",-19.3823,0,0,0,0.0264844,0,0.0330909,0,0,0.756867,0,0,0,0.474511,4.31224,0.0473026,1.39216,1.26327,0.185496,0.442728,0.0651662,0,0,0,-28.3816
"MtrElec",4,21,17,"",-11.4808,0,0,0,0.0264844,0,0.0330909,0,0,0.756867,0,0,0,0.565763,4.83,0.0748958,1.43698,1.21212,0.186995,0,0.144118,0,0,0,-20.7481
"MtrElec",4,21,18,"",-2.17324,0,0,0,0.0264844,0,0.0330909,0,0,0.756867,0,0,0,0.803019,5.51484,0.14585,1.58119,0,0,0,0.241867,0,0,0,-11.2764
"MtrElec",4,21,19,"",8.91218,0,0,0,0.0264844,0,0.0330909,0,0,0.756867,0,0,0,1.53304,5.99096,0.193152,1.71474,0,0,0.881967,0.225575,0,0,0,-2.4437
"MtrElec",4,21,20,"",11.6329,0,0,0,0,0,0.0330909,0,0,0.756867,0,0,0,2.1353,6.30905,0.256222,1.71748,0,0.372517,0,0.122813,0,0,0,-0.0704557
"MtrElec",4,21,21,"",11.4812,0,0,0,0,0,0.0330909,0,0,0.756867,0,0,0,2.0623,6.58084,0.358711,1.63672,0,0,0,0.0526343,0,0,0,0
"MtrElec",4,21,22,"",11.0886,0,0,0,0,0,0.0330909,0,0,0.756867,0,0,0,1.75204,6.55131,0.413898,1.55631,0,0,0,0.0250639,0,0,0,0
"MtrElec",4,21,23,"",9.59575,0,0,0,0,0,0.0330909,0,0,0.756867,0,0,0,1.14978,5.82809,0.358711,1.45418,0,0,0,0.0150384,0,0,0,0
"MtrElec",4,21,24,"",8.09282,0,0,0,0,0,0.0330909,0,0,0.756867,0,0,0,0.711767,4.99455,0.248339,1.33567,0,0,0,0.012532,0,0,0,0
"MtrElec",4,22,1,"",6.72611,0,0,0,0,0,0.0330909,0,0,0.756867,0,0,0,0.41976,4.01322,0.181327,1.31558,0,0,0,0.00626598,0,0,0,0
"MtrElec",4,22,2,"",9.64934,0,0,0,0,0,0.0330909,0,0,0.756867,0,0,0,0.346758,3.64371,0.181327,1.28731,3.39527,0,0,0.00501279,0,0,0,0
"MtrElec",4,22,3,"",7.5527,0,0,0,0,0,0.0330909,0,0,0.756867,0,0,0,0.273756,3.50041,0.181327,1.24641,1.55582,0,0,0.00501279,0,0,0,0
"MtrElec",4,22,4,"",5.99187,0,0,0,0,0,0.0330909,0,0,0.756867,0,0,0,0.310257,3.47725,0.181327,1.22806,0,0,0,0.00501279,0,0,0,0
"MtrElec",4,22,5,"",5.87215,0,0,0,0,0,0.0330909,0,0,0.756867,0,0,0,0.383259,3.31986,0.181327,1.19274,0,0,0,0.00501279,0,0,0,0
"MtrElec",4,22,6,"",6.32768,0,0,0,0,0,0.0330909,0,0,0.756867,0,0,0,0.565763,3.57489,0.14585,1.23368,0,0,0,0.0175448,0,0,0,0
"MtrElec",4,22,7,"",7.47855,0,0,0,0,0,0.0330909,0,0,0.756867,0,0,0,0.766518,4.05676,0.137966,1.38616,0,0,0.882236,0.0238107,0,0,0,-0.564859
"MtrElec",4,22,8,"",4.29566,0,0,0,0,0,0.0330909,0,0,0.756867,0,0,0,0.748268,4.37861,0.134024,1.51744,0,0.37263,0,0.0313299,0,0,0,-3.6766
"MtrElec",4,22,9,"",-5.8307,0,0,0,0.0264844,0,0.0330909,0,0,0.756867,0,0,0,0.620515,4.12304,0.130082,1.47056,0,0,0,0.0325831,0,0,0,-13.0239
"MtrElec",4,22,10,"",-15.9712,0,0,0,0.0264844,0,0.0330909,0,0,0.756867,0,0,0,0.529262,3.9212,0.110373,1.36141,0,0,0,0.0275703,0,0,0,-22.7375
"MtrElec",4,22,11,"",-22.5833,0,0,0,0.0264844,0,0.0330909,0,0,0.756867,0,0,0,0.492762,3.9622,0.0867214,1.3306,0,0,0.443457,0.0263171,0,0,0,-29.7418
"MtrElec",4,22,12,"",-26.9766,0,0,0,0.0264844,0,0.0330909,0,0,0.756867,0,0,0,0.456261,3.9622,0.0591282,1.35322,0,0.187303,0.438232,0.0363427,0,0,0,-34.2857
"MtrElec",4,22,13,"",-29.0244,0,0,0,0.0264844,0,0.0330909,0,0,0.756867,0,0,0,0.383259,3.98472,0.0473026,1.39761,0,0.185096,0,0.0438619,0,0,0,-35.8827
"MtrElec",4,22,14,"",-28.4794,0,0,0,0.0264844,0,0.0330909,0,0,0.756867,0,0,0,0.383259,4.06826,0.0433607,1.37412,0,0,0.449466,0.0401023,0,0,0,-35.6544
"MtrElec",4,22,15,"",-24.8786,0,0,0,0.0264844,0,0.0330909,0,0,0.756867,0,0,0,0.383259,4.20115,0.0433607,1.39565,0,0.189841,1.30721,0.0426087,0,0,0,-33.2582
"MtrElec",4,22,16,"",-18.4207,0,0,0,0.0264844,0,0.0330909,0,0,0.756867,0,0,0,0.474511,4.31224,0.0473026,1.40938,1.26327,0.552127,0.889338,0.0651662,0,0,0,-28.2505
"MtrElec",4,22,17,"",-11.112,0,0,0,0.0264844,0,0.0330909,0,0,0.756867,0,0,0,0.565763,4.83,0.0748958,1.45446,1.21212,0.37563,0,0.144118,0,0,0,-20.5854
"MtrElec",4,22,18,"",-0.350199,0,0,0,0.0264844,0,0.0330909,0,0,0.756867,0,0,0,0.803019,5.51484,0.14585,1.58964,1.49164,0,0,0.241867,0,0,0,-10.9535
"MtrElec",4,22,19,"",10.9528,0,0,0,0,0,0.0330909,0,0,0.756867,0,0,0,1.53304,5.99096,0.193152,1.71628,0.98377,0,1.55961,0.225575,0,0,0,-2.0395
"MtrElec",4,22,20,"",12.1896,0,0,0,0,0,0.0330909,0,0,0.756867,0,0,0,2.1353,6.30905,0.256222,1.71333,0,0.658732,0.204201,0.122813,0,0,0,0
"MtrElec",4,22,21,"",11.5586,0,0,0,0,0,0.0330909,0,0,0.756867,0,0,0,2.0623,6.58084,0.358711,1.62792,0,0.0862486,0,0.0526343,0,0,0,0
"MtrElec",4,22,22,"",11.0804,0,0,0,0,0,0.0330909,0,0,0.756867,0,0,0,1.75204,6.55131,0.413898,1.54812,0,0,0,0.0250639,0,0,0,0
"MtrElec",4,22,23,"",9.58725,0,0,0,0,0,0.0330909,0,0,0.756867,0,0,0,1.14978,5.82809,0.358711,1.44568,0,0,0,0.0150384,0,0,0,0
"MtrElec",4,22,24,"",8.07956,0,0,0,0,0,0.0330909,0,0,0.756867,0,0,0,0.711767,4.99455,0.248339,1.32241,0,0,0,0.012532,0,0,0,0
"MtrElec",4,23,1,"",6.71415,0,0,0,0,0,0.0330909,0,0,0.756867,0,0,0,0.41976,4.01322,0.181327,1.30362,0,0,0,0.00626598,0,0,0,0
"MtrElec",4,23,2,"",6.24339,0,0,0,0,0,0.0330909,0,0,0.756867,0,0,0,0.346758,3.64371,0.181327,1.27663,0,0,0,0.00501279,0,0,0,0
"MtrElec",4,23,3,"",5.98338,0,0,0,0,0,0.0330909,0,0,0.756867,0,0,0,0.273756,3.50041,0.181327,1.23292,0,0,0,0.00501279,0,0,0,0
"MtrElec",4,23,4,"",5.97653,0,0,0,0,0,0.0330909,0,0,0.756867,0,0,0,0.310257,3.47725,0.181327,1.21272,0,0,0,0.00501279,0,0,0,0
"MtrElec",4,23,5,"",5.85436,0,0,0,0,0,0.0330909,0,0,0.756867,0,0,0,0.383259,3.31986,0.181327,1.17494,0,0,0,0.00501279,0,0,0,0
"MtrElec",4,23,6,"",6.30511,0,0,0,0,0,0.0330909,0,0,0.756867,0,0,0,0.565763,3.57489,0.14585,1.21111,0,0,0,0.0175448,0,0,0,0
"MtrElec",4,23,7,"",6.23038,0,0,0,0,0,0.0330909,0,0,0.756867,0,0,0,0.766518,4.05676,0.137966,1.36609,0,0,0,0.0238107,0,0,0,-0.910717
"MtrElec",4,23,8,"",1.34633,0,0,0,0.0264844,0,0.0330909,0,0,0.756867,0,0,0,0.748268,4.37861,0.134024,1.49707,0,0,0,0.0313299,0,0,0,-6.25941
"MtrElec",4,23,9,"",-5.11932,0,0,0,0.0264844,0,0.0330909,0,0,0.756867,0,0,0,0.620515,4.12304,0.130082,1.44728,0,0,0.4939,0.0325831,0,0,0,-12.7832
"MtrElec",4,23,10,"",-1.05473,0,0,0,0.0264844,0,0.0330909,0,0,0.756867,0,0,0,0.529262,3.9212,0.110373,1.33875,0,0.208609,0.388234,0.0275703,0,0,0,-8.39517
"MtrElec",4,23,11,"",-20.1562,0,0,0,0.0264844,0,0.0330909,0,0,0.756867,0,0,0,0.492762,3.9622,0.0867214,1.30675,0,0.163978,0,0.0263171,0,0,0,-27.0114
"MtrElec",4,23,12,"",-27.4597,0,0,0,0.0264844,0,0.0330909,0,0,0.756867,0,0,0,0.456261,3.9622,0.0591282,1.32442,0,0,0,0.0363427,0,0,0,-34.1145
"MtrElec",4,23,13,"",-27.3982,0,0,0,0.0264844,0,0.0330909,0,0,0.756867,0,0,0,0.383259,3.98472,0.0473026,1.37406,1.41802,0,0.285975,0.0438619,0,0,0,-35.7519
"MtrElec",4,23,14,"",-26.8354,0,0,0,0.0264844,0,0.0330909,0,0,0.756867,0,0,0,0.383259,4.06826,0.0433607,1.34864,1.0564,0.120787,0.596301,0.0401023,0,0,0,-35.3089
"MtrElec",4,23,15,"",-25.0069,0,0,0,0.0264844,0,0.0330909,0,0,0.756867,0,0,0,0.383259,4.20115,0.0433607,1.38017,0,0.25186,0.336868,0.0426087,0,0,0,-32.4626
"MtrElec",4,23,16,"",-19.4859,0,0,0,0.0264844,0,0.0330909,0,0,0.756867,0,0,0,0.474511,4.31224,0.0473026,1.39959,0,0.142283,0.545039,0.0651662,0,0,0,-27.2884
"MtrElec",4,23,17,"",-11.8369,0,0,0,0.0264844,0,0.0330909,0,0,0.756867,0,0,0,0.565763,4.83,0.0748958,1.4491,0,0.230208,0,0.144118,0,0,0,-19.9474
"MtrElec",4,23,18,"",-1.81937,0,0,0,0.0264844,0,0.0330909,0,0,0.756867,0,0,0,0.803019,5.51484,0.14585,1.59245,0,0,0,0.241867,0,0,0,-10.9338
"MtrElec",4,23,19,"",7.90135,0,0,0,0.0114766,0,0.0330909,0,0,0.756867,0,0,0,1.53304,5.99096,0.193152,1.72134,0,0,0,0.225575,0,0,0,-2.56415
"MtrElec",4,23,20,"",12.1344,0,0,0,0,0,0.0330909,0,0,0.756867,0,0,0,2.1353,6.30905,0.256222,1.71806,0,0,0.882094,0.122813,0,0,0,-0.0790706
"MtrElec",4,23,21,"",12.4876,0,0,0,0,0,0.0330909,0,0,0.756867,0,0,0,2.0623,6.58084,0.358711,1.63378,0,0.37257,0.636767,0.0526343,0,0,0,0
"MtrElec",4,23,22,"",14.1394,0,0,0,0,0,0.0330909,0,0,0.756867,0,0,0,1.75204,6.55131,0.413898,1.55442,2.53842,0.268951,0.245309,0.0250639,0,0,0,0
"MtrElec",4,23,23,"",14.5834,0,0,0,0,0,0.0330909,0,0,0.756867,0,0,0,1.14978,5.82809,0.358711,1.45045,4.88782,0.103611,0,0.0150384,0,0,0,0
"MtrElec",4,23,24,"",8.08607,0,0,0,0,0,0.0330909,0,0,0.756867,0,0,0,0.711767,4.99455,0.248339,1.32892,0,0,0,0.012532,0,0,0,0
"MtrElec",4,24,1,"",6.7202,0,0,0,0,0,0.0330909,0,0,0.756867,0,0,0,0.41976,4.01322,0.181327,1.30967,0,0,0,0.00626598,0,0,0,0
"MtrElec",4,24,2,"",7.94626,0,0,0,0,0,0.0330909,0,0,0.756867,0,0,0,0.346758,3.64371,0.181327,1.28186,1.69764,0,0,0.00501279,0,0,0,0
"MtrElec",4,24,3,"",6.76767,0,0,0,0,0,0.0330909,0,0,0.756867,0,0,0,0.273756,3.50041,0.181327,1.2393,0.777912,0,0,0.00501279,0,0,0,0
"MtrElec",4,24,4,"",5.98348,0,0,0,0,0,0.0330909,0,0,0.756867,0,0,0,0.310257,3.47725,0.181327,1.21967,0,0,0,0.00501279,0,0,0,0
"MtrElec",4,24,5,"",5.86203,0,0,0,0,0,0.0330909,0,0,0.756867,0,0,0,0.383259,3.31986,0.181327,1.18261,0,0,0,0.00501279,0,0,0,0
"MtrElec",4,24,6,"",6.31439,0,0,0,0,0,0.0330909,0,0,0.756867,0,0,0,0.565763,3.57489,0.14585,1.22039,0,0,0,0.0175448,0,0,0,0
"MtrElec",4,24,7,"",6.35154,0,0,0,0,0,0.0330909,0,0,0.756867,0,0,0,0.766518,4.05676,0.137966,1.37392,0,0,0,0.0238107,0,0,0,-0.797397
"MtrElec",4,24,8,"",5.87789,0,0,0,0,0,0.0330909,0,0,0.756867,0,0,0,0.748268,4.37861,0.134024,1.50526,0,0,0,0.0313299,0,0,0,-1.70957
"MtrElec",4,24,9,"",3.80389,0,0,0,0.0264844,0,0.0330909,0,0,0.756867,0,0,0,0.620515,4.12304,0.130082,1.45642,1.3606,0,0,0.0325831,0,0,0,-4.7358
"MtrElec",4,24,10,"",0.683472,0,0,0,0.0264844,0,0.0330909,0,0,0.756867,0,0,0,0.529262,3.9212,0.110373,1.34639,1.5993,0,0,0.0275703,0,0,0,-7.66707
"MtrElec",4,24,11,"",-6.12042,0,0,0,0.0264844,0,0.0330909,0,0,0.756867,0,0,0,0.492762,3.9622,0.0867214,1.3121,1.69357,0,0.86176,0.0263171,0,0,0,-15.3723
"MtrElec",4,24,12,"",-8.75733,0,0,0,0.0264844,0,0.0330909,0,0,0.756867,0,0,0,0.456261,3.9622,0.0591282,1.32953,0.296245,0.363982,0.902221,0.0363427,0,0,0,-16.9797
"MtrElec",4,24,13,"",-16.1678,0,0,0,0.0264844,0,0.0330909,0,0,0.756867,0,0,0,0.383259,3.98472,0.0473026,1.36979,0,0.381071,0,0.0438619,0,0,0,-23.1943
"MtrElec",4,24,14,"",-25.3713,0,0,0,0.0264844,0,0.0330909,0,0,0.756867,0,0,0,0.383259,4.06826,0.0433607,1.33688,2.06423,0,0,0.0401023,0,0,0,-34.1238
"MtrElec",4,24,15,"",-25.1824,0,0,0,0.0264844,0,0.0330909,0,0,0.756867,0,0,0,0.383259,4.20115,0.0433607,1.36696,0.412812,0,0,0.0426087,0,0,0,-32.449
"MtrElec",4,24,16,"",-13.1136,0,0,0,0.0264844,0,0.0330909,0,0,0.756867,0,0,0,0.474511,4.31224,0.0473026,1.38123,0,0,0.882163,0.0651662,0,0,0,-21.0926
"MtrElec",4,24,17,"",-8.02022,0,0,0,0.0264844,0,0.0330909,0,0,0.756867,0,0,0,0.565763,4.83,0.0748958,1.41758,0,0.372599,0.881924,0.144118,0,0,0,-17.1235
"MtrElec",4,24,18,"",-0.495416,0,0,0,0.0264844,0,0.0330909,0,0,0.756867,0,0,0,0.803019,5.51484,0.14585,1.55733,0,0.372498,0.882049,0.241867,0,0,0,-10.8293
"MtrElec",4,24,19,"",7.86545,0,0,0,0.0264844,0,0.0330909,0,0,0.756867,0,0,0,1.53304,5.99096,0.193152,1.69303,0,0.372551,0,0.225575,0,0,0,-2.9593
"MtrElec",4,24,20,"",11.1771,0,0,0,0,0,0.0330909,0,0,0.756867,0,0,0,2.1353,6.30905,0.256222,1.6976,0,0,0,0.122813,0,0,0,-0.133893
"MtrElec",4,24,21,"",11.4548,0,0,0,0,0,0.0330909,0,0,0.756867,0,0,0,2.0623,6.58084,0.358711,1.61031,0,0,0,0.0526343,0,0,0,0
"MtrElec",4,24,22,"",12.3301,0,0,0,0,0,0.0330909,0,0,0.756867,0,0,0,1.75204,6.55131,0.413898,1.52859,1.26921,0,0,0.0250639,0,0,0,0
"MtrElec",4,24,23,"",10.7747,0,0,0,0,0,0.0330909,0,0,0.756867,0,0,0,1.14978,5.82809,0.358711,1.42677,1.20634,0,0,0.0150384,0,0,0,0
"MtrElec",4,24,24,"",8.05891,0,0,0,0,0,0.0330909,0,0,0.756867,0,0,0,0.711767,4.99455,0.248339,1.30177,0,0,0,0.012532,0,0,0,0
"MtrElec",4,25,1,"",8.28851,0,0,0,0,0,0.0330909,0,0,0.756867,0,0,0,0.41976,4.02532,0.181327,1.33425,1.53163,0,0,0.00626598,0,0,0,0
"MtrElec",4,25,2,"",7.23749,0,0,0,0,0,0.0330909,0,0,0.756867,0,0,0,0.346758,3.69241,0.181327,1.27859,0.94343,0,0,0.00501279,0,0,0,0
"MtrElec",4,25,3,"",8.92333,0,0,0,0,0,0.0330909,0,0,0.756867,0,0,0,0.273756,3.49071,0.177385,1.25553,2.93223,0,0,0.00375959,0,0,0,0
"MtrElec",4,25,4,"",8.00536,0,0,0,0,0,0.0330909,0,0,0.756867,0,0,0,0.310257,3.47966,0.177385,1.22559,2.01875,0,0,0.00375959,0,0,0,0
"MtrElec",4,25,5,"",5.84903,0,0,0,0,0,0.0330909,0,0,0.756867,0,0,0,0.383259,3.31017,0.181327,1.18056,0,0,0,0.00375959,0,0,0,0
"MtrElec",4,25,6,"",6.27638,0,0,0,0,0,0.0330909,0,0,0.756867,0,0,0,0.565763,3.56519,0.177385,1.17181,0,0,0,0.00626598,0,0,0,0
"MtrElec",4,25,7,"",6.22055,0,0,0,0,0,0.0330909,0,0,0.756867,0,0,0,0.766518,3.97385,0.173443,1.19397,0,0,0,0.012532,0,0,0,-0.689726
"MtrElec",4,25,8,"",1.96919,0,0,0,0,0,0.0330909,0,0,0.756867,0,0,0,0.748268,4.28361,0.161617,1.29667,0,0,0,0.0338363,0,0,0,-5.34477
"MtrElec",4,25,9,"",-5.71767,0,0,0,0.0264844,0,0.0330909,0,0,0.756867,0,0,0,0.620515,4.09853,0.141908,1.49376,0,0,1.3594,0.0601534,0,0,0,-14.3084
"MtrElec",4,25,10,"",-13.6761,0,0,0,0.0264844,0,0.0330909,0,0,0.756867,0,0,0,0.529262,4.0014,0.118256,1.4569,0,0.574168,2.16891,0.0601534,0,0,0,-23.4016
"MtrElec",4,25,11,"",-20.4873,0,0,0,0.0264844,0,0.0330909,0,0,0.756867,0,0,0,0.492762,4.06555,0.0946052,1.44309,1.70637,0.916081,0.321263,0.057647,0,0,0,-30.4011
"MtrElec",4,25,12,"",-21.1794,0,0,0,0.0264844,0,0.0330909,0,0,0.756867,0,0,0,0.456261,3.99745,0.0630701,1.47443,5.71885,0.135692,1.44262,0.0689258,0,0,0,-35.3532
"MtrElec",4,25,13,"",-30.0187,0,0,0,0.0264844,0,0.0330909,0,0,0.756867,0,0,0,0.383259,3.97367,0.0473026,1.50495,0,0.609319,0,0.0789514,0,0,0,-37.4326
"MtrElec",4,25,14,"",-29.4776,0,0,0,0.0264844,0,0.0330909,0,0,0.756867,0,0,0,0.383259,4.09382,0.0433607,1.52234,0,0,0,0.0739386,0,0,0,-36.4108
"MtrElec",4,25,15,"",-26.389,0,0,0,0.0264844,0,0.0330909,0,0,0.756867,0,0,0,0.383259,4.28406,0.0433607,1.50165,0,0,0,0.0776982,0,0,0,-33.4955
"MtrElec",4,25,16,"",-20.1072,0,0,0,0.0264844,0,0.0330909,0,0,0.756867,0,0,0,0.474511,4.49985,0.0473026,1.54785,0,0,0.614468,0.0852174,0,0,0,-28.1929
"MtrElec",4,25,17,"",-9.40831,0,0,0,0.0264844,0,0.0330909,0,0,0.756867,0,0,0,0.565763,5.00551,0.0748958,1.51694,2.47485,0.259533,0.267453,0.114041,0,0,0,-20.5037
"MtrElec",4,25,18,"",-0.991577,0,0,0,0.0264844,0,0.0330909,0,0,0.756867,0,0,0,0.803019,5.58429,0.149792,1.6164,0,0.112964,0.882188,0.174194,0,0,0,-11.1309
"MtrElec",4,25,19,"",8.22884,0,0,0,0.0264844,0,0.0330909,0,0,0.756867,0,0,0,1.53304,5.97751,0.18921,1.74343,0,0.37261,0,0.161662,0,0,0,-2.56506
"MtrElec",4,25,20,"",12.2882,0,0,0,0,0,0.0330909,0,0,0.756867,0,0,0,2.1353,6.21405,0.236513,1.7103,0,0,1.21063,0.0902302,0,0,0,-0.0988089
"MtrElec",4,25,21,"",12.3866,0,0,0,0,0,0.0330909,0,0,0.756867,0,0,0,2.0623,6.43954,0.327176,1.66259,0,0.511335,0.553615,0.0401023,0,0,0,0
"MtrElec",4,25,22,"",11.1661,0,0,0,0,0,0.0330909,0,0,0.756867,0,0,0,1.75204,6.3979,0.386304,1.58853,0,0.233831,0,0.0175448,0,0,0,0
"MtrElec",4,25,23,"",9.47889,0,0,0,0,0,0.0330909,0,0,0.756867,0,0,0,1.14978,5.74653,0.33506,1.44628,0,0,0,0.0112788,0,0,0,0
"MtrElec",4,25,24,"",10.5749,0,0,0,0,0,0.0330909,0,0,0.756867,0,0,0,0.711767,4.8988,0.232571,1.4605,2.47507,0,0,0.00626598,0,0,0,0
"MtrElec",4,26,1,"",8.30144,0,0,0,0,0,0.0330909,0,0,0.756867,0,0,0,0.41976,4.02532,0.181327,1.34718,1.53163,0,0,0.00626598,0,0,0,0
"MtrElec",4,26,2,"",7.25255,0,0,0,0,0,0.0330909,0,0,0.756867,0,0,0,0.346758,3.69241,0.181327,1.29365,0.94343,0,0,0.00501279,0,0,0,0
"MtrElec",4,26,3,"",7.47313,0,0,0,0,0,0.0330909,0,0,0.756867,0,0,0,0.273756,3.49071,0.177385,1.27144,1.46611,0,0,0.00375959,0,0,0,0
"MtrElec",4,26,4,"",7.01187,0,0,0,0,0,0.0330909,0,0,0.756867,0,0,0,0.310257,3.47966,0.177385,1.24148,1.00937,0,0,0.00375959,0,0,0,0
"MtrElec",4,26,5,"",5.86736,0,0,0,0,0,0.0330909,0,0,0.756867,0,0,0,0.383259,3.31017,0.181327,1.19888,0,0,0,0.00375959,0,0,0,0
"MtrElec",4,26,6,"",6.29637,0,0,0,0,0,0.0330909,0,0,0.756867,0,0,0,0.565763,3.56519,0.177385,1.1918,0,0,0,0.00626598,0,0,0,0
"MtrElec",4,26,7,"",6.25038,0,0,0,0,0,0.0330909,0,0,0.756867,0,0,0,0.766518,3.97385,0.173443,1.21833,0,0,0,0.012532,0,0,0,-0.684258
"MtrElec",4,26,8,"",1.46936,0,0,0,0,0,0.0330909,0,0,0.756867,0,0,0,0.748268,4.28361,0.161617,1.31653,0,0,0,0.0338363,0,0,0,-5.86445
"MtrElec",4,26,9,"",-8.48562,0,0,0,0.0264844,0,0.0330909,0,0,0.756867,0,0,0,0.620515,4.09853,0.141908,1.50543,0,0,0,0.0601534,0,0,0,-15.7286
"MtrElec",4,26,10,"",-15.9176,0,0,0,0.0264844,0,0.0330909,0,0,0.756867,0,0,0,0.529262,4.0014,0.118256,1.4721,0,0,1.76432,0.0601534,0,0,0,-24.6796
"MtrElec",4,26,11,"",-22.1143,0,0,0,0.0264844,0,0.0330909,0,0,0.756867,0,0,0,0.492762,4.06555,0.0946052,1.45858,1.36301,0.745197,0,0.057647,0,0,0,-31.2081
"MtrElec",4,26,12,"",-23.3001,0,0,0,0.0264844,0,0.0330909,0,0,0.756867,0,0,0,0.456261,3.99745,0.0630701,1.4938,3.58577,0,1.59257,0.0689258,0,0,0,-35.3743
"MtrElec",4,26,13,"",-30.115,0,0,0,0.0264844,0,0.0330909,0,0,0.756867,0,0,0,0.383259,3.97367,0.0473026,1.5311,0,0.672653,0.171384,0.0789514,0,0,0,-37.7897
"MtrElec",4,26,14,"",-30.4686,0,0,0,0.0264844,0,0.0330909,0,0,0.756867,0,0,0,0.383259,4.09382,0.0433607,1.55493,0,0.0723874,0,0.0739386,0,0,0,-37.5067
"MtrElec",4,26,15,"",-27.2987,0,0,0,0.0264844,0,0.0330909,0,0,0.756867,0,0,0,0.383259,4.28406,0.0433607,1.53507,0,0,0,0.0776982,0,0,0,-34.4385
"MtrElec",4,26,16,"",-21.4248,0,0,0,0.0264844,0,0.0330909,0,0,0.756867,0,0,0,0.474511,4.49985,0.0473026,1.5724,0,0,0,0.0852174,0,0,0,-28.9206
"MtrElec",4,26,17,"",-13.0025,0,0,0,0.0264844,0,0.0330909,0,0,0.756867,0,0,0,0.565763,5.00551,0.0748958,1.55222,0,0,0,0.114041,0,0,0,-21.1314
"MtrElec",4,26,18,"",0.970439,0,0,0,0.0264844,0,0.0330909,0,0,0.756867,0,0,0,0.803019,5.58429,0.149792,1.64508,2.47509,0,0.882188,0.174194,0,0,0,-11.5597
"MtrElec",4,26,19,"",9.14875,0,0,0,0.0264844,0,0.0330909,0,0,0.756867,0,0,0,1.53304,5.97751,0.18921,1.76277,0,0.37261,0.882107,0.161662,0,0,0,-2.5466
"MtrElec",4,26,20,"",11.9125,0,0,0,0,0,0.0330909,0,0,0.756867,0,0,0,2.1353,6.21405,0.236513,1.73388,0,0.372576,0.431158,0.0902302,0,0,0,-0.0911152
"MtrElec",4,26,21,"",16.1049,0,0,0,0,0,0.0330909,0,0,0.756867,0,0,0,2.0623,6.43954,0.327176,1.68955,3.2411,0.182108,1.33306,0.0401023,0,0,0,0
"MtrElec",4,26,22,"",14.1121,0,0,0,0,0,0.0330909,0,0,0.756867,0,0,0,1.75204,6.3979,0.386304,1.61531,1.70796,0.563044,0.882039,0.0175448,0,0,0,0
"MtrElec",4,26,23,"",9.89333,0,0,0,0,0,0.0330909,0,0,0.756867,0,0,0,1.14978,5.74653,0.33506,1.48818,0,0.372547,0,0.0112788,0,0,0,0
"MtrElec",4,26,24,"",10.6036,0,0,0,0,0,0.0330909,0,0,0.756867,0,0,0,0.711767,4.8988,0.232571,1.48919,2.47507,0,0,0.00626598,0,0,0,0
"MtrElec",4,27,1,"",7.63372,0,0,0,0,0,0.0330909,0,0,0.756867,0,0,0,0.41976,4.01322,0.181327,1.34113,0,0,0.882062,0.00626598,0,0,0,0
"MtrElec",4,27,2,"",6.64859,0,0,0,0,0,0.0330909,0,0,0.756867,0,0,0,0.346758,3.64371,0.181327,1.30927,0,0.372557,0,0.00501279,0,0,0,0
"MtrElec",4,27,3,"",6.01633,0,0,0,0,0,0.0330909,0,0,0.756867,0,0,0,0.273756,3.50041,0.181327,1.26587,0,0,0,0.00501279,0,0,0,0
"MtrElec",4,27,4,"",6.00783,0,0,0,0,0,0.0330909,0,0,0.756867,0,0,0,0.310257,3.47725,0.181327,1.24402,0,0,0,0.00501279,0,0,0,0
"MtrElec",4,27,5,"",5.88772,0,0,0,0,0,0.0330909,0,0,0.756867,0,0,0,0.383259,3.31986,0.181327,1.20831,0,0,0,0.00501279,0,0,0,0
"MtrElec",4,27,6,"",6.34363,0,0,0,0,0,0.0330909,0,0,0.756867,0,0,0,0.565763,3.57489,0.14585,1.24962,0,0,0,0.0175448,0,0,0,0
"MtrElec",4,27,7,"",6.57625,0,0,0,0,0,0.0330909,0,0,0.756867,0,0,0,0.766518,4.05676,0.137966,1.39656,0,0,0,0.0238107,0,0,0,-0.595325
"MtrElec",4,27,8,"",2.81607,0,0,0,0,0,0.0330909,0,0,0.756867,0,0,0,0.748268,4.37861,0.134024,1.52215,0,0,0.881945,0.0313299,0,0,0,-5.67021
"MtrElec",4,27,9,"",-6.94141,0,0,0,0.0264844,0,0.0330909,0,0,0.756867,0,0,0,0.620515,4.12304,0.130082,1.47891,0,0.372507,0.287278,0.0325831,0,0,0,-14.8028
"MtrElec",4,27,10,"",-15.2347,0,0,0,0.0264844,0,0.0330909,0,0,0.756867,0,0,0,0.529262,3.9212,0.110373,1.38409,0,0.121338,0.594891,0.0275703,0,0,0,-22.7398
"MtrElec",4,27,11,"",-21.8248,0,0,0,0.0264844,0,0.0330909,0,0,0.756867,0,0,0,0.492762,3.9622,0.0867214,1.36138,0,0.251264,0.881985,0.0263171,0,0,0,-29.7039
"MtrElec",4,27,12,"",-27.2709,0,0,0,0.0264844,0,0.0330909,0,0,0.756867,0,0,0,0.456261,3.9622,0.0591282,1.38699,0,0.372524,0,0.0363427,0,0,0,-34.3607
"MtrElec",4,27,13,"",-29.4605,0,0,0,0.0264844,0,0.0330909,0,0,0.756867,0,0,0,0.383259,3.98472,0.0473026,1.42974,0,0,0,0.0438619,0,0,0,-36.1659
"MtrElec",4,27,14,"",-29.483,0,0,0,0.0264844,0,0.0330909,0,0,0.756867,0,0,0,0.383259,4.06826,0.0433607,1.40871,0,0,0,0.0401023,0,0,0,-36.2431
"MtrElec",4,27,15,"",-26.7465,0,0,0,0.0264844,0,0.0330909,0,0,0.756867,0,0,0,0.383259,4.20115,0.0433607,1.4259,0,0,0,0.0426087,0,0,0,-33.6593
"MtrElec",4,27,16,"",-19.7422,0,0,0,0.0264844,0,0.0330909,0,0,0.756867,0,0,0,0.474511,4.31224,0.0473026,1.44665,1.26327,0,0,0.0651662,0,0,0,-28.1678
"MtrElec",4,27,17,"",-10.3611,0,0,0,0.0264844,0,0.0330909,0,0,0.756867,0,0,0,0.565763,4.83,0.0748958,1.51039,2.27335,0,0,0.144118,0,0,0,-20.5761
"MtrElec",4,27,18,"",1.82289,0,0,0,0.0264844,0,0.0330909,0,0,0.756867,0,0,0,0.803019,5.51484,0.14585,1.66282,3.88761,0,0,0.241867,0,0,0,-11.2496
"MtrElec",4,27,19,"",8.69183,0,0,0,0.0264844,0,0.0330909,0,0,0.756867,0,0,0,1.53304,5.99096,0.193152,1.79244,0,0,0.677641,0.225575,0,0,0,-2.53742
"MtrElec",4,27,20,"",11.7651,0,0,0,0,0,0.0330909,0,0,0.756867,0,0,0,2.1353,6.30905,0.256222,1.77611,0,0.286215,0.204201,0.122813,0,0,0,-0.1148
"MtrElec",4,27,21,"",11.6343,0,0,0,0,0,0.0330909,0,0,0.756867,0,0,0,2.0623,6.58084,0.358711,1.70357,0,0.0862486,0,0.0526343,0,0,0,0
"MtrElec",4,27,22,"",13.3155,0,0,0,0,0,0.0330909,0,0,0.756867,0,0,0,1.75204,6.55131,0.413898,1.63196,1.26921,0,0.882062,0.0250639,0,0,0,0
"MtrElec",4,27,23,"",11.7003,0,0,0,0,0,0.0330909,0,0,0.756867,0,0,0,1.14978,5.82809,0.358711,1.52979,1.20634,0.372557,0.450053,0.0150384,0,0,0,0
"MtrElec",4,27,24,"",9.68706,0,0,0,0,0,0.0330909,0,0,0.756867,0,0,0,0.711767,4.99455,0.248339,1.42606,0,0.190089,1.31376,0.012532,0,0,0,0
"MtrElec",4,28,1,"",8.2397,0,0,0,0,0,0.0330909,0,0,0.756867,0,0,0,0.41976,4.01322,0.181327,1.39221,0,0.554892,0.882062,0.00626598,0,0,0,0
"MtrElec",4,28,2,"",6.69245,0,0,0,0,0,0.0330909,0,0,0.756867,0,0,0,0.346758,3.64371,0.181327,1.35313,0,0.372557,0,0.00501279,0,0,0,0
"MtrElec",4,28,3,"",6.06029,0,0,0,0,0,0.0330909,0,0,0.756867,0,0,0,0.273756,3.50041,0.181327,1.30983,0,0,0,0.00501279,0,0,0,0
"MtrElec",4,28,4,"",6.04984,0,0,0,0,0,0.0330909,0,0,0.756867,0,0,0,0.310257,3.47725,0.181327,1.28603,0,0,0,0.00501279,0,0,0,0
"MtrElec",4,28,5,"",5.9339,0,0,0,0,0,0.0330909,0,0,0.756867,0,0,0,0.383259,3.31986,0.181327,1.25448,0,0,0,0.00501279,0,0,0,0
"MtrElec",4,28,6,"",6.39816,0,0,0,0,0,0.0330909,0,0,0.756867,0,0,0,0.565763,3.57489,0.14585,1.30416,0,0,0,0.0175448,0,0,0,0
"MtrElec",4,28,7,"",6.63889,0,0,0,0,0,0.0330909,0,0,0.756867,0,0,0,0.766518,4.05676,0.137966,1.44062,0,0,0,0.0238107,0,0,0,-0.57675
"MtrElec",4,28,8,"",1.85876,0,0,0,0,0,0.0330909,0,0,0.756867,0,0,0,0.748268,4.37861,0.134024,1.55545,0,0,0,0.0313299,0,0,0,-5.77889
"MtrElec",4,28,9,"",-7.77144,0,0,0,0.0264844,0,0.0330909,0,0,0.756867,0,0,0,0.620515,4.12304,0.130082,1.51414,0,0,0,0.0325831,0,0,0,-15.0082
"MtrElec",4,28,10,"",-16.3109,0,0,0,0.0264844,0,0.0330909,0,0,0.756867,0,0,0,0.529262,3.9212,0.110373,1.42379,0.484958,0,0,0.0275703,0,0,0,-23.6245
"MtrElec",4,28,11,"",-21.8674,0,0,0,0.0264844,0,0.0330909,0,0,0.756867,0,0,0,0.492762,3.9622,0.0867214,1.39696,1.69357,0,0,0.0263171,0,0,0,-30.3423
"MtrElec",4,28,12,"",-27.6799,0,0,0,0.0264844,0,0.0330909,0,0,0.756867,0,0,0,0.456261,3.9622,0.0591282,1.42115,0.296245,0,0,0.0363427,0,0,0,-34.7276
"MtrElec",4,28,13,"",-29.9572,0,0,0,0.0264844,0,0.0330909,0,0,0.756867,0,0,0,0.383259,3.98472,0.0473026,1.45936,0,0,0,0.0438619,0,0,0,-36.6922
"MtrElec",4,28,14,"",-29.5029,0,0,0,0.0264844,0,0.0330909,0,0,0.756867,0,0,0,0.383259,4.06826,0.0433607,1.44058,0,0,0,0.0401023,0,0,0,-36.2949
"MtrElec",4,28,15,"",-26.1092,0,0,0,0.0264844,0,0.0330909,0,0,0.756867,0,0,0,0.383259,4.20115,0.0433607,1.45119,0,0,0.336868,0.0426087,0,0,0,-33.3841
"MtrElec",4,28,16,"",-17.8372,0,0,0,0.0264844,0,0.0330909,0,0,0.756867,0,0,0,0.474511,4.31224,0.0473026,1.47482,1.26327,0.142283,1.4272,0.0651662,0,0,0,-27.8604
"MtrElec",4,28,17,"",-9.05932,0,0,0,0.0264844,0,0.0330909,0,0,0.756867,0,0,0,0.565763,4.83,0.0748958,1.55001,1.74273,0.602807,0.881924,0.144118,0,0,0,-20.268
"MtrElec",4,28,18,"",1.2322,0,0,0,0.0264844,0,0.0330909,0,0,0.756867,0,0,0,0.803019,5.51484,0.14585,1.70834,1.9438,0.372498,0.882049,0.241867,0,0,0,-11.1965
"MtrElec",4,28,19,"",8.37584,0,0,0,0.0264844,0,0.0330909,0,0,0.756867,0,0,0,1.53304,5.99096,0.193152,1.83096,0,0.372551,0,0.225575,0,0,0,-2.58684
"MtrElec",4,28,20,"",11.2901,0,0,0,0,0,0.0330909,0,0,0.756867,0,0,0,2.1353,6.30905,0.256222,1.79942,0,0,0,0.122813,0,0,0,-0.122691
"MtrElec",4,28,21,"",11.5662,0,0,0,0,0,0.0330909,0,0,0.756867,0,0,0,2.0623,6.58084,0.358711,1.72177,0,0,0,0.0526343,0,0,0,0
"MtrElec",4,28,22,"",12.0609,0,0,0,0,0,0.0330909,0,0,0.756867,0,0,0,1.75204,6.55131,0.413898,1.64653,0,0,0.882062,0.0250639,0,0,0,0
"MtrElec",4,28,23,"",10.2818,0,0,0,0,0,0.0330909,0,0,0.756867,0,0,0,1.14978,5.82809,0.358711,1.5426,0,0.372557,0.225027,0.0150384,0,0,0,0
"MtrElec",4,28,24,"",8.94865,0,0,0,0,0,0.0330909,0,0,0.756867,0,0,0,0.711767,4.99455,0.248339,1.43957,0,0.0950445,0.656879,0.012532,0,0,0,0
"MtrElec",4,29,1,"",8.85594,0,0,0,0,0,0.0330909,0,0,0.756867,0,0,0,0.41976,4.01322,0.181327,1.40384,0,0.277446,1.76412,0.00626598,0,0,0,0
"MtrElec",4,29,2,"",7.07546,0,0,0,0,0,0.0330909,0,0,0.756867,0,0,0,0.346758,3.64371,0.181327,1.36359,0,0.745113,0,0.00501279,0,0,0,0
"MtrElec",4,29,3,"",6.07197,0,0,0,0,0,0.0330909,0,0,0.756867,0,0,0,0.273756,3.50041,0.181327,1.32151,0,0,0,0.00501279,0,0,0,0
"MtrElec",4,29,4,"",6.0615,0,0,0,0,0,0.0330909,0,0,0.756867,0,0,0,0.310257,3.47725,0.181327,1.29769,0,0,0,0.00501279,0,0,0,0
"MtrElec",4,29,5,"",5.94669,0,0,0,0,0,0.0330909,0,0,0.756867,0,0,0,0.383259,3.31986,0.181327,1.26728,0,0,0,0.00501279,0,0,0,0
"MtrElec",4,29,6,"",6.41371,0,0,0,0,0,0.0330909,0,0,0.756867,0,0,0,0.565763,3.57489,0.14585,1.3197,0,0,0,0.0175448,0,0,0,0
"MtrElec",4,29,7,"",6.44113,0,0,0,0,0,0.0330909,0,0,0.756867,0,0,0,0.766518,4.05676,0.137966,1.45387,0,0,0,0.0238107,0,0,0,-0.787748
"MtrElec",4,29,8,"",1.60559,0,0,0,0,0,0.0330909,0,0,0.756867,0,0,0,0.748268,4.37861,0.134024,1.56563,0,0,0,0.0313299,0,0,0,-6.04224
"MtrElec",4,29,9,"",-8.35319,0,0,0,0.0264844,0,0.0330909,0,0,0.756867,0,0,0,0.620515,4.12304,0.130082,1.52333,0,0,0,0.0325831,0,0,0,-15.5992
"MtrElec",4,29,10,"",-17.4863,0,0,0,0.0264844,0,0.0330909,0,0,0.756867,0,0,0,0.529262,3.9212,0.110373,1.42795,0,0,0,0.0275703,0,0,0,-24.3191
"MtrElec",4,29,11,"",-23.8811,0,0,0,0.0264844,0,0.0330909,0,0,0.756867,0,0,0,0.492762,3.9622,0.0867214,1.39593,0,0,0,0.0263171,0,0,0,-30.6614
"MtrElec",4,29,12,"",-28.5548,0,0,0,0.0264844,0,0.0330909,0,0,0.756867,0,0,0,0.456261,3.9622,0.0591282,1.41825,0,0,0,0.0363427,0,0,0,-35.3034
"MtrElec",4,29,13,"",-31.0915,0,0,0,0.0264844,0,0.0330909,0,0,0.756867,0,0,0,0.383259,3.98472,0.0473026,1.45492,0,0,0.285975,0.0438619,0,0,0,-38.108
"MtrElec",4,29,14,"",-30.3756,0,0,0,0.0264844,0,0.0330909,0,0,0.756867,0,0,0,0.383259,4.06826,0.0433607,1.42859,0,0.120787,0.596301,0.0401023,0,0,0,-37.8727
"MtrElec",4,29,15,"",-27.0823,0,0,0,0.0264844,0,0.0330909,0,0,0.756867,0,0,0,0.383259,4.20115,0.0433607,1.43446,0,0.25186,0.336868,0.0426087,0,0,0,-34.5923
"MtrElec",4,29,16,"",-21.0144,0,0,0,0.0264844,0,0.0330909,0,0,0.756867,0,0,0,0.474511,4.31224,0.0473026,1.45176,0,0.142283,0.545039,0.0651662,0,0,0,-28.8691
"MtrElec",4,29,17,"",-12.8672,0,0,0,0.0264844,0,0.0330909,0,0,0.756867,0,0,0,0.565763,4.83,0.0748958,1.51234,0,0.230208,0,0.144118,0,0,0,-21.0409
"MtrElec",4,29,18,"",-2.34254,0,0,0,0.0264844,0,0.0330909,0,0,0.756867,0,0,0,0.803019,5.51484,0.14585,1.65887,0,0,0,0.241867,0,0,0,-11.5234
"MtrElec",4,29,19,"",7.76923,0,0,0,0.0264844,0,0.0330909,0,0,0.756867,0,0,0,1.53304,5.99096,0.193152,1.7829,0,0,0,0.225575,0,0,0,-2.77284
"MtrElec",4,29,20,"",11.227,0,0,0,0,0,0.0330909,0,0,0.756867,0,0,0,2.1353,6.30905,0.256222,1.76949,0,0,0,0.122813,0,0,0,-0.155881
"MtrElec",4,29,21,"",11.541,0,0,0,0,0,0.0330909,0,0,0.756867,0,0,0,2.0623,6.58084,0.358711,1.69651,0,0,0,0.0526343,0,0,0,0
"MtrElec",4,29,22,"",12.9236,0,0,0,0,0,0.0330909,0,0,0.756867,0,0,0,1.75204,6.55131,0.413898,1.62719,0,0,1.76412,0.0250639,0,0,0,0
"MtrElec",4,29,23,"",10.4135,0,0,0,0,0,0.0330909,0,0,0.756867,0,0,0,1.14978,5.82809,0.358711,1.52677,0,0.745113,0,0.0150384,0,0,0,0
"MtrElec",4,29,24,"",8.17851,0,0,0,0,0,0.0330909,0,0,0.756867,0,0,0,0.711767,4.99455,0.248339,1.42136,0,0,0,0.012532,0,0,0,0
"MtrElec",4,30,1,"",6.79487,0,0,0,0,0,0.0330909,0,0,0.756867,0,0,0,0.41976,4.01322,0.181327,1.38434,0,0,0,0.00626598,0,0,0,0
"MtrElec",4,30,2,"",8.00691,0,0,0,0,0,0.0330909,0,0,0.756867,0,0,0,0.346758,3.64371,0.181327,1.34252,1.69764,0,0,0.00501279,0,0,0,0
"MtrElec",4,30,3,"",6.82634,0,0,0,0,0,0.0330909,0,0,0.756867,0,0,0,0.273756,3.50041,0.181327,1.29797,0.777912,0,0,0.00501279,0,0,0,0
"MtrElec",4,30,4,"",6.03819,0,0,0,0,0,0.0330909,0,0,0.756867,0,0,0,0.310257,3.47725,0.181327,1.27438,0,0,0,0.00501279,0,0,0,0
"MtrElec",4,30,5,"",5.91979,0,0,0,0,0,0.0330909,0,0,0.756867,0,0,0,0.383259,3.31986,0.181327,1.24037,0,0,0,0.00501279,0,0,0,0
"MtrElec",4,30,6,"",6.37947,0,0,0,0,0,0.0330909,0,0,0.756867,0,0,0,0.565763,3.57489,0.14585,1.28547,0,0,0,0.0175448,0,0,0,0
"MtrElec",4,30,7,"",6.34439,0,0,0,0,0,0.0330909,0,0,0.756867,0,0,0,0.766518,4.05676,0.137966,1.42396,0,0,0,0.0238107,0,0,0,-0.854588
"MtrElec",4,30,8,"",1.35997,0,0,0,0,0,0.0330909,0,0,0.756867,0,0,0,0.748268,4.37861,0.134024,1.53756,0,0,0,0.0313299,0,0,0,-6.25978
"MtrElec",4,30,9,"",-8.21434,0,0,0,0.0264844,0,0.0330909,0,0,0.756867,0,0,0,0.620515,4.12304,0.130082,1.4921,0,0,0,0.0325831,0,0,0,-15.4291
"MtrElec",4,30,10,"",-16.5242,0,0,0,0.0264844,0,0.0330909,0,0,0.756867,0,0,0,0.529262,3.9212,0.110373,1.39795,0,0,0,0.0275703,0,0,0,-23.3269
"MtrElec",4,30,11,"",-22.1128,0,0,0,0.0264844,0,0.0330909,0,0,0.756867,0,0,0,0.492762,3.9622,0.0867214,1.37415,0,0,0,0.0263171,0,0,0,-28.8714
"MtrElec",4,30,12,"",-24.9821,0,0,0,0.0264844,0,0.0330909,0,0,0.756867,0,0,0,0.456261,3.9622,0.0591282,1.40071,0,0,0.882056,0.0363427,0,0,0,-32.5953
"MtrElec",4,30,13,"",-28.4043,0,0,0,0.0264844,0,0.0330909,0,0,0.756867,0,0,0,0.383259,3.98472,0.0473026,1.44395,0,0.372554,0,0.0438619,0,0,0,-35.4964
"MtrElec",4,30,14,"",-29.3506,0,0,0,0.0264844,0,0.0330909,0,0,0.756867,0,0,0,0.383259,4.06826,0.0433607,1.42726,0,0,0,0.0401023,0,0,0,-36.1293
"MtrElec",4,30,15,"",-26.4068,0,0,0,0.0264844,0,0.0330909,0,0,0.756867,0,0,0,0.383259,4.20115,0.0433607,1.44247,0,0,0,0.0426087,0,0,0,-33.3361
"MtrElec",4,30,16,"",-21.0089,0,0,0,0.0264844,0,0.0330909,0,0,0.756867,0,0,0,0.474511,4.31224,0.0473026,1.46761,0,0,0,0.0651662,0,0,0,-28.1921
"MtrElec",4,30,17,"",-12.799,0,0,0,0.0264844,0,0.0330909,0,0,0.756867,0,0,0,0.565763,4.83,0.0748958,1.54165,0,0,0,0.144118,0,0,0,-20.7718
"MtrElec",4,30,18,"",-2.28512,0,0,0,0.0264844,0,0.0330909,0,0,0.756867,0,0,0,0.803019,5.51484,0.14585,1.69822,0,0,0,0.241867,0,0,0,-11.5054
"MtrElec",4,30,19,"",7.80647,0,0,0,0.0264844,0,0.0330909,0,0,0.756867,0,0,0,1.53304,5.99096,0.193152,1.82511,0,0,0,0.225575,0,0,0,-2.77781
"MtrElec",4,30,20,"",11.2486,0,0,0,0,0,0.0330909,0,0,0.756867,0,0,0,2.1353,6.30905,0.256222,1.80773,0,0,0,0.122813,0,0,0,-0.172475
"MtrElec",4,30,21,"",11.5894,0,0,0,0,0,0.0330909,0,0,0.756867,0,0,0,2.0623,6.58084,0.358711,1.74498,0,0,0,0.0526343,0,0,0,0
"MtrElec",4,30,22,"",12.4802,0,0,0,0,0,0.0330909,0,0,0.756867,0,0,0,1.75204,6.55131,0.413898,1.6787,1.26921,0,0,0.0250639,0,0,0,0
"MtrElec",4,30,23,"",10.9261,0,0,0,0,0,0.0330909,0,0,0.756867,0,0,0,1.14978,5.82809,0.358711,1.57815,1.20634,0,0,0.0150384,0,0,0,0
"MtrElec",4,30,24,"",8.24164,0,0,0,0,0,0.0330909,0,0,0.756867,0,0,0,0.711767,4.99455,0.248339,1.48449,0,0,0,0.012532,0,0,0,0
"MtrElec",5,1,1,"",6.53788,0,0,0,0,0,0.0330909,0,0,0.756867,0,0,0,0.379138,3.75994,0.163779,1.43878,0,0,0,0.00628008,0,0,0,0
"MtrElec",5,1,2,"",6.06674,0,0,0,0,0,0.0330909,0,0,0.756867,0,0,0,0.313201,3.40503,0.163779,1.38975,0,0,0,0.00502406,0,0,0,0
"MtrElec",5,1,3,"",5.82001,0,0,0,0,0,0.0330909,0,0,0.756867,0,0,0,0.247264,3.26854,0.163779,1.34544,0,0,0,0.00502406,0,0,0,0
"MtrElec",5,1,4,"",5.80609,0,0,0,0,0,0.0330909,0,0,0.756867,0,0,0,0.280232,3.24584,0.163779,1.32126,0,0,0,0.00502406,0,0,0,0
"MtrElec",5,1,5,"",5.69832,0,0,0,0,0,0.0330909,0,0,0.756867,0,0,0,0.346169,3.10021,0.163779,1.29318,0,0,0,0.00502406,0,0,0,0
"MtrElec",5,1,6,"",6.13112,0,0,0,0,0,0.0330909,0,0,0.756867,0,0,0,0.511012,3.33222,0.131735,1.34861,0,0,0,0.0175842,0,0,0,0
"MtrElec",5,1,7,"",6.09528,0,0,0,0,0,0.0330909,0,0,0.756867,0,0,0,0.692339,3.77798,0.124614,1.47517,0,0,0,0.0238643,0,0,0,-0.788654
"MtrElec",5,1,8,"",1.31267,0,0,0,0,0,0.0330909,0,0,0.756867,0,0,0,0.675855,4.0849,0.121054,1.5785,0,0,0,0.0314004,0,0,0,-5.969
"MtrElec",5,1,9,"",-8.08563,0,0,0,0.0264844,0,0.0330909,0,0,0.756867,0,0,0,0.560465,3.86952,0.117494,1.53611,0,0,0,0.0326564,0,0,0,-15.0183
"MtrElec",5,1,10,"",-14.9269,0,0,0,0.0264844,0,0.0330909,0,0,0.756867,0,0,0,0.478043,3.69747,0.0996915,1.45247,0,0,1.35888,0.0276324,0,0,0,-22.8575
"MtrElec",5,1,11,"",-20.8046,0,0,0,0.0264844,0,0.0330909,0,0,0.756867,0,0,0,0.445075,3.73425,0.078329,1.43146,0,0.573951,0.405362,0.0263763,0,0,0,-28.3159
"MtrElec",5,1,12,"",-26.2627,0,0,0,0.0264844,0,0.0330909,0,0,0.756867,0,0,0,0.412106,3.73425,0.0534061,1.4519,0,0.171213,0,0.0364245,0,0,0,-32.9384
"MtrElec",5,1,13,"",-28.4925,0,0,0,0.0264844,0,0.0330909,0,0,0.756867,0,0,0,0.346169,3.76164,0.0427249,1.48468,0,0,0.285975,0.0439606,0,0,0,-35.2741
"MtrElec",5,1,14,"",-28.6446,0,0,0,0.0264844,0,0.0330909,0,0,0.756867,0,0,0,0.346169,3.83889,0.0391645,1.46769,0,0.120787,0.596301,0.0401925,0,0,0,-35.9103
"MtrElec",5,1,15,"",-26.8664,0,0,0,0.0264844,0,0.0330909,0,0,0.756867,0,0,0,0.346169,3.95923,0.0391645,1.47143,0,0.25186,0,0.0427045,0,0,0,-33.7934
"MtrElec",5,1,16,"",-21.2558,0,0,0,0.0264844,0,0.0330909,0,0,0.756867,0,0,0,0.428591,4.05943,0.0427249,1.4873,0,0,0,0.0653128,0,0,0,-28.1556
"MtrElec",5,1,17,"",-12.7797,0,0,0,0.0264844,0,0.0330909,0,0,0.756867,0,0,0,0.511012,4.53445,0.0676478,1.5563,0,0,0,0.144442,0,0,0,-20.41
"MtrElec",5,1,18,"",-2.39429,0,0,0,0.0264844,0,0.0330909,0,0,0.756867,0,0,0,0.725307,5.16397,0.131735,1.70811,0,0,0,0.242411,0,0,0,-11.1823
"MtrElec",5,1,19,"",7.34833,0,0,0,0.016332,0,0.0330909,0,0,0.756867,0,0,0,1.38468,5.60689,0.17446,1.82662,0,0,0,0.226083,0,0,0,-2.6767
"MtrElec",5,1,20,"",10.6319,0,0,0,0,0,0.0330909,0,0,0.756867,0,0,0,1.92866,5.90888,0.231427,1.80304,0,0,0,0.12309,0,0,0,-0.15319
"MtrElec",5,1,21,"",10.9273,0,0,0,0,0,0.0330909,0,0,0.756867,0,0,0,1.86272,6.16545,0.323997,1.73241,0,0,0,0.0527527,0,0,0,0
"MtrElec",5,1,22,"",14.0652,0,0,0,0,0,0.0330909,0,0,0.756867,0,0,0,1.58249,6.1446,0.373843,1.66141,2.47431,0,1.01342,0.0251203,0,0,0,0
"MtrElec",5,1,23,"",10.0856,0,0,0,0,0,0.0330909,0,0,0.756867,0,0,0,1.03851,5.47151,0.323997,1.5625,0,0.428039,0.456043,0.0150722,0,0,0,0
"MtrElec",5,1,24,"",8.31148,0,0,0,0,0,0.0330909,0,0,0.756867,0,0,0,0.642886,4.68491,0.224306,1.46935,0,0.192619,0.294889,0.0125602,0,0,0,0
"MtrElec",5,2,1,"",8.2265,0,0,0,0,0,0.0330909,0,0,0.756867,0,0,0,0.379138,3.77118,0.163779,1.45999,1.53163,0.124552,0,0.00628008,0,0,0,0
"MtrElec",5,2,2,"",7.06161,0,0,0,0,0,0.0330909,0,0,0.756867,0,0,0,0.313201,3.45279,0.163779,1.39343,0.94343,0,0,0.00502406,0,0,0,0
"MtrElec",5,2,3,"",5.8297,0,0,0,0,0,0.0330909,0,0,0.756867,0,0,0,0.247264,3.25965,0.160218,1.36884,0,0,0,0.00376805,0,0,0,0
"MtrElec",5,2,4,"",5.81811,0,0,0,0,0,0.0330909,0,0,0.756867,0,0,0,0.280232,3.24818,0.160218,1.33575,0,0,0,0.00376805,0,0,0,0
"MtrElec",5,2,5,"",5.69833,0,0,0,0,0,0.0330909,0,0,0.756867,0,0,0,0.346169,3.09133,0.163779,1.30333,0,0,0,0.00376805,0,0,0,0
"MtrElec",5,2,6,"",6.08863,0,0,0,0,0,0.0330909,0,0,0.756867,0,0,0,0.511012,3.32334,0.160218,1.29782,0,0,0,0.00628008,0,0,0,0
"MtrElec",5,2,7,"",5.87692,0,0,0,0,0,0.0330909,0,0,0.756867,0,0,0,0.692339,3.69604,0.156658,1.3399,0,0,0,0.0125602,0,0,0,-0.810533
"MtrElec",5,2,8,"",1.08075,0,0,0,0,0,0.0330909,0,0,0.756867,0,0,0,0.675855,3.99172,0.145977,1.43237,0,0,0,0.0339124,0,0,0,-5.98905
"MtrElec",5,2,9,"",-8.00719,0,0,0,0.0264844,0,0.0330909,0,0,0.756867,0,0,0,0.560465,3.84423,0.128175,1.57949,0,0,0,0.0602888,0,0,0,-14.9963
"MtrElec",5,2,10,"",-14.9045,0,0,0,0.0264844,0,0.0330909,0,0,0.756867,0,0,0,0.478043,3.77424,0.106812,1.5694,0,0,0.882149,0.0602888,0,0,0,-22.5918
"MtrElec",5,2,11,"",-19.7475,0,0,0,0.0264844,0,0.0330909,0,0,0.756867,0,0,0,0.445075,3.83373,0.0854498,1.54995,0,0.372593,1.5758,0.0577767,0,0,0,-28.4843
"MtrElec",5,2,12,"",-23.1381,0,0,0,0.0264844,0,0.0330909,0,0,0.756867,0,0,0,0.412106,3.76819,0.0569666,1.5896,0,0.665571,2.66276,0.0690809,0,0,0,-33.1788
"MtrElec",5,2,13,"",-27.5443,0,0,0,0.0264844,0,0.0330909,0,0,0.756867,0,0,0,0.346169,3.75017,0.0427249,1.63056,0,1.12467,0.171384,0.079129,0,0,0,-35.5056
"MtrElec",5,2,14,"",-28.6935,0,0,0,0.0264844,0,0.0330909,0,0,0.756867,0,0,0,0.346169,3.86395,0.0391645,1.65473,0,0.0723874,0,0.0741049,0,0,0,-35.5605
"MtrElec",5,2,15,"",-26.0121,0,0,0,0.0264844,0,0.0330909,0,0,0.756867,0,0,0,0.346169,4.04116,0.0391645,1.63701,0,0,0,0.077873,0,0,0,-32.9699
"MtrElec",5,2,16,"",-19.972,0,0,0,0.0264844,0,0.0330909,0,0,0.756867,0,0,0,0.428591,4.24344,0.0427249,1.64412,0,0,0.614468,0.0854091,0,0,0,-27.8472
"MtrElec",5,2,17,"",-9.64484,0,0,0,0.0264844,0,0.0330909,0,0,0.756867,0,0,0,0.511012,4.70721,0.0676478,1.64629,2.47485,0.259533,0.267453,0.114297,0,0,0,-20.5096
"MtrElec",5,2,18,"",1.92933,0,0,0,0.0264844,0,0.0330909,0,0,0.756867,0,0,0,0.725307,5.23209,0.135296,1.73057,2.47509,0.112964,1.76439,0.174586,0,0,0,-11.2374
"MtrElec",5,2,19,"",9.26779,0,0,0,0.0264844,0,0.0330909,0,0,0.756867,0,0,0,1.38468,5.59307,0.1709,1.8194,0,0.745227,1.29102,0.162026,0,0,0,-2.71497
"MtrElec",5,2,20,"",11.9001,0,0,0,0,0,0.0330909,0,0,0.756867,0,0,0,1.92866,5.8157,0.213625,1.7951,0,0.545287,0.904296,0.0904331,0,0,0,-0.182986
"MtrElec",5,2,21,"",12.4864,0,0,0,0,0,0.0330909,0,0,0.756867,0,0,0,1.86272,6.02686,0.295514,1.75612,0,0.381948,1.33306,0.0401925,0,0,0,0
"MtrElec",5,2,22,"",12.738,0,0,0,0,0,0.0330909,0,0,0.756867,0,0,0,1.58249,5.99477,0.34892,1.67728,0,0.563044,1.76393,0.0175842,0,0,0,0
"MtrElec",5,2,23,"",9.85296,0,0,0,0,0,0.0330909,0,0,0.756867,0,0,0,1.03851,5.39216,0.302635,1.57336,0,0.745033,0,0.0113041,0,0,0,0
"MtrElec",5,2,24,"",10.2639,0,0,0,0,0,0.0330909,0,0,0.756867,0,0,0,0.642886,4.59479,0.210064,1.5448,2.47507,0,0,0.00628008,0,0,0,0
"MtrElec",5,3,1,"",6.56692,0,0,0,0,0,0.0330909,0,0,0.756867,0,0,0,0.379138,3.77118,0.163779,1.45658,0,0,0,0.00628008,0,0,0,0
"MtrElec",5,3,2,"",6.11416,0,0,0,0,0,0.0330909,0,0,0.756867,0,0,0,0.313201,3.45279,0.163779,1.3894,0,0,0,0.00502406,0,0,0,0
"MtrElec",5,3,3,"",7.29059,0,0,0,0,0,0.0330909,0,0,0.756867,0,0,0,0.247264,3.25965,0.160218,1.36362,1.46611,0,0,0.00376805,0,0,0,0
"MtrElec",5,3,4,"",6.82275,0,0,0,0,0,0.0330909,0,0,0.756867,0,0,0,0.280232,3.24818,0.160218,1.33101,1.00937,0,0,0.00376805,0,0,0,0
"MtrElec",5,3,5,"",5.69319,0,0,0,0,0,0.0330909,0,0,0.756867,0,0,0,0.346169,3.09133,0.163779,1.29819,0,0,0,0.00376805,0,0,0,0
"MtrElec",5,3,6,"",6.08243,0,0,0,0,0,0.0330909,0,0,0.756867,0,0,0,0.511012,3.32334,0.160218,1.29163,0,0,0,0.00628008,0,0,0,0
"MtrElec",5,3,7,"",5.81295,0,0,0,0,0,0.0330909,0,0,0.756867,0,0,0,0.692339,3.69604,0.156658,1.33152,0,0,0,0.0125602,0,0,0,-0.866128
"MtrElec",5,3,8,"",1.06208,0,0,0,0,0,0.0330909,0,0,0.756867,0,0,0,0.675855,3.99172,0.145977,1.42024,0,0,0,0.0339124,0,0,0,-5.99559
"MtrElec",5,3,9,"",-7.41164,0,0,0,0.0264844,0,0.0330909,0,0,0.756867,0,0,0,0.560465,3.84423,0.128175,1.56963,0,0,0.477346,0.0602888,0,0,0,-14.8682
"MtrElec",5,3,10,"",-13.7627,0,0,0,0.0264844,0,0.0330909,0,0,0.756867,0,0,0,0.478043,3.77424,0.106812,1.55579,0,0.201617,1.6805,0.0602888,0,0,0,-22.4365
"MtrElec",5,3,11,"",-19.6991,0,0,0,0.0264844,0,0.0330909,0,0,0.756867,0,0,0,0.445075,3.83373,0.0854498,1.53681,0,0.709792,1.3705,0.0577767,0,0,0,-28.5547
"MtrElec",5,3,12,"",-21.1474,0,0,0,0.0264844,0,0.0330909,0,0,0.756867,0,0,0,0.412106,3.76819,0.0569666,1.57356,4.79314,0.57886,0,0.0690809,0,0,0,-33.2158
"MtrElec",5,3,13,"",-25.977,0,0,0,0.0264844,0,0.0330909,0,0,0.756867,0,0,0,0.346169,3.75017,0.0427249,1.61106,2.63314,0,0,0.079129,0,0,0,-35.2559
"MtrElec",5,3,14,"",-28.1224,0,0,0,0.0264844,0,0.0330909,0,0,0.756867,0,0,0,0.346169,3.86395,0.0391645,1.63429,0,0,0,0.0741049,0,0,0,-34.8965
"MtrElec",5,3,15,"",-24.7087,0,0,0,0.0264844,0,0.0330909,0,0,0.756867,0,0,0,0.346169,4.04116,0.0391645,1.61664,0,0,0.882055,0.077873,0,0,0,-32.5282
"MtrElec",5,3,16,"",-20.1344,0,0,0,0.0264844,0,0.0330909,0,0,0.756867,0,0,0,0.428591,4.24344,0.0427249,1.63116,0,0.372554,0,0.0854091,0,0,0,-27.7547
"MtrElec",5,3,17,"",-12.4426,0,0,0,0.0264844,0,0.0330909,0,0,0.756867,0,0,0,0.511012,4.70721,0.0676478,1.62805,0,0,0,0.114297,0,0,0,-20.2873
"MtrElec",5,3,18,"",-2.28431,0,0,0,0.0264844,0,0.0330909,0,0,0.756867,0,0,0,0.725307,5.23209,0.135296,1.71087,0,0,0,0.174586,0,0,0,-11.0789
"MtrElec",5,3,19,"",7.24677,0,0,0,0.0264844,0,0.0330909,0,0,0.756867,0,0,0,1.38468,5.59307,0.1709,1.80466,0,0,0,0.162026,0,0,0,-2.685
"MtrElec",5,3,20,"",11.3115,0,0,0,0,0,0.0330909,0,0,0.756867,0,0,0,1.92866,5.8157,0.213625,1.77756,0,0,0.882142,0.0904331,0,0,0,-0.186607
"MtrElec",5,3,21,"",11.1242,0,0,0,0,0,0.0330909,0,0,0.756867,0,0,0,1.86272,6.02686,0.295514,1.73639,0,0.37259,0,0.0401925,0,0,0,0
"MtrElec",5,3,22,"",10.3917,0,0,0,0,0,0.0330909,0,0,0.756867,0,0,0,1.58249,5.99477,0.34892,1.65801,0,0,0,0.0175842,0,0,0,0
"MtrElec",5,3,23,"",9.08155,0,0,0,0,0,0.0330909,0,0,0.756867,0,0,0,1.03851,5.39216,0.302635,1.54698,0,0,0,0.0113041,0,0,0,0
"MtrElec",5,3,24,"",7.77231,0,0,0,0,0,0.0330909,0,0,0.756867,0,0,0,0.642886,4.59479,0.210064,1.52833,0,0,0,0.00628008,0,0,0,0
"MtrElec",5,4,1,"",6.50049,0,0,0,0,0,0.0330909,0,0,0.756867,0,0,0,0.379138,3.75994,0.163779,1.40139,0,0,0,0.00628008,0,0,0,0
"MtrElec",5,4,2,"",6.03893,0,0,0,0,0,0.0330909,0,0,0.756867,0,0,0,0.313201,3.40503,0.163779,1.36194,0,0,0,0.00502406,0,0,0,0
"MtrElec",5,4,3,"",5.79469,0,0,0,0,0,0.0330909,0,0,0.756867,0,0,0,0.247264,3.26854,0.163779,1.32013,0,0,0,0.00502406,0,0,0,0
"MtrElec",5,4,4,"",5.78338,0,0,0,0,0,0.0330909,0,0,0.756867,0,0,0,0.280232,3.24584,0.163779,1.29855,0,0,0,0.00502406,0,0,0,0
"MtrElec",5,4,5,"",5.67586,0,0,0,0,0,0.0330909,0,0,0.756867,0,0,0,0.346169,3.10021,0.163779,1.27072,0,0,0,0.00502406,0,0,0,0
"MtrElec",5,4,6,"",6.1084,0,0,0,0,0,0.0330909,0,0,0.756867,0,0,0,0.511012,3.33222,0.131735,1.32588,0,0,0,0.0175842,0,0,0,0
"MtrElec",5,4,7,"",5.95152,0,0,0,0,0,0.0330909,0,0,0.756867,0,0,0,0.692339,3.77798,0.124614,1.4602,0,0,0,0.0238643,0,0,0,-0.917431
"MtrElec",5,4,8,"",1.73592,0,0,0,0,0,0.0330909,0,0,0.756867,0,0,0,0.675855,4.0849,0.121054,1.56655,0,0,0,0.0314004,0,0,0,-5.53379
"MtrElec",5,4,9,"",-6.82557,0,0,0,0.0264844,0,0.0330909,0,0,0.756867,0,0,0,0.560465,3.86952,0.117494,1.52192,0,0,0.4939,0.0326564,0,0,0,-14.238
"MtrElec",5,4,10,"",-13.6226,0,0,0,0.0264844,0,0.0330909,0,0,0.756867,0,0,0,0.478043,3.69747,0.0996915,1.43056,1.67419,0.208609,0.388234,0.0276324,0,0,0,-22.4435
"MtrElec",5,4,11,"",-18.3913,0,0,0,0.0264844,0,0.0330909,0,0,0.756867,0,0,0,0.445075,3.73425,0.078329,1.40418,2.97964,0.163978,0.605934,0.0263763,0,0,0,-28.6455
"MtrElec",5,4,12,"",-27.3332,0,0,0,0.0264844,0,0.0330909,0,0,0.756867,0,0,0,0.412106,3.73425,0.0534061,1.42706,0.296245,0.255928,0.276015,0.0364245,0,0,0,-34.6411
"MtrElec",5,4,13,"",-29.2597,0,0,0,0.0264844,0,0.0330909,0,0,0.756867,0,0,0,0.346169,3.76164,0.0427249,1.45755,1.41802,0.116581,0.285975,0.0439606,0,0,0,-37.5487
"MtrElec",5,4,14,"",-28.6988,0,0,0,0.0264844,0,0.0330909,0,0,0.756867,0,0,0,0.346169,3.83889,0.0391645,1.42634,1.0564,0.120787,0.596301,0.0401925,0,0,0,-36.9795
"MtrElec",5,4,15,"",-26.6606,0,0,0,0.0264844,0,0.0330909,0,0,0.756867,0,0,0,0.346169,3.95923,0.0391645,1.43287,0,0.25186,0.336868,0.0427045,0,0,0,-33.8859
"MtrElec",5,4,16,"",-19.8521,0,0,0,0.0264844,0,0.0330909,0,0,0.756867,0,0,0,0.428591,4.05943,0.0427249,1.44792,0,0.142283,1.64611,0.0653128,0,0,0,-28.5009
"MtrElec",5,4,17,"",-9.75311,0,0,0,0.0264844,0,0.0330909,0,0,0.756867,0,0,0,0.511012,4.53445,0.0676478,1.49988,0,0.695269,1.31413,0.144442,0,0,0,-19.3364
"MtrElec",5,4,18,"",2.55786,0,0,0,0.0264844,0,0.0330909,0,0,0.756867,0,0,0,0.725307,5.16397,0.131735,1.63351,0,0.555049,1.11286,0.242411,0,0,0,-7.82343
"MtrElec",5,4,19,"",7.84824,0,0,0,0.0264844,0,0.0330909,0,0,0.756867,0,0,0,1.38468,5.60689,0.17446,1.74969,0,0.47004,0,0.226083,0,0,0,-2.58004
"MtrElec",5,4,20,"",10.3804,0,0,0,0,0,0.0330909,0,0,0.756867,0,0,0,1.92866,5.90888,0.231427,1.73598,0,0,0,0.12309,0,0,0,-0.337546
"MtrElec",5,4,21,"",10.8423,0,0,0,0,0,0.0330909,0,0,0.756867,0,0,0,1.86272,6.16545,0.323997,1.64747,0,0,0,0.0527527,0,0,0,0
"MtrElec",5,4,22,"",10.4751,0,0,0,0,0,0.0330909,0,0,0.756867,0,0,0,1.58249,6.1446,0.373843,1.55912,0,0,0,0.0251203,0,0,0,0
"MtrElec",5,4,23,"",9.09,0,0,0,0,0,0.0330909,0,0,0.756867,0,0,0,1.03851,5.47151,0.323997,1.45095,0,0,0,0.0150722,0,0,0,0
"MtrElec",5,4,24,"",7.68157,0,0,0,0,0,0.0330909,0,0,0.756867,0,0,0,0.642886,4.68491,0.224306,1.32694,0,0,0,0.0125602,0,0,0,0
"MtrElec",5,5,1,"",6.41061,0,0,0,0,0,0.0330909,0,0,0.756867,0,0,0,0.379138,3.75994,0.163779,1.31151,0,0,0,0.00628008,0,0,0,0
"MtrElec",5,5,2,"",5.96379,0,0,0,0,0,0.0330909,0,0,0.756867,0,0,0,0.313201,3.40503,0.163779,1.2868,0,0,0,0.00502406,0,0,0,0
"MtrElec",5,5,3,"",5.71981,0,0,0,0,0,0.0330909,0,0,0.756867,0,0,0,0.247264,3.26854,0.163779,1.24525,0,0,0,0.00502406,0,0,0,0
"MtrElec",5,5,4,"",5.71119,0,0,0,0,0,0.0330909,0,0,0.756867,0,0,0,0.280232,3.24584,0.163779,1.22637,0,0,0,0.00502406,0,0,0,0
"MtrElec",5,5,5,"",5.59686,0,0,0,0,0,0.0330909,0,0,0.756867,0,0,0,0.346169,3.10021,0.163779,1.19172,0,0,0,0.00502406,0,0,0,0
"MtrElec",5,5,6,"",6.01553,0,0,0,0,0,0.0330909,0,0,0.756867,0,0,0,0.511012,3.33222,0.131735,1.23301,0,0,0,0.0175842,0,0,0,0
"MtrElec",5,5,7,"",5.53569,0,0,0,0,0,0.0330909,0,0,0.756867,0,0,0,0.692339,3.77798,0.124614,1.38552,0,0,0,0.0238643,0,0,0,-1.25858
"MtrElec",5,5,8,"",5.75094,0,0,0,0,0,0.0330909,0,0,0.756867,0,0,0,0.675855,4.0849,0.121054,1.50961,0,0,0,0.0314004,0,0,0,-1.46183
"MtrElec",5,5,9,"",1.89046,0,0,0,0.0264844,0,0.0330909,0,0,0.756867,0,0,0,0.560465,3.86952,0.117494,1.45483,0,0,0,0.0326564,0,0,0,-4.96096
"MtrElec",5,5,10,"",3.64958,0,0,0,0.0264844,0,0.0330909,0,0,0.756867,0,0,0,0.478043,3.69747,0.0996915,1.33752,0.939524,0,0.881802,0.0276324,0,0,0,-4.62855
"MtrElec",5,5,11,"",-1.90548,0,0,0,0.0264844,0,0.0330909,0,0,0.756867,0,0,0,0.445075,3.73425,0.078329,1.30694,1.5359,0.372447,0,0.0263763,0,0,0,-10.2212
"MtrElec",5,5,12,"",-8.49541,0,0,0,0.0264844,0,0.0330909,0,0,0.756867,0,0,0,0.412106,3.73425,0.0534061,1.32915,0,0,0,0.0364245,0,0,0,-14.8772
"MtrElec",5,5,13,"",-22.499,0,0,0,0.0264844,0,0.0330909,0,0,0.756867,0,0,0,0.346169,3.76164,0.0427249,1.37675,0,0,0,0.0439606,0,0,0,-28.8866
"MtrElec",5,5,14,"",-26.7335,0,0,0,0.0264844,0,0.0330909,0,0,0.756867,0,0,0,0.346169,3.83889,0.0391645,1.34848,0,0,0,0.0401925,0,0,0,-33.1629
"MtrElec",5,5,15,"",-21.7779,0,0,0,0.0264844,0,0.0330909,0,0,0.756867,0,0,0,0.346169,3.95923,0.0391645,1.3747,0,0,0,0.0427045,0,0,0,-28.3563
"MtrElec",5,5,16,"",-19.0122,0,0,0,0.0264844,0,0.0330909,0,0,0.756867,0,0,0,0.428591,4.05943,0.0427249,1.38901,0,0,0,0.0653128,0,0,0,-25.8137
"MtrElec",5,5,17,"",-11.2641,0,0,0,0.0264844,0,0.0330909,0,0,0.756867,0,0,0,0.511012,4.53445,0.0676478,1.42741,0,0,0,0.144442,0,0,0,-18.7655
"MtrElec",5,5,18,"",-0.848032,0,0,0,0.0264844,0,0.0330909,0,0,0.756867,0,0,0,0.725307,5.16397,0.131735,1.56306,0,0,0,0.242411,0,0,0,-9.49096
"MtrElec",5,5,19,"",7.14502,0,0,0,0.0264844,0,0.0330909,0,0,0.756867,0,0,0,1.38468,5.60689,0.17446,1.69376,0,0,0,0.226083,0,0,0,-2.75729
"MtrElec",5,5,20,"",12.8255,0,0,0,0,0,0.0330909,0,0,0.756867,0,0,0,1.92866,5.90888,0.231427,1.69755,2.47539,0,0,0.12309,0,0,0,-0.329473
"MtrElec",5,5,21,"",10.806,0,0,0,0,0,0.0330909,0,0,0.756867,0,0,0,1.86272,6.16545,0.323997,1.61115,0,0,0,0.0527527,0,0,0,0
"MtrElec",5,5,22,"",10.4423,0,0,0,0,0,0.0330909,0,0,0.756867,0,0,0,1.58249,6.1446,0.373843,1.52633,0,0,0,0.0251203,0,0,0,0
"MtrElec",5,5,23,"",9.06206,0,0,0,0,0,0.0330909,0,0,0.756867,0,0,0,1.03851,5.47151,0.323997,1.42301,0,0,0,0.0150722,0,0,0,0
"MtrElec",5,5,24,"",7.65395,0,0,0,0,0,0.0330909,0,0,0.756867,0,0,0,0.642886,4.68491,0.224306,1.29933,0,0,0,0.0125602,0,0,0,0
"MtrElec",5,6,1,"",6.38556,0,0,0,0,0,0.0330909,0,0,0.756867,0,0,0,0.379138,3.75994,0.163779,1.28646,0,0,0,0.00628008,0,0,0,0
"MtrElec",5,6,2,"",5.94066,0,0,0,0,0,0.0330909,0,0,0.756867,0,0,0,0.313201,3.40503,0.163779,1.26367,0,0,0,0.00502406,0,0,0,0
"MtrElec",5,6,3,"",5.69618,0,0,0,0,0,0.0330909,0,0,0.756867,0,0,0,0.247264,3.26854,0.163779,1.22162,0,0,0,0.00502406,0,0,0,0
"MtrElec",5,6,4,"",5.68829,0,0,0,0,0,0.0330909,0,0,0.756867,0,0,0,0.280232,3.24584,0.163779,1.20346,0,0,0,0.00502406,0,0,0,0
"MtrElec",5,6,5,"",5.57182,0,0,0,0,0,0.0330909,0,0,0.756867,0,0,0,0.346169,3.10021,0.163779,1.16668,0,0,0,0.00502406,0,0,0,0
"MtrElec",5,6,6,"",5.98631,0,0,0,0,0,0.0330909,0,0,0.756867,0,0,0,0.511012,3.33222,0.131735,1.2038,0,0,0,0.0175842,0,0,0,0
"MtrElec",5,6,7,"",6.7352,0,0,0,0,0,0.0330909,0,0,0.756867,0,0,0,0.692339,3.77798,0.124614,1.36218,0,0,0,0.0238643,0,0,0,-0.0357398
"MtrElec",5,6,8,"",6.10828,0,0,0,0,0,0.0330909,0,0,0.756867,0,0,0,0.675855,4.0849,0.121054,1.4976,0,0,0,0.0314004,0,0,0,-1.09249
"MtrElec",5,6,9,"",1.61941,0,0,0,0.0264844,0,0.0330909,0,0,0.756867,0,0,0,0.560465,3.86952,0.117494,1.44669,0,0,0,0.0326564,0,0,0,-5.22386
"MtrElec",5,6,10,"",-0.283922,0,0,0,0.0264844,0,0.0330909,0,0,0.756867,0,0,0,0.478043,3.69747,0.0996915,1.32896,0,0,0.882232,0.0276324,0,0,0,-7.6144
"MtrElec",5,6,11,"",-2.76361,0,0,0,0.0264844,0,0.0330909,0,0,0.756867,0,0,0,0.445075,3.73425,0.078329,1.29255,0,0.372628,0,0.0263763,0,0,0,-9.52926
"MtrElec",5,6,12,"",-0.779117,0,0,0,0.0264844,0,0.0330909,0,0,0.756867,0,0,0,0.412106,3.73425,0.0534061,1.31107,0,0,0,0.0364245,0,0,0,-7.14281
"MtrElec",5,6,13,"",-0.11576,0,0,0,0.0264844,0,0.0330909,0,0,0.756867,0,0,0,0.346169,3.76164,0.0427249,1.35564,0,0,0.285975,0.0439606,0,0,0,-6.76831
"MtrElec",5,6,14,"",-11.892,0,0,0,0.0264844,0,0.0330909,0,0,0.756867,0,0,0,0.346169,3.83889,0.0391645,1.31229,0,0.120787,1.47826,0.0401925,0,0,0,-19.8842
"MtrElec",5,6,15,"",-20.6536,0,0,0,0.0264844,0,0.0330909,0,0,0.756867,0,0,0,0.346169,3.95923,0.0391645,1.33755,0,0.624373,0,0.0427045,0,0,0,-27.8192
"MtrElec",5,6,16,"",-9.78844,0,0,0,0.0264844,0,0.0330909,0,0,0.756867,0,0,0,0.428591,4.05943,0.0427249,1.34276,0,0,0,0.0653128,0,0,0,-16.5437
"MtrElec",5,6,17,"",-12.7383,0,0,0,0.0264844,0,0.0330909,0,0,0.756867,0,0,0,0.511012,4.53445,0.0676478,1.36293,0,0,0,0.144442,0,0,0,-20.1752
"MtrElec",5,6,18,"",-3.09155,0,0,0,0.0264844,0,0.0330909,0,0,0.756867,0,0,0,0.725307,5.16397,0.131735,1.49484,0,0,0,0.242411,0,0,0,-11.6663
"MtrElec",5,6,19,"",8.30722,0,0,0,0.0264844,0,0.0330909,0,0,0.756867,0,0,0,1.38468,5.60689,0.17446,1.63353,1.71125,0,0,0.226083,0,0,0,-3.24611
"MtrElec",5,6,20,"",10.948,0,0,0,0,0,0.0330909,0,0,0.756867,0,0,0,1.92866,5.90888,0.231427,1.65096,0.762762,0,0,0.12309,0,0,0,-0.44774
"MtrElec",5,6,21,"",11.2972,0,0,0,0,0,0.0330909,0,0,0.756867,0,0,0,1.86272,6.16545,0.323997,1.5602,0.54211,0,0,0.0527527,0,0,0,0
"MtrElec",5,6,22,"",11.4275,0,0,0,0,0,0.0330909,0,0,0.756867,0,0,0,1.58249,6.1446,0.373843,1.4766,0.873087,0,0.161806,0.0251203,0,0,0,0
"MtrElec",5,6,23,"",10.5703,0,0,0,0,0,0.0330909,0,0,0.756867,0,0,0,1.03851,5.47151,0.323997,1.37706,1.06029,0.0683418,0.425533,0.0150722,0,0,0,0
"MtrElec",5,6,24,"",8.08071,0,0,0,0,0,0.0330909,0,0,0.756867,0,0,0,0.642886,4.68491,0.224306,1.25146,0,0.179732,0.294889,0.0125602,0,0,0,0
"MtrElec",5,7,1,"",6.46578,0,0,0,0,0,0.0330909,0,0,0.756867,0,0,0,0.379138,3.75994,0.163779,1.24213,0,0.124552,0,0.00628008,0,0,0,0
"MtrElec",5,7,2,"",7.59514,0,0,0,0,0,0.0330909,0,0,0.756867,0,0,0,0.313201,3.40503,0.163779,1.22051,1.69764,0,0,0.00502406,0,0,0,0
"MtrElec",5,7,3,"",6.42817,0,0,0,0,0,0.0330909,0,0,0.756867,0,0,0,0.247264,3.26854,0.163779,1.17569,0.777912,0,0,0.00502406,0,0,0,0
"MtrElec",5,7,4,"",5.64162,0,0,0,0,0,0.0330909,0,0,0.756867,0,0,0,0.280232,3.24584,0.163779,1.15679,0,0,0,0.00502406,0,0,0,0
"MtrElec",5,7,5,"",5.51748,0,0,0,0,0,0.0330909,0,0,0.756867,0,0,0,0.346169,3.10021,0.163779,1.11234,0,0,0,0.00502406,0,0,0,0
"MtrElec",5,7,6,"",5.91848,0,0,0,0,0,0.0330909,0,0,0.756867,0,0,0,0.511012,3.33222,0.131735,1.13597,0,0,0,0.0175842,0,0,0,0
"MtrElec",5,7,7,"",6.02541,0,0,0,0,0,0.0330909,0,0,0.756867,0,0,0,0.692339,3.77798,0.124614,1.30438,0,0,0,0.0238643,0,0,0,-0.687725
"MtrElec",5,7,8,"",3.46206,0,0,0,0,0,0.0330909,0,0,0.756867,0,0,0,0.675855,4.0849,0.121054,1.45639,0,0,0,0.0314004,0,0,0,-3.69749
"MtrElec",5,7,9,"",-0.52558,0,0,0,0.0264844,0,0.0330909,0,0,0.756867,0,0,0,0.560465,3.86952,0.117494,1.40405,2.62148,0,1.16908,0.0326564,0,0,0,-11.1168
"MtrElec",5,7,10,"",-5.36474,0,0,0,0.0264844,0,0.0330909,0,0,0.756867,0,0,0,0.478043,3.69747,0.0996915,1.28141,2.32894,0.493786,1.47712,0.0276324,0,0,0,-16.0653
"MtrElec",5,7,11,"",-12.4366,0,0,0,0.0264844,0,0.0330909,0,0,0.756867,0,0,0,0.445075,3.73425,0.078329,1.25463,0,0.623892,0.86176,0.0263763,0,0,0,-20.2774
"MtrElec",5,7,12,"",-6.09735,0,0,0,0.0264844,0,0.0330909,0,0,0.756867,0,0,0,0.412106,3.73425,0.0534061,1.27631,0,0.363982,0.020165,0.0364245,0,0,0,-12.8104
"MtrElec",5,7,13,"",-8.19314,0,0,0,0.0264844,0,0.0330909,0,0,0.756867,0,0,0,0.346169,3.76164,0.0427249,1.32947,0,0.00851711,0.412509,0.0439606,0,0,0,-14.9546
"MtrElec",5,7,14,"",-26.361,0,0,0,0.0264844,0,0.0330909,0,0,0.756867,0,0,0,0.346169,3.83889,0.0391645,1.29523,0,0.174231,0.469537,0.0401925,0,0,0,-33.3809
"MtrElec",5,7,15,"",-20.3273,0,0,0,0.0264844,0,0.0330909,0,0,0.756867,0,0,0,0.346169,3.95923,0.0391645,1.3319,0,0.198319,0,0.0427045,0,0,0,-27.0612
"MtrElec",5,7,16,"",-7.83755,0,0,0,0.0264844,0,0.0330909,0,0,0.756867,0,0,0,0.428591,4.05943,0.0427249,1.34156,1.26327,0,0,0.0653128,0,0,0,-15.8549
"MtrElec",5,7,17,"",0.366927,0,0,0,0.0264844,0,0.0330909,0,0,0.756867,0,0,0,0.511012,4.53445,0.0676478,1.362,1.21212,0,0,0.144442,0,0,0,-8.28118
"MtrElec",5,7,18,"",5.94718,0,0,0,0,0,0.0330909,0,0,0.756867,0,0,0,0.725307,5.16397,0.131735,1.49547,0,0,0.463257,0.242411,0,0,0,-3.06492
"MtrElec",5,7,19,"",10.0856,0,0,0,0,0,0.0330909,0,0,0.756867,0,0,0,1.38468,5.60689,0.17446,1.63525,0,0.195666,0.418981,0.226083,0,0,0,-0.346332
"MtrElec",5,7,20,"",10.8117,0,0,0,0,0,0.0330909,0,0,0.756867,0,0,0,1.92866,5.90888,0.231427,1.65273,0,0.176965,0,0.12309,0,0,0,0
"MtrElec",5,7,21,"",10.7576,0,0,0,0,0,0.0330909,0,0,0.756867,0,0,0,1.86272,6.16545,0.323997,1.56275,0,0,0,0.0527527,0,0,0,0
"MtrElec",5,7,22,"",11.827,0,0,0,0,0,0.0330909,0,0,0.756867,0,0,0,1.58249,6.1446,0.373843,1.48,1.26921,0,0.161806,0.0251203,0,0,0,0
"MtrElec",5,7,23,"",10.719,0,0,0,0,0,0.0330909,0,0,0.756867,0,0,0,1.03851,5.47151,0.323997,1.37973,1.20634,0.0683418,0.425533,0.0150722,0,0,0,0
"MtrElec",5,7,24,"",8.08157,0,0,0,0,0,0.0330909,0,0,0.756867,0,0,0,0.642886,4.68491,0.224306,1.25233,0,0.179732,0.294889,0.0125602,0,0,0,0
"MtrElec",5,8,1,"",6.46468,0,0,0,0,0,0.0330909,0,0,0.756867,0,0,0,0.379138,3.75994,0.163779,1.24103,0,0.124552,0,0.00628008,0,0,0,0
"MtrElec",5,8,2,"",5.89552,0,0,0,0,0,0.0330909,0,0,0.756867,0,0,0,0.313201,3.40503,0.163779,1.21853,0,0,0,0.00502406,0,0,0,0
"MtrElec",5,8,3,"",5.64671,0,0,0,0,0,0.0330909,0,0,0.756867,0,0,0,0.247264,3.26854,0.163779,1.17214,0,0,0,0.00502406,0,0,0,0
"MtrElec",5,8,4,"",5.63711,0,0,0,0,0,0.0330909,0,0,0.756867,0,0,0,0.280232,3.24584,0.163779,1.15228,0,0,0,0.00502406,0,0,0,0
"MtrElec",5,8,5,"",5.51209,0,0,0,0,0,0.0330909,0,0,0.756867,0,0,0,0.346169,3.10021,0.163779,1.10695,0,0,0,0.00502406,0,0,0,0
"MtrElec",5,8,6,"",5.91149,0,0,0,0,0,0.0330909,0,0,0.756867,0,0,0,0.511012,3.33222,0.131735,1.12897,0,0,0,0.0175842,0,0,0,0
"MtrElec",5,8,7,"",5.687,0,0,0,0,0,0.0330909,0,0,0.756867,0,0,0,0.692339,3.77798,0.124614,1.29785,0,0,0,0.0238643,0,0,0,-1.01961
"MtrElec",5,8,8,"",4.18659,0,0,0,0,0,0.0330909,0,0,0.756867,0,0,0,0.675855,4.0849,0.121054,1.45192,0,0,3.52778,0.0314004,0,0,0,-6.49627
"MtrElec",5,8,9,"",-7.47134,0,0,0,0.0264844,0,0.0330909,0,0,0.756867,0,0,0,0.560465,3.86952,0.117494,1.40448,0,1.49003,0,0.0326564,0,0,0,-15.7624
"MtrElec",5,8,10,"",-18.0167,0,0,0,0.0264844,0,0.0330909,0,0,0.756867,0,0,0,0.478043,3.69747,0.0996915,1.28883,0,0,0,0.0276324,0,0,0,-24.4248
"MtrElec",5,8,11,"",-21.6146,0,0,0,0.0264844,0,0.0330909,0,0,0.756867,0,0,0,0.445075,3.73425,0.078329,1.26184,0,0,3.52794,0.0263763,0,0,0,-31.5048
"MtrElec",5,8,12,"",-28.0023,0,0,0,0.0264844,0,0.0330909,0,0,0.756867,0,0,0,0.412106,3.73425,0.0534061,1.28391,0,1.4901,0,0.0364245,0,0,0,-35.8289
"MtrElec",5,8,13,"",-31.046,0,0,0,0.0264844,0,0.0330909,0,0,0.756867,0,0,0,0.346169,3.76164,0.0427249,1.33673,0,0,0,0.0439606,0,0,0,-37.3937
"MtrElec",5,8,14,"",-29.3205,0,0,0,0.0264844,0,0.0330909,0,0,0.756867,0,0,0,0.346169,3.83889,0.0391645,1.30175,0,0,0.881958,0.0401925,0,0,0,-36.5851
"MtrElec",5,8,15,"",-24.7693,0,0,0,0.0264844,0,0.0330909,0,0,0.756867,0,0,0,0.346169,3.95923,0.0391645,1.3377,0,0.372513,0.336868,0.0427045,0,0,0,-32.0201
"MtrElec",5,8,16,"",-14.3755,0,0,0,0.0264844,0,0.0330909,0,0,0.756867,0,0,0,0.428591,4.05943,0.0427249,1.3523,0,0.142283,0.545039,0.0653128,0,0,0,-21.8276
"MtrElec",5,8,17,"",-7.81079,0,0,0,0.0264844,0,0.0330909,0,0,0.756867,0,0,0,0.511012,4.53445,0.0676478,1.38474,0,0.230208,0,0.144442,0,0,0,-15.4997
"MtrElec",5,8,18,"",-2.69447,0,0,0,0.0264844,0,0.0330909,0,0,0.756867,0,0,0,0.725307,5.16397,0.131735,1.52353,0,0,0,0.242411,0,0,0,-11.2979
"MtrElec",5,8,19,"",8.50848,0,0,0,0,0,0.0330909,0,0,0.756867,0,0,0,1.38468,5.60689,0.17446,1.65999,1.71125,0,0,0.226083,0,0,0,-3.04483
"MtrElec",5,8,20,"",10.9453,0,0,0,0,0,0.0330909,0,0,0.756867,0,0,0,1.92866,5.90888,0.231427,1.67036,0.762762,0,0,0.12309,0,0,0,-0.469812
"MtrElec",5,8,21,"",10.7751,0,0,0,0,0,0.0330909,0,0,0.756867,0,0,0,1.86272,6.16545,0.323997,1.5802,0,0,0,0.0527527,0,0,0,0
"MtrElec",5,8,22,"",13.7417,0,0,0,0,0,0.0330909,0,0,0.756867,0,0,0,1.58249,6.1446,0.373843,1.49972,2.47431,0,0.851616,0.0251203,0,0,0,0
"MtrElec",5,8,23,"",9.43109,0,0,0,0,0,0.0330909,0,0,0.756867,0,0,0,1.03851,5.47151,0.323997,1.40184,0,0.359697,0.0305102,0.0150722,0,0,0,0
"MtrElec",5,8,24,"",7.64486,0,0,0,0,0,0.0330909,0,0,0.756867,0,0,0,0.642886,4.68491,0.224306,1.27735,0,0.0128866,0,0.0125602,0,0,0,0
"MtrElec",5,9,1,"",6.42772,0,0,0,0,0,0.0330909,0,0,0.756867,0,0,0,0.379138,3.77118,0.163779,1.31739,0,0,0,0.00628008,0,0,0,0
"MtrElec",5,9,2,"",5.98855,0,0,0,0,0,0.0330909,0,0,0.756867,0,0,0,0.313201,3.45279,0.163779,1.2638,0,0,0,0.00502406,0,0,0,0
"MtrElec",5,9,3,"",5.70238,0,0,0,0,0,0.0330909,0,0,0.756867,0,0,0,0.247264,3.25965,0.160218,1.24152,0,0,0,0.00376805,0,0,0,0
"MtrElec",5,9,4,"",5.69387,0,0,0,0,0,0.0330909,0,0,0.756867,0,0,0,0.280232,3.24818,0.160218,1.21151,0,0,0,0.00376805,0,0,0,0
"MtrElec",5,9,5,"",5.55957,0,0,0,0,0,0.0330909,0,0,0.756867,0,0,0,0.346169,3.09133,0.163779,1.16457,0,0,0,0.00376805,0,0,0,0
"MtrElec",5,9,6,"",5.94742,0,0,0,0,0,0.0330909,0,0,0.756867,0,0,0,0.511012,3.32334,0.160218,1.15662,0,0,0,0.00628008,0,0,0,0
"MtrElec",5,9,7,"",5.03153,0,0,0,0,0,0.0330909,0,0,0.756867,0,0,0,0.692339,3.69604,0.156658,1.17729,0,0,0,0.0125602,0,0,0,-1.49331
"MtrElec",5,9,8,"",4.75393,0,0,0,0,0,0.0330909,0,0,0.756867,0,0,0,0.675855,3.99172,0.145977,1.28071,1.15916,0,0,0.0339124,0,0,0,-3.32336
"MtrElec",5,9,9,"",0.817106,0,0,0,0.0264844,0,0.0330909,0,0,0.756867,0,0,0,0.560465,3.84423,0.128175,1.48111,1.31639,0,0,0.0602888,0,0,0,-7.39
"MtrElec",5,9,10,"",-10.3484,0,0,0,0.0264844,0,0.0330909,0,0,0.756867,0,0,0,0.478043,3.77424,0.106812,1.42938,0,0,0,0.0602888,0,0,0,-17.0137
"MtrElec",5,9,11,"",-16.4679,0,0,0,0.0264844,0,0.0330909,0,0,0.756867,0,0,0,0.445075,3.83373,0.0854498,1.40836,0.853184,0,1.14911,0.0577767,0,0,0,-25.117
"MtrElec",5,9,12,"",-22.284,0,0,0,0.0264844,0,0.0330909,0,0,0.756867,0,0,0,0.412106,3.76819,0.0569666,1.43539,1.62204,0.485349,0.615137,0.0690809,0,0,0,-31.5647
"MtrElec",5,9,13,"",-28.4566,0,0,0,0.0264844,0,0.0330909,0,0,0.756867,0,0,0,0.346169,3.75017,0.0427249,1.46448,0.752665,0.259816,0,0.079129,0,0,0,-35.9682
"MtrElec",5,9,14,"",-27.1401,0,0,0,0.0264844,0,0.0330909,0,0,0.756867,0,0,0,0.346169,3.86395,0.0391645,1.48367,1.7221,0,0,0.0741049,0,0,0,-35.4857
"MtrElec",5,9,15,"",-25.8599,0,0,0,0.0264844,0,0.0330909,0,0,0.756867,0,0,0,0.346169,4.04116,0.0391645,1.46201,0,0,0,0.077873,0,0,0,-32.6427
"MtrElec",5,9,16,"",-16.5618,0,0,0,0.0264844,0,0.0330909,0,0,0.756867,0,0,0,0.428591,4.24344,0.0427249,1.51563,0,0,0,0.0854091,0,0,0,-23.694
"MtrElec",5,9,17,"",-3.20966,0,0,0,0.0264844,0,0.0330909,0,0,0.756867,0,0,0,0.511012,4.70721,0.0676478,1.46437,0,0,0,0.114297,0,0,0,-10.8906
"MtrElec",5,9,18,"",-1.61563,0,0,0,0.0264844,0,0.0330909,0,0,0.756867,0,0,0,0.725307,5.23209,0.135296,1.56027,0,0,0,0.174586,0,0,0,-10.2596
"MtrElec",5,9,19,"",6.49028,0,0,0,0.0264844,0,0.0330909,0,0,0.756867,0,0,0,1.38468,5.59307,0.1709,1.70297,0,0,0,0.162026,0,0,0,-3.33981
"MtrElec",5,9,20,"",10.0547,0,0,0,0,0,0.0330909,0,0,0.756867,0,0,0,1.92866,5.8157,0.213625,1.66329,0,0,0,0.0904331,0,0,0,-0.44697
"MtrElec",5,9,21,"",10.6245,0,0,0,0,0,0.0330909,0,0,0.756867,0,0,0,1.86272,6.02686,0.295514,1.60922,0,0,0,0.0401925,0,0,0,0
"MtrElec",5,9,22,"",12.0404,0,0,0,0,0,0.0330909,0,0,0.756867,0,0,0,1.58249,5.99477,0.34892,1.54273,0,0,1.76393,0.0175842,0,0,0,0
"MtrElec",5,9,23,"",10.5577,0,0,0,0,0,0.0330909,0,0,0.756867,0,0,0,1.03851,5.39216,0.302635,1.396,0,0.745033,0.882053,0.0113041,0,0,0,0
"MtrElec",5,9,24,"",8.05483,0,0,0,0,0,0.0330909,0,0,0.756867,0,0,0,0.642886,4.59479,0.210064,1.43829,0,0.372553,0,0.00628008,0,0,0,0
"MtrElec",5,10,1,"",6.42708,0,0,0,0,0,0.0330909,0,0,0.756867,0,0,0,0.379138,3.77118,0.163779,1.31675,0,0,0,0.00628008,0,0,0,0
"MtrElec",5,10,2,"",5.98755,0,0,0,0,0,0.0330909,0,0,0.756867,0,0,0,0.313201,3.45279,0.163779,1.2628,0,0,0,0.00502406,0,0,0,0
"MtrElec",5,10,3,"",5.70105,0,0,0,0,0,0.0330909,0,0,0.756867,0,0,0,0.247264,3.25965,0.160218,1.24019,0,0,0,0.00376805,0,0,0,0
"MtrElec",5,10,4,"",5.69272,0,0,0,0,0,0.0330909,0,0,0.756867,0,0,0,0.280232,3.24818,0.160218,1.21036,0,0,0,0.00376805,0,0,0,0
"MtrElec",5,10,5,"",5.55865,0,0,0,0,0,0.0330909,0,0,0.756867,0,0,0,0.346169,3.09133,0.163779,1.16365,0,0,0,0.00376805,0,0,0,0
"MtrElec",5,10,6,"",5.94707,0,0,0,0,0,0.0330909,0,0,0.756867,0,0,0,0.511012,3.32334,0.160218,1.15627,0,0,0,0.00628008,0,0,0,0
"MtrElec",5,10,7,"",6.84185,0,0,0,0,0,0.0330909,0,0,0.756867,0,0,0,0.692339,3.69604,0.156658,1.17769,0,0,0.881985,0.0125602,0,0,0,-0.565389
"MtrElec",5,10,8,"",4.98479,0,0,0,0,0,0.0330909,0,0,0.756867,0,0,0,0.675855,3.99172,0.145977,1.28217,0,0.372524,0.685678,0.0339124,0,0,0,-2.99301
"MtrElec",5,10,9,"",2.73154,0,0,0,0.0264844,0,0.0330909,0,0,0.756867,0,0,0,0.560465,3.84423,0.128175,1.48144,0,0.28961,2.80449,0.0602888,0,0,0,-7.25359
"MtrElec",5,10,10,"",-1.08646,0,0,0,0.0264844,0,0.0330909,0,0,0.756867,0,0,0,0.478043,3.77424,0.106812,1.43367,0,1.18453,0.402467,0.0602888,0,0,0,-9.34295
"MtrElec",5,10,11,"",-9.7946,0,0,0,0.0264844,0,0.0330909,0,0,0.756867,0,0,0,0.445075,3.83373,0.0854498,1.41823,0,0.16999,0.186987,0.0577767,0,0,0,-16.8083
"MtrElec",5,10,12,"",-11.5325,0,0,0,0.0264844,0,0.0330909,0,0,0.756867,0,0,0,0.412106,3.76819,0.0569666,1.44343,4.94929,0.0789775,0.698123,0.0690809,0,0,0,-23.8251
"MtrElec",5,10,13,"",-19.1012,0,0,0,0.0264844,0,0.0330909,0,0,0.756867,0,0,0,0.346169,3.75017,0.0427249,1.47547,0,0.294866,0.716504,0.079129,0,0,0,-26.6227
"MtrElec",5,10,14,"",-24.7383,0,0,0,0.0264844,0,0.0330909,0,0,0.756867,0,0,0,0.346169,3.86395,0.0391645,1.49989,0,0.30263,0.680497,0.0741049,0,0,0,-32.3611
"MtrElec",5,10,15,"",-25.0354,0,0,0,0.0264844,0,0.0330909,0,0,0.756867,0,0,0,0.346169,4.04116,0.0391645,1.48062,0,0.287422,0,0.077873,0,0,0,-32.1242
"MtrElec",5,10,16,"",-19.5239,0,0,0,0.0264844,0,0.0330909,0,0,0.756867,0,0,0,0.428591,4.24344,0.0427249,1.53079,0,0,0.410019,0.0854091,0,0,0,-27.0813
"MtrElec",5,10,17,"",-11.5995,0,0,0,0.0264844,0,0.0330909,0,0,0.756867,0,0,0,0.511012,4.70721,0.0676478,1.49094,0,0.17318,0.472187,0.114297,0,0,0,-19.9524
"MtrElec",5,10,18,"",-2.33853,0,0,0,0.0264844,0,0.0330909,0,0,0.756867,0,0,0,0.725307,5.23209,0.135296,1.59046,0,0.199438,0,0.174586,0,0,0,-11.2121
"MtrElec",5,10,19,"",6.89927,0,0,0,0.0264844,0,0.0330909,0,0,0.756867,0,0,0,1.38468,5.59307,0.1709,1.72664,0,0,0,0.162026,0,0,0,-2.95449
"MtrElec",5,10,20,"",12.9257,0,0,0,0,0,0.0330909,0,0,0.756867,0,0,0,1.92866,5.8157,0.213625,1.6945,2.47456,0,0.361887,0.0904331,0,0,0,-0.443576
"MtrElec",5,10,21,"",11.3374,0,0,0,0,0,0.0330909,0,0,0.756867,0,0,0,1.86272,6.02686,0.295514,1.64929,0,0.15285,0.520064,0.0401925,0,0,0,0
"MtrElec",5,10,22,"",10.5344,0,0,0,0,0,0.0330909,0,0,0.756867,0,0,0,1.58249,5.99477,0.34892,1.58098,0,0.219659,0,0.0175842,0,0,0,0
"MtrElec",5,10,23,"",8.98081,0,0,0,0,0,0.0330909,0,0,0.756867,0,0,0,1.03851,5.39216,0.302635,1.44625,0,0,0,0.0113041,0,0,0,0
"MtrElec",5,10,24,"",7.71214,0,0,0,0,0,0.0330909,0,0,0.756867,0,0,0,0.642886,4.59479,0.210064,1.46816,0,0,0,0.00628008,0,0,0,0
"MtrElec",5,11,1,"",6.40821,0,0,0,0,0,0.0330909,0,0,0.756867,0,0,0,0.379138,3.75994,0.163779,1.30911,0,0,0,0.00628008,0,0,0,0
"MtrElec",5,11,2,"",5.95865,0,0,0,0,0,0.0330909,0,0,0.756867,0,0,0,0.313201,3.40503,0.163779,1.28166,0,0,0,0.00502406,0,0,0,0
"MtrElec",5,11,3,"",5.71369,0,0,0,0,0,0.0330909,0,0,0.756867,0,0,0,0.247264,3.26854,0.163779,1.23912,0,0,0,0.00502406,0,0,0,0
"MtrElec",5,11,4,"",5.70483,0,0,0,0,0,0.0330909,0,0,0.756867,0,0,0,0.280232,3.24584,0.163779,1.22,0,0,0,0.00502406,0,0,0,0
"MtrElec",5,11,5,"",5.58952,0,0,0,0,0,0.0330909,0,0,0.756867,0,0,0,0.346169,3.10021,0.163779,1.18438,0,0,0,0.00502406,0,0,0,0
"MtrElec",5,11,6,"",6.00645,0,0,0,0,0,0.0330909,0,0,0.756867,0,0,0,0.511012,3.33222,0.131735,1.22394,0,0,0,0.0175842,0,0,0,0
"MtrElec",5,11,7,"",5.18802,0,0,0,0,0,0.0330909,0,0,0.756867,0,0,0,0.692339,3.77798,0.124614,1.37779,0,0,0,0.0238643,0,0,0,-1.59852
"MtrElec",5,11,8,"",-0.35194,0,0,0,0.0264844,0,0.0330909,0,0,0.756867,0,0,0,0.675855,4.0849,0.121054,1.50895,0,0,0,0.0314004,0,0,0,-7.59054
"MtrElec",5,11,9,"",-7.17896,0,0,0,0.0264844,0,0.0330909,0,0,0.756867,0,0,0,0.560465,3.86952,0.117494,1.45969,1.26088,0,0.881806,0.0326564,0,0,0,-16.1779
"MtrElec",5,11,10,"",-13.4548,0,0,0,0.0264844,0,0.0330909,0,0,0.756867,0,0,0,0.478043,3.69747,0.0996915,1.34847,1.69955,0.372449,0,0.0276324,0,0,0,-21.9946
"MtrElec",5,11,11,"",-17.5189,0,0,0,0.0264844,0,0.0330909,0,0,0.756867,0,0,0,0.445075,3.73425,0.078329,1.31614,1.69357,0,0.443457,0.0263763,0,0,0,-26.0726
"MtrElec",5,11,12,"",-26.9017,0,0,0,0.0264844,0,0.0330909,0,0,0.756867,0,0,0,0.412106,3.73425,0.0534061,1.33223,0.296245,0.187303,1.32029,0.0364245,0,0,0,-35.0904
"MtrElec",5,11,13,"",-29.2089,0,0,0,0.0264844,0,0.0330909,0,0,0.756867,0,0,0,0.346169,3.76164,0.0427249,1.37892,0,0.55765,0.412509,0.0439606,0,0,0,-36.569
"MtrElec",5,11,14,"",-29.1191,0,0,0,0.0264844,0,0.0330909,0,0,0.756867,0,0,0,0.346169,3.83889,0.0391645,1.35359,0,0.174231,0.469537,0.0401925,0,0,0,-36.1973
"MtrElec",5,11,15,"",-24.5119,0,0,0,0.0264844,0,0.0330909,0,0,0.756867,0,0,0,0.346169,3.95923,0.0391645,1.37843,0,0.198319,0,0.0427045,0,0,0,-31.2923
"MtrElec",5,11,16,"",-18.5316,0,0,0,0.0264844,0,0.0330909,0,0,0.756867,0,0,0,0.428591,4.05943,0.0427249,1.39127,0,0,0.882163,0.0653128,0,0,0,-26.2176
"MtrElec",5,11,17,"",-12.2312,0,0,0,0.0264844,0,0.0330909,0,0,0.756867,0,0,0,0.511012,4.53445,0.0676478,1.42889,0,0.372599,0.881924,0.144442,0,0,0,-20.9886
"MtrElec",5,11,18,"",0.189926,0,0,0,0.0264844,0,0.0330909,0,0,0.756867,0,0,0,0.725307,5.16397,0.131735,1.56513,1.49164,0.372498,1.34531,0.242411,0,0,0,-11.6645
"MtrElec",5,11,19,"",8.83448,0,0,0,0.0264844,0,0.0330909,0,0,0.756867,0,0,0,1.38468,5.60689,0.17446,1.69619,0.98377,0.568217,0.418981,0.226083,0,0,0,-3.04123
"MtrElec",5,11,20,"",10.4241,0,0,0,0,0,0.0330909,0,0,0.756867,0,0,0,1.92866,5.90888,0.231427,1.70009,0,0.176965,0,0.12309,0,0,0,-0.434982
"MtrElec",5,11,21,"",10.8069,0,0,0,0,0,0.0330909,0,0,0.756867,0,0,0,1.86272,6.16545,0.323997,1.61198,0,0,0,0.0527527,0,0,0,0
"MtrElec",5,11,22,"",12.5938,0,0,0,0,0,0.0330909,0,0,0.756867,0,0,0,1.58249,6.1446,0.373843,1.52639,1.26921,0,0.882198,0.0251203,0,0,0,0
"MtrElec",5,11,23,"",10.6417,0,0,0,0,0,0.0330909,0,0,0.756867,0,0,0,1.03851,5.47151,0.323997,1.4237,1.20634,0.372614,0,0.0150722,0,0,0,0
"MtrElec",5,11,24,"",7.65471,0,0,0,0,0,0.0330909,0,0,0.756867,0,0,0,0.642886,4.68491,0.224306,1.30009,0,0,0,0.0125602,0,0,0,0
"MtrElec",5,12,1,"",7.26805,0,0,0,0,0,0.0330909,0,0,0.756867,0,0,0,0.379138,3.75994,0.163779,1.28689,0,0,0.882062,0.00628008,0,0,0,0
"MtrElec",5,12,2,"",8.01162,0,0,0,0,0,0.0330909,0,0,0.756867,0,0,0,0.313201,3.40503,0.163779,1.26444,1.69764,0.372557,0,0.00502406,0,0,0,0
"MtrElec",5,12,3,"",6.47612,0,0,0,0,0,0.0330909,0,0,0.756867,0,0,0,0.247264,3.26854,0.163779,1.22364,0.777912,0,0,0.00502406,0,0,0,0
"MtrElec",5,12,4,"",5.68997,0,0,0,0,0,0.0330909,0,0,0.756867,0,0,0,0.280232,3.24584,0.163779,1.20514,0,0,0,0.00502406,0,0,0,0
"MtrElec",5,12,5,"",5.57193,0,0,0,0,0,0.0330909,0,0,0.756867,0,0,0,0.346169,3.10021,0.163779,1.16679,0,0,0,0.00502406,0,0,0,0
"MtrElec",5,12,6,"",5.98467,0,0,0,0,0,0.0330909,0,0,0.756867,0,0,0,0.511012,3.33222,0.131735,1.20216,0,0,0,0.0175842,0,0,0,0
"MtrElec",5,12,7,"",5.07548,0,0,0,0,0,0.0330909,0,0,0.756867,0,0,0,0.692339,3.77798,0.124614,1.3596,0,0,0,0.0238643,0,0,0,-1.69287
"MtrElec",5,12,8,"",3.98487,0,0,0,0,0,0.0330909,0,0,0.756867,0,0,0,0.675855,4.0849,0.121054,1.49472,0,0,0,0.0314004,0,0,0,-3.21302
"MtrElec",5,12,9,"",2.79857,0,0,0,0.0264844,0,0.0330909,0,0,0.756867,0,0,0,0.560465,3.86952,0.117494,1.44335,0,0,0.4939,0.0326564,0,0,0,-4.53526
"MtrElec",5,12,10,"",-0.816696,0,0,0,0.0264844,0,0.0330909,0,0,0.756867,0,0,0,0.478043,3.69747,0.0996915,1.32725,0.484958,0.208609,1.74669,0.0276324,0,0,0,-9.70348
"MtrElec",5,12,11,"",-11.0285,0,0,0,0.0264844,0,0.0330909,0,0,0.756867,0,0,0,0.445075,3.73425,0.078329,1.29853,1.69357,0.737748,0.405362,0.0263763,0,0,0,-20.2642
"MtrElec",5,12,12,"",-23.9158,0,0,0,0.0264844,0,0.0330909,0,0,0.756867,0,0,0,0.412106,3.73425,0.0534061,1.31973,0.296245,0.171213,0,0.0364245,0,0,0,-30.7556
"MtrElec",5,12,13,"",-28.1524,0,0,0,0.0264844,0,0.0330909,0,0,0.756867,0,0,0,0.346169,3.76164,0.0427249,1.37131,1.41802,0,0,0.0439606,0,0,0,-35.9527
"MtrElec",5,12,14,"",-28.7182,0,0,0,0.0264844,0,0.0330909,0,0,0.756867,0,0,0,0.346169,3.83889,0.0391645,1.34351,1.0564,0,0,0.0401925,0,0,0,-36.199
"MtrElec",5,12,15,"",-27.1216,0,0,0,0.0264844,0,0.0330909,0,0,0.756867,0,0,0,0.346169,3.95923,0.0391645,1.3703,0,0,0,0.0427045,0,0,0,-33.6956
"MtrElec",5,12,16,"",-20.9159,0,0,0,0.0264844,0,0.0330909,0,0,0.756867,0,0,0,0.428591,4.05943,0.0427249,1.38395,0,0,0.882163,0.0653128,0,0,0,-28.5945
"MtrElec",5,12,17,"",-12.2469,0,0,0,0.0264844,0,0.0330909,0,0,0.756867,0,0,0,0.511012,4.53445,0.0676478,1.42257,0,0.372599,0.881924,0.144442,0,0,0,-20.998
"MtrElec",5,12,18,"",-1.81367,0,0,0,0.0264844,0,0.0330909,0,0,0.756867,0,0,0,0.725307,5.16397,0.131735,1.56196,0,0.372498,0.882049,0.242411,0,0,0,-11.71
"MtrElec",5,12,19,"",7.2512,0,0,0,0.0264844,0,0.0330909,0,0,0.756867,0,0,0,1.38468,5.60689,0.17446,1.69384,0,0.372551,0,0.226083,0,0,0,-3.02375
"MtrElec",5,12,20,"",10.1885,0,0,0,0,0,0.0330909,0,0,0.756867,0,0,0,1.92866,5.90888,0.231427,1.69646,0,0,0,0.12309,0,0,0,-0.489983
"MtrElec",5,12,21,"",10.8047,0,0,0,0,0,0.0330909,0,0,0.756867,0,0,0,1.86272,6.16545,0.323997,1.60983,0,0,0,0.0527527,0,0,0,0
"MtrElec",5,12,22,"",11.3262,0,0,0,0,0,0.0330909,0,0,0.756867,0,0,0,1.58249,6.1446,0.373843,1.52816,0,0,0.882062,0.0251203,0,0,0,0
"MtrElec",5,12,23,"",9.43842,0,0,0,0,0,0.0330909,0,0,0.756867,0,0,0,1.03851,5.47151,0.323997,1.42681,0,0.372557,0,0.0150722,0,0,0,0
"MtrElec",5,12,24,"",7.65991,0,0,0,0,0,0.0330909,0,0,0.756867,0,0,0,0.642886,4.68491,0.224306,1.30529,0,0,0,0.0125602,0,0,0,0
"MtrElec",5,13,1,"",6.38846,0,0,0,0,0,0.0330909,0,0,0.756867,0,0,0,0.379138,3.75994,0.163779,1.28937,0,0,0,0.00628008,0,0,0,0
"MtrElec",5,13,2,"",5.94073,0,0,0,0,0,0.0330909,0,0,0.756867,0,0,0,0.313201,3.40503,0.163779,1.26373,0,0,0,0.00502406,0,0,0,0
"MtrElec",5,13,3,"",5.69426,0,0,0,0,0,0.0330909,0,0,0.756867,0,0,0,0.247264,3.26854,0.163779,1.21969,0,0,0,0.00502406,0,0,0,0
"MtrElec",5,13,4,"",5.68449,0,0,0,0,0,0.0330909,0,0,0.756867,0,0,0,0.280232,3.24584,0.163779,1.19967,0,0,0,0.00502406,0,0,0,0
"MtrElec",5,13,5,"",5.56524,0,0,0,0,0,0.0330909,0,0,0.756867,0,0,0,0.346169,3.10021,0.163779,1.1601,0,0,0,0.00502406,0,0,0,0
"MtrElec",5,13,6,"",5.97522,0,0,0,0,0,0.0330909,0,0,0.756867,0,0,0,0.511012,3.33222,0.131735,1.1927,0,0,0,0.0175842,0,0,0,0
"MtrElec",5,13,7,"",5.71518,0,0,0,0,0,0.0330909,0,0,0.756867,0,0,0,0.692339,3.77798,0.124614,1.35023,0,0,0,0.0238643,0,0,0,-1.0438
"MtrElec",5,13,8,"",0.375699,0,0,0,0,0,0.0330909,0,0,0.756867,0,0,0,0.675855,4.0849,0.121054,1.48711,0,0,0,0.0314004,0,0,0,-6.81458
"MtrElec",5,13,9,"",-6.90506,0,0,0,0.0264844,0,0.0330909,0,0,0.756867,0,0,0,0.560465,3.86952,0.117494,1.43912,1.26088,0,1.51004,0.0326564,0,0,0,-16.5117
"MtrElec",5,13,10,"",-14.9243,0,0,0,0.0264844,0,0.0330909,0,0,0.756867,0,0,0,0.478043,3.69747,0.0996915,1.3298,1.21459,0.637794,2.01845,0.0276324,0,0,0,-25.2442
"MtrElec",5,13,11,"",-24.8991,0,0,0,0.0264844,0,0.0330909,0,0,0.756867,0,0,0,0.445075,3.73425,0.078329,1.30569,0,0.852531,0,0.0263763,0,0,0,-32.1578
"MtrElec",5,13,12,"",-29.8192,0,0,0,0.0264844,0,0.0330909,0,0,0.756867,0,0,0,0.412106,3.73425,0.0534061,1.32827,0,0,0,0.0364245,0,0,0,-36.2001
"MtrElec",5,13,13,"",-30.8541,0,0,0,0.0264844,0,0.0330909,0,0,0.756867,0,0,0,0.346169,3.76164,0.0427249,1.37751,0,0,0.412509,0.0439606,0,0,0,-37.655
"MtrElec",5,13,14,"",-30.5149,0,0,0,0.0264844,0,0.0330909,0,0,0.756867,0,0,0,0.346169,3.83889,0.0391645,1.35251,0,0.174231,0.469537,0.0401925,0,0,0,-37.5921
"MtrElec",5,13,15,"",-28.0335,0,0,0,0.0264844,0,0.0330909,0,0,0.756867,0,0,0,0.346169,3.95923,0.0391645,1.37638,0,0.198319,0,0.0427045,0,0,0,-34.8119
"MtrElec",5,13,16,"",-21.1436,0,0,0,0.0264844,0,0.0330909,0,0,0.756867,0,0,0,0.428591,4.05943,0.0427249,1.3879,1.26327,0,0,0.0653128,0,0,0,-29.2072
"MtrElec",5,13,17,"",-12.5641,0,0,0,0.0264844,0,0.0330909,0,0,0.756867,0,0,0,0.511012,4.53445,0.0676478,1.42567,1.21212,0,0,0.144442,0,0,0,-21.2758
"MtrElec",5,13,18,"",-2.73814,0,0,0,0.0264844,0,0.0330909,0,0,0.756867,0,0,0,0.725307,5.16397,0.131735,1.56434,0,0,0.463257,0.242411,0,0,0,-11.8456
"MtrElec",5,13,19,"",7.3968,0,0,0,0.0264844,0,0.0330909,0,0,0.756867,0,0,0,1.38468,5.60689,0.17446,1.6984,0,0.195666,0.418981,0.226083,0,0,0,-3.1248
"MtrElec",5,13,20,"",10.3452,0,0,0,0,0,0.0330909,0,0,0.756867,0,0,0,1.92866,5.90888,0.231427,1.70425,0,0.176965,0,0.12309,0,0,0,-0.51802
"MtrElec",5,13,21,"",10.8181,0,0,0,0,0,0.0330909,0,0,0.756867,0,0,0,1.86272,6.16545,0.323997,1.62325,0,0,0,0.0527527,0,0,0,0
"MtrElec",5,13,22,"",10.7864,0,0,0,0,0,0.0330909,0,0,0.756867,0,0,0,1.58249,6.1446,0.373843,1.54676,0,0,0.323611,0.0251203,0,0,0,0
"MtrElec",5,13,23,"",10.0746,0,0,0,0,0,0.0330909,0,0,0.756867,0,0,0,1.03851,5.47151,0.323997,1.4478,0,0.136684,0.851065,0.0150722,0,0,0,0
"MtrElec",5,13,24,"",8.63641,0,0,0,0,0,0.0330909,0,0,0.756867,0,0,0,0.642886,4.68491,0.224306,1.33255,0,0.359465,0.589777,0.0125602,0,0,0,0
"MtrElec",5,14,1,"",6.66091,0,0,0,0,0,0.0330909,0,0,0.756867,0,0,0,0.379138,3.75994,0.163779,1.31271,0,0.249104,0,0.00628008,0,0,0,0
"MtrElec",5,14,2,"",5.96052,0,0,0,0,0,0.0330909,0,0,0.756867,0,0,0,0.313201,3.40503,0.163779,1.28353,0,0,0,0.00502406,0,0,0,0
"MtrElec",5,14,3,"",5.71361,0,0,0,0,0,0.0330909,0,0,0.756867,0,0,0,0.247264,3.26854,0.163779,1.23905,0,0,0,0.00502406,0,0,0,0
"MtrElec",5,14,4,"",5.70302,0,0,0,0,0,0.0330909,0,0,0.756867,0,0,0,0.280232,3.24584,0.163779,1.21819,0,0,0,0.00502406,0,0,0,0
"MtrElec",5,14,5,"",5.58588,0,0,0,0,0,0.0330909,0,0,0.756867,0,0,0,0.346169,3.10021,0.163779,1.18073,0,0,0,0.00502406,0,0,0,0
"MtrElec",5,14,6,"",6.00031,0,0,0,0,0,0.0330909,0,0,0.756867,0,0,0,0.511012,3.33222,0.131735,1.21779,0,0,0,0.0175842,0,0,0,0
"MtrElec",5,14,7,"",4.89073,0,0,0,0,0,0.0330909,0,0,0.756867,0,0,0,0.692339,3.77798,0.124614,1.37118,0,0,0,0.0238643,0,0,0,-1.88921
"MtrElec",5,14,8,"",-1.33886,0,0,0,0.0264844,0,0.0330909,0,0,0.756867,0,0,0,0.675855,4.0849,0.121054,1.50126,0,0,0,0.0314004,0,0,0,-8.56976
"MtrElec",5,14,9,"",-6.93616,0,0,0,0.0264844,0,0.0330909,0,0,0.756867,0,0,0,0.560465,3.86952,0.117494,1.44945,1.3606,0,0.574556,0.0326564,0,0,0,-15.7173
"MtrElec",5,14,10,"",-5.74781,0,0,0,0.0264844,0,0.0330909,0,0,0.756867,0,0,0,0.478043,3.69747,0.0996915,1.33779,2.53883,0.242675,1.18978,0.0276324,0,0,0,-16.1762
"MtrElec",5,14,11,"",-15.708,0,0,0,0.0264844,0,0.0330909,0,0,0.756867,0,0,0,0.445075,3.73425,0.078329,1.30745,3.22947,0.502528,0.86176,0.0263763,0,0,0,-26.7097
"MtrElec",5,14,12,"",-28.5799,0,0,0,0.0264844,0,0.0330909,0,0,0.756867,0,0,0,0.412106,3.73425,0.0534061,1.3213,0.296245,0.363982,0.020165,0.0364245,0,0,0,-35.6342
"MtrElec",5,14,13,"",-30.7465,0,0,0,0.0264844,0,0.0330909,0,0,0.756867,0,0,0,0.346169,3.76164,0.0427249,1.36881,0,0.00851711,0,0.0439606,0,0,0,-37.1348
"MtrElec",5,14,14,"",-29.7331,0,0,0,0.0264844,0,0.0330909,0,0,0.756867,0,0,0,0.346169,3.83889,0.0391645,1.3387,0,0,0,0.0401925,0,0,0,-36.1527
"MtrElec",5,14,15,"",-26.3134,0,0,0,0.0264844,0,0.0330909,0,0,0.756867,0,0,0,0.346169,3.95923,0.0391645,1.36592,0,0,0,0.0427045,0,0,0,-32.883
"MtrElec",5,14,16,"",-20.0842,0,0,0,0.0264844,0,0.0330909,0,0,0.756867,0,0,0,0.428591,4.05943,0.0427249,1.38003,0,0,0.882163,0.0653128,0,0,0,-27.7589
"MtrElec",5,14,17,"",-11.8342,0,0,0,0.0264844,0,0.0330909,0,0,0.756867,0,0,0,0.511012,4.53445,0.0676478,1.4192,0,0.372599,0.881924,0.144442,0,0,0,-20.5819
"MtrElec",5,14,18,"",-1.80419,0,0,0,0.0264844,0,0.0330909,0,0,0.756867,0,0,0,0.725307,5.16397,0.131735,1.56009,0,0.372498,0.882049,0.242411,0,0,0,-11.6987
"MtrElec",5,14,19,"",7.02947,0,0,0,0.0264844,0,0.0330909,0,0,0.756867,0,0,0,1.38468,5.60689,0.17446,1.69247,0,0.372551,0,0.226083,0,0,0,-3.2441
"MtrElec",5,14,20,"",10.0427,0,0,0,0,0,0.0330909,0,0,0.756867,0,0,0,1.92866,5.90888,0.231427,1.69442,0,0,0,0.12309,0,0,0,-0.633721
"MtrElec",5,14,21,"",10.7985,0,0,0,0,0,0.0330909,0,0,0.756867,0,0,0,1.86272,6.16545,0.323997,1.6036,0,0,0,0.0527527,0,0,0,0
"MtrElec",5,14,22,"",10.4343,0,0,0,0,0,0.0330909,0,0,0.756867,0,0,0,1.58249,6.1446,0.373843,1.5183,0,0,0,0.0251203,0,0,0,0
"MtrElec",5,14,23,"",9.05591,0,0,0,0,0,0.0330909,0,0,0.756867,0,0,0,1.03851,5.47151,0.323997,1.41687,0,0,0,0.0150722,0,0,0,0
"MtrElec",5,14,24,"",7.64685,0,0,0,0,0,0.0330909,0,0,0.756867,0,0,0,0.642886,4.68491,0.224306,1.29223,0,0,0,0.0125602,0,0,0,0
"MtrElec",5,15,1,"",6.37828,0,0,0,0,0,0.0330909,0,0,0.756867,0,0,0,0.379138,3.75994,0.163779,1.27919,0,0,0,0.00628008,0,0,0,0
"MtrElec",5,15,2,"",5.93334,0,0,0,0,0,0.0330909,0,0,0.756867,0,0,0,0.313201,3.40503,0.163779,1.25635,0,0,0,0.00502406,0,0,0,0
"MtrElec",5,15,3,"",5.68762,0,0,0,0,0,0.0330909,0,0,0.756867,0,0,0,0.247264,3.26854,0.163779,1.21306,0,0,0,0.00502406,0,0,0,0
"MtrElec",5,15,4,"",5.67878,0,0,0,0,0,0.0330909,0,0,0.756867,0,0,0,0.280232,3.24584,0.163779,1.19395,0,0,0,0.00502406,0,0,0,0
"MtrElec",5,15,5,"",5.55994,0,0,0,0,0,0.0330909,0,0,0.756867,0,0,0,0.346169,3.10021,0.163779,1.1548,0,0,0,0.00502406,0,0,0,0
"MtrElec",5,15,6,"",5.97032,0,0,0,0,0,0.0330909,0,0,0.756867,0,0,0,0.511012,3.33222,0.131735,1.18781,0,0,0,0.0175842,0,0,0,0
"MtrElec",5,15,7,"",5.42482,0,0,0,0,0,0.0330909,0,0,0.756867,0,0,0,0.692339,3.77798,0.124614,1.34752,0,0,0,0.0238643,0,0,0,-1.33146
"MtrElec",5,15,8,"",1.95494,0,0,0,0,0,0.0330909,0,0,0.756867,0,0,0,0.675855,4.0849,0.121054,1.48608,0,0,0.881945,0.0314004,0,0,0,-6.11625
"MtrElec",5,15,9,"",-5.04861,0,0,0,0.0264844,0,0.0330909,0,0,0.756867,0,0,0,0.560465,3.86952,0.117494,1.43569,0,0.372507,0,0.0326564,0,0,0,-12.2534
"MtrElec",5,15,10,"",-13.7218,0,0,0,0.0264844,0,0.0330909,0,0,0.756867,0,0,0,0.478043,3.69747,0.0996915,1.31517,0.484958,0,0,0.0276324,0,0,0,-20.6412
"MtrElec",5,15,11,"",-21.1882,0,0,0,0.0264844,0,0.0330909,0,0,0.756867,0,0,0,0.445075,3.73425,0.078329,1.28022,1.69357,0,0.881985,0.0263763,0,0,0,-30.1444
"MtrElec",5,15,12,"",-27.2808,0,0,0,0.0264844,0,0.0330909,0,0,0.756867,0,0,0,0.412106,3.73425,0.0534061,1.29498,0.296245,0.372524,0,0.0364245,0,0,0,-34.2971
"MtrElec",5,15,13,"",-30.8594,0,0,0,0.0264844,0,0.0330909,0,0,0.756867,0,0,0,0.346169,3.76164,0.0427249,1.3445,0,0,0.285975,0.0439606,0,0,0,-37.5008
"MtrElec",5,15,14,"",-28.4922,0,0,0,0.0264844,0,0.0330909,0,0,0.756867,0,0,0,0.346169,3.83889,0.0391645,1.31098,0,0.120787,1.92773,0.0401925,0,0,0,-36.9325
"MtrElec",5,15,15,"",-25.7999,0,0,0,0.0264844,0,0.0330909,0,0,0.756867,0,0,0,0.346169,3.95923,0.0391645,1.34047,0,0.814214,0.868033,0.0427045,0,0,0,-34.0263
"MtrElec",5,15,16,"",-20.5452,0,0,0,0.0264844,0,0.0330909,0,0,0.756867,0,0,0,0.428591,4.05943,0.0427249,1.34932,0,0.366631,1.32877,0.0653128,0,0,0,-29.0024
"MtrElec",5,15,17,"",-12.2148,0,0,0,0.0264844,0,0.0330909,0,0,0.756867,0,0,0,0.511012,4.53445,0.0676478,1.37436,0,0.561234,0.881924,0.144442,0,0,0,-21.1063
"MtrElec",5,15,18,"",-1.73411,0,0,0,0.0264844,0,0.0330909,0,0,0.756867,0,0,0,0.725307,5.16397,0.131735,1.50956,0,0.372498,0.882049,0.242411,0,0,0,-11.5781
"MtrElec",5,15,19,"",8.74697,0,0,0,0.0264844,0,0.0330909,0,0,0.756867,0,0,0,1.38468,5.60689,0.17446,1.64838,1.71125,0.372551,0,0.226083,0,0,0,-3.19377
"MtrElec",5,15,20,"",10.8429,0,0,0,0,0,0.0330909,0,0,0.756867,0,0,0,1.92866,5.90888,0.231427,1.66354,0.762762,0,0,0.12309,0,0,0,-0.565439
"MtrElec",5,15,21,"",10.7662,0,0,0,0,0,0.0330909,0,0,0.756867,0,0,0,1.86272,6.16545,0.323997,1.57127,0,0,0,0.0527527,0,0,0,0
"MtrElec",5,15,22,"",10.4045,0,0,0,0,0,0.0330909,0,0,0.756867,0,0,0,1.58249,6.1446,0.373843,1.4885,0,0,0,0.0251203,0,0,0,0
"MtrElec",5,15,23,"",9.02831,0,0,0,0,0,0.0330909,0,0,0.756867,0,0,0,1.03851,5.47151,0.323997,1.38926,0,0,0,0.0150722,0,0,0,0
"MtrElec",5,15,24,"",7.61965,0,0,0,0,0,0.0330909,0,0,0.756867,0,0,0,0.642886,4.68491,0.224306,1.26503,0,0,0,0.0125602,0,0,0,0
"MtrElec",5,16,1,"",8.89266,0,0,0,0,0,0.0330909,0,0,0.756867,0,0,0,0.379138,3.77118,0.163779,1.30663,2.4757,0,0,0.00628008,0,0,0,0
"MtrElec",5,16,2,"",5.97671,0,0,0,0,0,0.0330909,0,0,0.756867,0,0,0,0.313201,3.45279,0.163779,1.25196,0,0,0,0.00502406,0,0,0,0
"MtrElec",5,16,3,"",5.68891,0,0,0,0,0,0.0330909,0,0,0.756867,0,0,0,0.247264,3.25965,0.160218,1.22804,0,0,0,0.00376805,0,0,0,0
"MtrElec",5,16,4,"",5.67862,0,0,0,0,0,0.0330909,0,0,0.756867,0,0,0,0.280232,3.24818,0.160218,1.19626,0,0,0,0.00376805,0,0,0,0
"MtrElec",5,16,5,"",5.54058,0,0,0,0,0,0.0330909,0,0,0.756867,0,0,0,0.346169,3.09133,0.163779,1.14558,0,0,0,0.00376805,0,0,0,0
"MtrElec",5,16,6,"",5.92614,0,0,0,0,0,0.0330909,0,0,0.756867,0,0,0,0.511012,3.32334,0.160218,1.13533,0,0,0,0.00628008,0,0,0,0
"MtrElec",5,16,7,"",5.18011,0,0,0,0,0,0.0330909,0,0,0.756867,0,0,0,0.692339,3.69604,0.156658,1.15027,0,0,0,0.0125602,0,0,0,-1.31771
"MtrElec",5,16,8,"",0.217268,0,0,0,0,0,0.0330909,0,0,0.756867,0,0,0,0.675855,3.99172,0.145977,1.26123,0,0,0,0.0339124,0,0,0,-6.68138
"MtrElec",5,16,9,"",-8.78457,0,0,0,0.0264844,0,0.0330909,0,0,0.756867,0,0,0,0.560465,3.84423,0.128175,1.47353,0,0,0,0.0602888,0,0,0,-15.6677
"MtrElec",5,16,10,"",-17.3157,0,0,0,0.0264844,0,0.0330909,0,0,0.756867,0,0,0,0.478043,3.77424,0.106812,1.42739,0,0,0,0.0602888,0,0,0,-23.9789
"MtrElec",5,16,11,"",-23.1996,0,0,0,0.0264844,0,0.0330909,0,0,0.756867,0,0,0,0.445075,3.83373,0.0854498,1.40942,0,0,0.426691,0.0577767,0,0,0,-30.2741
"MtrElec",5,16,12,"",-27.0496,0,0,0,0.0264844,0,0.0330909,0,0,0.756867,0,0,0,0.412106,3.76819,0.0569666,1.43313,0,0.180221,0.455059,0.0690809,0,0,0,-34.2408
"MtrElec",5,16,13,"",-28.1025,0,0,0,0.0264844,0,0.0330909,0,0,0.756867,0,0,0,0.346169,3.75017,0.0427249,1.45676,0,0.192203,0.882003,0.079129,0,0,0,-35.6681
"MtrElec",5,16,14,"",-28.0514,0,0,0,0.0264844,0,0.0330909,0,0,0.756867,0,0,0,0.346169,3.86395,0.0391645,1.4765,0,0.372532,0,0.0741049,0,0,0,-35.0403
"MtrElec",5,16,15,"",-24.9796,0,0,0,0.0264844,0,0.0330909,0,0,0.756867,0,0,0,0.346169,4.04116,0.0391645,1.45491,0,0,0.882055,0.077873,0,0,0,-32.6373
"MtrElec",5,16,16,"",-20.1865,0,0,0,0.0264844,0,0.0330909,0,0,0.756867,0,0,0,0.428591,4.24344,0.0427249,1.50928,0,0.372554,0,0.0854091,0,0,0,-27.685
"MtrElec",5,16,17,"",-12.7133,0,0,0,0.0264844,0,0.0330909,0,0,0.756867,0,0,0,0.511012,4.70721,0.0676478,1.45843,0,0,0,0.114297,0,0,0,-20.3883
"MtrElec",5,16,18,"",-1.39251,0,0,0,0.0264844,0,0.0330909,0,0,0.756867,0,0,0,0.725307,5.23209,0.135296,1.5589,0,0,0.882206,0.174586,0,0,0,-10.9173
"MtrElec",5,16,19,"",7.46941,0,0,0,0.0264844,0,0.0330909,0,0,0.756867,0,0,0,1.38468,5.59307,0.1709,1.7045,0,0.372617,0.408911,0.162026,0,0,0,-3.14374
"MtrElec",5,16,20,"",10.4487,0,0,0,0,0,0.0330909,0,0,0.756867,0,0,0,1.92866,5.8157,0.213625,1.6687,0,0.172712,0.473138,0.0904331,0,0,0,-0.704273
"MtrElec",5,16,21,"",12.4414,0,0,0,0,0,0.0330909,0,0,0.756867,0,0,0,1.86272,6.02686,0.295514,1.61767,1.34073,0.199839,0.2679,0.0401925,0,0,0,0
"MtrElec",5,16,22,"",12.1452,0,0,0,0,0,0.0330909,0,0,0.756867,0,0,0,1.58249,5.99477,0.34892,1.55072,1.13329,0.113153,0.614301,0.0175842,0,0,0,0
"MtrElec",5,16,23,"",9.20029,0,0,0,0,0,0.0330909,0,0,0.756867,0,0,0,1.03851,5.39216,0.302635,1.40626,0,0.259462,0,0.0113041,0,0,0,0
"MtrElec",5,16,24,"",7.68741,0,0,0,0,0,0.0330909,0,0,0.756867,0,0,0,0.642886,4.59479,0.210064,1.44343,0,0,0,0.00628008,0,0,0,0
"MtrElec",5,17,1,"",6.43219,0,0,0,0,0,0.0330909,0,0,0.756867,0,0,0,0.379138,3.77118,0.163779,1.32186,0,0,0,0.00628008,0,0,0,0
"MtrElec",5,17,2,"",5.99175,0,0,0,0,0,0.0330909,0,0,0.756867,0,0,0,0.313201,3.45279,0.163779,1.267,0,0,0,0.00502406,0,0,0,0
"MtrElec",5,17,3,"",5.70502,0,0,0,0,0,0.0330909,0,0,0.756867,0,0,0,0.247264,3.25965,0.160218,1.24416,0,0,0,0.00376805,0,0,0,0
"MtrElec",5,17,4,"",5.69615,0,0,0,0,0,0.0330909,0,0,0.756867,0,0,0,0.280232,3.24818,0.160218,1.21379,0,0,0,0.00376805,0,0,0,0
"MtrElec",5,17,5,"",5.56182,0,0,0,0,0,0.0330909,0,0,0.756867,0,0,0,0.346169,3.09133,0.163779,1.16682,0,0,0,0.00376805,0,0,0,0
"MtrElec",5,17,6,"",5.9495,0,0,0,0,0,0.0330909,0,0,0.756867,0,0,0,0.511012,3.32334,0.160218,1.1587,0,0,0,0.00628008,0,0,0,0
"MtrElec",5,17,7,"",4.93621,0,0,0,0,0,0.0330909,0,0,0.756867,0,0,0,0.692339,3.69604,0.156658,1.17945,0,0,0,0.0125602,0,0,0,-1.59079
"MtrElec",5,17,8,"",0.183672,0,0,0,0.0264844,0,0.0330909,0,0,0.756867,0,0,0,0.675855,3.99172,0.145977,1.28651,0,0,0,0.0339124,0,0,0,-6.76675
"MtrElec",5,17,9,"",-2.22269,0,0,0,0.0264844,0,0.0330909,0,0,0.756867,0,0,0,0.560465,3.84423,0.128175,1.48663,0,0,0.88205,0.0602888,0,0,0,-10.001
"MtrElec",5,17,10,"",-5.63909,0,0,0,0.0264844,0,0.0330909,0,0,0.756867,0,0,0,0.478043,3.77424,0.106812,1.43933,0,0.372551,0,0.0602888,0,0,0,-12.6868
"MtrElec",5,17,11,"",-8.22017,0,0,0,0.0264844,0,0.0330909,0,0,0.756867,0,0,0,0.445075,3.83373,0.0854498,1.42014,0,0,0.321263,0.0577767,0,0,0,-15.2
"MtrElec",5,17,12,"",-6.35684,0,0,0,0.0264844,0,0.0330909,0,0,0.756867,0,0,0,0.412106,3.76819,0.0569666,1.44503,1.15919,0.135692,0.560613,0.0690809,0,0,0,-14.7802
"MtrElec",5,17,13,"",-24.2972,0,0,0,0.0264844,0,0.0330909,0,0,0.756867,0,0,0,0.346169,3.75017,0.0427249,1.47029,2.53333,0.236786,0,0.079129,0,0,0,-33.5723
"MtrElec",5,17,14,"",-28.4521,0,0,0,0.0264844,0,0.0330909,0,0,0.756867,0,0,0,0.346169,3.86395,0.0391645,1.48783,1.25715,0,0,0.0741049,0,0,0,-36.3369
"MtrElec",5,17,15,"",-26.6265,0,0,0,0.0264844,0,0.0330909,0,0,0.756867,0,0,0,0.346169,4.04116,0.0391645,1.46178,0,0,0.504077,0.077873,0,0,0,-33.9131
"MtrElec",5,17,16,"",-20.3758,0,0,0,0.0264844,0,0.0330909,0,0,0.756867,0,0,0,0.428591,4.24344,0.0427249,1.51195,0,0.212907,0.867945,0.0854091,0,0,0,-28.5852
"MtrElec",5,17,17,"",-12.1885,0,0,0,0.0264844,0,0.0330909,0,0,0.756867,0,0,0,0.511012,4.70721,0.0676478,1.4592,0,0.366594,0.875203,0.114297,0,0,0,-21.1061
"MtrElec",5,17,18,"",0.871592,0,0,0,0.0264844,0,0.0330909,0,0,0.756867,0,0,0,0.725307,5.23209,0.135296,1.55544,2.47509,0.36966,1.28077,0.174586,0,0,0,-11.8931
"MtrElec",5,17,19,"",8.08256,0,0,0,0.0264844,0,0.0330909,0,0,0.756867,0,0,0,1.38468,5.59307,0.1709,1.69986,0,0.540961,0.882107,0.162026,0,0,0,-3.16749
"MtrElec",5,17,20,"",11.6385,0,0,0,0,0,0.0330909,0,0,0.756867,0,0,0,1.92866,5.8157,0.213625,1.66018,1.24133,0.372576,0.102667,0.0904331,0,0,0,-0.57666
"MtrElec",5,17,21,"",13.036,0,0,0,0,0,0.0330909,0,0,0.756867,0,0,0,1.86272,6.02686,0.295514,1.60363,1.23252,0.0433635,1.14125,0.0401925,0,0,0,0
"MtrElec",5,17,22,"",11.2682,0,0,0,0,0,0.0330909,0,0,0.756867,0,0,0,1.58249,5.99477,0.34892,1.53222,0,0.482028,0.520187,0.0175842,0,0,0,0
"MtrElec",5,17,23,"",9.13391,0,0,0,0,0,0.0330909,0,0,0.756867,0,0,0,1.03851,5.39216,0.302635,1.37964,0,0.219712,0,0.0113041,0,0,0,0
"MtrElec",5,17,24,"",7.67292,0,0,0,0,0,0.0330909,0,0,0.756867,0,0,0,0.642886,4.59479,0.210064,1.42894,0,0,0,0.00628008,0,0,0,0
"MtrElec",5,18,1,"",6.35124,0,0,0,0,0,0.0330909,0,0,0.756867,0,0,0,0.379138,3.75994,0.163779,1.25214,0,0,0,0.00628008,0,0,0,0
"MtrElec",5,18,2,"",7.60777,0,0,0,0,0,0.0330909,0,0,0.756867,0,0,0,0.313201,3.40503,0.163779,1.23314,1.69764,0,0,0.00502406,0,0,0,0
"MtrElec",5,18,3,"",6.44386,0,0,0,0,0,0.0330909,0,0,0.756867,0,0,0,0.247264,3.26854,0.163779,1.19138,0.777912,0,0,0.00502406,0,0,0,0
"MtrElec",5,18,4,"",5.65925,0,0,0,0,0,0.0330909,0,0,0.756867,0,0,0,0.280232,3.24584,0.163779,1.17442,0,0,0,0.00502406,0,0,0,0
"MtrElec",5,18,5,"",5.53925,0,0,0,0,0,0.0330909,0,0,0.756867,0,0,0,0.346169,3.10021,0.163779,1.13411,0,0,0,0.00502406,0,0,0,0
"MtrElec",5,18,6,"",5.94704,0,0,0,0,0,0.0330909,0,0,0.756867,0,0,0,0.511012,3.33222,0.131735,1.16453,0,0,0,0.0175842,0,0,0,0
"MtrElec",5,18,7,"",5.52307,0,0,0,0,0,0.0330909,0,0,0.756867,0,0,0,0.692339,3.77798,0.124614,1.32991,0,0,0,0.0238643,0,0,0,-1.2156
"MtrElec",5,18,8,"",0.606055,0,0,0,0,0,0.0330909,0,0,0.756867,0,0,0,0.675855,4.0849,0.121054,1.47881,0,0,0,0.0314004,0,0,0,-6.57592
"MtrElec",5,18,9,"",-8.48835,0,0,0,0.0264844,0,0.0330909,0,0,0.756867,0,0,0,0.560465,3.86952,0.117494,1.43217,0,0,0,0.0326564,0,0,0,-15.3171
"MtrElec",5,18,10,"",-15.9838,0,0,0,0.0264844,0,0.0330909,0,0,0.756867,0,0,0,0.478043,3.69747,0.0996915,1.31811,0.484958,0,0,0.0276324,0,0,0,-22.9062
"MtrElec",5,18,11,"",-21.8357,0,0,0,0.0264844,0,0.0330909,0,0,0.756867,0,0,0,0.445075,3.73425,0.078329,1.29406,1.69357,0,0,0.0263763,0,0,0,-29.9238
"MtrElec",5,18,12,"",-28.6738,0,0,0,0.0264844,0,0.0330909,0,0,0.756867,0,0,0,0.412106,3.73425,0.0534061,1.31692,0.296245,0,0,0.0364245,0,0,0,-35.3396
"MtrElec",5,18,13,"",-31.3679,0,0,0,0.0264844,0,0.0330909,0,0,0.756867,0,0,0,0.346169,3.76164,0.0427249,1.36562,0,0,0,0.0439606,0,0,0,-37.7445
"MtrElec",5,18,14,"",-27.7896,0,0,0,0.0264844,0,0.0330909,0,0,0.756867,0,0,0,0.346169,3.83889,0.0391645,1.33396,2.06423,0,0.881958,0.0401925,0,0,0,-37.1506
"MtrElec",5,18,15,"",-26.5645,0,0,0,0.0264844,0,0.0330909,0,0,0.756867,0,0,0,0.346169,3.95923,0.0391645,1.36307,0.412812,0.372513,0,0.0427045,0,0,0,-33.9166
"MtrElec",5,18,16,"",-20.0264,0,0,0,0.0264844,0,0.0330909,0,0,0.756867,0,0,0,0.428591,4.05943,0.0427249,1.37831,0,0,1.45811,0.0653128,0,0,0,-28.2753
"MtrElec",5,18,17,"",-10.8787,0,0,0,0.0264844,0,0.0330909,0,0,0.756867,0,0,0,0.511012,4.53445,0.0676478,1.41937,0.530617,0.615862,1.18825,0.144442,0,0,0,-20.7068
"MtrElec",5,18,18,"",0.28952,0,0,0,0.0264844,0,0.0330909,0,0,0.756867,0,0,0,0.725307,5.16397,0.131735,1.56432,1.9438,0.501882,0.882049,0.242411,0,0,0,-11.6824
"MtrElec",5,18,19,"",8.92463,0,0,0,0.0264844,0,0.0330909,0,0,0.756867,0,0,0,1.38468,5.60689,0.17446,1.70488,1.71125,0.372551,0,0.226083,0,0,0,-3.0726
"MtrElec",5,18,20,"",10.9151,0,0,0,0,0,0.0330909,0,0,0.756867,0,0,0,1.92866,5.90888,0.231427,1.71063,0.762762,0,0,0.12309,0,0,0,-0.5403
"MtrElec",5,18,21,"",10.8224,0,0,0,0,0,0.0330909,0,0,0.756867,0,0,0,1.86272,6.16545,0.323997,1.62747,0,0,0,0.0527527,0,0,0,0
"MtrElec",5,18,22,"",10.4646,0,0,0,0,0,0.0330909,0,0,0.756867,0,0,0,1.58249,6.1446,0.373843,1.54862,0,0,0,0.0251203,0,0,0,0
"MtrElec",5,18,23,"",9.31341,0,0,0,0,0,0.0330909,0,0,0.756867,0,0,0,1.03851,5.47151,0.323997,1.44934,0,0,0.225027,0.0150722,0,0,0,0
"MtrElec",5,18,24,"",8.44116,0,0,0,0,0,0.0330909,0,0,0.756867,0,0,0,0.642886,4.68491,0.224306,1.33461,0,0.0950445,0.656879,0.0125602,0,0,0,0
"MtrElec",5,19,1,"",6.69209,0,0,0,0,0,0.0330909,0,0,0.756867,0,0,0,0.379138,3.75994,0.163779,1.31554,0,0.277446,0,0.00628008,0,0,0,0
"MtrElec",5,19,2,"",5.96439,0,0,0,0,0,0.0330909,0,0,0.756867,0,0,0,0.313201,3.40503,0.163779,1.2874,0,0,0,0.00502406,0,0,0,0
"MtrElec",5,19,3,"",5.71881,0,0,0,0,0,0.0330909,0,0,0.756867,0,0,0,0.247264,3.26854,0.163779,1.24424,0,0,0,0.00502406,0,0,0,0
"MtrElec",5,19,4,"",5.70903,0,0,0,0,0,0.0330909,0,0,0.756867,0,0,0,0.280232,3.24584,0.163779,1.22421,0,0,0,0.00502406,0,0,0,0
"MtrElec",5,19,5,"",5.59342,0,0,0,0,0,0.0330909,0,0,0.756867,0,0,0,0.346169,3.10021,0.163779,1.18828,0,0,0,0.00502406,0,0,0,0
"MtrElec",5,19,6,"",6.01015,0,0,0,0,0,0.0330909,0,0,0.756867,0,0,0,0.511012,3.33222,0.131735,1.22763,0,0,0,0.0175842,0,0,0,0
"MtrElec",5,19,7,"",5.66824,0,0,0,0,0,0.0330909,0,0,0.756867,0,0,0,0.692339,3.77798,0.124614,1.37511,0,0,0,0.0238643,0,0,0,-1.11562
"MtrElec",5,19,8,"",0.597781,0,0,0,0,0,0.0330909,0,0,0.756867,0,0,0,0.675855,4.0849,0.121054,1.50928,0,0,0,0.0314004,0,0,0,-6.61467
"MtrElec",5,19,9,"",-8.55742,0,0,0,0.0264844,0,0.0330909,0,0,0.756867,0,0,0,0.560465,3.86952,0.117494,1.46887,0,0,0,0.0326564,0,0,0,-15.4229
"MtrElec",5,19,10,"",-15.8824,0,0,0,0.0264844,0,0.0330909,0,0,0.756867,0,0,0,0.478043,3.69747,0.0996915,1.3712,0,0,0.476651,0.0276324,0,0,0,-22.8496
"MtrElec",5,19,11,"",-21.2921,0,0,0,0.0264844,0,0.0330909,0,0,0.756867,0,0,0,0.445075,3.73425,0.078329,1.34647,0,0.201323,0.405362,0.0263763,0,0,0,-28.3457
"MtrElec",5,19,12,"",-26.5876,0,0,0,0.0264844,0,0.0330909,0,0,0.756867,0,0,0,0.412106,3.73425,0.0534061,1.37212,0,0.171213,0,0.0364245,0,0,0,-33.1835
"MtrElec",5,19,13,"",-29.686,0,0,0,0.0264844,0,0.0330909,0,0,0.756867,0,0,0,0.346169,3.76164,0.0427249,1.41872,0,0,0,0.0439606,0,0,0,-36.1157
"MtrElec",5,19,14,"",-30.0663,0,0,0,0.0264844,0,0.0330909,0,0,0.756867,0,0,0,0.346169,3.83889,0.0391645,1.39652,0,0,0,0.0401925,0,0,0,-36.5436
"MtrElec",5,19,15,"",-26.3782,0,0,0,0.0264844,0,0.0330909,0,0,0.756867,0,0,0,0.346169,3.95923,0.0391645,1.41374,0,0,1.0106,0.0427045,0,0,0,-34.0063
"MtrElec",5,19,16,"",-19.6766,0,0,0,0.0264844,0,0.0330909,0,0,0.756867,0,0,0,0.428591,4.05943,0.0427249,1.43212,0,0.426849,1.63512,0.0653128,0,0,0,-28.5832
"MtrElec",5,19,17,"",-12.7289,0,0,0,0.0264844,0,0.0330909,0,0,0.756867,0,0,0,0.511012,4.53445,0.0676478,1.49096,0,0.690625,0,0.144442,0,0,0,-20.9844
"MtrElec",5,19,18,"",-3.02348,0,0,0,0.0264844,0,0.0330909,0,0,0.756867,0,0,0,0.725307,5.16397,0.131735,1.64002,0,0,0,0.242411,0,0,0,-11.7434
"MtrElec",5,19,19,"",6.92851,0,0,0,0.0264844,0,0.0330909,0,0,0.756867,0,0,0,1.38468,5.60689,0.17446,1.76534,0,0,0,0.226083,0,0,0,-3.04538
"MtrElec",5,19,20,"",10.53,0,0,0,0,0,0.0330909,0,0,0.756867,0,0,0,1.92866,5.90888,0.231427,1.75808,0,0,0.340795,0.12309,0,0,0,-0.550845
"MtrElec",5,19,21,"",11.566,0,0,0,0,0,0.0330909,0,0,0.756867,0,0,0,1.86272,6.16545,0.323997,1.68597,0,0.143941,0.541242,0.0527527,0,0,0,0
"MtrElec",5,19,22,"",15.6061,0,0,0,0,0,0.0330909,0,0,0.756867,0,0,0,1.58249,6.1446,0.373843,1.61706,3.28043,0.228605,1.56403,0.0251203,0,0,0,0
"MtrElec",5,19,23,"",11.6902,0,0,0,0,0,0.0330909,0,0,0.756867,0,0,0,1.03851,5.47151,0.323997,1.52229,1.66837,0.6606,0.199916,0.0150722,0,0,0,0
"MtrElec",5,19,24,"",7.8631,0,0,0,0,0,0.0330909,0,0,0.756867,0,0,0,0.642886,4.68491,0.224306,1.42404,0,0.0844386,0,0.0125602,0,0,0,0
"MtrElec",5,20,1,"",6.48924,0,0,0,0,0,0.0330909,0,0,0.756867,0,0,0,0.379138,3.75994,0.163779,1.39014,0,0,0,0.00628008,0,0,0,0
"MtrElec",5,20,2,"",7.72495,0,0,0,0,0,0.0330909,0,0,0.756867,0,0,0,0.313201,3.40503,0.163779,1.35033,1.69764,0,0,0.00502406,0,0,0,0
"MtrElec",5,20,3,"",6.56095,0,0,0,0,0,0.0330909,0,0,0.756867,0,0,0,0.247264,3.26854,0.163779,1.30847,0.777912,0,0,0.00502406,0,0,0,0
"MtrElec",5,20,4,"",5.77187,0,0,0,0,0,0.0330909,0,0,0.756867,0,0,0,0.280232,3.24584,0.163779,1.28704,0,0,0,0.00502406,0,0,0,0
"MtrElec",5,20,5,"",5.66207,0,0,0,0,0,0.0330909,0,0,0.756867,0,0,0,0.346169,3.10021,0.163779,1.25693,0,0,0,0.00502406,0,0,0,0
"MtrElec",5,20,6,"",6.09052,0,0,0,0,0,0.0330909,0,0,0.756867,0,0,0,0.511012,3.33222,0.131735,1.30801,0,0,0,0.0175842,0,0,0,0
"MtrElec",5,20,7,"",5.70706,0,0,0,0,0,0.0330909,0,0,0.756867,0,0,0,0.692339,3.77798,0.124614,1.4396,0,0,0,0.0238643,0,0,0,-1.1413
"MtrElec",5,20,8,"",0.759452,0,0,0,0,0,0.0330909,0,0,0.756867,0,0,0,0.675855,4.0849,0.121054,1.55708,0,0,0,0.0314004,0,0,0,-6.50079
"MtrElec",5,20,9,"",-6.86459,0,0,0,0.0264844,0,0.0330909,0,0,0.756867,0,0,0,0.560465,3.86952,0.117494,1.52018,0,0,1.20278,0.0326564,0,0,0,-14.9841
"MtrElec",5,20,10,"",-12.8733,0,0,0,0.0264844,0,0.0330909,0,0,0.756867,0,0,0,0.478043,3.69747,0.0996915,1.43631,0,0.50802,2.326,0.0276324,0,0,0,-22.2629
"MtrElec",5,20,11,"",-20.7518,0,0,0,0.0264844,0,0.0330909,0,0,0.756867,0,0,0,0.445075,3.73425,0.078329,1.4164,0,0.982431,0.580873,0.0263763,0,0,0,-28.832
"MtrElec",5,20,12,"",-26.7814,0,0,0,0.0264844,0,0.0330909,0,0,0.756867,0,0,0,0.412106,3.73425,0.0534061,1.44184,0,0.245343,0.301168,0.0364245,0,0,0,-33.8224
"MtrElec",5,20,13,"",-29.681,0,0,0,0.0264844,0,0.0330909,0,0,0.756867,0,0,0,0.346169,3.76164,0.0427249,1.47482,0,0.127204,0,0.0439606,0,0,0,-36.2939
"MtrElec",5,20,14,"",-28.8932,0,0,0,0.0264844,0,0.0330909,0,0,0.756867,0,0,0,0.346169,3.83889,0.0391645,1.45478,0,0,0.881958,0.0401925,0,0,0,-36.3108
"MtrElec",5,20,15,"",-26.3965,0,0,0,0.0264844,0,0.0330909,0,0,0.756867,0,0,0,0.346169,3.95923,0.0391645,1.46132,0,0.372513,0,0.0427045,0,0,0,-33.434
"MtrElec",5,20,16,"",-21.093,0,0,0,0.0264844,0,0.0330909,0,0,0.756867,0,0,0,0.428591,4.05943,0.0427249,1.48467,0,0,0,0.0653128,0,0,0,-27.9902
"MtrElec",5,20,17,"",-12.9098,0,0,0,0.0264844,0,0.0330909,0,0,0.756867,0,0,0,0.511012,4.53445,0.0676478,1.55973,0,0,0,0.144442,0,0,0,-20.5435
"MtrElec",5,20,18,"",-2.66533,0,0,0,0.0264844,0,0.0330909,0,0,0.756867,0,0,0,0.725307,5.16397,0.131735,1.7127,0,0,0,0.242411,0,0,0,-11.4579
"MtrElec",5,20,19,"",9.12723,0,0,0,0.0264844,0,0.0330909,0,0,0.756867,0,0,0,1.38468,5.60689,0.17446,1.83675,2.12368,0,0,0.226083,0,0,0,-3.04177
"MtrElec",5,20,20,"",13.1049,0,0,0,0,0,0.0330909,0,0,0.756867,0,0,0,1.92866,5.90888,0.231427,1.81829,2.82539,0,0,0.12309,0,0,0,-0.520819
"MtrElec",5,20,21,"",10.9538,0,0,0,0,0,0.0330909,0,0,0.756867,0,0,0,1.86272,6.16545,0.323997,1.75891,0,0,0,0.0527527,0,0,0,0
"MtrElec",5,20,22,"",10.7663,0,0,0,0,0,0.0330909,0,0,0.756867,0,0,0,1.58249,6.1446,0.373843,1.68846,0,0,0.161806,0.0251203,0,0,0,0
"MtrElec",5,20,23,"",9.72071,0,0,0,0,0,0.0330909,0,0,0.756867,0,0,0,1.03851,5.47151,0.323997,1.58779,0,0.0683418,0.425533,0.0150722,0,0,0,0
"MtrElec",5,20,24,"",8.32925,0,0,0,0,0,0.0330909,0,0,0.756867,0,0,0,0.642886,4.68491,0.224306,1.5,0,0.179732,0.294889,0.0125602,0,0,0,0
"MtrElec",5,21,1,"",6.67875,0,0,0,0,0,0.0330909,0,0,0.756867,0,0,0,0.379138,3.75994,0.163779,1.4551,0,0.124552,0,0.00628008,0,0,0,0
"MtrElec",5,21,2,"",6.08299,0,0,0,0,0,0.0330909,0,0,0.756867,0,0,0,0.313201,3.40503,0.163779,1.406,0,0,0,0.00502406,0,0,0,0
"MtrElec",5,21,3,"",5.83764,0,0,0,0,0,0.0330909,0,0,0.756867,0,0,0,0.247264,3.26854,0.163779,1.36308,0,0,0,0.00502406,0,0,0,0
"MtrElec",5,21,4,"",5.82377,0,0,0,0,0,0.0330909,0,0,0.756867,0,0,0,0.280232,3.24584,0.163779,1.33894,0,0,0,0.00502406,0,0,0,0
"MtrElec",5,21,5,"",5.71897,0,0,0,0,0,0.0330909,0,0,0.756867,0,0,0,0.346169,3.10021,0.163779,1.31383,0,0,0,0.00502406,0,0,0,0
"MtrElec",5,21,6,"",6.15749,0,0,0,0,0,0.0330909,0,0,0.756867,0,0,0,0.511012,3.33222,0.131735,1.37497,0,0,0,0.0175842,0,0,0,0
"MtrElec",5,21,7,"",5.70791,0,0,0,0,0,0.0330909,0,0,0.756867,0,0,0,0.692339,3.77798,0.124614,1.4922,0,0,0,0.0238643,0,0,0,-1.19304
"MtrElec",5,21,8,"",0.834461,0,0,0,0,0,0.0330909,0,0,0.756867,0,0,0,0.675855,4.0849,0.121054,1.59555,0,0,0,0.0314004,0,0,0,-6.46425
"MtrElec",5,21,9,"",-7.62726,0,0,0,0.0264844,0,0.0330909,0,0,0.756867,0,0,0,0.560465,3.86952,0.117494,1.55979,0,0,0.4939,0.0326564,0,0,0,-15.0775
"MtrElec",5,21,10,"",-14.0804,0,0,0,0.0264844,0,0.0330909,0,0,0.756867,0,0,0,0.478043,3.69747,0.0996915,1.47917,0,0.208609,2.22377,0.0276324,0,0,0,-23.1112
"MtrElec",5,21,11,"",-21.3753,0,0,0,0.0264844,0,0.0330909,0,0,0.756867,0,0,0,0.445075,3.73425,0.078329,1.45259,0,0.939256,0.810723,0.0263763,0,0,0,-29.6783
"MtrElec",5,21,12,"",-27.324,0,0,0,0.0264844,0,0.0330909,0,0,0.756867,0,0,0,0.412106,3.73425,0.0534061,1.47023,0,0.342425,0,0.0364245,0,0,0,-34.1893
"MtrElec",5,21,13,"",-28.1406,0,0,0,0.0264844,0,0.0330909,0,0,0.756867,0,0,0,0.346169,3.76164,0.0427249,1.49879,1.41802,0,0.285975,0.0439606,0,0,0,-36.3544
"MtrElec",5,21,14,"",-26.8926,0,0,0,0.0264844,0,0.0330909,0,0,0.756867,0,0,0,0.346169,3.83889,0.0391645,1.47611,1.0564,0.120787,1.47826,0.0401925,0,0,0,-36.105
"MtrElec",5,21,15,"",-26.0796,0,0,0,0.0264844,0,0.0330909,0,0,0.756867,0,0,0,0.346169,3.95923,0.0391645,1.47497,0,0.624373,0,0.0427045,0,0,0,-33.3826
"MtrElec",5,21,16,"",-21.3554,0,0,0,0.0264844,0,0.0330909,0,0,0.756867,0,0,0,0.428591,4.05943,0.0427249,1.4971,0,0,0,0.0653128,0,0,0,-28.265
"MtrElec",5,21,17,"",-13.2222,0,0,0,0.0264844,0,0.0330909,0,0,0.756867,0,0,0,0.511012,4.53445,0.0676478,1.57578,0,0,0,0.144442,0,0,0,-20.872
"MtrElec",5,21,18,"",-2.97526,0,0,0,0.0264844,0,0.0330909,0,0,0.756867,0,0,0,0.725307,5.16397,0.131735,1.72327,0,0,0,0.242411,0,0,0,-11.7784
"MtrElec",5,21,19,"",8.60771,0,0,0,0.016332,0,0.0330909,0,0,0.756867,0,0,0,1.38468,5.60689,0.17446,1.83812,1.71125,0,0,0.226083,0,0,0,-3.14007
"MtrElec",5,21,20,"",11.0438,0,0,0,0,0,0.0330909,0,0,0.756867,0,0,0,1.92866,5.90888,0.231427,1.81081,0.762762,0,0,0.12309,0,0,0,-0.511792
"MtrElec",5,21,21,"",10.9319,0,0,0,0,0,0.0330909,0,0,0.756867,0,0,0,1.86272,6.16545,0.323997,1.73697,0,0,0,0.0527527,0,0,0,0
"MtrElec",5,21,22,"",10.5724,0,0,0,0,0,0.0330909,0,0,0.756867,0,0,0,1.58249,6.1446,0.373843,1.65641,0,0,0,0.0251203,0,0,0,0
"MtrElec",5,21,23,"",9.18256,0,0,0,0,0,0.0330909,0,0,0.756867,0,0,0,1.03851,5.47151,0.323997,1.54351,0,0,0,0.0150722,0,0,0,0
"MtrElec",5,21,24,"",7.78427,0,0,0,0,0,0.0330909,0,0,0.756867,0,0,0,0.642886,4.68491,0.224306,1.42965,0,0,0,0.0125602,0,0,0,0
"MtrElec",5,22,1,"",6.49188,0,0,0,0,0,0.0330909,0,0,0.756867,0,0,0,0.379138,3.75994,0.163779,1.39278,0,0,0,0.00628008,0,0,0,0
"MtrElec",5,22,2,"",7.11973,0,0,0,0,0,0.0330909,0,0,0.756867,0,1.09188,0,0.313201,3.40503,0.163779,1.35086,0,0,0,0.00502406,0,0,0,0
"MtrElec",5,22,3,"",6.86929,0,0,0,0,0,0.0330909,0,0,0.756867,0,1.09188,0,0.247264,3.26854,0.163779,1.30284,0,0,0,0.00502406,0,0,0,0
"MtrElec",5,22,4,"",6.85117,0,0,0,0,0,0.0330909,0,0,0.756867,0,1.09188,0,0.280232,3.24584,0.163779,1.27445,0,0,0,0.00502406,0,0,0,0
"MtrElec",5,22,5,"",6.73176,0,0,0,0,0,0.0330909,0,0,0.756867,0,1.09188,0,0.346169,3.10021,0.163779,1.23474,0,0,0,0.00502406,0,0,0,0
"MtrElec",5,22,6,"",7.14502,0,0,0,0,0,0.0330909,0,0,0.756867,0,1.09188,0,0.511012,3.33222,0.131735,1.27062,0,0,0,0.0175842,0,0,0,0
"MtrElec",5,22,7,"",5.65482,0,0,0,0,0,0.0330909,0,0,0.756867,0,1.09188,0,0.692339,3.77798,0.124614,1.38092,0,0,0,0.0238643,0,0,0,-2.22674
"MtrElec",5,22,8,"",3.87125,0,0,0,0,0,0.0330909,0,0,0.756867,0,1.09188,0,0.675855,4.0849,0.121054,1.50436,0,0,0,0.0314004,0,0,0,-4.42816
"MtrElec",5,22,9,"",-1.34534,0,0,0,0.0264844,0,0.0330909,0,0,0.756867,0,0,0,0.560465,3.86952,0.117494,1.45635,0,0,0.287278,0.0326564,0,0,0,-8.48555
"MtrElec",5,22,10,"",-6.95341,0,0,0,0.0264844,0,0.0330909,0,0,0.756867,0,0,0,0.478043,3.69747,0.0996915,1.34116,0.484958,0.121338,2.35892,0.0276324,0,0,0,-16.3791
"MtrElec",5,22,11,"",-18.8746,0,0,0,0.0264844,0,0.0330909,0,0,0.756867,0,0,0,0.445075,3.73425,0.078329,1.32031,1.69357,0.996339,1.46308,0.0263763,0,0,0,-29.4484
"MtrElec",5,22,12,"",-26.4891,0,0,0,0.0264844,0,0.0330909,0,0,0.756867,0,0,0,0.412106,3.73425,0.0534061,1.35083,0.296245,0.617961,0.301168,0.0364245,0,0,0,-34.108
"MtrElec",5,22,13,"",-29.1892,0,0,0,0.0264844,0,0.0330909,0,0,0.756867,0,0,0,0.346169,3.76164,0.0427249,1.3991,0,0.127204,0.882024,0.0439606,0,0,0,-36.6084
"MtrElec",5,22,14,"",-29.6322,0,0,0,0.0264844,0,0.0330909,0,0,0.756867,0,0,0,0.346169,3.83889,0.0391645,1.3713,0,0.372541,0,0.0401925,0,0,0,-36.4569
"MtrElec",5,22,15,"",-27.2315,0,0,0,0.0264844,0,0.0330909,0,0,0.756867,0,0,0,0.346169,3.95923,0.0391645,1.39062,0,0,0,0.0427045,0,0,0,-33.8258
"MtrElec",5,22,16,"",-21.0685,0,0,0,0.0264844,0,0.0330909,0,0,0.756867,0,0,0,0.428591,4.05943,0.0427249,1.40408,0,0,0.882163,0.0653128,0,0,0,-28.7672
"MtrElec",5,22,17,"",-12.5762,0,0,0,0.0264844,0,0.0330909,0,0,0.756867,0,0,0,0.511012,4.53445,0.0676478,1.44426,0,0.372599,0.881924,0.144442,0,0,0,-21.349
"MtrElec",5,22,18,"",-0.765491,0,0,0,0.0264844,0,0.0330909,0,0,0.756867,0,0,0,0.725307,5.16397,0.131735,1.57757,0,0.372498,0.882049,0.242411,0,0,0,-10.6775
"MtrElec",5,22,19,"",7.46445,0,0,0,0.0264844,0,0.0330909,0,0,0.756867,0,0,0,1.38468,5.60689,0.17446,1.70443,0.412435,0.372551,0,0.226083,0,0,0,-3.23353
"MtrElec",5,22,20,"",12.1764,0,0,0,0,0,0.0330909,0,0,0.756867,0,0,0,1.92866,5.90888,0.231427,1.70372,2.06263,0,0,0.12309,0,0,0,-0.572011
"MtrElec",5,22,21,"",10.8101,0,0,0,0,0,0.0330909,0,0,0.756867,0,0,0,1.86272,6.16545,0.323997,1.61518,0,0,0,0.0527527,0,0,0,0
"MtrElec",5,22,22,"",10.6072,0,0,0,0,0,0.0330909,0,0,0.756867,0,0,0,1.58249,6.1446,0.373843,1.52943,0,0,0.161806,0.0251203,0,0,0,0
"MtrElec",5,22,23,"",9.5596,0,0,0,0,0,0.0330909,0,0,0.756867,0,0,0,1.03851,5.47151,0.323997,1.42668,0,0.0683418,0.425533,0.0150722,0,0,0,0
"MtrElec",5,22,24,"",8.13295,0,0,0,0,0,0.0330909,0,0,0.756867,0,0,0,0.642886,4.68491,0.224306,1.30371,0,0.179732,0.294889,0.0125602,0,0,0,0
"MtrElec",5,23,1,"",6.57402,0,0,0,0,0,0.0330909,0,0,0.756867,0,0,0,0.379138,3.77118,0.163779,1.33914,0,0.124552,0,0.00628008,0,0,0,0
"MtrElec",5,23,2,"",6.00987,0,0,0,0,0,0.0330909,0,0,0.756867,0,0,0,0.313201,3.45279,0.163779,1.28512,0,0,0,0.00502406,0,0,0,0
"MtrElec",5,23,3,"",5.72382,0,0,0,0,0,0.0330909,0,0,0.756867,0,0,0,0.247264,3.25965,0.160218,1.26296,0,0,0,0.00376805,0,0,0,0
"MtrElec",5,23,4,"",5.71536,0,0,0,0,0,0.0330909,0,0,0.756867,0,0,0,0.280232,3.24818,0.160218,1.233,0,0,0,0.00376805,0,0,0,0
"MtrElec",5,23,5,"",5.58432,0,0,0,0,0,0.0330909,0,0,0.756867,0,0,0,0.346169,3.09133,0.163779,1.18932,0,0,0,0.00376805,0,0,0,0
"MtrElec",5,23,6,"",5.97351,0,0,0,0,0,0.0330909,0,0,0.756867,0,0,0,0.511012,3.32334,0.160218,1.18271,0,0,0,0.00628008,0,0,0,0
"MtrElec",5,23,7,"",5.36841,0,0,0,0,0,0.0330909,0,0,0.756867,0,0,0,0.692339,3.69604,0.156658,1.19895,0,0,0,0.0125602,0,0,0,-1.1781
"MtrElec",5,23,8,"",0.840897,0,0,0,0,0,0.0330909,0,0,0.756867,0,0,0,0.675855,3.99172,0.145977,1.30213,0,0,0,0.0339124,0,0,0,-6.09866
"MtrElec",5,23,9,"",-8.02778,0,0,0,0.0264844,0,0.0330909,0,0,0.756867,0,0,0,0.560465,3.84423,0.128175,1.49667,0,0,0,0.0602888,0,0,0,-14.934
"MtrElec",5,23,10,"",-16.7425,0,0,0,0.0264844,0,0.0330909,0,0,0.756867,0,0,0,0.478043,3.77424,0.106812,1.45524,0,0,0.393765,0.0602888,0,0,0,-23.8273
"MtrElec",5,23,11,"",-20.6242,0,0,0,0.0264844,0,0.0330909,0,0,0.756867,0,0,0,0.445075,3.83373,0.0854498,1.44131,0,0.166314,1.94506,0.0577767,0,0,0,-29.4153
"MtrElec",5,23,12,"",-22.1121,0,0,0,0.0264844,0,0.0330909,0,0,0.756867,0,0,0,0.412106,3.76819,0.0569666,1.47571,0,0.821535,0.307569,0.0690809,0,0,0,-29.8397
"MtrElec",5,23,13,"",-17.9145,0,0,0,0.0264844,0,0.0330909,0,0,0.756867,0,0,0,0.346169,3.75017,0.0427249,1.50715,0,0.129908,0.294076,0.079129,0,0,0,-24.8802
"MtrElec",5,23,14,"",-11.0514,0,0,0,0.0264844,0,0.0330909,0,0,0.756867,0,0,0,0.346169,3.86395,0.0391645,1.52295,0,0.124209,0.587988,0.0741049,0,0,0,-18.4264
"MtrElec",5,23,15,"",-22.1022,0,0,0,0.0264844,0,0.0330909,0,0,0.756867,0,0,0,0.346169,4.04116,0.0391645,1.49534,0,0.248348,0.882055,0.077873,0,0,0,-30.0488
"MtrElec",5,23,16,"",-21.1925,0,0,0,0.0264844,0,0.0330909,0,0,0.756867,0,0,0,0.428591,4.24344,0.0427249,1.53723,0,0.372554,0,0.0854091,0,0,0,-28.7189
"MtrElec",5,23,17,"",-13.6544,0,0,0,0.0264844,0,0.0330909,0,0,0.756867,0,0,0,0.511012,4.70721,0.0676478,1.49956,0,0,0,0.114297,0,0,0,-21.3706
"MtrElec",5,23,18,"",-1.72489,0,0,0,0.0264844,0,0.0330909,0,0,0.756867,0,0,0,0.725307,5.23209,0.135296,1.59895,0,0,1.76441,0.174586,0,0,0,-12.172
"MtrElec",5,23,19,"",9.03348,0,0,0,0.0264844,0,0.0330909,0,0,0.756867,0,0,0,1.38468,5.59307,0.1709,1.72935,0,0.745235,1.69988,0.162026,0,0,0,-3.2681
"MtrElec",5,23,20,"",14.1386,0,0,0,0,0,0.0330909,0,0,0.756867,0,0,0,1.92866,5.8157,0.213625,1.69303,2.47456,0.717979,0.946276,0.0904331,0,0,0,-0.531603
"MtrElec",5,23,21,"",11.419,0,0,0,0,0,0.0330909,0,0,0.756867,0,0,0,1.86272,6.02686,0.295514,1.64232,0,0.399679,0.361803,0.0401925,0,0,0,0
"MtrElec",5,23,22,"",11.8609,0,0,0,0,0,0.0330909,0,0,0.756867,0,0,0,1.58249,5.99477,0.34892,1.57224,0,0.152815,1.40215,0.0175842,0,0,0,0
"MtrElec",5,23,23,"",10.9191,0,0,0,0,0,0.0330909,0,0,0.756867,0,0,0,1.03851,5.39216,0.302635,1.43331,1.35898,0.592228,0,0.0113041,0,0,0,0
"MtrElec",5,23,24,"",8.82015,0,0,0,0,0,0.0330909,0,0,0.756867,0,0,0,0.642886,4.59479,0.210064,1.45956,1.11661,0,0,0.00628008,0,0,0,0
"MtrElec",5,24,1,"",6.45515,0,0,0,0,0,0.0330909,0,0,0.756867,0,0,0,0.379138,3.77118,0.163779,1.34481,0,0,0,0.00628008,0,0,0,0
"MtrElec",5,24,2,"",6.01359,0,0,0,0,0,0.0330909,0,0,0.756867,0,0,0,0.313201,3.45279,0.163779,1.28883,0,0,0,0.00502406,0,0,0,0
"MtrElec",5,24,3,"",5.72672,0,0,0,0,0,0.0330909,0,0,0.756867,0,0,0,0.247264,3.25965,0.160218,1.26585,0,0,0,0.00376805,0,0,0,0
"MtrElec",5,24,4,"",5.71763,0,0,0,0,0,0.0330909,0,0,0.756867,0,0,0,0.280232,3.24818,0.160218,1.23527,0,0,0,0.00376805,0,0,0,0
"MtrElec",5,24,5,"",5.58608,0,0,0,0,0,0.0330909,0,0,0.756867,0,0,0,0.346169,3.09133,0.163779,1.19108,0,0,0,0.00376805,0,0,0,0
"MtrElec",5,24,6,"",5.97435,0,0,0,0,0,0.0330909,0,0,0.756867,0,0,0,0.511012,3.32334,0.160218,1.18354,0,0,0,0.00628008,0,0,0,0
"MtrElec",5,24,7,"",5.93582,0,0,0,0,0,0.0330909,0,0,0.756867,0,0,0,0.692339,3.69604,0.156658,1.19744,0,0,0,0.0125602,0,0,0,-0.609171
"MtrElec",5,24,8,"",4.43914,0,0,0,0,0,0.0330909,0,0,0.756867,0,0,0,0.675855,3.99172,0.145977,1.29711,0,0,0,0.0339124,0,0,0,-2.49539
"MtrElec",5,24,9,"",1.67339,0,0,0,0.0264844,0,0.0330909,0,0,0.756867,0,0,0,0.560465,3.84423,0.128175,1.49174,0,0,0,0.0602888,0,0,0,-5.22795
"MtrElec",5,24,10,"",-4.09351,0,0,0,0.0264844,0,0.0330909,0,0,0.756867,0,0,0,0.478043,3.77424,0.106812,1.44492,0,0,0,0.0602888,0,0,0,-10.7743
"MtrElec",5,24,11,"",-17.5794,0,0,0,0.0264844,0,0.0330909,0,0,0.756867,0,0,0,0.445075,3.83373,0.0854498,1.42468,0,0,0.933545,0.0577767,0,0,0,-25.1761
"MtrElec",5,24,12,"",-23.7684,0,0,0,0.0264844,0,0.0330909,0,0,0.756867,0,0,0,0.412106,3.76819,0.0569666,1.45358,0,0.394302,1.19798,0.0690809,0,0,0,-31.937
"MtrElec",5,24,13,"",-23.585,0,0,0,0.0264844,0,0.0330909,0,0,0.756867,0,0,0,0.346169,3.75017,0.0427249,1.4848,0,0.505991,1.59856,0.079129,0,0,0,-32.209
"MtrElec",5,24,14,"",-28.1384,0,0,0,0.0264844,0,0.0330909,0,0,0.756867,0,0,0,0.346169,3.86395,0.0391645,1.50891,0,0.675183,0.680497,0.0741049,0,0,0,-36.1429
"MtrElec",5,24,15,"",-24.9167,0,0,0,0.0264844,0,0.0330909,0,0,0.756867,0,0,0,0.346169,4.04116,0.0391645,1.49207,0,0.287422,0.882055,0.077873,0,0,0,-32.899
"MtrElec",5,24,16,"",-20.7327,0,0,0,0.0264844,0,0.0330909,0,0,0.756867,0,0,0,0.428591,4.24344,0.0427249,1.53984,0,0.372554,0,0.0854091,0,0,0,-28.2617
"MtrElec",5,24,17,"",-13.4977,0,0,0,0.0264844,0,0.0330909,0,0,0.756867,0,0,0,0.511012,4.70721,0.0676478,1.50508,0,0,0,0.114297,0,0,0,-21.2194
"MtrElec",5,24,18,"",-3.37773,0,0,0,0.0264844,0,0.0330909,0,0,0.756867,0,0,0,0.725307,5.23209,0.135296,1.59834,0,0,0,0.174586,0,0,0,-12.0598
"MtrElec",5,24,19,"",6.52924,0,0,0,0.0264844,0,0.0330909,0,0,0.756867,0,0,0,1.38468,5.59307,0.1709,1.72769,0,0,0,0.162026,0,0,0,-3.32557
"MtrElec",5,24,20,"",9.8972,0,0,0,0,0,0.0330909,0,0,0.756867,0,0,0,1.92866,5.8157,0.213625,1.68974,0,0,0,0.0904331,0,0,0,-0.63092
"MtrElec",5,24,21,"",10.6517,0,0,0,0,0,0.0330909,0,0,0.756867,0,0,0,1.86272,6.02686,0.295514,1.63645,0,0,0,0.0401925,0,0,0,0
"MtrElec",5,24,22,"",11.1792,0,0,0,0,0,0.0330909,0,0,0.756867,0,0,0,1.58249,5.99477,0.34892,1.56353,0,0,0.881966,0.0175842,0,0,0,0
"MtrElec",5,24,23,"",9.32883,0,0,0,0,0,0.0330909,0,0,0.756867,0,0,0,1.03851,5.39216,0.302635,1.42175,0,0.372516,0,0.0113041,0,0,0,0
"MtrElec",5,24,24,"",7.69694,0,0,0,0,0,0.0330909,0,0,0.756867,0,0,0,0.642886,4.59479,0.210064,1.45296,0,0,0,0.00628008,0,0,0,0
"MtrElec",5,25,1,"",6.446,0,0,0,0,0,0.0330909,0,0,0.756867,0,0,0,0.379138,3.77118,0.163779,1.33566,0,0,0,0.00628008,0,0,0,0
"MtrElec",5,25,2,"",6.00508,0,0,0,0,0,0.0330909,0,0,0.756867,0,0,0,0.313201,3.45279,0.163779,1.28033,0,0,0,0.00502406,0,0,0,0
"MtrElec",5,25,3,"",5.71867,0,0,0,0,0,0.0330909,0,0,0.756867,0,0,0,0.247264,3.25965,0.160218,1.25781,0,0,0,0.00376805,0,0,0,0
"MtrElec",5,25,4,"",5.71004,0,0,0,0,0,0.0330909,0,0,0.756867,0,0,0,0.280232,3.24818,0.160218,1.22768,0,0,0,0.00376805,0,0,0,0
"MtrElec",5,25,5,"",5.578,0,0,0,0,0,0.0330909,0,0,0.756867,0,0,0,0.346169,3.09133,0.163779,1.183,0,0,0,0.00376805,0,0,0,0
"MtrElec",5,25,6,"",5.96669,0,0,0,0,0,0.0330909,0,0,0.756867,0,0,0,0.511012,3.32334,0.160218,1.17588,0,0,0,0.00628008,0,0,0,0
"MtrElec",5,25,7,"",6.66768,0,0,0,0,0,0.0330909,0,0,0.756867,0,0,0,0.692339,3.69604,0.156658,1.20019,0,0,0.386012,0.0125602,0,0,0,-0.266085
"MtrElec",5,25,8,"",6.95131,0,0,0,0,0,0.0330909,0,0,0.756867,0,0,0,0.675855,3.99172,0.145977,1.30439,0,0.16304,1.12863,0.0339124,0,0,0,-1.28218
"MtrElec",5,25,9,"",6.40241,0,0,0,0,0,0.0330909,0,0,0.756867,0,0,0,0.560465,3.84423,0.128175,1.49653,0,0.476701,1.7608,0.0602888,0,0,0,-2.71474
"MtrElec",5,25,10,"",7.83785,0,0,0,0,0,0.0330909,0,0,0.756867,0,0,0,0.478043,3.77424,0.106812,1.45276,0,0.743709,4.22116,0.0602888,0,0,0,-3.78912
"MtrElec",5,25,11,"",7.69617,0,0,0,0,0,0.0330909,0,0,0.756867,0,0,0,0.445075,3.83373,0.0854498,1.43349,0,1.78289,3.91318,0.0577767,0,0,0,-4.64537
"MtrElec",5,25,12,"",3.3067,0,0,0,0.0264844,0,0.0330909,0,0,0.756867,0,0,0,0.412106,3.76819,0.0569666,1.45715,0.854673,1.65281,3.15222,0.0690809,0,0,0,-8.93295
"MtrElec",5,25,13,"",-12.0498,0,0,0,0.0264844,0,0.0330909,0,0,0.756867,0,0,0,0.346169,3.75017,0.0427249,1.48397,1.62039,1.3314,2.19255,0.079129,0,0,0,-23.7128
"MtrElec",5,25,14,"",-11.191,0,0,0,0.0264844,0,0.0330909,0,0,0.756867,0,0,0,0.346169,3.86395,0.0391645,1.50341,0,0.926066,0,0.0741049,0,0,0,-18.7603
"MtrElec",5,25,15,"",-6.54731,0,0,0,0.0264844,0,0.0330909,0,0,0.756867,0,0,0,0.346169,4.04116,0.0391645,1.47461,0,0,0.457901,0.077873,0,0,0,-13.8006
"MtrElec",5,25,16,"",-6.19333,0,0,0,0.0264844,0,0.0330909,0,0,0.756867,0,0,0,0.428591,4.24344,0.0427249,1.52087,0,0.193404,2.18634,0.0854091,0,0,0,-15.7105
"MtrElec",5,25,17,"",-12.3147,0,0,0,0.0264844,0,0.0330909,0,0,0.756867,0,0,0,0.511012,4.70721,0.0676478,1.4764,0,0.923443,0,0.114297,0,0,0,-20.9312
"MtrElec",5,25,18,"",-3.31663,0,0,0,0.0264844,0,0.0330909,0,0,0.756867,0,0,0,0.725307,5.23209,0.135296,1.58098,0,0,0,0.174586,0,0,0,-11.9813
"MtrElec",5,25,19,"",6.55173,0,0,0,0.0264844,0,0.0330909,0,0,0.756867,0,0,0,1.38468,5.59307,0.1709,1.71925,0,0,0,0.162026,0,0,0,-3.29464
"MtrElec",5,25,20,"",12.4476,0,0,0,0,0,0.0330909,0,0,0.756867,0,0,0,1.92866,5.8157,0.213625,1.68358,2.47561,0,0,0.0904331,0,0,0,-0.549919
"MtrElec",5,25,21,"",10.651,0,0,0,0,0,0.0330909,0,0,0.756867,0,0,0,1.86272,6.02686,0.295514,1.63575,0,0,0,0.0401925,0,0,0,0
"MtrElec",5,25,22,"",10.3026,0,0,0,0,0,0.0330909,0,0,0.756867,0,0,0,1.58249,5.99477,0.34892,1.56884,0,0,0,0.0175842,0,0,0,0
"MtrElec",5,25,23,"",11.4409,0,0,0,0,0,0.0330909,0,0,0.756867,0,0,0,1.03851,5.39216,0.302635,1.43202,2.47428,0,0,0.0113041,0,0,0,0
"MtrElec",5,25,24,"",10.1805,0,0,0,0,0,0.0330909,0,0,0.756867,0,0,0,0.642886,4.59479,0.210064,1.46152,2.47502,0,0,0.00628008,0,0,0,0
"MtrElec",5,26,1,"",6.40068,0,0,0,0,0,0.0330909,0,0,0.756867,0,0,0,0.379138,3.75994,0.163779,1.30158,0,0,0,0.00628008,0,0,0,0
"MtrElec",5,26,2,"",5.95222,0,0,0,0,0,0.0330909,0,0,0.756867,0,0,0,0.313201,3.40503,0.163779,1.27523,0,0,0,0.00502406,0,0,0,0
"MtrElec",5,26,3,"",5.70697,0,0,0,0,0,0.0330909,0,0,0.756867,0,0,0,0.247264,3.26854,0.163779,1.23241,0,0,0,0.00502406,0,0,0,0
"MtrElec",5,26,4,"",5.6986,0,0,0,0,0,0.0330909,0,0,0.756867,0,0,0,0.280232,3.24584,0.163779,1.21378,0,0,0,0.00502406,0,0,0,0
"MtrElec",5,26,5,"",5.58308,0,0,0,0,0,0.0330909,0,0,0.756867,0,0,0,0.346169,3.10021,0.163779,1.17793,0,0,0,0.00502406,0,0,0,0
"MtrElec",5,26,6,"",5.99935,0,0,0,0,0,0.0330909,0,0,0.756867,0,0,0,0.511012,3.33222,0.131735,1.21683,0,0,0,0.0175842,0,0,0,0
"MtrElec",5,26,7,"",5.68996,0,0,0,0,0,0.0330909,0,0,0.756867,0,0,0,0.692339,3.77798,0.124614,1.36879,0,0,0,0.0238643,0,0,0,-1.08758
"MtrElec",5,26,8,"",2.98462,0,0,0,0,0,0.0330909,0,0,0.756867,0,0,0,0.675855,4.0849,0.121054,1.50434,0,0,0,0.0314004,0,0,0,-4.22288
"MtrElec",5,26,9,"",1.02527,0,0,0,0.0264844,0,0.0330909,0,0,0.756867,0,0,0,0.560465,3.86952,0.117494,1.45749,1.26088,0,0.881806,0.0326564,0,0,0,-7.97149
"MtrElec",5,26,10,"",-5.25161,0,0,0,0.0264844,0,0.0330909,0,0,0.756867,0,0,0,0.478043,3.69747,0.0996915,1.34719,1.21459,0.372449,0.882232,0.0276324,0,0,0,-14.1873
"MtrElec",5,26,11,"",-13.3829,0,0,0,0.0264844,0,0.0330909,0,0,0.756867,0,0,0,0.445075,3.73425,0.078329,1.31617,0,0.372628,0,0.0263763,0,0,0,-20.1721
"MtrElec",5,26,12,"",-3.46938,0,0,0,0.0264844,0,0.0330909,0,0,0.756867,0,0,0,0.412106,3.73425,0.0534061,1.33747,0,0,0.882056,0.0364245,0,0,0,-10.7415
"MtrElec",5,26,13,"",-13.0502,0,0,0,0.0264844,0,0.0330909,0,0,0.756867,0,0,0,0.346169,3.76164,0.0427249,1.38595,0,0.372554,0.412509,0.0439606,0,0,0,-20.2322
"MtrElec",5,26,14,"",-12.4026,0,0,0,0.0264844,0,0.0330909,0,0,0.756867,0,0,0,0.346169,3.83889,0.0391645,1.35887,0,0.174231,0.469537,0.0401925,0,0,0,-19.4861
"MtrElec",5,26,15,"",-25.0921,0,0,0,0.0264844,0,0.0330909,0,0,0.756867,0,0,0,0.346169,3.95923,0.0391645,1.37976,0,0.198319,0,0.0427045,0,0,0,-31.8739
"MtrElec",5,26,16,"",-21.2131,0,0,0,0.0264844,0,0.0330909,0,0,0.756867,0,0,0,0.428591,4.05943,0.0427249,1.39482,0,0,0,0.0653128,0,0,0,-28.0205
"MtrElec",5,26,17,"",-13.2675,0,0,0,0.0264844,0,0.0330909,0,0,0.756867,0,0,0,0.511012,4.53445,0.0676478,1.43582,0,0,0,0.144442,0,0,0,-20.7773
"MtrElec",5,26,18,"",-2.74915,0,0,0,0.0264844,0,0.0330909,0,0,0.756867,0,0,0,0.725307,5.16397,0.131735,1.57524,0,0,0.463257,0.242411,0,0,0,-11.8675
"MtrElec",5,26,19,"",7.25724,0,0,0,0.0264844,0,0.0330909,0,0,0.756867,0,0,0,1.38468,5.60689,0.17446,1.70635,0,0.195666,0.418981,0.226083,0,0,0,-3.27231
"MtrElec",5,26,20,"",11.1387,0,0,0,0,0,0.0330909,0,0,0.756867,0,0,0,1.92866,5.90888,0.231427,1.70836,0,0.176965,0.882094,0.12309,0,0,0,-0.610763
"MtrElec",5,26,21,"",11.8288,0,0,0,0,0,0.0330909,0,0,0.756867,0,0,0,1.86272,6.16545,0.323997,1.6246,0,0.37257,0.636767,0.0527527,0,0,0,0
"MtrElec",5,26,22,"",11.1357,0,0,0,0,0,0.0330909,0,0,0.756867,0,0,0,1.58249,6.1446,0.373843,1.54363,0,0.268951,0.407114,0.0251203,0,0,0,0
"MtrElec",5,26,23,"",12.1524,0,0,0,0,0,0.0330909,0,0,0.756867,0,0,0,1.03851,5.47151,0.323997,1.44072,2.47514,0.171953,0.425533,0.0150722,0,0,0,0
"MtrElec",5,26,24,"",8.15095,0,0,0,0,0,0.0330909,0,0,0.756867,0,0,0,0.642886,4.68491,0.224306,1.32171,0,0.179732,0.294889,0.0125602,0,0,0,0
"MtrElec",5,27,1,"",6.52935,0,0,0,0,0,0.0330909,0,0,0.756867,0,0,0,0.379138,3.75994,0.163779,1.3057,0,0.124552,0,0.00628008,0,0,0,0
"MtrElec",5,27,2,"",7.65448,0,0,0,0,0,0.0330909,0,0,0.756867,0,0,0,0.313201,3.40503,0.163779,1.27985,1.69764,0,0,0.00502406,0,0,0,0
"MtrElec",5,27,3,"",6.49062,0,0,0,0,0,0.0330909,0,0,0.756867,0,0,0,0.247264,3.26854,0.163779,1.23814,0.777912,0,0,0.00502406,0,0,0,0
"MtrElec",5,27,4,"",5.70426,0,0,0,0,0,0.0330909,0,0,0.756867,0,0,0,0.280232,3.24584,0.163779,1.21943,0,0,0,0.00502406,0,0,0,0
"MtrElec",5,27,5,"",5.58843,0,0,0,0,0,0.0330909,0,0,0.756867,0,0,0,0.346169,3.10021,0.163779,1.18329,0,0,0,0.00502406,0,0,0,0
"MtrElec",5,27,6,"",6.00478,0,0,0,0,0,0.0330909,0,0,0.756867,0,0,0,0.511012,3.33222,0.131735,1.22227,0,0,0,0.0175842,0,0,0,0
"MtrElec",5,27,7,"",5.37649,0,0,0,0,0,0.0330909,0,0,0.756867,0,0,0,0.692339,3.77798,0.124614,1.36725,0,0,0,0.0238643,0,0,0,-1.39952
"MtrElec",5,27,8,"",0.368327,0,0,0,0,0,0.0330909,0,0,0.756867,0,0,0,0.675855,4.0849,0.121054,1.50066,0,0,0,0.0314004,0,0,0,-6.8355
"MtrElec",5,27,9,"",-7.08858,0,0,0,0.0264844,0,0.0330909,0,0,0.756867,0,0,0,0.560465,3.86952,0.117494,1.45413,0,0,0.628229,0.0326564,0,0,0,-14.5675
"MtrElec",5,27,10,"",-10.8135,0,0,0,0.0264844,0,0.0330909,0,0,0.756867,0,0,0,0.478043,3.69747,0.0996915,1.34357,0,0.265345,0.253982,0.0276324,0,0,0,-17.7956
"MtrElec",5,27,11,"",-17.2214,0,0,0,0.0264844,0,0.0330909,0,0,0.756867,0,0,0,0.445075,3.73425,0.078329,1.3122,0,0.107274,0,0.0263763,0,0,0,-23.7413
"MtrElec",5,27,12,"",-26.5206,0,0,0,0.0264844,0,0.0330909,0,0,0.756867,0,0,0,0.412106,3.73425,0.0534061,1.3271,0,0,0.458896,0.0364245,0,0,0,-33.3593
"MtrElec",5,27,13,"",-28.4161,0,0,0,0.0264844,0,0.0330909,0,0,0.756867,0,0,0,0.346169,3.76164,0.0427249,1.37281,0,0.193824,1.30516,0.0439606,0,0,0,-36.2988
"MtrElec",5,27,14,"",-29.2958,0,0,0,0.0264844,0,0.0330909,0,0,0.756867,0,0,0,0.346169,3.83889,0.0391645,1.34354,0,0.551262,0,0.0401925,0,0,0,-36.2714
"MtrElec",5,27,15,"",-27.2273,0,0,0,0.0264844,0,0.0330909,0,0,0.756867,0,0,0,0.346169,3.95923,0.0391645,1.37124,0,0,0,0.0427045,0,0,0,-33.8023
"MtrElec",5,27,16,"",-19.1949,0,0,0,0.0264844,0,0.0330909,0,0,0.756867,0,0,0,0.428591,4.05943,0.0427249,1.38398,2.52655,0,0,0.0653128,0,0,0,-28.5179
"MtrElec",5,27,17,"",-11.1714,0,0,0,0.0264844,0,0.0330909,0,0,0.756867,0,0,0,0.511012,4.53445,0.0676478,1.42054,2.42423,0,0,0.144442,0,0,0,-21.0902
"MtrElec",5,27,18,"",-2.97918,0,0,0,0.0264844,0,0.0330909,0,0,0.756867,0,0,0,0.725307,5.16397,0.131735,1.56052,0,0,0.440226,0.242411,0,0,0,-12.0598
"MtrElec",5,27,19,"",8.03382,0,0,0,0.0264844,0,0.0330909,0,0,0.756867,0,0,0,1.38468,5.60689,0.17446,1.69451,0,0.185938,1.32297,0.226083,0,0,0,-3.37816
"MtrElec",5,27,20,"",10.5778,0,0,0,0,0,0.0330909,0,0,0.756867,0,0,0,1.92866,5.90888,0.231427,1.70006,0,0.558784,0,0.12309,0,0,0,-0.663029
"MtrElec",5,27,21,"",11.3524,0,0,0,0,0,0.0330909,0,0,0.756867,0,0,0,1.86272,6.16545,0.323997,1.6154,0.54211,0,0,0.0527527,0,0,0,0
"MtrElec",5,27,22,"",11.3206,0,0,0,0,0,0.0330909,0,0,0.756867,0,0,0,1.58249,6.1446,0.373843,1.53152,0.873087,0,0,0.0251203,0,0,0,0
"MtrElec",5,27,23,"",10.127,0,0,0,0,0,0.0330909,0,0,0.756867,0,0,0,1.03851,5.47151,0.323997,1.42768,1.06029,0,0,0.0150722,0,0,0,0
"MtrElec",5,27,24,"",7.65899,0,0,0,0,0,0.0330909,0,0,0.756867,0,0,0,0.642886,4.68491,0.224306,1.30436,0,0,0,0.0125602,0,0,0,0
"MtrElec",5,28,1,"",6.38937,0,0,0,0,0,0.0330909,0,0,0.756867,0,0,0,0.379138,3.75994,0.163779,1.29027,0,0,0,0.00628008,0,0,0,0
"MtrElec",5,28,2,"",5.94331,0,0,0,0,0,0.0330909,0,0,0.756867,0,0,0,0.313201,3.40503,0.163779,1.26631,0,0,0,0.00502406,0,0,0,0
"MtrElec",5,28,3,"",5.698,0,0,0,0,0,0.0330909,0,0,0.756867,0,0,0,0.247264,3.26854,0.163779,1.22344,0,0,0,0.00502406,0,0,0,0
"MtrElec",5,28,4,"",5.68904,0,0,0,0,0,0.0330909,0,0,0.756867,0,0,0,0.280232,3.24584,0.163779,1.20421,0,0,0,0.00502406,0,0,0,0
"MtrElec",5,28,5,"",5.57111,0,0,0,0,0,0.0330909,0,0,0.756867,0,0,0,0.346169,3.10021,0.163779,1.16596,0,0,0,0.00502406,0,0,0,0
"MtrElec",5,28,6,"",5.98329,0,0,0,0,0,0.0330909,0,0,0.756867,0,0,0,0.511012,3.33222,0.131735,1.20078,0,0,0,0.0175842,0,0,0,0
"MtrElec",5,28,7,"",5.29898,0,0,0,0,0,0.0330909,0,0,0.756867,0,0,0,0.692339,3.77798,0.124614,1.35143,0,0,0,0.0238643,0,0,0,-1.46121
"MtrElec",5,28,8,"",1.39479,0,0,0,0,0,0.0330909,0,0,0.756867,0,0,0,0.675855,4.0849,0.121054,1.48959,0,0,0.881945,0.0314004,0,0,0,-6.67991
"MtrElec",5,28,9,"",-7.86919,0,0,0,0.0264844,0,0.0330909,0,0,0.756867,0,0,0,0.560465,3.86952,0.117494,1.44475,0,0.372507,0,0.0326564,0,0,0,-15.083
"MtrElec",5,28,10,"",-16.5456,0,0,0,0.0264844,0,0.0330909,0,0,0.756867,0,0,0,0.478043,3.69747,0.0996915,1.33812,0,0,0,0.0276324,0,0,0,-23.003
"MtrElec",5,28,11,"",-22.2283,0,0,0,0.0264844,0,0.0330909,0,0,0.756867,0,0,0,0.445075,3.73425,0.078329,1.31393,0,0,0.881985,0.0263763,0,0,0,-29.5247
"MtrElec",5,28,12,"",-26.8205,0,0,0,0.0264844,0,0.0330909,0,0,0.756867,0,0,0,0.412106,3.73425,0.0534061,1.33461,0,0.372524,0.458896,0.0364245,0,0,0,-34.0392
"MtrElec",5,28,13,"",-28.2622,0,0,0,0.0264844,0,0.0330909,0,0,0.756867,0,0,0,0.346169,3.76164,0.0427249,1.38353,0,0.193824,1.30516,0.0439606,0,0,0,-36.1556
"MtrElec",5,28,14,"",-28.0715,0,0,0,0.0264844,0,0.0330909,0,0,0.756867,0,0,0,0.346169,3.83889,0.0391645,1.36038,0,0.551262,0.881958,0.0401925,0,0,0,-35.9459
"MtrElec",5,28,15,"",-26.4709,0,0,0,0.0264844,0,0.0330909,0,0,0.756867,0,0,0,0.346169,3.95923,0.0391645,1.38761,0,0.372513,0,0.0427045,0,0,0,-33.4347
"MtrElec",5,28,16,"",-21.4776,0,0,0,0.0264844,0,0.0330909,0,0,0.756867,0,0,0,0.428591,4.05943,0.0427249,1.40272,0,0,0,0.0653128,0,0,0,-28.2929
"MtrElec",5,28,17,"",-13.3579,0,0,0,0.0264844,0,0.0330909,0,0,0.756867,0,0,0,0.511012,4.53445,0.0676478,1.44189,0,0,0,0.144442,0,0,0,-20.8738
"MtrElec",5,28,18,"",-2.77824,0,0,0,0.0264844,0,0.0330909,0,0,0.756867,0,0,0,0.725307,5.16397,0.131735,1.58272,0,0,0.440226,0.242411,0,0,0,-11.8811
"MtrElec",5,28,19,"",9.72498,0,0,0,0.0264844,0,0.0330909,0,0,0.756867,0,0,0,1.38468,5.60689,0.17446,1.71699,1.71125,0.185938,1.32297,0.226083,0,0,0,-3.42072
"MtrElec",5,28,20,"",11.3512,0,0,0,0,0,0.0330909,0,0,0.756867,0,0,0,1.92866,5.90888,0.231427,1.72031,0.762762,0.558784,0,0.12309,0,0,0,-0.672682
"MtrElec",5,28,21,"",10.8317,0,0,0,0,0,0.0330909,0,0,0.756867,0,0,0,1.86272,6.16545,0.323997,1.63679,0,0,0,0.0527527,0,0,0,0
"MtrElec",5,28,22,"",13.793,0,0,0,0,0,0.0330909,0,0,0.756867,0,0,0,1.58249,6.1446,0.373843,1.55109,2.47431,0,0.851616,0.0251203,0,0,0,0
"MtrElec",5,28,23,"",9.48316,0,0,0,0,0,0.0330909,0,0,0.756867,0,0,0,1.03851,5.47151,0.323997,1.4539,0,0.359697,0.0305102,0.0150722,0,0,0,0
"MtrElec",5,28,24,"",7.7078,0,0,0,0,0,0.0330909,0,0,0.756867,0,0,0,0.642886,4.68491,0.224306,1.3403,0,0.0128866,0,0.0125602,0,0,0,0
"MtrElec",5,29,1,"",6.41958,0,0,0,0,0,0.0330909,0,0,0.756867,0,0,0,0.379138,3.75994,0.163779,1.32048,0,0,0,0.00628008,0,0,0,0
"MtrElec",5,29,2,"",7.66647,0,0,0,0,0,0.0330909,0,0,0.756867,0,0,0,0.313201,3.40503,0.163779,1.29184,1.69764,0,0,0.00502406,0,0,0,0
"MtrElec",5,29,3,"",6.50284,0,0,0,0,0,0.0330909,0,0,0.756867,0,0,0,0.247264,3.26854,0.163779,1.25036,0.777912,0,0,0.00502406,0,0,0,0
"MtrElec",5,29,4,"",5.71623,0,0,0,0,0,0.0330909,0,0,0.756867,0,0,0,0.280232,3.24584,0.163779,1.2314,0,0,0,0.00502406,0,0,0,0
"MtrElec",5,29,5,"",5.60148,0,0,0,0,0,0.0330909,0,0,0.756867,0,0,0,0.346169,3.10021,0.163779,1.19634,0,0,0,0.00502406,0,0,0,0
"MtrElec",5,29,6,"",6.01991,0,0,0,0,0,0.0330909,0,0,0.756867,0,0,0,0.511012,3.33222,0.131735,1.2374,0,0,0,0.0175842,0,0,0,0
"MtrElec",5,29,7,"",5.8315,0,0,0,0,0,0.0330909,0,0,0.756867,0,0,0,0.692339,3.77798,0.124614,1.38326,0,0,0,0.0238643,0,0,0,-0.96052
"MtrElec",5,29,8,"",3.93936,0,0,0,0,0,0.0330909,0,0,0.756867,0,0,0,0.675855,4.0849,0.121054,1.51365,0,0,0,0.0314004,0,0,0,-3.27745
"MtrElec",5,29,9,"",0.865251,0,0,0,0.0264844,0,0.0330909,0,0,0.756867,0,0,0,0.560465,3.86952,0.117494,1.46617,0,0,0.628229,0.0326564,0,0,0,-6.62573
"MtrElec",5,29,10,"",-4.92049,0,0,0,0.0264844,0,0.0330909,0,0,0.756867,0,0,0,0.478043,3.69747,0.0996915,1.35705,0,0.265345,1.13621,0.0276324,0,0,0,-12.7984
"MtrElec",5,29,11,"",-17.5146,0,0,0,0.0264844,0,0.0330909,0,0,0.756867,0,0,0,0.445075,3.73425,0.078329,1.32744,0,0.479903,0,0.0263763,0,0,0,-24.4225
"MtrElec",5,29,12,"",-26.0851,0,0,0,0.0264844,0,0.0330909,0,0,0.756867,0,0,0,0.412106,3.73425,0.0534061,1.34212,0,0,0,0.0364245,0,0,0,-32.4798
"MtrElec",5,29,13,"",-28.9585,0,0,0,0.0264844,0,0.0330909,0,0,0.756867,0,0,0,0.346169,3.76164,0.0427249,1.38747,0,0,0,0.0439606,0,0,0,-35.3569
"MtrElec",5,29,14,"",-28.7168,0,0,0,0.0264844,0,0.0330909,0,0,0.756867,0,0,0,0.346169,3.83889,0.0391645,1.36142,0,0,0,0.0401925,0,0,0,-35.159
"MtrElec",5,29,15,"",-25.6363,0,0,0,0.0264844,0,0.0330909,0,0,0.756867,0,0,0,0.346169,3.95923,0.0391645,1.38459,0,0,0,0.0427045,0,0,0,-32.2246
"MtrElec",5,29,16,"",-17.9484,0,0,0,0.0264844,0,0.0330909,0,0,0.756867,0,0,0,0.428591,4.05943,0.0427249,1.40003,1.26327,0,0,0.0653128,0,0,0,-26.0242
"MtrElec",5,29,17,"",-11.5346,0,0,0,0.0264844,0,0.0330909,0,0,0.756867,0,0,0,0.511012,4.53445,0.0676478,1.44615,1.21212,0,0,0.144442,0,0,0,-20.2669
"MtrElec",5,29,18,"",-3.0594,0,0,0,0.0264844,0,0.0330909,0,0,0.756867,0,0,0,0.725307,5.16397,0.131735,1.59046,0,0,0,0.242411,0,0,0,-11.7297
"MtrElec",5,29,19,"",6.40705,0,0,0,0.0264844,0,0.0330909,0,0,0.756867,0,0,0,1.38468,5.60689,0.17446,1.72163,0,0,0,0.226083,0,0,0,-3.52314
"MtrElec",5,29,20,"",9.96606,0,0,0,0,0,0.0330909,0,0,0.756867,0,0,0,1.92866,5.90888,0.231427,1.71824,0,0,0,0.12309,0,0,0,-0.734189
"MtrElec",5,29,21,"",10.8255,0,0,0,0,0,0.0330909,0,0,0.756867,0,0,0,1.86272,6.16545,0.323997,1.63061,0,0,0,0.0527527,0,0,0,0
"MtrElec",5,29,22,"",10.6248,0,0,0,0,0,0.0330909,0,0,0.756867,0,0,0,1.58249,6.1446,0.373843,1.54697,0,0,0.161806,0.0251203,0,0,0,0
"MtrElec",5,29,23,"",9.57773,0,0,0,0,0,0.0330909,0,0,0.756867,0,0,0,1.03851,5.47151,0.323997,1.44481,0,0.0683418,0.425533,0.0150722,0,0,0,0
"MtrElec",5,29,24,"",8.1563,0,0,0,0,0,0.0330909,0,0,0.756867,0,0,0,0.642886,4.68491,0.224306,1.32706,0,0.179732,0.294889,0.0125602,0,0,0,0
"MtrElec",5,30,1,"",9.06664,0,0,0,0,0,0.0330909,0,0,0.756867,0,0,0,0.379138,3.77118,0.163779,1.35605,2.4757,0.124552,0,0.00628008,0,0,0,0
"MtrElec",5,30,2,"",6.02579,0,0,0,0,0,0.0330909,0,0,0.756867,0,0,0,0.313201,3.45279,0.163779,1.30103,0,0,0,0.00502406,0,0,0,0
"MtrElec",5,30,3,"",5.73946,0,0,0,0,0,0.0330909,0,0,0.756867,0,0,0,0.247264,3.25965,0.160218,1.2786,0,0,0,0.00376805,0,0,0,0
"MtrElec",5,30,4,"",5.73024,0,0,0,0,0,0.0330909,0,0,0.756867,0,0,0,0.280232,3.24818,0.160218,1.24788,0,0,0,0.00376805,0,0,0,0
"MtrElec",5,30,5,"",5.60098,0,0,0,0,0,0.0330909,0,0,0.756867,0,0,0,0.346169,3.09133,0.163779,1.20598,0,0,0,0.00376805,0,0,0,0
"MtrElec",5,30,6,"",5.99065,0,0,0,0,0,0.0330909,0,0,0.756867,0,0,0,0.511012,3.32334,0.160218,1.19985,0,0,0,0.00628008,0,0,0,0
"MtrElec",5,30,7,"",5.45114,0,0,0,0,0,0.0330909,0,0,0.756867,0,0,0,0.692339,3.69604,0.156658,1.22372,0,0,0,0.0125602,0,0,0,-1.12014
"MtrElec",5,30,8,"",2.47108,0,0,0,0,0,0.0330909,0,0,0.756867,0,0,0,0.675855,3.99172,0.145977,1.3274,0,0,0,0.0339124,0,0,0,-4.49374
"MtrElec",5,30,9,"",-1.26075,0,0,0,0.0264844,0,0.0330909,0,0,0.756867,0,0,0,0.560465,3.84423,0.128175,1.51196,0,0,0,0.0602888,0,0,0,-8.18231
"MtrElec",5,30,10,"",0.362353,0,0,0,0.0264844,0,0.0330909,0,0,0.756867,0,0,0,0.478043,3.77424,0.106812,1.4705,0,0,0,0.0602888,0,0,0,-6.34398
"MtrElec",5,30,11,"",1.72369,0,0,0,0.0264844,0,0.0330909,0,0,0.756867,0,0,0,0.445075,3.83373,0.0854498,1.44704,0,0,0.426691,0.0577767,0,0,0,-5.38851
"MtrElec",5,30,12,"",-0.355936,0,0,0,0.0264844,0,0.0330909,0,0,0.756867,0,0,0,0.412106,3.76819,0.0569666,1.46974,0,0.180221,0.822267,0.0690809,0,0,0,-7.95095
"MtrElec",5,30,13,"",-2.44044,0,0,0,0.0264844,0,0.0330909,0,0,0.756867,0,0,0,0.346169,3.75017,0.0427249,1.49537,0,0.347301,1.59851,0.079129,0,0,0,-10.9163
"MtrElec",5,30,14,"",-7.80432,0,0,0,0.0264844,0,0.0330909,0,0,0.756867,0,0,0,0.346169,3.86395,0.0391645,1.51465,0,0.675161,0.680497,0.0741049,0,0,0,-15.8145
"MtrElec",5,30,15,"",-21.4349,0,0,0,0.0264844,0,0.0330909,0,0,0.756867,0,0,0,0.346169,4.04116,0.0391645,1.49474,0,0.287422,0,0.077873,0,0,0,-28.5379
"MtrElec",5,30,16,"",-20.0219,0,0,0,0.0264844,0,0.0330909,0,0,0.756867,0,0,0,0.428591,4.24344,0.0427249,1.54032,0,0,0,0.0854091,0,0,0,-27.1789
"MtrElec",5,30,17,"",-10.9144,0,0,0,0.0264844,0,0.0330909,0,0,0.756867,0,0,0,0.511012,4.70721,0.0676478,1.49978,0,0,0,0.114297,0,0,0,-18.6308
"MtrElec",5,30,18,"",-1.9007,0,0,0,0.0264844,0,0.0330909,0,0,0.756867,0,0,0,0.725307,5.23209,0.135296,1.5937,0,0,0,0.174586,0,0,0,-10.5781
"MtrElec",5,30,19,"",6.15717,0,0,0,0.0264844,0,0.0330909,0,0,0.756867,0,0,0,1.38468,5.59307,0.1709,1.72591,0,0,0,0.162026,0,0,0,-3.69586
"MtrElec",5,30,20,"",9.70085,0,0,0,0,0,0.0330909,0,0,0.756867,0,0,0,1.92866,5.8157,0.213625,1.68983,0,0,0,0.0904331,0,0,0,-0.827357
"MtrElec",5,30,21,"",12.2641,0,0,0,0,0,0.0330909,0,0,0.756867,0,0,0,1.86272,6.02686,0.295514,1.64018,1.34073,0,0.2679,0.0401925,0,0,0,0
"MtrElec",5,30,22,"",12.1664,0,0,0,0,0,0.0330909,0,0,0.756867,0,0,0,1.58249,5.99477,0.34892,1.57193,1.13329,0.113153,0.614301,0.0175842,0,0,0,0
"MtrElec",5,30,23,"",9.22925,0,0,0,0,0,0.0330909,0,0,0.756867,0,0,0,1.03851,5.39216,0.302635,1.43522,0,0.259462,0,0.0113041,0,0,0,0
"MtrElec",5,30,24,"",7.70572,0,0,0,0,0,0.0330909,0,0,0.756867,0,0,0,0.642886,4.59479,0.210064,1.46174,0,0,0,0.00628008,0,0,0,0
"MtrElec",5,31,1,"",8.93181,0,0,0,0,0,0.0330909,0,0,0.756867,0,0,0,0.379138,3.77118,0.163779,1.34578,2.4757,0,0,0.00628008,0,0,0,0
"MtrElec",5,31,2,"",6.01447,0,0,0,0,0,0.0330909,0,0,0.756867,0,0,0,0.313201,3.45279,0.163779,1.28971,0,0,0,0.00502406,0,0,0,0
"MtrElec",5,31,3,"",7.19372,0,0,0,0,0,0.0330909,0,0,0.756867,0,0,0,0.247264,3.25965,0.160218,1.26674,1.46611,0,0,0.00376805,0,0,0,0
"MtrElec",5,31,4,"",6.72802,0,0,0,0,0,0.0330909,0,0,0.756867,0,0,0,0.280232,3.24818,0.160218,1.23628,1.00937,0,0,0.00376805,0,0,0,0
"MtrElec",5,31,5,"",5.58785,0,0,0,0,0,0.0330909,0,0,0.756867,0,0,0,0.346169,3.09133,0.163779,1.19285,0,0,0,0.00376805,0,0,0,0
"MtrElec",5,31,6,"",5.97615,0,0,0,0,0,0.0330909,0,0,0.756867,0,0,0,0.511012,3.32334,0.160218,1.18534,0,0,0,0.00628008,0,0,0,0
"MtrElec",5,31,7,"",6.55794,0,0,0,0,0,0.0330909,0,0,0.756867,0,0,0,0.692339,3.69604,0.156658,1.21039,0,0,0,0.0125602,0,0,0,0
"MtrElec",5,31,8,"",4.58588,0,0,0,0,0,0.0330909,0,0,0.756867,0,0,0,0.675855,3.99172,0.145977,1.31285,0,0,0,0.0339124,0,0,0,-2.36439
"MtrElec",5,31,9,"",0.290915,0,0,0,0.0264844,0,0.0330909,0,0,0.756867,0,0,0,0.560465,3.84423,0.128175,1.50125,0,0,0,0.0602888,0,0,0,-6.61993
"MtrElec",5,31,10,"",4.04259,0,0,0,0.0264844,0,0.0330909,0,0,0.756867,0,0,0,0.478043,3.77424,0.106812,1.4572,0,0,0.882173,0.0602888,0,0,0,-3.53261
"MtrElec",5,31,11,"",2.28091,0,0,0,0.0264844,0,0.0330909,0,0,0.756867,0,0,0,0.445075,3.83373,0.0854498,1.43317,0,0.372603,0,0.0577767,0,0,0,-4.76333
"MtrElec",5,31,12,"",-1.49668,0,0,0,0.0264844,0,0.0330909,0,0,0.756867,0,0,0,0.412106,3.76819,0.0569666,1.45742,0,0,0,0.0690809,0,0,0,-8.07688
"MtrElec",5,31,13,"",-11.9671,0,0,0,0.0264844,0,0.0330909,0,0,0.756867,0,0,0,0.346169,3.75017,0.0427249,1.48041,0,0,0,0.079129,0,0,0,-18.4821
"MtrElec",5,31,14,"",-6.21967,0,0,0,0.0264844,0,0.0330909,0,0,0.756867,0,0,0,0.346169,3.86395,0.0391645,1.49836,0,0,0,0.0741049,0,0,0,-12.8579
"MtrElec",5,31,15,"",-9.1554,0,0,0,0.0264844,0,0.0330909,0,0,0.756867,0,0,0,0.346169,4.04116,0.0391645,1.47582,0,0,0,0.077873,0,0,0,-15.952
"MtrElec",5,31,16,"",-9.80426,0,0,0,0.0264844,0,0.0330909,0,0,0.756867,0,0,0,0.428591,4.24344,0.0427249,1.52514,0,0,0,0.0854091,0,0,0,-16.946
"MtrElec",5,31,17,"",1.32611,0,0,0,0.0264844,0,0.0330909,0,0,0.756867,0,0,0,0.511012,4.70721,0.0676478,1.47757,0,0,0,0.114297,0,0,0,-6.36807
"MtrElec",5,31,18,"",2.94615,0,0,0,0.0264844,0,0.0330909,0,0,0.756867,0,0,0,0.725307,5.23209,0.135296,1.57082,0,0,0,0.174586,0,0,0,-5.70839
"MtrElec",5,31,19,"",7.3492,0,0,0,0,0,0.0330909,0,0,0.756867,0,0,0,1.38468,5.59307,0.1709,1.70984,0,0,0,0.162026,0,0,0,-2.46127
"MtrElec",5,31,20,"",9.75272,0,0,0,0,0,0.0330909,0,0,0.756867,0,0,0,1.92866,5.8157,0.213625,1.67166,0,0,0,0.0904331,0,0,0,-0.757311
"MtrElec",5,31,21,"",10.9035,0,0,0,0,0,0.0330909,0,0,0.756867,0,0,0,1.86272,6.02686,0.295514,1.6204,0,0,0.2679,0.0401925,0,0,0,0
"MtrElec",5,31,22,"",11.0136,0,0,0,0,0,0.0330909,0,0,0.756867,0,0,0,1.58249,5.99477,0.34892,1.55242,0,0.113153,0.614301,0.0175842,0,0,0,0
"MtrElec",5,31,23,"",9.20297,0,0,0,0,0,0.0330909,0,0,0.756867,0,0,0,1.03851,5.39216,0.302635,1.40895,0,0.259462,0,0.0113041,0,0,0,0
"MtrElec",5,31,24,"",7.69043,0,0,0,0,0,0.0330909,0,0,0.756867,0,0,0,0.642886,4.59479,0.210064,1.44645,0,0,0,0.00628008,0,0,0,0
"MtrElec",6,1,1,"",6.20572,0,0,0,0,0,0.0330909,0,0,0.756867,0,0,0,0.361084,3.61319,0.15598,1.27892,0,0,0,0.00659021,0,0,0,0
"MtrElec",6,1,2,"",5.77611,0,0,0,0,0,0.0330909,0,0,0.756867,0,0,0,0.298287,3.26893,0.15598,1.25769,0,0,0,0.00527217,0,0,0,0
"MtrElec",6,1,3,"",5.54057,0,0,0,0,0,0.0330909,0,0,0.756867,0,0,0,0.235489,3.13685,0.15598,1.21702,0,0,0,0.00527217,0,0,0,0
"MtrElec",6,1,4,"",5.53317,0,0,0,0,0,0.0330909,0,0,0.756867,0,0,0,0.266888,3.11415,0.15598,1.20092,0,0,0,0.00527217,0,0,0,0
"MtrElec",6,1,5,"",5.42273,0,0,0,0,0,0.0330909,0,0,0.756867,0,0,0,0.329685,2.97554,0.15598,1.1663,0,0,0,0.00527217,0,0,0,0
"MtrElec",6,1,6,"",5.82248,0,0,0,0,0,0.0330909,0,0,0.756867,0,0,0,0.486678,3.19534,0.125462,1.20659,0,0,0,0.0184526,0,0,0,0
"MtrElec",6,1,7,"",5.08811,0,0,0,0,0,0.0330909,0,0,0.756867,0,0,0,0.65937,3.62188,0.11868,1.36541,0,0,0,0.0250428,0,0,0,-1.49223
"MtrElec",6,1,8,"",3.37289,0,0,0,0,0,0.0330909,0,0,0.756867,0,0,0,0.643671,3.92033,0.115289,1.50604,0,0,0,0.032951,0,0,0,-3.63536
"MtrElec",6,1,9,"",-4.26837,0,0,0,0.0264844,0,0.0330909,0,0,0.756867,0,0,0,0.533776,3.71731,0.111899,1.46271,0,0,0,0.0342691,0,0,0,-10.9448
"MtrElec",6,1,10,"",-14.6722,0,0,0,0.0264844,0,0.0330909,0,0,0.756867,0,0,0,0.455279,3.55098,0.0949443,1.35723,0,0,0.882232,0.0289969,0,0,0,-21.8583
"MtrElec",6,1,11,"",-20.2992,0,0,0,0.0264844,0,0.0330909,0,0,0.756867,0,0,0,0.423881,3.58152,0.074599,1.33081,0,0.372628,0,0.0276789,0,0,0,-26.9267
"MtrElec",6,1,12,"",-27.4392,0,0,0,0.0264844,0,0.0330909,0,0,0.756867,0,0,0,0.392482,3.58152,0.050863,1.35596,0,0,0,0.0382232,0,0,0,-33.6746
"MtrElec",6,1,13,"",-28.1524,0,0,0,0.0264844,0,0.0330909,0,0,0.756867,0,0,0,0.329685,3.60969,0.0406904,1.40303,0,0,1.32501,0.0461315,0,0,0,-35.7231
"MtrElec",6,1,14,"",-28.2364,0,0,0,0.0264844,0,0.0330909,0,0,0.756867,0,0,0,0.329685,3.68435,0.0372995,1.38022,0,0.559643,0.439085,0.0421773,0,0,0,-35.5253
"MtrElec",6,1,15,"",-21.8188,0,0,0,0.0264844,0,0.0330909,0,0,0.756867,0,0,0,0.329685,3.79985,0.0372995,1.40284,0,0.185457,0.336868,0.0448134,0,0,0,-28.7721
"MtrElec",6,1,16,"",-13.7718,0,0,0,0.0264844,0,0.0330909,0,0,0.756867,0,0,0,0.408182,3.89305,0.0406904,1.4219,0,0.142283,0.545039,0.0685382,0,0,0,-21.1079
"MtrElec",6,1,17,"",-10.1167,0,0,0,0.0264844,0,0.0330909,0,0,0.756867,0,0,0,0.486678,4.34843,0.0644265,1.47638,0,0.230208,0,0.151575,0,0,0,-17.6909
"MtrElec",6,1,18,"",-3.26098,0,0,0,0.0264844,0,0.0330909,0,0,0.756867,0,0,0,0.690769,4.95313,0.125462,1.62445,0,0,0,0.254382,0,0,0,-11.7256
"MtrElec",6,1,19,"",7.49993,0,0,0,0.0264844,0,0.0330909,0,0,0.756867,0,0,0,1.31874,5.38343,0.166152,1.75712,1.27235,0,0,0.237247,0,0,0,-3.45156
"MtrElec",6,1,20,"",10.8887,0,0,0,0,0,0.0330909,0,0,0.756867,0,0,0,1.83682,5.68059,0.220406,1.75246,1.2028,0,0,0.129168,0,0,0,-0.723548
"MtrElec",6,1,21,"",12.298,0,0,0,0,0,0.0330909,0,0,0.756867,0,0,0,1.77402,5.93234,0.308569,1.67341,0,0,1.76438,0.0553577,0,0,0,0
"MtrElec",6,1,22,"",12.3687,0,0,0,0,0,0.0330909,0,0,0.756867,0,0,0,1.50713,5.91887,0.356041,1.59409,1.26921,0.74522,0.161806,0.0263608,0,0,0,0
"MtrElec",6,1,23,"",10.5719,0,0,0,0,0,0.0330909,0,0,0.756867,0,0,0,0.989055,5.2731,0.308569,1.49521,1.20634,0.0683418,0.425533,0.0158165,0,0,0,0
"MtrElec",6,1,24,"",8.00423,0,0,0,0,0,0.0330909,0,0,0.756867,0,0,0,0.612272,4.51014,0.213625,1.39044,0,0.179732,0.294889,0.0131804,0,0,0,0
"MtrElec",6,2,1,"",6.41511,0,0,0,0,0,0.0330909,0,0,0.756867,0,0,0,0.361084,3.61319,0.15598,1.36375,0,0.124552,0,0.00659021,0,0,0,0
"MtrElec",6,2,2,"",5.84805,0,0,0,0,0,0.0330909,0,0,0.756867,0,0,0,0.298287,3.26893,0.15598,1.32962,0,0,0,0.00527217,0,0,0,0
"MtrElec",6,2,3,"",5.61183,0,0,0,0,0,0.0330909,0,0,0.756867,0,0,0,0.235489,3.13685,0.15598,1.28828,0,0,0,0.00527217,0,0,0,0
"MtrElec",6,2,4,"",5.60105,0,0,0,0,0,0.0330909,0,0,0.756867,0,0,0,0.266888,3.11415,0.15598,1.2688,0,0,0,0.00527217,0,0,0,0
"MtrElec",6,2,5,"",5.49608,0,0,0,0,0,0.0330909,0,0,0.756867,0,0,0,0.329685,2.97554,0.15598,1.23965,0,0,0,0.00527217,0,0,0,0
"MtrElec",6,2,6,"",5.90723,0,0,0,0,0,0.0330909,0,0,0.756867,0,0,0,0.486678,3.19534,0.125462,1.29133,0,0,0,0.0184526,0,0,0,0
"MtrElec",6,2,7,"",5.06728,0,0,0,0,0,0.0330909,0,0,0.756867,0,0,0,0.65937,3.62188,0.11868,1.42756,0,0,0.882236,0.0250428,0,0,0,-2.45744
"MtrElec",6,2,8,"",0.652114,0,0,0,0.0264844,0,0.0330909,0,0,0.756867,0,0,0,0.643671,3.92033,0.115289,1.54881,0,0.37263,0,0.032951,0,0,0,-6.79801
"MtrElec",6,2,9,"",3.59256,0,0,0,0.0264844,0,0.0330909,0,0,0.756867,0,0,0,0.533776,3.71731,0.111899,1.50759,0,0,0,0.0342691,0,0,0,-3.12873
"MtrElec",6,2,10,"",0.97907,0,0,0,0.0264844,0,0.0330909,0,0,0.756867,0,0,0,0.455279,3.55098,0.0949443,1.40586,0,0,1.35888,0.0289969,0,0,0,-6.73231
"MtrElec",6,2,11,"",-2.95535,0,0,0,0.0264844,0,0.0330909,0,0,0.756867,0,0,0,0.423881,3.58152,0.074599,1.36895,0,0.573951,0.405362,0.0276789,0,0,0,-10.2277
"MtrElec",6,2,12,"",-8.0567,0,0,0,0.0264844,0,0.0330909,0,0,0.756867,0,0,0,0.392482,3.58152,0.050863,1.38513,0,0.171213,0.882064,0.0382232,0,0,0,-15.3746
"MtrElec",6,2,13,"",-19.101,0,0,0,0.0264844,0,0.0330909,0,0,0.756867,0,0,0,0.329685,3.60969,0.0406904,1.42442,0,0.372558,0,0.0461315,0,0,0,-25.7406
"MtrElec",6,2,14,"",-21.9424,0,0,0,0.0264844,0,0.0330909,0,0,0.756867,0,0,0,0.329685,3.68435,0.0372995,1.40361,0,0,0.881958,0.0421773,0,0,0,-29.1379
"MtrElec",6,2,15,"",-19.2993,0,0,0,0.0264844,0,0.0330909,0,0,0.756867,0,0,0,0.329685,3.79985,0.0372995,1.42381,0,0.372513,0.43918,0.0448134,0,0,0,-26.5629
"MtrElec",6,2,16,"",-14.278,0,0,0,0.0264844,0,0.0330909,0,0,0.756867,0,0,0,0.408182,3.89305,0.0406904,1.44487,0,0.185496,0.442728,0.0685382,0,0,0,-21.578
"MtrElec",6,2,17,"",-8.68023,0,0,0,0.0264844,0,0.0330909,0,0,0.756867,0,0,0,0.486678,4.34843,0.0644265,1.50192,0,0.186995,0,0.151575,0,0,0,-16.2367
"MtrElec",6,2,18,"",-1.53598,0,0,0,0.0264844,0,0.0330909,0,0,0.756867,0,0,0,0.690769,4.95313,0.125462,1.64515,0,0,0,0.254382,0,0,0,-10.0213
"MtrElec",6,2,19,"",8.59759,0,0,0,0.0264844,0,0.0330909,0,0,0.756867,0,0,0,1.31874,5.38343,0.166152,1.77034,1.71125,0,0.881967,0.237247,0,0,0,-3.68798
"MtrElec",6,2,20,"",11.6738,0,0,0,0,0,0.0330909,0,0,0.756867,0,0,0,1.83682,5.68059,0.220406,1.76103,1.74219,0.372517,0,0.129168,0,0,0,-0.85888
"MtrElec",6,2,21,"",12.044,0,0,0,0,0,0.0330909,0,0,0.756867,0,0,0,1.77402,5.93234,0.308569,1.68772,1.49601,0,0,0.0553577,0,0,0,0
"MtrElec",6,2,22,"",11.6428,0,0,0,0,0,0.0330909,0,0,0.756867,0,0,0,1.50713,5.91887,0.356041,1.61345,1.26921,0,0.161806,0.0263608,0,0,0,0
"MtrElec",6,2,23,"",10.5874,0,0,0,0,0,0.0330909,0,0,0.756867,0,0,0,0.989055,5.2731,0.308569,1.51068,1.20634,0.0683418,0.425533,0.0158165,0,0,0,0
"MtrElec",6,2,24,"",8.02189,0,0,0,0,0,0.0330909,0,0,0.756867,0,0,0,0.612272,4.51014,0.213625,1.4081,0,0.179732,0.294889,0.0131804,0,0,0,0
"MtrElec",6,3,1,"",6.43091,0,0,0,0,0,0.0330909,0,0,0.756867,0,0,0,0.361084,3.61319,0.15598,1.37955,0,0.124552,0,0.00659021,0,0,0,0
"MtrElec",6,3,2,"",5.86211,0,0,0,0,0,0.0330909,0,0,0.756867,0,0,0,0.298287,3.26893,0.15598,1.34369,0,0,0,0.00527217,0,0,0,0
"MtrElec",6,3,3,"",5.62616,0,0,0,0,0,0.0330909,0,0,0.756867,0,0,0,0.235489,3.13685,0.15598,1.30261,0,0,0,0.00527217,0,0,0,0
"MtrElec",6,3,4,"",5.61499,0,0,0,0,0,0.0330909,0,0,0.756867,0,0,0,0.266888,3.11415,0.15598,1.28275,0,0,0,0.00527217,0,0,0,0
"MtrElec",6,3,5,"",5.51138,0,0,0,0,0,0.0330909,0,0,0.756867,0,0,0,0.329685,2.97554,0.15598,1.25495,0,0,0,0.00527217,0,0,0,0
"MtrElec",6,3,6,"",5.92532,0,0,0,0,0,0.0330909,0,0,0.756867,0,0,0,0.486678,3.19534,0.125462,1.30943,0,0,0,0.0184526,0,0,0,0
"MtrElec",6,3,7,"",6.55965,0,0,0,0,0,0.0330909,0,0,0.756867,0,0,0,0.65937,3.62188,0.11868,1.44879,0,0,0,0.0250428,0,0,0,-0.104074
"MtrElec",6,3,8,"",6.98772,0,0,0,0,0,0.0330909,0,0,0.756867,0,0,0,0.643671,3.92033,0.115289,1.56294,0,0,0.881945,0.032951,0,0,0,-0.959364
"MtrElec",6,3,9,"",4.92293,0,0,0,0,0,0.0330909,0,0,0.756867,0,0,0,0.533776,3.71731,0.111899,1.51771,0,0.372507,0,0.0342691,0,0,0,-2.1545
"MtrElec",6,3,10,"",3.52066,0,0,0,0,0,0.0330909,0,0,0.756867,0,0,0,0.455279,3.55098,0.0949443,1.41295,0.484958,0,0.476651,0.0289969,0,0,0,-3.77405
"MtrElec",6,3,11,"",3.54283,0,0,0,0.0264844,0,0.0330909,0,0,0.756867,0,0,0,0.423881,3.58152,0.074599,1.37171,1.69357,0.201323,1.28735,0.0276789,0,0,0,-5.93524
"MtrElec",6,3,12,"",-7.04869,0,0,0,0.0264844,0,0.0330909,0,0,0.756867,0,0,0,0.392482,3.58152,0.050863,1.39009,0.296245,0.543737,0,0.0382232,0,0,0,-14.1583
"MtrElec",6,3,13,"",-25.6268,0,0,0,0.0264844,0,0.0330909,0,0,0.756867,0,0,0,0.329685,3.60969,0.0406904,1.4296,0,0,0.285975,0.0461315,0,0,0,-32.185
"MtrElec",6,3,14,"",-27.2751,0,0,0,0.0264844,0,0.0330909,0,0,0.756867,0,0,0,0.329685,3.68435,0.0372995,1.40909,0,0.120787,0.596301,0.0421773,0,0,0,-34.3112
"MtrElec",6,3,15,"",-24.8216,0,0,0,0.0264844,0,0.0330909,0,0,0.756867,0,0,0,0.329685,3.79985,0.0372995,1.42766,0,0.25186,0,0.0448134,0,0,0,-31.5292
"MtrElec",6,3,16,"",-19.8822,0,0,0,0.0264844,0,0.0330909,0,0,0.756867,0,0,0,0.408182,3.89305,0.0406904,1.45038,0,0,0.882163,0.0685382,0,0,0,-27.4416
"MtrElec",6,3,17,"",-12.1417,0,0,0,0.0264844,0,0.0330909,0,0,0.756867,0,0,0,0.486678,4.34843,0.0644265,1.51538,0,0.372599,0.881924,0.151575,0,0,0,-20.7792
"MtrElec",6,3,18,"",-2.28297,0,0,0,0.0264844,0,0.0330909,0,0,0.756867,0,0,0,0.690769,4.95313,0.125462,1.66481,0,0.372498,0.882049,0.254382,0,0,0,-12.0425
"MtrElec",6,3,19,"",6.66305,0,0,0,0.0264844,0,0.0330909,0,0,0.756867,0,0,0,1.31874,5.38343,0.166152,1.787,0,0.372551,0,0.237247,0,0,0,-3.41852
"MtrElec",6,3,20,"",9.81198,0,0,0,0,0,0.0330909,0,0,0.756867,0,0,0,1.83682,5.68059,0.220406,1.77497,0,0,0,0.129168,0,0,0,-0.619931
"MtrElec",6,3,21,"",10.5674,0,0,0,0,0,0.0330909,0,0,0.756867,0,0,0,1.77402,5.93234,0.308569,1.70714,0,0,0,0.0553577,0,0,0,0
"MtrElec",6,3,22,"",11.5039,0,0,0,0,0,0.0330909,0,0,0.756867,0,0,0,1.50713,5.91887,0.356041,1.63633,1.26921,0,0,0.0263608,0,0,0,0
"MtrElec",6,3,23,"",10.1195,0,0,0,0,0,0.0330909,0,0,0.756867,0,0,0,0.989055,5.2731,0.308569,1.53665,1.20634,0,0,0.0158165,0,0,0,0
"MtrElec",6,3,24,"",7.58055,0,0,0,0,0,0.0330909,0,0,0.756867,0,0,0,0.612272,4.51014,0.213625,1.44138,0,0,0,0.0131804,0,0,0,0
"MtrElec",6,4,1,"",6.33336,0,0,0,0,0,0.0330909,0,0,0.756867,0,0,0,0.361084,3.61319,0.15598,1.40656,0,0,0,0.00659021,0,0,0,0
"MtrElec",6,4,2,"",5.8842,0,0,0,0,0,0.0330909,0,0,0.756867,0,0,0,0.298287,3.26893,0.15598,1.36577,0,0,0,0.00527217,0,0,0,0
"MtrElec",6,4,3,"",5.64859,0,0,0,0,0,0.0330909,0,0,0.756867,0,0,0,0.235489,3.13685,0.15598,1.32504,0,0,0,0.00527217,0,0,0,0
"MtrElec",6,4,4,"",5.63698,0,0,0,0,0,0.0330909,0,0,0.756867,0,0,0,0.266888,3.11415,0.15598,1.30473,0,0,0,0.00527217,0,0,0,0
"MtrElec",6,4,5,"",5.53576,0,0,0,0,0,0.0330909,0,0,0.756867,0,0,0,0.329685,2.97554,0.15598,1.27932,0,0,0,0.00527217,0,0,0,0
"MtrElec",6,4,6,"",5.95426,0,0,0,0,0,0.0330909,0,0,0.756867,0,0,0,0.486678,3.19534,0.125462,1.33837,0,0,0,0.0184526,0,0,0,0
"MtrElec",6,4,7,"",6.54655,0,0,0,0,0,0.0330909,0,0,0.756867,0,0,0,0.65937,3.62188,0.11868,1.47244,0,0,0,0.0250428,0,0,0,-0.140814
"MtrElec",6,4,8,"",6.3867,0,0,0,0,0,0.0330909,0,0,0.756867,0,0,0,0.643671,3.92033,0.115289,1.58271,0,0,0,0.032951,0,0,0,-0.698214
"MtrElec",6,4,9,"",5.287,0,0,0,0,0,0.0330909,0,0,0.756867,0,0,0,0.533776,3.71731,0.111899,1.5408,0,0,0,0.0342691,0,0,0,-1.44102
"MtrElec",6,4,10,"",3.15518,0,0,0,0,0,0.0330909,0,0,0.756867,0,0,0,0.455279,3.55098,0.0949443,1.44274,0,0,0,0.0289969,0,0,0,-3.20772
"MtrElec",6,4,11,"",0.899596,0,0,0,0.0264844,0,0.0330909,0,0,0.756867,0,0,0,0.423881,3.58152,0.074599,1.40126,0,0,0,0.0276789,0,0,0,-5.42578
"MtrElec",6,4,12,"",-5.01464,0,0,0,0.0264844,0,0.0330909,0,0,0.756867,0,0,0,0.392482,3.58152,0.050863,1.41404,0,0,0,0.0382232,0,0,0,-11.3082
"MtrElec",6,4,13,"",-6.89505,0,0,0,0.0264844,0,0.0330909,0,0,0.756867,0,0,0,0.329685,3.60969,0.0406904,1.44792,0,0,0,0.0461315,0,0,0,-13.1856
"MtrElec",6,4,14,"",-23.5147,0,0,0,0.0264844,0,0.0330909,0,0,0.756867,0,0,0,0.329685,3.68435,0.0372995,1.42719,0,0,0,0.0421773,0,0,0,-29.8519
"MtrElec",6,4,15,"",-25.6669,0,0,0,0.0264844,0,0.0330909,0,0,0.756867,0,0,0,0.329685,3.79985,0.0372995,1.44103,0,0,0.336868,0.0448134,0,0,0,-32.4729
"MtrElec",6,4,16,"",-19.4583,0,0,0,0.0264844,0,0.0330909,0,0,0.756867,0,0,0,0.408182,3.89305,0.0406904,1.46456,1.26327,0.142283,0.545039,0.0685382,0,0,0,-28.1004
"MtrElec",6,4,17,"",-12.4474,0,0,0,0.0264844,0,0.0330909,0,0,0.756867,0,0,0,0.486678,4.34843,0.0644265,1.53389,1.21212,0.230208,0,0.151575,0,0,0,-21.2911
"MtrElec",6,4,18,"",-3.83457,0,0,0,0.0264844,0,0.0330909,0,0,0.756867,0,0,0,0.690769,4.95313,0.125462,1.67706,0,0,0,0.254382,0,0,0,-12.3518
"MtrElec",6,4,19,"",6.8205,0,0,0,0.0264844,0,0.0330909,0,0,0.756867,0,0,0,1.31874,5.38343,0.166152,1.79615,0,0,0.677641,0.237247,0,0,0,-3.57531
"MtrElec",6,4,20,"",10.2691,0,0,0,0,0,0.0330909,0,0,0.756867,0,0,0,1.83682,5.68059,0.220406,1.77866,0,0.286215,0.204201,0.129168,0,0,0,-0.656898
"MtrElec",6,4,21,"",10.6519,0,0,0,0,0,0.0330909,0,0,0.756867,0,0,0,1.77402,5.93234,0.308569,1.7054,0,0.0862486,0,0.0553577,0,0,0,0
"MtrElec",6,4,22,"",11.4989,0,0,0,0,0,0.0330909,0,0,0.756867,0,0,0,1.50713,5.91887,0.356041,1.6313,1.26921,0,0,0.0263608,0,0,0,0
"MtrElec",6,4,23,"",10.1107,0,0,0,0,0,0.0330909,0,0,0.756867,0,0,0,0.989055,5.2731,0.308569,1.52789,1.20634,0,0,0.0158165,0,0,0,0
"MtrElec",6,4,24,"",7.5661,0,0,0,0,0,0.0330909,0,0,0.756867,0,0,0,0.612272,4.51014,0.213625,1.42693,0,0,0,0.0131804,0,0,0,0
"MtrElec",6,5,1,"",6.32134,0,0,0,0,0,0.0330909,0,0,0.756867,0,0,0,0.361084,3.61319,0.15598,1.39454,0,0,0,0.00659021,0,0,0,0
"MtrElec",6,5,2,"",5.87433,0,0,0,0,0,0.0330909,0,0,0.756867,0,0,0,0.298287,3.26893,0.15598,1.35591,0,0,0,0.00527217,0,0,0,0
"MtrElec",6,5,3,"",5.63821,0,0,0,0,0,0.0330909,0,0,0.756867,0,0,0,0.235489,3.13685,0.15598,1.31466,0,0,0,0.00527217,0,0,0,0
"MtrElec",6,5,4,"",5.62635,0,0,0,0,0,0.0330909,0,0,0.756867,0,0,0,0.266888,3.11415,0.15598,1.2941,0,0,0,0.00527217,0,0,0,0
"MtrElec",6,5,5,"",5.52339,0,0,0,0,0,0.0330909,0,0,0.756867,0,0,0,0.329685,2.97554,0.15598,1.26696,0,0,0,0.00527217,0,0,0,0
"MtrElec",6,5,6,"",5.93888,0,0,0,0,0,0.0330909,0,0,0.756867,0,0,0,0.486678,3.19534,0.125462,1.32299,0,0,0,0.0184526,0,0,0,0
"MtrElec",6,5,7,"",6.37316,0,0,0,0,0,0.0330909,0,0,0.756867,0,0,0,0.65937,3.62188,0.11868,1.45128,0,0,0,0.0250428,0,0,0,-0.293039
"MtrElec",6,5,8,"",7.38266,0,0,0,0,0,0.0330909,0,0,0.756867,0,0,0,0.643671,3.92033,0.115289,1.56463,0,0,1.76389,0.032951,0,0,0,-1.44807
"MtrElec",6,5,9,"",6.48647,0,0,0,0,0,0.0330909,0,0,0.756867,0,0,0,0.533776,3.71731,0.111899,1.52218,1.26088,0.745014,0.881806,0.0342691,0,0,0,-3.11063
"MtrElec",6,5,10,"",2.99376,0,0,0,0.0264844,0,0.0330909,0,0,0.756867,0,0,0,0.455279,3.55098,0.0949443,1.42384,1.21459,0.372449,0,0.0289969,0,0,0,-4.96376
"MtrElec",6,5,11,"",-1.61487,0,0,0,0.0264844,0,0.0330909,0,0,0.756867,0,0,0,0.423881,3.58152,0.074599,1.38647,0,0,1.76397,0.0276789,0,0,0,-9.68943
"MtrElec",6,5,12,"",-15.6805,0,0,0,0.0264844,0,0.0330909,0,0,0.756867,0,0,0,0.392482,3.58152,0.050863,1.40134,0,0.745048,0,0.0382232,0,0,0,-22.7065
"MtrElec",6,5,13,"",-27.5953,0,0,0,0.0264844,0,0.0330909,0,0,0.756867,0,0,0,0.329685,3.60969,0.0406904,1.43869,0,0,0.412509,0.0461315,0,0,0,-34.2891
"MtrElec",6,5,14,"",-28.3347,0,0,0,0.0264844,0,0.0330909,0,0,0.756867,0,0,0,0.329685,3.68435,0.0372995,1.41452,0,0.174231,1.3515,0.0421773,0,0,0,-36.1849
"MtrElec",6,5,15,"",-26.5632,0,0,0,0.0264844,0,0.0330909,0,0,0.756867,0,0,0,0.329685,3.79985,0.0372995,1.42686,0,0.570831,0,0.0448134,0,0,0,-33.589
"MtrElec",6,5,16,"",-20.685,0,0,0,0.0264844,0,0.0330909,0,0,0.756867,0,0,0,0.408182,3.89305,0.0406904,1.44452,1.26327,0,0,0.0685382,0,0,0,-28.6197
"MtrElec",6,5,17,"",-12.8195,0,0,0,0.0264844,0,0.0330909,0,0,0.756867,0,0,0,0.486678,4.34843,0.0644265,1.49975,1.21212,0,0,0.151575,0,0,0,-21.399
"MtrElec",6,5,18,"",-3.48856,0,0,0,0.0264844,0,0.0330909,0,0,0.756867,0,0,0,0.690769,4.95313,0.125462,1.64097,0,0,0.463257,0.254382,0,0,0,-12.433
"MtrElec",6,5,19,"",8.41128,0,0,0,0.0264844,0,0.0330909,0,0,0.756867,0,0,0,1.31874,5.38343,0.166152,1.76548,1.71125,0.195666,0.418981,0.237247,0,0,0,-3.60211
"MtrElec",6,5,20,"",10.726,0,0,0,0,0,0.0330909,0,0,0.756867,0,0,0,1.83682,5.68059,0.220406,1.75473,0.762762,0.176965,0,0.129168,0,0,0,-0.6254
"MtrElec",6,5,21,"",11.0786,0,0,0,0,0,0.0330909,0,0,0.756867,0,0,0,1.77402,5.93234,0.308569,1.6762,0.54211,0,0,0.0553577,0,0,0,0
"MtrElec",6,5,22,"",11.0683,0,0,0,0,0,0.0330909,0,0,0.756867,0,0,0,1.50713,5.91887,0.356041,1.59683,0.873087,0,0,0.0263608,0,0,0,0
"MtrElec",6,5,23,"",9.9279,0,0,0,0,0,0.0330909,0,0,0.756867,0,0,0,0.989055,5.2731,0.308569,1.49111,1.06029,0,0,0.0158165,0,0,0,0
"MtrElec",6,5,24,"",7.52003,0,0,0,0,0,0.0330909,0,0,0.756867,0,0,0,0.612272,4.51014,0.213625,1.38086,0,0,0,0.0131804,0,0,0,0
"MtrElec",6,6,1,"",7.86593,0,0,0,0,0,0.0330909,0,0,0.756867,0,0,0,0.361084,3.6248,0.15598,1.3959,1.53163,0,0,0.00659021,0,0,0,0
"MtrElec",6,6,2,"",6.84554,0,0,0,0,0,0.0330909,0,0,0.756867,0,0,0,0.298287,3.31524,0.15598,1.33737,0.94343,0,0,0.00527217,0,0,0,0
"MtrElec",6,6,3,"",7.0898,0,0,0,0,0,0.0330909,0,0,0.756867,0,0,0,0.235489,3.12615,0.152589,1.31555,1.46611,0,0,0.00395412,0,0,0,0
"MtrElec",6,6,4,"",6.62362,0,0,0,0,0,0.0330909,0,0,0.756867,0,0,0,0.266888,3.11505,0.152589,1.28581,1.00937,0,0,0.00395412,0,0,0,0
"MtrElec",6,6,5,"",5.49412,0,0,0,0,0,0.0330909,0,0,0.756867,0,0,0,0.329685,2.96483,0.15598,1.24971,0,0,0,0.00395412,0,0,0,0
"MtrElec",6,6,6,"",5.86534,0,0,0,0,0,0.0330909,0,0,0.756867,0,0,0,0.486678,3.18464,0.152589,1.24489,0,0,0,0.00659021,0,0,0,0
"MtrElec",6,6,7,"",3.77176,0,0,0,0,0,0.0330909,0,0,0.756867,0,0,0,0.65937,3.54175,0.149198,1.26977,0,0,0,0.0131804,0,0,0,-2.65147
"MtrElec",6,6,8,"",-0.138483,0,0,0,0.0264844,0,0.0330909,0,0,0.756867,0,0,0,0.643671,3.8286,0.139026,1.36693,0,0,0,0.0355871,0,0,0,-6.96875
"MtrElec",6,6,9,"",4.62348,0,0,0,0,0,0.0330909,0,0,0.756867,0,0,0,0.533776,3.69421,0.122071,1.53897,0,0,0,0.063266,0,0,0,-2.11877
"MtrElec",6,6,10,"",3.01041,0,0,0,0.0264844,0,0.0330909,0,0,0.756867,0,0,0,0.455279,3.63031,0.101726,1.50975,0,0,1.27594,0.063266,0,0,0,-4.84229
"MtrElec",6,6,11,"",1.44556,0,0,0,0.0264844,0,0.0330909,0,0,0.756867,0,0,0,0.423881,3.68356,0.0813808,1.47978,0,0.538918,1.3705,0.0606299,0,0,0,-7.00953
"MtrElec",6,6,12,"",-1.86566,0,0,0,0.0264844,0,0.0330909,0,0,0.756867,0,0,0,0.392482,3.61583,0.0542539,1.50718,0,0.57886,0.882007,0.0724923,0,0,0,-9.78521
"MtrElec",6,6,13,"",-8.78861,0,0,0,0.0264844,0,0.0330909,0,0,0.756867,0,0,0,0.329685,3.59859,0.0406904,1.53766,0,0.372533,0,0.0830366,0,0,0,-15.5672
"MtrElec",6,6,14,"",-24.8324,0,0,0,0.0264844,0,0.0330909,0,0,0.756867,0,0,0,0.329685,3.70795,0.0372995,1.55901,0,0,0,0.0777645,0,0,0,-31.3605
"MtrElec",6,6,15,"",-26.4928,0,0,0,0.0264844,0,0.0330909,0,0,0.756867,0,0,0,0.329685,3.87997,0.0372995,1.53996,0,0,0,0.0817186,0,0,0,-33.1778
"MtrElec",6,6,16,"",-21.5172,0,0,0,0.0264844,0,0.0330909,0,0,0.756867,0,0,0,0.408182,4.0756,0.0406904,1.57792,0,0,0,0.0896268,0,0,0,-28.5257
"MtrElec",6,6,17,"",-13.8203,0,0,0,0.0264844,0,0.0330909,0,0,0.756867,0,0,0,0.486678,4.51938,0.0644265,1.55393,0,0,0,0.119942,0,0,0,-21.3811
"MtrElec",6,6,18,"",-3.02164,0,0,0,0.0264844,0,0.0330909,0,0,0.756867,0,0,0,0.690769,5.02125,0.128853,1.64057,0,0,0.882188,0.183208,0,0,0,-12.3849
"MtrElec",6,6,19,"",6.36504,0,0,0,0.0264844,0,0.0330909,0,0,0.756867,0,0,0,1.31874,5.37143,0.162762,1.75649,0,0.37261,0,0.170027,0,0,0,-3.60347
"MtrElec",6,6,20,"",12.3239,0,0,0,0,0,0.0330909,0,0,0.756867,0,0,0,1.83682,5.58887,0.203452,1.72343,2.47456,0,0.328491,0.094899,0,0,0,-0.716583
"MtrElec",6,6,21,"",12.3935,0,0,0,0,0,0.0330909,0,0,0.756867,0,0,0,1.77402,5.7952,0.281442,1.67763,1.34073,0.138745,0.553615,0.0421773,0,0,0,0
"MtrElec",6,6,22,"",11.39,0,0,0,0,0,0.0330909,0,0,0.756867,0,0,0,1.50713,5.77013,0.332305,1.60486,1.13329,0.233831,0,0.0184526,0,0,0,0
"MtrElec",6,6,23,"",8.74675,0,0,0,0,0,0.0330909,0,0,0.756867,0,0,0,0.989055,5.19338,0.288224,1.47428,0,0,0,0.0118624,0,0,0,0
"MtrElec",6,6,24,"",9.986,0,0,0,0,0,0.0330909,0,0,0.756867,0,0,0,0.612272,4.4178,0.200061,1.48425,2.47507,0,0,0.00659021,0,0,0,0
"MtrElec",6,7,1,"",6.31719,0,0,0,0,0,0.0330909,0,0,0.756867,0,0,0,0.361084,3.6248,0.15598,1.37878,0,0,0,0.00659021,0,0,0,0
"MtrElec",6,7,2,"",5.88559,0,0,0,0,0,0.0330909,0,0,0.756867,0,0,0,0.298287,3.31524,0.15598,1.32085,0,0,0,0.00527217,0,0,0,0
"MtrElec",6,7,3,"",7.07241,0,0,0,0,0,0.0330909,0,0,0.756867,0,0,0,0.235489,3.12615,0.152589,1.29816,1.46611,0,0,0.00395412,0,0,0,0
"MtrElec",6,7,4,"",6.60669,0,0,0,0,0,0.0330909,0,0,0.756867,0,0,0,0.266888,3.11505,0.152589,1.26888,1.00937,0,0,0.00395412,0,0,0,0
"MtrElec",6,7,5,"",5.47549,0,0,0,0,0,0.0330909,0,0,0.756867,0,0,0,0.329685,2.96483,0.15598,1.23108,0,0,0,0.00395412,0,0,0,0
"MtrElec",6,7,6,"",5.84653,0,0,0,0,0,0.0330909,0,0,0.756867,0,0,0,0.486678,3.18464,0.152589,1.22608,0,0,0,0.00659021,0,0,0,0
"MtrElec",6,7,7,"",5.70356,0,0,0,0,0,0.0330909,0,0,0.756867,0,0,0,0.65937,3.54175,0.149198,1.25197,0,0,1.38568,0.0131804,0,0,0,-2.08755
"MtrElec",6,7,8,"",5.8224,0,0,0,0,0,0.0330909,0,0,0.756867,0,0,0,0.643671,3.8286,0.139026,1.35534,0,0.585268,0.768643,0.0355871,0,0,0,-2.32369
"MtrElec",6,7,9,"",5.98889,0,0,0,0,0,0.0330909,0,0,0.756867,0,0,0,0.533776,3.69421,0.122071,1.53283,0,0.324652,2.04272,0.063266,0,0,0,-3.11459
"MtrElec",6,7,10,"",3.45396,0,0,0,0.0264844,0,0.0330909,0,0,0.756867,0,0,0,0.455279,3.63031,0.101726,1.5016,0,0.862783,1.3125,0.063266,0,0,0,-5.28994
"MtrElec",6,7,11,"",0.449961,0,0,0,0.0264844,0,0.0330909,0,0,0.756867,0,0,0,0.423881,3.68356,0.0813808,1.47519,0.853184,0.554359,1.41296,0.0606299,0,0,0,-8.91162
"MtrElec",6,7,12,"",-5.81944,0,0,0,0.0264844,0,0.0330909,0,0,0.756867,0,0,0,0.392482,3.61583,0.0542539,1.50426,1.62204,0.596792,1.89771,0.0724923,0,0,0,-16.3918
"MtrElec",6,7,13,"",-15.2279,0,0,0,0.0264844,0,0.0330909,0,0,0.756867,0,0,0,0.329685,3.59859,0.0406904,1.53783,0,0.801536,1.00673,0.0830366,0,0,0,-23.4424
"MtrElec",6,7,14,"",-18.7132,0,0,0,0.0264844,0,0.0330909,0,0,0.756867,0,0,0,0.329685,3.70795,0.0372995,1.56343,0,0.425211,1.63939,0.0777645,0,0,0,-27.3103
"MtrElec",6,7,15,"",-25.4881,0,0,0,0.0264844,0,0.0330909,0,0,0.756867,0,0,0,0.329685,3.87997,0.0372995,1.54704,0,0.692428,0,0.0817186,0,0,0,-32.8727
"MtrElec",6,7,16,"",-20.951,0,0,0,0.0264844,0,0.0330909,0,0,0.756867,0,0,0,0.408182,4.0756,0.0406904,1.57888,0,0,0,0.0896268,0,0,0,-27.9604
"MtrElec",6,7,17,"",-13.3037,0,0,0,0.0264844,0,0.0330909,0,0,0.756867,0,0,0,0.486678,4.51938,0.0644265,1.55562,0,0,0,0.119942,0,0,0,-20.8662
"MtrElec",6,7,18,"",-3.56813,0,0,0,0.0264844,0,0.0330909,0,0,0.756867,0,0,0,0.690769,5.02125,0.128853,1.64659,0,0,0,0.183208,0,0,0,-12.0552
"MtrElec",6,7,19,"",5.95647,0,0,0,0.0264844,0,0.0330909,0,0,0.756867,0,0,0,1.31874,5.37143,0.162762,1.76306,0,0,0,0.170027,0,0,0,-3.64599
"MtrElec",6,7,20,"",9.50367,0,0,0,0,0,0.0330909,0,0,0.756867,0,0,0,1.83682,5.58887,0.203452,1.73391,0,0,0,0.094899,0,0,0,-0.744235
"MtrElec",6,7,21,"",10.3736,0,0,0,0,0,0.0330909,0,0,0.756867,0,0,0,1.77402,5.7952,0.281442,1.69083,0,0,0,0.0421773,0,0,0,0
"MtrElec",6,7,22,"",10.036,0,0,0,0,0,0.0330909,0,0,0.756867,0,0,0,1.50713,5.77013,0.332305,1.61807,0,0,0,0.0184526,0,0,0,0
"MtrElec",6,7,23,"",8.76555,0,0,0,0,0,0.0330909,0,0,0.756867,0,0,0,0.989055,5.19338,0.288224,1.49307,0,0,0,0.0118624,0,0,0,0
"MtrElec",6,7,24,"",7.52376,0,0,0,0,0,0.0330909,0,0,0.756867,0,0,0,0.612272,4.4178,0.200061,1.49708,0,0,0,0.00659021,0,0,0,0
"MtrElec",6,8,1,"",6.28166,0,0,0,0,0,0.0330909,0,0,0.756867,0,0,0,0.361084,3.61319,0.15598,1.35486,0,0,0,0.00659021,0,0,0,0
"MtrElec",6,8,2,"",5.84089,0,0,0,0,0,0.0330909,0,0,0.756867,0,0,0,0.298287,3.26893,0.15598,1.32247,0,0,0,0.00527217,0,0,0,0
"MtrElec",6,8,3,"",5.60504,0,0,0,0,0,0.0330909,0,0,0.756867,0,0,0,0.235489,3.13685,0.15598,1.28148,0,0,0,0.00527217,0,0,0,0
"MtrElec",6,8,4,"",5.59464,0,0,0,0,0,0.0330909,0,0,0.756867,0,0,0,0.266888,3.11415,0.15598,1.26239,0,0,0,0.00527217,0,0,0,0
"MtrElec",6,8,5,"",5.489,0,0,0,0,0,0.0330909,0,0,0.756867,0,0,0,0.329685,2.97554,0.15598,1.23256,0,0,0,0.00527217,0,0,0,0
"MtrElec",6,8,6,"",5.89873,0,0,0,0,0,0.0330909,0,0,0.756867,0,0,0,0.486678,3.19534,0.125462,1.28284,0,0,0,0.0184526,0,0,0,0
"MtrElec",6,8,7,"",4.58289,0,0,0,0,0,0.0330909,0,0,0.756867,0,0,0,0.65937,3.62188,0.11868,1.41918,0,0,0,0.0250428,0,0,0,-2.05122
"MtrElec",6,8,8,"",5.65805,0,0,0,0,0,0.0330909,0,0,0.756867,0,0,0,0.643671,3.92033,0.115289,1.54155,0,0,0.881945,0.032951,0,0,0,-2.26765
"MtrElec",6,8,9,"",3.90154,0,0,0,0,0,0.0330909,0,0,0.756867,0,0,0,0.533776,3.71731,0.111899,1.49738,0,0.372507,0,0.0342691,0,0,0,-3.15556
"MtrElec",6,8,10,"",2.49064,0,0,0,0.0264844,0,0.0330909,0,0,0.756867,0,0,0,0.455279,3.55098,0.0949443,1.39068,0,0,0.953301,0.0289969,0,0,0,-4.79998
"MtrElec",6,8,11,"",1.87743,0,0,0,0.0264844,0,0.0330909,0,0,0.756867,0,0,0,0.423881,3.58152,0.074599,1.35286,0,0.402646,1.69271,0.0276789,0,0,0,-6.4949
"MtrElec",6,8,12,"",-6.13684,0,0,0,0.0264844,0,0.0330909,0,0,0.756867,0,0,0,0.392482,3.58152,0.050863,1.36946,0,0.71495,0.882056,0.0382232,0,0,0,-13.9828
"MtrElec",6,8,13,"",-10.3996,0,0,0,0.0264844,0,0.0330909,0,0,0.756867,0,0,0,0.329685,3.60969,0.0406904,1.41235,0,0.372554,0.285975,0.0461315,0,0,0,-17.3131
"MtrElec",6,8,14,"",-13.646,0,0,0,0.0264844,0,0.0330909,0,0,0.756867,0,0,0,0.329685,3.68435,0.0372995,1.38965,0,0.120787,1.04577,0.0421773,0,0,0,-21.1122
"MtrElec",6,8,15,"",-18.3044,0,0,0,0.0264844,0,0.0330909,0,0,0.756867,0,0,0,0.329685,3.79985,0.0372995,1.41184,0,0.441701,0.868033,0.0448134,0,0,0,-26.0541
"MtrElec",6,8,16,"",-20.432,0,0,0,0.0264844,0,0.0330909,0,0,0.756867,0,0,0,0.408182,3.89305,0.0406904,1.43518,0,0.366631,0.446611,0.0685382,0,0,0,-27.9073
"MtrElec",6,8,17,"",-10.9601,0,0,0,0.0264844,0,0.0330909,0,0,0.756867,0,0,0,0.486678,4.34843,0.0644265,1.4956,0.530617,0.188635,0,0.151575,0,0,0,-19.0425
"MtrElec",6,8,18,"",2.44346,0,0,0,0.0264844,0,0.0330909,0,0,0.756867,0,0,0,0.690769,4.95313,0.125462,1.64566,1.9438,0,0,0.254382,0,0,0,-7.98619
"MtrElec",6,8,19,"",6.15481,0,0,0,0.0264844,0,0.0330909,0,0,0.756867,0,0,0,1.31874,5.38343,0.166152,1.77139,0,0,0,0.237247,0,0,0,-3.53859
"MtrElec",6,8,20,"",9.90067,0,0,0,0,0,0.0330909,0,0,0.756867,0,0,0,1.83682,5.68059,0.220406,1.75777,0,0,0,0.129168,0,0,0,-0.51404
"MtrElec",6,8,21,"",10.5406,0,0,0,0,0,0.0330909,0,0,0.756867,0,0,0,1.77402,5.93234,0.308569,1.68034,0,0,0,0.0553577,0,0,0,0
"MtrElec",6,8,22,"",10.2049,0,0,0,0,0,0.0330909,0,0,0.756867,0,0,0,1.50713,5.91887,0.356041,1.6065,0,0,0,0.0263608,0,0,0,0
"MtrElec",6,8,23,"",9.10856,0,0,0,0,0,0.0330909,0,0,0.756867,0,0,0,0.989055,5.2731,0.308569,1.50703,0,0,0.225027,0.0158165,0,0,0,0
"MtrElec",6,8,24,"",8.29564,0,0,0,0,0,0.0330909,0,0,0.756867,0,0,0,0.612272,4.51014,0.213625,1.40454,0,0.0950445,0.656879,0.0131804,0,0,0,0
"MtrElec",6,9,1,"",6.5801,0,0,0,0,0,0.0330909,0,0,0.756867,0,0,0,0.361084,3.61319,0.15598,1.37585,0,0.277446,0,0.00659021,0,0,0,0
"MtrElec",6,9,2,"",7.55597,0,0,0,0,0,0.0330909,0,0,0.756867,0,0,0,0.298287,3.26893,0.15598,1.33992,1.69764,0,0,0.00527217,0,0,0,0
"MtrElec",6,9,3,"",6.40045,0,0,0,0,0,0.0330909,0,0,0.756867,0,0,0,0.235489,3.13685,0.15598,1.29898,0.777912,0,0,0.00527217,0,0,0,0
"MtrElec",6,9,4,"",5.61116,0,0,0,0,0,0.0330909,0,0,0.756867,0,0,0,0.266888,3.11415,0.15598,1.27892,0,0,0,0.00527217,0,0,0,0
"MtrElec",6,9,5,"",5.50599,0,0,0,0,0,0.0330909,0,0,0.756867,0,0,0,0.329685,2.97554,0.15598,1.24956,0,0,0,0.00527217,0,0,0,0
"MtrElec",6,9,6,"",5.91755,0,0,0,0,0,0.0330909,0,0,0.756867,0,0,0,0.486678,3.19534,0.125462,1.30166,0,0,0,0.0184526,0,0,0,0
"MtrElec",6,9,7,"",6.54213,0,0,0,0,0,0.0330909,0,0,0.756867,0,0,0,0.65937,3.62188,0.11868,1.43507,0,0,0,0.0250428,0,0,0,-0.107866
"MtrElec",6,9,8,"",6.76065,0,0,0,0,0,0.0330909,0,0,0.756867,0,0,0,0.643671,3.92033,0.115289,1.55274,0,0,0,0.032951,0,0,0,-0.294292
"MtrElec",6,9,9,"",5.32011,0,0,0,0,0,0.0330909,0,0,0.756867,0,0,0,0.533776,3.71731,0.111899,1.50883,0,0,0,0.0342691,0,0,0,-1.37593
"MtrElec",6,9,10,"",4.51507,0,0,0,0,0,0.0330909,0,0,0.756867,0,0,0,0.455279,3.55098,0.0949443,1.40551,0.939524,0,0,0.0289969,0,0,0,-2.75012
"MtrElec",6,9,11,"",2.84179,0,0,0,0.0264844,0,0.0330909,0,0,0.756867,0,0,0,0.423881,3.58152,0.074599,1.36675,1.5359,0,0,0.0276789,0,0,0,-4.98497
"MtrElec",6,9,12,"",-3.0045,0,0,0,0.0264844,0,0.0330909,0,0,0.756867,0,0,0,0.392482,3.58152,0.050863,1.38097,0,0,0,0.0382232,0,0,0,-9.265
"MtrElec",6,9,13,"",-9.60579,0,0,0,0.0264844,0,0.0330909,0,0,0.756867,0,0,0,0.329685,3.60969,0.0406904,1.41954,0,0,0.285975,0.0461315,0,0,0,-16.1539
"MtrElec",6,9,14,"",-15.5146,0,0,0,0.0264844,0,0.0330909,0,0,0.756867,0,0,0,0.329685,3.68435,0.0372995,1.39607,0,0.120787,0.596301,0.0421773,0,0,0,-22.5377
"MtrElec",6,9,15,"",-21.4084,0,0,0,0.0264844,0,0.0330909,0,0,0.756867,0,0,0,0.329685,3.79985,0.0372995,1.41664,0,0.25186,0.673737,0.0448134,0,0,0,-28.7787
"MtrElec",6,9,16,"",-19.5462,0,0,0,0.0264844,0,0.0330909,0,0,0.756867,0,0,0,0.408182,3.89305,0.0406904,1.44052,0,0.284566,1.09008,0.0685382,0,0,0,-27.5883
"MtrElec",6,9,17,"",-13.0996,0,0,0,0.0264844,0,0.0330909,0,0,0.756867,0,0,0,0.486678,4.34843,0.0644265,1.50365,0,0.460417,0,0.151575,0,0,0,-20.9312
"MtrElec",6,9,18,"",-3.85296,0,0,0,0.0264844,0,0.0330909,0,0,0.756867,0,0,0,0.690769,4.95313,0.125462,1.65393,0,0,0,0.254382,0,0,0,-12.3471
"MtrElec",6,9,19,"",5.95744,0,0,0,0.0264844,0,0.0330909,0,0,0.756867,0,0,0,1.31874,5.38343,0.166152,1.78352,0,0,0,0.237247,0,0,0,-3.74809
"MtrElec",6,9,20,"",9.75156,0,0,0,0,0,0.0330909,0,0,0.756867,0,0,0,1.83682,5.68059,0.220406,1.77043,0,0,0,0.129168,0,0,0,-0.675814
"MtrElec",6,9,21,"",10.557,0,0,0,0,0,0.0330909,0,0,0.756867,0,0,0,1.77402,5.93234,0.308569,1.69678,0,0,0,0.0553577,0,0,0,0
"MtrElec",6,9,22,"",14.4285,0,0,0,0,0,0.0330909,0,0,0.756867,0,0,0,1.50713,5.91887,0.356041,1.62203,2.47431,0,1.73381,0.0263608,0,0,0,0
"MtrElec",6,9,23,"",9.66127,0,0,0,0,0,0.0330909,0,0,0.756867,0,0,0,0.989055,5.2731,0.308569,1.52195,0,0.732311,0.0305102,0.0158165,0,0,0,0
"MtrElec",6,9,24,"",7.57494,0,0,0,0,0,0.0330909,0,0,0.756867,0,0,0,0.612272,4.51014,0.213625,1.42288,0,0.0128866,0,0.0131804,0,0,0,0
"MtrElec",6,10,1,"",6.31753,0,0,0,0,0,0.0330909,0,0,0.756867,0,0,0,0.361084,3.61319,0.15598,1.39073,0,0,0,0.00659021,0,0,0,0
"MtrElec",6,10,2,"",5.87051,0,0,0,0,0,0.0330909,0,0,0.756867,0,0,0,0.298287,3.26893,0.15598,1.35208,0,0,0,0.00527217,0,0,0,0
"MtrElec",6,10,3,"",5.63438,0,0,0,0,0,0.0330909,0,0,0.756867,0,0,0,0.235489,3.13685,0.15598,1.31083,0,0,0,0.00527217,0,0,0,0
"MtrElec",6,10,4,"",5.6227,0,0,0,0,0,0.0330909,0,0,0.756867,0,0,0,0.266888,3.11415,0.15598,1.29045,0,0,0,0.00527217,0,0,0,0
"MtrElec",6,10,5,"",5.51955,0,0,0,0,0,0.0330909,0,0,0.756867,0,0,0,0.329685,2.97554,0.15598,1.26311,0,0,0,0.00527217,0,0,0,0
"MtrElec",6,10,6,"",5.9345,0,0,0,0,0,0.0330909,0,0,0.756867,0,0,0,0.486678,3.19534,0.125462,1.3186,0,0,0,0.0184526,0,0,0,0
"MtrElec",6,10,7,"",5.53035,0,0,0,0,0,0.0330909,0,0,0.756867,0,0,0,0.65937,3.62188,0.11868,1.4501,0,0,0,0.0250428,0,0,0,-1.13468
"MtrElec",6,10,8,"",4.12211,0,0,0,0,0,0.0330909,0,0,0.756867,0,0,0,0.643671,3.92033,0.115289,1.56563,0,0,0,0.032951,0,0,0,-2.94571
"MtrElec",6,10,9,"",3.08542,0,0,0,0,0,0.0330909,0,0,0.756867,0,0,0,0.533776,3.71731,0.111899,1.52409,0,0,0.287278,0.0342691,0,0,0,-3.91317
"MtrElec",6,10,10,"",0.654383,0,0,0,0.0264844,0,0.0330909,0,0,0.756867,0,0,0,0.455279,3.55098,0.0949443,1.4242,0,0.121338,0.594891,0.0289969,0,0,0,-6.43268
"MtrElec",6,10,11,"",-5.63943,0,0,0,0.0264844,0,0.0330909,0,0,0.756867,0,0,0,0.423881,3.58152,0.074599,1.38736,0,0.251264,0,0.0276789,0,0,0,-12.2022
"MtrElec",6,10,12,"",-15.6276,0,0,0,0.0264844,0,0.0330909,0,0,0.756867,0,0,0,0.392482,3.58152,0.050863,1.40533,0,0,0,0.0382232,0,0,0,-21.9124
"MtrElec",6,10,13,"",-26.7917,0,0,0,0.0264844,0,0.0330909,0,0,0.756867,0,0,0,0.329685,3.60969,0.0406904,1.44558,0,0,0,0.0461315,0,0,0,-33.0799
"MtrElec",6,10,14,"",-28.8597,0,0,0,0.0264844,0,0.0330909,0,0,0.756867,0,0,0,0.329685,3.68435,0.0372995,1.42793,0,0,0,0.0421773,0,0,0,-35.1976
"MtrElec",6,10,15,"",-26.6643,0,0,0,0.0264844,0,0.0330909,0,0,0.756867,0,0,0,0.329685,3.79985,0.0372995,1.44038,0,0,0,0.0448134,0,0,0,-33.1328
"MtrElec",6,10,16,"",-21.6953,0,0,0,0.0264844,0,0.0330909,0,0,0.756867,0,0,0,0.408182,3.89305,0.0406904,1.46157,0,0,0,0.0685382,0,0,0,-28.3838
"MtrElec",6,10,17,"",-13.3035,0,0,0,0.0264844,0,0.0330909,0,0,0.756867,0,0,0,0.486678,4.34843,0.0644265,1.5283,0.530617,0,0,0.151575,0,0,0,-21.2299
"MtrElec",6,10,18,"",-1.91974,0,0,0,0.0264844,0,0.0330909,0,0,0.756867,0,0,0,0.690769,4.95313,0.125462,1.68058,1.9438,0,0,0.254382,0,0,0,-12.3843
"MtrElec",6,10,19,"",6.01545,0,0,0,0.0264844,0,0.0330909,0,0,0.756867,0,0,0,1.31874,5.38343,0.166152,1.80674,0,0,0,0.237247,0,0,0,-3.71331
"MtrElec",6,10,20,"",10.6615,0,0,0,0,0,0.0330909,0,0,0.756867,0,0,0,1.83682,5.68059,0.220406,1.78665,0,0,0.882094,0.129168,0,0,0,-0.664162
"MtrElec",6,10,21,"",11.5844,0,0,0,0,0,0.0330909,0,0,0.756867,0,0,0,1.77402,5.93234,0.308569,1.71482,0,0.37257,0.636767,0.0553577,0,0,0,0
"MtrElec",6,10,22,"",10.7555,0,0,0,0,0,0.0330909,0,0,0.756867,0,0,0,1.50713,5.91887,0.356041,1.64285,0,0.268951,0.245309,0.0263608,0,0,0,0
"MtrElec",6,10,23,"",11.7225,0,0,0,0,0,0.0330909,0,0,0.756867,0,0,0,0.989055,5.2731,0.308569,1.54223,2.47514,0.103611,0.225027,0.0158165,0,0,0,0
"MtrElec",6,10,24,"",8.33774,0,0,0,0,0,0.0330909,0,0,0.756867,0,0,0,0.612272,4.51014,0.213625,1.44664,0,0.0950445,0.656879,0.0131804,0,0,0,0
"MtrElec",6,11,1,"",6.61532,0,0,0,0,0,0.0330909,0,0,0.756867,0,0,0,0.361084,3.61319,0.15598,1.41108,0,0.277446,0,0.00659021,0,0,0,0
"MtrElec",6,11,2,"",7.5856,0,0,0,0,0,0.0330909,0,0,0.756867,0,0,0,0.298287,3.26893,0.15598,1.36954,1.69764,0,0,0.00527217,0,0,0,0
"MtrElec",6,11,3,"",6.42998,0,0,0,0,0,0.0330909,0,0,0.756867,0,0,0,0.235489,3.13685,0.15598,1.32851,0.777912,0,0,0.00527217,0,0,0,0
"MtrElec",6,11,4,"",5.63958,0,0,0,0,0,0.0330909,0,0,0.756867,0,0,0,0.266888,3.11415,0.15598,1.30734,0,0,0,0.00527217,0,0,0,0
"MtrElec",6,11,5,"",5.53712,0,0,0,0,0,0.0330909,0,0,0.756867,0,0,0,0.329685,2.97554,0.15598,1.28069,0,0,0,0.00527217,0,0,0,0
"MtrElec",6,11,6,"",5.95424,0,0,0,0,0,0.0330909,0,0,0.756867,0,0,0,0.486678,3.19534,0.125462,1.33835,0,0,0,0.0184526,0,0,0,0
"MtrElec",6,11,7,"",5.54156,0,0,0,0,0,0.0330909,0,0,0.756867,0,0,0,0.65937,3.62188,0.11868,1.46343,0,0,0,0.0250428,0,0,0,-1.1368
"MtrElec",6,11,8,"",1.1011,0,0,0,0,0,0.0330909,0,0,0.756867,0,0,0,0.643671,3.92033,0.115289,1.57592,0,0,0,0.032951,0,0,0,-5.97702
"MtrElec",6,11,9,"",-4.42659,0,0,0,0.0264844,0,0.0330909,0,0,0.756867,0,0,0,0.533776,3.71731,0.111899,1.54161,1.26088,0,1.51004,0.0342691,0,0,0,-13.9528
"MtrElec",6,11,10,"",-12.1287,0,0,0,0.0264844,0,0.0330909,0,0,0.756867,0,0,0,0.455279,3.55098,0.0949443,1.45988,1.21459,0.637794,0.730632,0.0289969,0,0,0,-21.1183
"MtrElec",6,11,11,"",-14.7004,0,0,0,0.0264844,0,0.0330909,0,0,0.756867,0,0,0,0.423881,3.58152,0.074599,1.43177,0,0.308597,0.405362,0.0276789,0,0,0,-21.7703
"MtrElec",6,11,12,"",-22.4092,0,0,0,0.0264844,0,0.0330909,0,0,0.756867,0,0,0,0.392482,3.58152,0.050863,1.44982,0,0.171213,0,0.0382232,0,0,0,-28.9098
"MtrElec",6,11,13,"",-20.8837,0,0,0,0.0264844,0,0.0330909,0,0,0.756867,0,0,0,0.329685,3.60969,0.0406904,1.47724,0,0,0.698484,0.0461315,0,0,0,-27.902
"MtrElec",6,11,14,"",-19.9547,0,0,0,0.0264844,0,0.0330909,0,0,0.756867,0,0,0,0.329685,3.68435,0.0372995,1.45765,0,0.295019,1.06584,0.0421773,0,0,0,-27.6831
"MtrElec",6,11,15,"",-19.4973,0,0,0,0.0264844,0,0.0330909,0,0,0.756867,0,0,0,0.329685,3.79985,0.0372995,1.46432,0,0.450178,0.336868,0.0448134,0,0,0,-26.7768
"MtrElec",6,11,16,"",-12.8634,0,0,0,0.0264844,0,0.0330909,0,0,0.756867,0,0,0,0.408182,3.89305,0.0406904,1.49209,1.26327,0.142283,0.545039,0.0685382,0,0,0,-21.5329
"MtrElec",6,11,17,"",-9.03955,0,0,0,0.0264844,0,0.0330909,0,0,0.756867,0,0,0,0.486678,4.34843,0.0644265,1.57116,1.21212,0.230208,0,0.151575,0,0,0,-17.9206
"MtrElec",6,11,18,"",-1.27175,0,0,0,0.0264844,0,0.0330909,0,0,0.756867,0,0,0,0.690769,4.95313,0.125462,1.72071,0,0,0.463257,0.254382,0,0,0,-10.2959
"MtrElec",6,11,19,"",6.6603,0,0,0,0.0264844,0,0.0330909,0,0,0.756867,0,0,0,1.31874,5.38343,0.166152,1.83191,0,0.195666,0.418981,0.237247,0,0,0,-3.70828
"MtrElec",6,11,20,"",9.70824,0,0,0,0,0,0.0330909,0,0,0.756867,0,0,0,1.83682,5.68059,0.220406,1.80456,0,0.176965,0,0.129168,0,0,0,-0.930228
"MtrElec",6,11,21,"",10.5937,0,0,0,0,0,0.0330909,0,0,0.756867,0,0,0,1.77402,5.93234,0.308569,1.7335,0,0,0,0.0553577,0,0,0,0
"MtrElec",6,11,22,"",10.2622,0,0,0,0,0,0.0330909,0,0,0.756867,0,0,0,1.50713,5.91887,0.356041,1.66386,0,0,0,0.0263608,0,0,0,0
"MtrElec",6,11,23,"",8.93919,0,0,0,0,0,0.0330909,0,0,0.756867,0,0,0,0.989055,5.2731,0.308569,1.56268,0,0,0,0.0158165,0,0,0,0
"MtrElec",6,11,24,"",7.60922,0,0,0,0,0,0.0330909,0,0,0.756867,0,0,0,0.612272,4.51014,0.213625,1.47004,0,0,0,0.0131804,0,0,0,0
"MtrElec",6,12,1,"",6.35812,0,0,0,0,0,0.0330909,0,0,0.756867,0,0,0,0.361084,3.61319,0.15598,1.43132,0,0,0,0.00659021,0,0,0,0
"MtrElec",6,12,2,"",5.9058,0,0,0,0,0,0.0330909,0,0,0.756867,0,0,0,0.298287,3.26893,0.15598,1.38738,0,0,0,0.00527217,0,0,0,0
"MtrElec",6,12,3,"",5.66994,0,0,0,0,0,0.0330909,0,0,0.756867,0,0,0,0.235489,3.13685,0.15598,1.34638,0,0,0,0.00527217,0,0,0,0
"MtrElec",6,12,4,"",5.6571,0,0,0,0,0,0.0330909,0,0,0.756867,0,0,0,0.266888,3.11415,0.15598,1.32485,0,0,0,0.00527217,0,0,0,0
"MtrElec",6,12,5,"",5.55715,0,0,0,0,0,0.0330909,0,0,0.756867,0,0,0,0.329685,2.97554,0.15598,1.30072,0,0,0,0.00527217,0,0,0,0
"MtrElec",6,12,6,"",5.97857,0,0,0,0,0,0.0330909,0,0,0.756867,0,0,0,0.486678,3.19534,0.125462,1.36268,0,0,0,0.0184526,0,0,0,0
"MtrElec",6,12,7,"",6.70609,0,0,0,0,0,0.0330909,0,0,0.756867,0,0,0,0.65937,3.62188,0.11868,1.49116,0,0,0,0.0250428,0,0,0,0
"MtrElec",6,12,8,"",5.9117,0,0,0,0,0,0.0330909,0,0,0.756867,0,0,0,0.643671,3.92033,0.115289,1.59606,0,0,0,0.032951,0,0,0,-1.18657
"MtrElec",6,12,9,"",0.857629,0,0,0,0.0264844,0,0.0330909,0,0,0.756867,0,0,0,0.533776,3.71731,0.111899,1.55482,0,0,0,0.0342691,0,0,0,-5.91089
"MtrElec",6,12,10,"",-1.30331,0,0,0,0.0264844,0,0.0330909,0,0,0.756867,0,0,0,0.455279,3.55098,0.0949443,1.46088,0.484958,0,0,0.0289969,0,0,0,-8.19579
"MtrElec",6,12,11,"",1.85248,0,0,0,0.0264844,0,0.0330909,0,0,0.756867,0,0,0,0.423881,3.58152,0.074599,1.4221,1.69357,0,0,0.0276789,0,0,0,-6.18731
"MtrElec",6,12,12,"",-2.36645,0,0,0,0.0264844,0,0.0330909,0,0,0.756867,0,0,0,0.392482,3.58152,0.050863,1.43473,0.296245,0,0,0.0382232,0,0,0,-8.97695
"MtrElec",6,12,13,"",-1.49268,0,0,0,0.0264844,0,0.0330909,0,0,0.756867,0,0,0,0.329685,3.60969,0.0406904,1.46297,0,0,0.285975,0.0461315,0,0,0,-8.08426
"MtrElec",6,12,14,"",-9.70915,0,0,0,0.0264844,0,0.0330909,0,0,0.756867,0,0,0,0.329685,3.68435,0.0372995,1.43716,0,0.120787,0.596301,0.0421773,0,0,0,-16.7734
"MtrElec",6,12,15,"",-23.7509,0,0,0,0.0264844,0,0.0330909,0,0,0.756867,0,0,0,0.329685,3.79985,0.0372995,1.44192,0,0.25186,0.336868,0.0448134,0,0,0,-30.8096
"MtrElec",6,12,16,"",-19.1107,0,0,0,0.0264844,0,0.0330909,0,0,0.756867,0,0,0,0.408182,3.89305,0.0406904,1.4619,0,0.142283,2.00315,0.0685382,0,0,0,-27.9449
"MtrElec",6,12,17,"",-11.1766,0,0,0,0.0264844,0,0.0330909,0,0,0.756867,0,0,0,0.486678,4.34843,0.0644265,1.53086,0.530617,0.84607,1.18825,0.151575,0,0,0,-21.14
"MtrElec",6,12,18,"",-0.594672,0,0,0,0.0264844,0,0.0330909,0,0,0.756867,0,0,0,0.690769,4.95313,0.125462,1.68074,1.9438,0.501882,0.882049,0.254382,0,0,0,-12.4433
"MtrElec",6,12,19,"",6.29166,0,0,0,0.0264844,0,0.0330909,0,0,0.756867,0,0,0,1.31874,5.38343,0.166152,1.80193,0,0.372551,0,0.237247,0,0,0,-3.80484
"MtrElec",6,12,20,"",9.82675,0,0,0,0,0,0.0330909,0,0,0.756867,0,0,0,1.83682,5.68059,0.220406,1.78304,0,0,0,0.129168,0,0,0,-0.613234
"MtrElec",6,12,21,"",10.5694,0,0,0,0,0,0.0330909,0,0,0.756867,0,0,0,1.77402,5.93234,0.308569,1.70913,0,0,0,0.0553577,0,0,0,0
"MtrElec",6,12,22,"",10.2336,0,0,0,0,0,0.0330909,0,0,0.756867,0,0,0,1.50713,5.91887,0.356041,1.63528,0,0,0,0.0263608,0,0,0,0
"MtrElec",6,12,23,"",9.13367,0,0,0,0,0,0.0330909,0,0,0.756867,0,0,0,0.989055,5.2731,0.308569,1.53214,0,0,0.225027,0.0158165,0,0,0,0
"MtrElec",6,12,24,"",8.3236,0,0,0,0,0,0.0330909,0,0,0.756867,0,0,0,0.612272,4.51014,0.213625,1.43251,0,0.0950445,0.656879,0.0131804,0,0,0,0
"MtrElec",6,13,1,"",6.65045,0,0,0,0,0,0.0330909,0,0,0.756867,0,0,0,0.361084,3.6248,0.15598,1.4346,0,0.277446,0,0.00659021,0,0,0,0
"MtrElec",6,13,2,"",5.93672,0,0,0,0,0,0.0330909,0,0,0.756867,0,0,0,0.298287,3.31524,0.15598,1.37198,0,0,0,0.00527217,0,0,0,0
"MtrElec",6,13,3,"",5.65716,0,0,0,0,0,0.0330909,0,0,0.756867,0,0,0,0.235489,3.12615,0.152589,1.34902,0,0,0,0.00395412,0,0,0,0
"MtrElec",6,13,4,"",5.64672,0,0,0,0,0,0.0330909,0,0,0.756867,0,0,0,0.266888,3.11505,0.152589,1.31828,0,0,0,0.00395412,0,0,0,0
"MtrElec",6,13,5,"",5.53063,0,0,0,0,0,0.0330909,0,0,0.756867,0,0,0,0.329685,2.96483,0.15598,1.28622,0,0,0,0.00395412,0,0,0,0
"MtrElec",6,13,6,"",5.90351,0,0,0,0,0,0.0330909,0,0,0.756867,0,0,0,0.486678,3.18464,0.152589,1.28306,0,0,0,0.00659021,0,0,0,0
"MtrElec",6,13,7,"",3.87561,0,0,0,0,0,0.0330909,0,0,0.756867,0,0,0,0.65937,3.54175,0.149198,1.31831,0,0,0,0.0131804,0,0,0,-2.59616
"MtrElec",6,13,8,"",-0.392676,0,0,0,0.0264844,0,0.0330909,0,0,0.756867,0,0,0,0.643671,3.8286,0.139026,1.41599,0,0,0,0.0355871,0,0,0,-7.272
"MtrElec",6,13,9,"",1.1647,0,0,0,0.0264844,0,0.0330909,0,0,0.756867,0,0,0,0.533776,3.69421,0.122071,1.57077,0,0,0,0.063266,0,0,0,-5.63584
"MtrElec",6,13,10,"",-3.24877,0,0,0,0.0264844,0,0.0330909,0,0,0.756867,0,0,0,0.455279,3.63031,0.101726,1.55178,0,0,0,0.063266,0,0,0,-9.86757
"MtrElec",6,13,11,"",-5.05652,0,0,0,0.0264844,0,0.0330909,0,0,0.756867,0,0,0,0.423881,3.68356,0.0813808,1.52293,0.853184,0,0.426691,0.0606299,0,0,0,-12.9252
"MtrElec",6,13,12,"",-17.4795,0,0,0,0.0264844,0,0.0330909,0,0,0.756867,0,0,0,0.392482,3.61583,0.0542539,1.55501,1.62204,0.180221,0.455059,0.0724923,0,0,0,-26.2434
"MtrElec",6,13,13,"",-29.8158,0,0,0,0.0264844,0,0.0330909,0,0,0.756867,0,0,0,0.329685,3.59859,0.0406904,1.58839,0,0.192203,0,0.0830366,0,0,0,-36.4648
"MtrElec",6,13,14,"",-29.5371,0,0,0,0.0264844,0,0.0330909,0,0,0.756867,0,0,0,0.329685,3.70795,0.0372995,1.60882,0,0,0,0.0777645,0,0,0,-36.1151
"MtrElec",6,13,15,"",-27.0034,0,0,0,0.0264844,0,0.0330909,0,0,0.756867,0,0,0,0.329685,3.87997,0.0372995,1.58957,0,0,0,0.0817186,0,0,0,-33.7381
"MtrElec",6,13,16,"",-21.8226,0,0,0,0.0264844,0,0.0330909,0,0,0.756867,0,0,0,0.408182,4.0756,0.0406904,1.6132,0,0,0,0.0896268,0,0,0,-28.8664
"MtrElec",6,13,17,"",-14.1577,0,0,0,0.0264844,0,0.0330909,0,0,0.756867,0,0,0,0.486678,4.51938,0.0644265,1.60813,0,0,0,0.119942,0,0,0,-21.7727
"MtrElec",6,13,18,"",-3.42951,0,0,0,0.0264844,0,0.0330909,0,0,0.756867,0,0,0,0.690769,5.02125,0.128853,1.69377,0,0,0.882206,0.183208,0,0,0,-12.846
"MtrElec",6,13,19,"",6.54503,0,0,0,0.0264844,0,0.0330909,0,0,0.756867,0,0,0,1.31874,5.37143,0.162762,1.79477,0,0.372617,0.408911,0.170027,0,0,0,-3.87067
"MtrElec",6,13,20,"",10.2653,0,0,0,0,0,0.0330909,0,0,0.756867,0,0,0,1.83682,5.58887,0.203452,1.76883,0,0.172712,0.473138,0.094899,0,0,0,-0.663348
"MtrElec",6,13,21,"",11.9547,0,0,0,0,0,0.0330909,0,0,0.756867,0,0,0,1.77402,5.7952,0.281442,1.7313,1.34073,0.199839,0,0.0421773,0,0,0,0
"MtrElec",6,13,22,"",11.2084,0,0,0,0,0,0.0330909,0,0,0.756867,0,0,0,1.50713,5.77013,0.332305,1.65712,1.13329,0,0,0.0184526,0,0,0,0
"MtrElec",6,13,23,"",8.81698,0,0,0,0,0,0.0330909,0,0,0.756867,0,0,0,0.989055,5.19338,0.288224,1.5445,0,0,0,0.0118624,0,0,0,0
"MtrElec",6,13,24,"",7.55506,0,0,0,0,0,0.0330909,0,0,0.756867,0,0,0,0.612272,4.4178,0.200061,1.52838,0,0,0,0.00659021,0,0,0,0
"MtrElec",6,14,1,"",6.37391,0,0,0,0,0,0.0330909,0,0,0.756867,0,0,0,0.361084,3.6248,0.15598,1.4355,0,0,0,0.00659021,0,0,0,0
"MtrElec",6,14,2,"",5.93682,0,0,0,0,0,0.0330909,0,0,0.756867,0,0,0,0.298287,3.31524,0.15598,1.37209,0,0,0,0.00527217,0,0,0,0
"MtrElec",6,14,3,"",7.12347,0,0,0,0,0,0.0330909,0,0,0.756867,0,0,0,0.235489,3.12615,0.152589,1.34921,1.46611,0,0,0.00395412,0,0,0,0
"MtrElec",6,14,4,"",6.65718,0,0,0,0,0,0.0330909,0,0,0.756867,0,0,0,0.266888,3.11505,0.152589,1.31936,1.00937,0,0,0.00395412,0,0,0,0
"MtrElec",6,14,5,"",5.53249,0,0,0,0,0,0.0330909,0,0,0.756867,0,0,0,0.329685,2.96483,0.15598,1.28808,0,0,0,0.00395412,0,0,0,0
"MtrElec",6,14,6,"",5.90513,0,0,0,0,0,0.0330909,0,0,0.756867,0,0,0,0.486678,3.18464,0.152589,1.28468,0,0,0,0.00659021,0,0,0,0
"MtrElec",6,14,7,"",3.7812,0,0,0,0,0,0.0330909,0,0,0.756867,0,0,0,0.65937,3.54175,0.149198,1.31975,0,0,0,0.0131804,0,0,0,-2.69201
"MtrElec",6,14,8,"",0.365072,0,0,0,0.0264844,0,0.0330909,0,0,0.756867,0,0,0,0.643671,3.8286,0.139026,1.41715,0,0,0.881859,0.0355871,0,0,0,-7.39727
"MtrElec",6,14,9,"",1.73268,0,0,0,0.0264844,0,0.0330909,0,0,0.756867,0,0,0,0.533776,3.69421,0.122071,1.57108,0,0.372471,0,0.063266,0,0,0,-5.44063
"MtrElec",6,14,10,"",-1.45048,0,0,0,0.0264844,0,0.0330909,0,0,0.756867,0,0,0,0.455279,3.63031,0.101726,1.54965,0,0,1.76428,0.063266,0,0,0,-9.83143
"MtrElec",6,14,11,"",-3.81102,0,0,0,0.0264844,0,0.0330909,0,0,0.756867,0,0,0,0.423881,3.68356,0.0813808,1.51745,0.853184,0.745178,0.251271,0.0606299,0,0,0,-12.244
"MtrElec",6,14,12,"",-17.5733,0,0,0,0.0264844,0,0.0330909,0,0,0.756867,0,0,0,0.392482,3.61583,0.0542539,1.54708,1.62204,0.106129,1.06479,0.0724923,0,0,0,-26.8649
"MtrElec",6,14,13,"",-28.5069,0,0,0,0.0264844,0,0.0330909,0,0,0.756867,0,0,0,0.329685,3.59859,0.0406904,1.58144,0,0.449736,0.448594,0.0830366,0,0,0,-35.8552
"MtrElec",6,14,14,"",-27.2225,0,0,0,0.0264844,0,0.0330909,0,0,0.756867,0,0,0,0.329685,3.70795,0.0372995,1.60496,0,0.189473,1.4051,0.0777645,0,0,0,-35.3912
"MtrElec",6,14,15,"",-25.2861,0,0,0,0.0264844,0,0.0330909,0,0,0.756867,0,0,0,0.329685,3.87997,0.0372995,1.59237,0,0.593472,0.359029,0.0817186,0,0,0,-32.9761
"MtrElec",6,14,16,"",-20.039,0,0,0,0.0264844,0,0.0330909,0,0,0.756867,0,0,0,0.408182,4.0756,0.0406904,1.61872,0,0.151643,0.88198,0.0896268,0,0,0,-28.1219
"MtrElec",6,14,17,"",-13.1315,0,0,0,0.0264844,0,0.0330909,0,0,0.756867,0,0,0,0.486678,4.51938,0.0644265,1.61867,0,0.372522,0,0.119942,0,0,0,-21.1295
"MtrElec",6,14,18,"",-1.49727,0,0,0,0.0264844,0,0.0330909,0,0,0.756867,0,0,0,0.690769,5.02125,0.128853,1.70999,2.47509,0,0,0.183208,0,0,0,-12.5229
"MtrElec",6,14,19,"",6.59633,0,0,0,0.0264844,0,0.0330909,0,0,0.756867,0,0,0,1.31874,5.37143,0.162762,1.808,0,0,0.882107,0.170027,0,0,0,-3.93318
"MtrElec",6,14,20,"",12.5345,0,0,0,0,0,0.0330909,0,0,0.756867,0,0,0,1.83682,5.58887,0.203452,1.78255,2.47456,0.372576,0.102667,0.094899,0,0,0,-0.711859
"MtrElec",6,14,21,"",11.2512,0,0,0,0,0,0.0330909,0,0,0.756867,0,0,0,1.77402,5.7952,0.281442,1.74562,0,0.0433635,0.779442,0.0421773,0,0,0,0
"MtrElec",6,14,22,"",10.4165,0,0,0,0,0,0.0330909,0,0,0.756867,0,0,0,1.50713,5.77013,0.332305,1.6693,0,0.329213,0,0.0184526,0,0,0,0
"MtrElec",6,14,23,"",8.83441,0,0,0,0,0,0.0330909,0,0,0.756867,0,0,0,0.989055,5.19338,0.288224,1.56193,0,0,0,0.0118624,0,0,0,0
"MtrElec",6,14,24,"",7.56606,0,0,0,0,0,0.0330909,0,0,0.756867,0,0,0,0.612272,4.4178,0.200061,1.53938,0,0,0,0.00659021,0,0,0,0
"MtrElec",6,15,1,"",6.34479,0,0,0,0,0,0.0330909,0,0,0.756867,0,0,0,0.361084,3.61319,0.15598,1.41798,0,0,0,0.00659021,0,0,0,0
"MtrElec",6,15,2,"",7.59213,0,0,0,0,0,0.0330909,0,0,0.756867,0,0,0,0.298287,3.26893,0.15598,1.37607,1.69764,0,0,0.00527217,0,0,0,0
"MtrElec",6,15,3,"",6.43738,0,0,0,0,0,0.0330909,0,0,0.756867,0,0,0,0.235489,3.13685,0.15598,1.33591,0.777912,0,0,0.00527217,0,0,0,0
"MtrElec",6,15,4,"",5.64746,0,0,0,0,0,0.0330909,0,0,0.756867,0,0,0,0.266888,3.11415,0.15598,1.31522,0,0,0,0.00527217,0,0,0,0
"MtrElec",6,15,5,"",5.54617,0,0,0,0,0,0.0330909,0,0,0.756867,0,0,0,0.329685,2.97554,0.15598,1.28974,0,0,0,0.00527217,0,0,0,0
"MtrElec",6,15,6,"",5.96532,0,0,0,0,0,0.0330909,0,0,0.756867,0,0,0,0.486678,3.19534,0.125462,1.34943,0,0,0,0.0184526,0,0,0,0
"MtrElec",6,15,7,"",6.43036,0,0,0,0,0,0.0330909,0,0,0.756867,0,0,0,0.65937,3.62188,0.11868,1.47071,0,0,0,0.0250428,0,0,0,-0.255276
"MtrElec",6,15,8,"",6.14217,0,0,0,0,0,0.0330909,0,0,0.756867,0,0,0,0.643671,3.92033,0.115289,1.57783,0,0,0.881945,0.032951,0,0,0,-1.81981
"MtrElec",6,15,9,"",3.74461,0,0,0,0,0,0.0330909,0,0,0.756867,0,0,0,0.533776,3.71731,0.111899,1.53513,0,0.372507,0.4939,0.0342691,0,0,0,-3.84414
"MtrElec",6,15,10,"",-2.02688,0,0,0,0.0264844,0,0.0330909,0,0,0.756867,0,0,0,0.455279,3.55098,0.0949443,1.4378,0,0.208609,0.388234,0.0289969,0,0,0,-9.00817
"MtrElec",6,15,11,"",-10.7033,0,0,0,0.0264844,0,0.0330909,0,0,0.756867,0,0,0,0.423881,3.58152,0.074599,1.40073,0,0.163978,0.881985,0.0276789,0,0,0,-18.0741
"MtrElec",6,15,12,"",-22.4967,0,0,0,0.0264844,0,0.0330909,0,0,0.756867,0,0,0,0.392482,3.58152,0.050863,1.41838,0,0.372524,1.75203,0.0382232,0,0,0,-30.9192
"MtrElec",6,15,13,"",-25.7694,0,0,0,0.0264844,0,0.0330909,0,0,0.756867,0,0,0,0.329685,3.60969,0.0406904,1.45852,1.41802,0.740005,0.537193,0.0461315,0,0,0,-34.7658
"MtrElec",6,15,14,"",-25.7501,0,0,0,0.0264844,0,0.0330909,0,0,0.756867,0,0,0,0.329685,3.68435,0.0372995,1.44458,1.0564,0.226894,1.23934,0.0421773,0,0,0,-34.6273
"MtrElec",6,15,15,"",-26.1268,0,0,0,0.0264844,0,0.0330909,0,0,0.756867,0,0,0,0.329685,3.79985,0.0372995,1.45531,0,0.52346,0,0.0448134,0,0,0,-33.1336
"MtrElec",6,15,16,"",-21.9579,0,0,0,0.0264844,0,0.0330909,0,0,0.756867,0,0,0,0.408182,3.89305,0.0406904,1.47495,0,0,0,0.0685382,0,0,0,-28.6597
"MtrElec",6,15,17,"",-14.1654,0,0,0,0.0264844,0,0.0330909,0,0,0.756867,0,0,0,0.486678,4.34843,0.0644265,1.53667,0,0,0,0.151575,0,0,0,-21.5696
"MtrElec",6,15,18,"",-4.21187,0,0,0,0.0264844,0,0.0330909,0,0,0.756867,0,0,0,0.690769,4.95313,0.125462,1.67724,0,0,0,0.254382,0,0,0,-12.7293
"MtrElec",6,15,19,"",5.80199,0,0,0,0.0264844,0,0.0330909,0,0,0.756867,0,0,0,1.31874,5.38343,0.166152,1.79633,0,0,0,0.237247,0,0,0,-3.91636
"MtrElec",6,15,20,"",9.63739,0,0,0,0,0,0.0330909,0,0,0.756867,0,0,0,1.83682,5.68059,0.220406,1.77777,0,0,0,0.129168,0,0,0,-0.797324
"MtrElec",6,15,21,"",10.563,0,0,0,0,0,0.0330909,0,0,0.756867,0,0,0,1.77402,5.93234,0.308569,1.70273,0,0,0,0.0553577,0,0,0,0
"MtrElec",6,15,22,"",13.5526,0,0,0,0,0,0.0330909,0,0,0.756867,0,0,0,1.50713,5.91887,0.356041,1.62831,2.47431,0,0.851616,0.0263608,0,0,0,0
"MtrElec",6,15,23,"",9.29497,0,0,0,0,0,0.0330909,0,0,0.756867,0,0,0,0.989055,5.2731,0.308569,1.52826,0,0.359697,0.0305102,0.0158165,0,0,0,0
"MtrElec",6,15,24,"",7.58086,0,0,0,0,0,0.0330909,0,0,0.756867,0,0,0,0.612272,4.51014,0.213625,1.4288,0,0.0128866,0,0.0131804,0,0,0,0
"MtrElec",6,16,1,"",6.32312,0,0,0,0,0,0.0330909,0,0,0.756867,0,0,0,0.361084,3.61319,0.15598,1.39632,0,0,0,0.00659021,0,0,0,0
"MtrElec",6,16,2,"",7.57372,0,0,0,0,0,0.0330909,0,0,0.756867,0,0,0,0.298287,3.26893,0.15598,1.35767,1.69764,0,0,0.00527217,0,0,0,0
"MtrElec",6,16,3,"",6.41902,0,0,0,0,0,0.0330909,0,0,0.756867,0,0,0,0.235489,3.13685,0.15598,1.31756,0.777912,0,0,0.00527217,0,0,0,0
"MtrElec",6,16,4,"",5.62994,0,0,0,0,0,0.0330909,0,0,0.756867,0,0,0,0.266888,3.11415,0.15598,1.2977,0,0,0,0.00527217,0,0,0,0
"MtrElec",6,16,5,"",5.52735,0,0,0,0,0,0.0330909,0,0,0.756867,0,0,0,0.329685,2.97554,0.15598,1.27092,0,0,0,0.00527217,0,0,0,0
"MtrElec",6,16,6,"",5.94367,0,0,0,0,0,0.0330909,0,0,0.756867,0,0,0,0.486678,3.19534,0.125462,1.32777,0,0,0,0.0184526,0,0,0,0
"MtrElec",6,16,7,"",4.16685,0,0,0,0,0,0.0330909,0,0,0.756867,0,0,0,0.65937,3.62188,0.11868,1.45545,0,0,0,0.0250428,0,0,0,-2.50352
"MtrElec",6,16,8,"",0.0326431,0,0,0,0.0264844,0,0.0330909,0,0,0.756867,0,0,0,0.643671,3.92033,0.115289,1.56882,0,0,0,0.032951,0,0,0,-7.06486
"MtrElec",6,16,9,"",0.515504,0,0,0,0.0264844,0,0.0330909,0,0,0.756867,0,0,0,0.533776,3.71731,0.111899,1.52956,0,0,0.574556,0.0342691,0,0,0,-6.80231
"MtrElec",6,16,10,"",-7.97315,0,0,0,0.0264844,0,0.0330909,0,0,0.756867,0,0,0,0.455279,3.55098,0.0949443,1.43646,0,0.242675,2.07158,0.0289969,0,0,0,-16.6705
"MtrElec",6,16,11,"",-22.3776,0,0,0,0.0264844,0,0.0330909,0,0,0.756867,0,0,0,0.423881,3.58152,0.074599,1.40554,0,0.874975,0,0.0276789,0,0,0,-29.5822
"MtrElec",6,16,12,"",-26.8937,0,0,0,0.0264844,0,0.0330909,0,0,0.756867,0,0,0,0.392482,3.58152,0.050863,1.42631,0,0,0.882056,0.0382232,0,0,0,-34.0816
"MtrElec",6,16,13,"",-29.5343,0,0,0,0.0264844,0,0.0330909,0,0,0.756867,0,0,0,0.329685,3.60969,0.0406904,1.46229,0,0.372554,0,0.0461315,0,0,0,-36.2118
"MtrElec",6,16,14,"",-29.4958,0,0,0,0.0264844,0,0.0330909,0,0,0.756867,0,0,0,0.329685,3.68435,0.0372995,1.4444,0,0,0,0.0421773,0,0,0,-35.8502
"MtrElec",6,16,15,"",-26.8684,0,0,0,0.0264844,0,0.0330909,0,0,0.756867,0,0,0,0.329685,3.79985,0.0372995,1.4533,0,0,0,0.0448134,0,0,0,-33.3498
"MtrElec",6,16,16,"",-21.7189,0,0,0,0.0264844,0,0.0330909,0,0,0.756867,0,0,0,0.408182,3.89305,0.0406904,1.47535,0,0,0,0.0685382,0,0,0,-28.4212
"MtrElec",6,16,17,"",-13.9849,0,0,0,0.0264844,0,0.0330909,0,0,0.756867,0,0,0,0.486678,4.34843,0.0644265,1.5444,0,0,0,0.151575,0,0,0,-21.3969
"MtrElec",6,16,18,"",-4.10027,0,0,0,0.0264844,0,0.0330909,0,0,0.756867,0,0,0,0.690769,4.95313,0.125462,1.69018,0,0,0,0.254382,0,0,0,-12.6306
"MtrElec",6,16,19,"",5.78731,0,0,0,0.0264844,0,0.0330909,0,0,0.756867,0,0,0,1.31874,5.38343,0.166152,1.80945,0,0,0,0.237247,0,0,0,-3.94415
"MtrElec",6,16,20,"",9.73652,0,0,0,0,0,0.0330909,0,0,0.756867,0,0,0,1.83682,5.68059,0.220406,1.79008,0,0,0,0.129168,0,0,0,-0.710508
"MtrElec",6,16,21,"",10.5784,0,0,0,0,0,0.0330909,0,0,0.756867,0,0,0,1.77402,5.93234,0.308569,1.71817,0,0,0,0.0553577,0,0,0,0
"MtrElec",6,16,22,"",10.2385,0,0,0,0,0,0.0330909,0,0,0.756867,0,0,0,1.50713,5.91887,0.356041,1.64015,0,0,0,0.0263608,0,0,0,0
"MtrElec",6,16,23,"",8.91097,0,0,0,0,0,0.0330909,0,0,0.756867,0,0,0,0.989055,5.2731,0.308569,1.53447,0,0,0,0.0158165,0,0,0,0
"MtrElec",6,16,24,"",7.57223,0,0,0,0,0,0.0330909,0,0,0.756867,0,0,0,0.612272,4.51014,0.213625,1.43306,0,0,0,0.0131804,0,0,0,0
"MtrElec",6,17,1,"",6.3275,0,0,0,0,0,0.0330909,0,0,0.756867,0,0,0,0.361084,3.61319,0.15598,1.40069,0,0,0,0.00659021,0,0,0,0
"MtrElec",6,17,2,"",7.57795,0,0,0,0,0,0.0330909,0,0,0.756867,0,0,0,0.298287,3.26893,0.15598,1.36189,1.69764,0,0,0.00527217,0,0,0,0
"MtrElec",6,17,3,"",6.42318,0,0,0,0,0,0.0330909,0,0,0.756867,0,0,0,0.235489,3.13685,0.15598,1.32171,0.777912,0,0,0.00527217,0,0,0,0
"MtrElec",6,17,4,"",5.63358,0,0,0,0,0,0.0330909,0,0,0.756867,0,0,0,0.266888,3.11415,0.15598,1.30134,0,0,0,0.00527217,0,0,0,0
"MtrElec",6,17,5,"",5.53092,0,0,0,0,0,0.0330909,0,0,0.756867,0,0,0,0.329685,2.97554,0.15598,1.27448,0,0,0,0.00527217,0,0,0,0
"MtrElec",6,17,6,"",5.9472,0,0,0,0,0,0.0330909,0,0,0.756867,0,0,0,0.486678,3.19534,0.125462,1.33131,0,0,0,0.0184526,0,0,0,0
"MtrElec",6,17,7,"",4.26774,0,0,0,0,0,0.0330909,0,0,0.756867,0,0,0,0.65937,3.62188,0.11868,1.45861,0,0,0,0.0250428,0,0,0,-2.4058
"MtrElec",6,17,8,"",-0.209744,0,0,0,0.0264844,0,0.0330909,0,0,0.756867,0,0,0,0.643671,3.92033,0.115289,1.57122,0,0,0,0.032951,0,0,0,-7.30965
"MtrElec",6,17,9,"",-0.850394,0,0,0,0.0264844,0,0.0330909,0,0,0.756867,0,0,0,0.533776,3.71731,0.111899,1.53066,0,0,0,0.0342691,0,0,0,-7.59476
"MtrElec",6,17,10,"",-13.6813,0,0,0,0.0264844,0,0.0330909,0,0,0.756867,0,0,0,0.455279,3.55098,0.0949443,1.43501,0.939524,0,0.881802,0.0289969,0,0,0,-21.8843
"MtrElec",6,17,11,"",-21.5972,0,0,0,0.0264844,0,0.0330909,0,0,0.756867,0,0,0,0.423881,3.58152,0.074599,1.40438,1.5359,0.372447,0,0.0276789,0,0,0,-29.8341
"MtrElec",6,17,12,"",-27.6799,0,0,0,0.0264844,0,0.0330909,0,0,0.756867,0,0,0,0.392482,3.58152,0.050863,1.42819,0,0,0,0.0382232,0,0,0,-33.9877
"MtrElec",6,17,13,"",-29.506,0,0,0,0.0264844,0,0.0330909,0,0,0.756867,0,0,0,0.329685,3.60969,0.0406904,1.46554,0,0,0.285975,0.0461315,0,0,0,-36.1001
"MtrElec",6,17,14,"",-27.8211,0,0,0,0.0264844,0,0.0330909,0,0,0.756867,0,0,0,0.329685,3.68435,0.0372995,1.44591,0,0.120787,1.47826,0.0421773,0,0,0,-35.776
"MtrElec",6,17,15,"",-26.3697,0,0,0,0.0264844,0,0.0330909,0,0,0.756867,0,0,0,0.329685,3.79985,0.0372995,1.45524,0,0.624373,0,0.0448134,0,0,0,-33.4774
"MtrElec",6,17,16,"",-22.0445,0,0,0,0.0264844,0,0.0330909,0,0,0.756867,0,0,0,0.408182,3.89305,0.0406904,1.47929,0,0,0,0.0685382,0,0,0,-28.7507
"MtrElec",6,17,17,"",-14.0999,0,0,0,0.0264844,0,0.0330909,0,0,0.756867,0,0,0,0.486678,4.34843,0.0644265,1.55157,0,0,0,0.151575,0,0,0,-21.519
"MtrElec",6,17,18,"",-4.11813,0,0,0,0.0264844,0,0.0330909,0,0,0.756867,0,0,0,0.690769,4.95313,0.125462,1.699,0,0,0,0.254382,0,0,0,-12.6573
"MtrElec",6,17,19,"",7.54068,0,0,0,0.0264844,0,0.0330909,0,0,0.756867,0,0,0,1.31874,5.38343,0.166152,1.82074,1.71125,0,0,0.237247,0,0,0,-3.91332
"MtrElec",6,17,20,"",10.5428,0,0,0,0,0,0.0330909,0,0,0.756867,0,0,0,1.83682,5.68059,0.220406,1.80382,0.762762,0,0,0.129168,0,0,0,-0.680721
"MtrElec",6,17,21,"",10.6024,0,0,0,0,0,0.0330909,0,0,0.756867,0,0,0,1.77402,5.93234,0.308569,1.74215,0,0,0,0.0553577,0,0,0,0
"MtrElec",6,17,22,"",10.2779,0,0,0,0,0,0.0330909,0,0,0.756867,0,0,0,1.50713,5.91887,0.356041,1.67952,0,0,0,0.0263608,0,0,0,0
"MtrElec",6,17,23,"",8.95807,0,0,0,0,0,0.0330909,0,0,0.756867,0,0,0,0.989055,5.2731,0.308569,1.58157,0,0,0,0.0158165,0,0,0,0
"MtrElec",6,17,24,"",7.63512,0,0,0,0,0,0.0330909,0,0,0.756867,0,0,0,0.612272,4.51014,0.213625,1.49595,0,0,0,0.0131804,0,0,0,0
"MtrElec",6,18,1,"",6.37923,0,0,0,0,0,0.0330909,0,0,0.756867,0,0,0,0.361084,3.61319,0.15598,1.45243,0,0,0,0.00659021,0,0,0,0
"MtrElec",6,18,2,"",7.62049,0,0,0,0,0,0.0330909,0,0,0.756867,0,0,0,0.298287,3.26893,0.15598,1.40443,1.69764,0,0,0.00527217,0,0,0,0
"MtrElec",6,18,3,"",6.46567,0,0,0,0,0,0.0330909,0,0,0.756867,0,0,0,0.235489,3.13685,0.15598,1.36421,0.777912,0,0,0.00527217,0,0,0,0
"MtrElec",6,18,4,"",5.6748,0,0,0,0,0,0.0330909,0,0,0.756867,0,0,0,0.266888,3.11415,0.15598,1.34255,0,0,0,0.00527217,0,0,0,0
"MtrElec",6,18,5,"",5.5762,0,0,0,0,0,0.0330909,0,0,0.756867,0,0,0,0.329685,2.97554,0.15598,1.31977,0,0,0,0.00527217,0,0,0,0
"MtrElec",6,18,6,"",6.00045,0,0,0,0,0,0.0330909,0,0,0.756867,0,0,0,0.486678,3.19534,0.125462,1.38456,0,0,0,0.0184526,0,0,0,0
"MtrElec",6,18,7,"",4.43976,0,0,0,0,0,0.0330909,0,0,0.756867,0,0,0,0.65937,3.62188,0.11868,1.50438,0,0,0,0.0250428,0,0,0,-2.27954
"MtrElec",6,18,8,"",0.338286,0,0,0,0.0264844,0,0.0330909,0,0,0.756867,0,0,0,0.643671,3.92033,0.115289,1.60747,0,0,0,0.032951,0,0,0,-6.79787
"MtrElec",6,18,9,"",-3.8877,0,0,0,0.0264844,0,0.0330909,0,0,0.756867,0,0,0,0.533776,3.71731,0.111899,1.57272,0,0,0,0.0342691,0,0,0,-10.6741
"MtrElec",6,18,10,"",-16.1099,0,0,0,0.0264844,0,0.0330909,0,0,0.756867,0,0,0,0.455279,3.55098,0.0949443,1.48815,0,0,0.882232,0.0289969,0,0,0,-23.4269
"MtrElec",6,18,11,"",-21.6394,0,0,0,0.0264844,0,0.0330909,0,0,0.756867,0,0,0,0.423881,3.58152,0.074599,1.45642,0,0.372628,0.882206,0.0276789,0,0,0,-29.2748
"MtrElec",6,18,12,"",-25.8387,0,0,0,0.0264844,0,0.0330909,0,0,0.756867,0,0,0,0.392482,3.58152,0.050863,1.47865,0,0.372617,0.882056,0.0382232,0,0,0,-33.4515
"MtrElec",6,18,13,"",-28.1361,0,0,0,0.0264844,0,0.0330909,0,0,0.756867,0,0,0,0.329685,3.60969,0.0406904,1.50973,0,0.372554,1.168,0.0461315,0,0,0,-36.029
"MtrElec",6,18,14,"",-28.4828,0,0,0,0.0264844,0,0.0330909,0,0,0.756867,0,0,0,0.329685,3.68435,0.0372995,1.49518,0,0.493328,0.596301,0.0421773,0,0,0,-35.9776
"MtrElec",6,18,15,"",-26.1862,0,0,0,0.0264844,0,0.0330909,0,0,0.756867,0,0,0,0.329685,3.79985,0.0372995,1.49432,0,0.25186,0.336868,0.0448134,0,0,0,-33.2974
"MtrElec",6,18,16,"",-20.9912,0,0,0,0.0264844,0,0.0330909,0,0,0.756867,0,0,0,0.408182,3.89305,0.0406904,1.52021,0,0.142283,0.545039,0.0685382,0,0,0,-28.4256
"MtrElec",6,18,17,"",-13.6379,0,0,0,0.0264844,0,0.0330909,0,0,0.756867,0,0,0,0.486678,4.34843,0.0644265,1.60628,0,0.230208,0,0.151575,0,0,0,-21.3419
"MtrElec",6,18,18,"",-3.9428,0,0,0,0.0264844,0,0.0330909,0,0,0.756867,0,0,0,0.690769,4.95313,0.125462,1.76205,0,0,0,0.254382,0,0,0,-12.545
"MtrElec",6,18,19,"",5.901,0,0,0,0.0264844,0,0.0330909,0,0,0.756867,0,0,0,1.31874,5.38343,0.166152,1.87771,0,0,0,0.237247,0,0,0,-3.89873
"MtrElec",6,18,20,"",9.75366,0,0,0,0,0,0.0330909,0,0,0.756867,0,0,0,1.83682,5.68059,0.220406,1.84197,0,0,0,0.129168,0,0,0,-0.745247
"MtrElec",6,18,21,"",10.6389,0,0,0,0,0,0.0330909,0,0,0.756867,0,0,0,1.77402,5.93234,0.308569,1.77868,0,0,0,0.0553577,0,0,0,0
"MtrElec",6,18,22,"",11.7437,0,0,0,0,0,0.0330909,0,0,0.756867,0,0,0,1.50713,5.91887,0.356041,1.71429,1.26921,0,0.161806,0.0263608,0,0,0,0
"MtrElec",6,18,23,"",10.6904,0,0,0,0,0,0.0330909,0,0,0.756867,0,0,0,0.989055,5.2731,0.308569,1.61372,1.20634,0.0683418,0.425533,0.0158165,0,0,0,0
"MtrElec",6,18,24,"",8.14593,0,0,0,0,0,0.0330909,0,0,0.756867,0,0,0,0.612272,4.51014,0.213625,1.53214,0,0.179732,0.294889,0.0131804,0,0,0,0
"MtrElec",6,19,1,"",6.53482,0,0,0,0,0,0.0330909,0,0,0.756867,0,0,0,0.361084,3.61319,0.15598,1.48347,0,0.124552,0,0.00659021,0,0,0,0
"MtrElec",6,19,2,"",5.94949,0,0,0,0,0,0.0330909,0,0,0.756867,0,0,0,0.298287,3.26893,0.15598,1.43107,0,0,0,0.00527217,0,0,0,0
"MtrElec",6,19,3,"",5.7129,0,0,0,0,0,0.0330909,0,0,0.756867,0,0,0,0.235489,3.13685,0.15598,1.38934,0,0,0,0.00527217,0,0,0,0
"MtrElec",6,19,4,"",5.69793,0,0,0,0,0,0.0330909,0,0,0.756867,0,0,0,0.266888,3.11415,0.15598,1.36568,0,0,0,0.00527217,0,0,0,0
"MtrElec",6,19,5,"",5.60131,0,0,0,0,0,0.0330909,0,0,0.756867,0,0,0,0.329685,2.97554,0.15598,1.34487,0,0,0,0.00527217,0,0,0,0
"MtrElec",6,19,6,"",6.02986,0,0,0,0,0,0.0330909,0,0,0.756867,0,0,0,0.486678,3.19534,0.125462,1.41396,0,0,0,0.0184526,0,0,0,0
"MtrElec",6,19,7,"",6.50714,0,0,0,0,0,0.0330909,0,0,0.756867,0,0,0,0.65937,3.62188,0.11868,1.52393,0,0,0.882236,0.0250428,0,0,0,-1.11395
"MtrElec",6,19,8,"",1.22409,0,0,0,0,0,0.0330909,0,0,0.756867,0,0,0,0.643671,3.92033,0.115289,1.62184,0,0.37263,0,0.032951,0,0,0,-6.27258
"MtrElec",6,19,9,"",-8.08383,0,0,0,0.0264844,0,0.0330909,0,0,0.756867,0,0,0,0.533776,3.71731,0.111899,1.5936,0,0,0.287278,0.0342691,0,0,0,-15.1784
"MtrElec",6,19,10,"",-14.9339,0,0,0,0.0264844,0,0.0330909,0,0,0.756867,0,0,0,0.455279,3.55098,0.0949443,1.52436,0.939524,0.121338,1.07154,0.0289969,0,0,0,-23.5373
"MtrElec",6,19,11,"",-21.4179,0,0,0,0.0264844,0,0.0330909,0,0,0.756867,0,0,0,0.423881,3.58152,0.074599,1.49431,1.5359,0.452587,0.405362,0.0276789,0,0,0,-30.2302
"MtrElec",6,19,12,"",-27.8135,0,0,0,0.0264844,0,0.0330909,0,0,0.756867,0,0,0,0.392482,3.58152,0.050863,1.50918,0,0.171213,0,0.0382232,0,0,0,-34.3735
"MtrElec",6,19,13,"",-29.8759,0,0,0,0.0264844,0,0.0330909,0,0,0.756867,0,0,0,0.329685,3.60969,0.0406904,1.5288,0,0,0,0.0461315,0,0,0,-36.2473
"MtrElec",6,19,14,"",-29.6001,0,0,0,0.0264844,0,0.0330909,0,0,0.756867,0,0,0,0.329685,3.68435,0.0372995,1.51166,0,0,0,0.0421773,0,0,0,-36.0217
"MtrElec",6,19,15,"",-26.3514,0,0,0,0.0264844,0,0.0330909,0,0,0.756867,0,0,0,0.329685,3.79985,0.0372995,1.50547,0,0,0.43918,0.0448134,0,0,0,-33.3241
"MtrElec",6,19,16,"",-19.5849,0,0,0,0.0264844,0,0.0330909,0,0,0.756867,0,0,0,0.408182,3.89305,0.0406904,1.53434,1.26327,0.185496,0.442728,0.0685382,0,0,0,-28.2376
"MtrElec",6,19,17,"",-12.284,0,0,0,0.0264844,0,0.0330909,0,0,0.756867,0,0,0,0.486678,4.34843,0.0644265,1.62798,1.21212,0.186995,0,0.151575,0,0,0,-21.1786
"MtrElec",6,19,18,"",-0.101915,3.01711,0,0,0.0264844,0,0.0330909,0.825159,0,0.756867,0,0,0,0.690769,4.95313,0.125462,1.78724,0,0,0,0.254382,0,0,0,-12.5716
"MtrElec",6,19,19,"",11.5483,3.21294,0,0,0.0264844,0,0.0330909,0.89426,0,0.756867,0,0,0,1.31874,5.38343,0.166152,1.89583,0,0,1.55961,0.237247,0,0,0,-3.93637
"MtrElec",6,19,20,"",17.6581,3.47125,0,0,0,0,0.0330909,0.992438,0,0.756867,0,0,0,1.83682,5.68059,0.220406,1.859,2.47539,0.658732,0.204201,0.129168,0,0,0,-0.659867
"MtrElec",6,19,21,"",11.5299,0.60486,0,0,0,0,0.0330909,0.176258,0,0.756867,0,0,0,1.77402,5.93234,0.308569,1.80229,0,0.0862486,0,0.0553577,0,0,0,0
"MtrElec",6,19,22,"",10.3408,0,0,0,0,0,0.0330909,0,0,0.756867,0,0,0,1.50713,5.91887,0.356041,1.74248,0,0,0,0.0263608,0,0,0,0
"MtrElec",6,19,23,"",9.01665,0,0,0,0,0,0.0330909,0,0,0.756867,0,0,0,0.989055,5.2731,0.308569,1.64015,0,0,0,0.0158165,0,0,0,0
"MtrElec",6,19,24,"",7.70173,0,0,0,0,0,0.0330909,0,0,0.756867,0,0,0,0.612272,4.51014,0.213625,1.56255,0,0,0,0.0131804,0,0,0,0
"MtrElec",6,20,1,"",6.46769,0,0,0,0,0,0.0330909,0,0,0.756867,0,0,0,0.361084,3.6248,0.15598,1.52928,0,0,0,0.00659021,0,0,0,0
"MtrElec",6,20,2,"",6.02085,0,0,0,0,0,0.0330909,0,0,0.756867,0,0,0,0.298287,3.31524,0.15598,1.45612,0,0,0,0.00527217,0,0,0,0
"MtrElec",6,20,3,"",5.73941,0,0,0,0,0,0.0330909,0,0,0.756867,0,0,0,0.235489,3.12615,0.152589,1.43128,0,0,0,0.00395412,0,0,0,0
"MtrElec",6,20,4,"",5.72713,0,0,0,0,0,0.0330909,0,0,0.756867,0,0,0,0.266888,3.11505,0.152589,1.3987,0,0,0,0.00395412,0,0,0,0
"MtrElec",6,20,5,"",5.62008,0,0,0,0,0,0.0330909,0,0,0.756867,0,0,0,0.329685,2.96483,0.15598,1.37567,0,0,0,0.00395412,0,0,0,0
"MtrElec",6,20,6,"",5.99381,0,0,0,0,0,0.0330909,0,0,0.756867,0,0,0,0.486678,3.18464,0.152589,1.37336,0,0,0,0.00659021,0,0,0,0
"MtrElec",6,20,7,"",5.50558,0,0,0,0,0,0.0330909,0,0,0.756867,0,0,0,0.65937,3.54175,0.149198,1.41873,0,0,0,0.0131804,0,0,0,-1.06661
"MtrElec",6,20,8,"",0.709245,0,0,0,0,0,0.0330909,0,0,0.756867,0,0,0,0.643671,3.8286,0.139026,1.50811,0,0,0,0.0355871,0,0,0,-6.23571
"MtrElec",6,20,9,"",-8.4965,0,0,0,0.0264844,0,0.0330909,0,0,0.756867,0,0,0,0.533776,3.69421,0.122071,1.63183,0,0,0,0.063266,0,0,0,-15.3581
"MtrElec",6,20,10,"",-16.4592,0,0,0,0.0264844,0,0.0330909,0,0,0.756867,0,0,0,0.455279,3.63031,0.101726,1.64071,0,0,0.364414,0.063266,0,0,0,-23.5313
"MtrElec",6,20,11,"",-21.7394,0,0,0,0.0264844,0,0.0330909,0,0,0.756867,0,0,0,0.423881,3.68356,0.0813808,1.61017,0.853184,0.153917,0.438257,0.0606299,0,0,0,-29.8608
"MtrElec",6,20,12,"",-24.3302,0,0,0,0.0264844,0,0.0330909,0,0,0.756867,0,0,0,0.392482,3.61583,0.0542539,1.64911,1.62204,0.185107,1.39571,0.0724923,0,0,0,-34.1337
"MtrElec",6,20,13,"",-28.3139,0,0,0,0.0264844,0,0.0330909,0,0,0.756867,0,0,0,0.329685,3.59859,0.0406904,1.69083,0,0.589505,0.448594,0.0830366,0,0,0,-35.9113
"MtrElec",6,20,14,"",-27.598,0,0,0,0.0264844,0,0.0330909,0,0,0.756867,0,0,0,0.329685,3.70795,0.0372995,1.71303,0,0.189473,0.88202,0.0777645,0,0,0,-35.3517
"MtrElec",6,20,15,"",-25.4283,0,0,0,0.0264844,0,0.0330909,0,0,0.756867,0,0,0,0.329685,3.87997,0.0372995,1.70017,0,0.372539,0.287418,0.0817186,0,0,0,-32.9336
"MtrElec",6,20,16,"",-19.1617,0,0,0,0.0264844,0,0.0330909,0,0,0.756867,0,0,0,0.408182,4.0756,0.0406904,1.69929,0,0.121397,1.8866,0.0896268,0,0,0,-28.2995
"MtrElec",6,20,17,"",-11.509,0.598048,0,0,0.0264844,0,0.0330909,0.156476,0,0.756867,0,0,0,0.486678,4.51938,0.0644265,1.73304,0,0.796843,0.472187,0.119942,0,0,0,-21.2724
"MtrElec",6,20,18,"",9.28804,8.19682,0,0,0.0264844,0,0.0330909,2.21686,0,0.756867,0,0,0,0.690769,5.02125,0.128853,1.81528,2.47509,0.199438,0,0.183208,0,0,0,-12.456
"MtrElec",6,20,19,"",13.7594,5.52304,0,0,0.0264844,0,0.0330909,1.54083,0,0.756867,0,0,0,1.31874,5.37143,0.162762,1.87057,0,0,0.882107,0.170027,0,0,0,-3.89657
"MtrElec",6,20,20,"",16.0572,4.29475,0,0,0,0,0.0330909,1.23159,0,0.756867,0,0,0,1.83682,5.58887,0.203452,1.84958,0,0.372576,0.464554,0.094899,0,0,0,-0.669839
"MtrElec",6,20,21,"",15.7054,2.85994,0,0,0,0,0.0330909,0.841394,0,0.756867,0,0,0,1.77402,5.7952,0.281442,1.82558,0,0.196214,1.29951,0.0421773,0,0,0,0
"MtrElec",6,20,22,"",13.6152,2.23336,0,0,0,0,0.0330909,0.661167,0,0.756867,0,0,0,1.50713,5.77013,0.332305,1.75383,0,0.548872,0,0.0184526,0,0,0,0
"MtrElec",6,20,23,"",10.2839,1.02439,0,0,0,0,0.0330909,0.304073,0,0.756867,0,0,0,0.989055,5.19338,0.288224,1.68292,0,0,0,0.0118624,0,0,0,0
"MtrElec",6,20,24,"",8.57829,0.718658,0,0,0,0,0.0330909,0.215112,0,0.756867,0,0,0,0.612272,4.4178,0.200061,1.61785,0,0,0,0.00659021,0,0,0,0
"MtrElec",6,21,1,"",6.84775,0.276757,0,0,0,0,0.0330909,0.0832878,0,0.756867,0,0,0,0.361084,3.6248,0.15598,1.5493,0,0,0,0.00659021,0,0,0,0
"MtrElec",6,21,2,"",6.05519,0.0138417,0,0,0,0,0.0330909,0.00417564,0,0.756867,0,0,0,0.298287,3.31524,0.15598,1.47244,0,0,0,0.00527217,0,0,0,0
"MtrElec",6,21,3,"",7.22188,0,0,0,0,0,0.0330909,0,0,0.756867,0,0,0,0.235489,3.12615,0.152589,1.44763,1.46611,0,0,0.00395412,0,0,0,0
"MtrElec",6,21,4,"",6.7535,0,0,0,0,0,0.0330909,0,0,0.756867,0,0,0,0.266888,3.11505,0.152589,1.41569,1.00937,0,0,0.00395412,0,0,0,0
"MtrElec",6,21,5,"",5.6399,0,0,0,0,0,0.0330909,0,0,0.756867,0,0,0,0.329685,2.96483,0.15598,1.39549,0,0,0,0.00395412,0,0,0,0
"MtrElec",6,21,6,"",6.01376,0,0,0,0,0,0.0330909,0,0,0.756867,0,0,0,0.486678,3.18464,0.152589,1.39331,0,0,0,0.00659021,0,0,0,0
"MtrElec",6,21,7,"",5.89722,0,0,0,0,0,0.0330909,0,0,0.756867,0,0,0,0.65937,3.54175,0.149198,1.43991,0,0,0.503799,0.0131804,0,0,0,-1.19995
"MtrElec",6,21,8,"",1.77341,0,0,0,0,0,0.0330909,0,0,0.756867,0,0,0,0.643671,3.8286,0.139026,1.5256,0,0.21279,0.768643,0.0355871,0,0,0,-6.17047
"MtrElec",6,21,9,"",-6.60932,0,0,0,0.0264844,0,0.0330909,0,0,0.756867,0,0,0,0.533776,3.69421,0.122071,1.64142,0,0.324652,1.33581,0.063266,0,0,0,-15.141
"MtrElec",6,21,10,"",-15.0657,0,0,0,0.0264844,0,0.0330909,0,0,0.756867,0,0,0,0.455279,3.63031,0.101726,1.65222,0,0.564204,0.920227,0.063266,0,0,0,-23.2694
"MtrElec",6,21,11,"",-22.2396,0,0,0,0.0264844,0,0.0330909,0,0,0.756867,0,0,0,0.423881,3.68356,0.0813808,1.62132,0,0.388676,0,0.0606299,0,0,0,-29.3155
"MtrElec",6,21,12,"",-21.7643,0,0,0,0.0264844,0,0.0330909,0,0,0.756867,0,0,0,0.392482,3.61583,0.0542539,1.65806,4.94929,0,0,0.0724923,0,0,0,-33.3231
"MtrElec",6,21,13,"",-28.7322,0,0,0,0.0264844,0,0.0330909,0,0,0.756867,0,0,0,0.329685,3.59859,0.0406904,1.69574,0,0,0,0.0830366,0,0,0,-35.2964
"MtrElec",6,21,14,"",-28.3669,0,0,0,0.0264844,0,0.0330909,0,0,0.756867,0,0,0,0.329685,3.70795,0.0372995,1.71382,0,0,0,0.0777645,0,0,0,-35.0499
"MtrElec",6,21,15,"",-25.8417,0,0,0,0.0264844,0,0.0330909,0,0,0.756867,0,0,0,0.329685,3.87997,0.0372995,1.69831,0,0,0,0.0817186,0,0,0,-32.6851
"MtrElec",6,21,16,"",-20.8517,0,0,0,0.0264844,0,0.0330909,0,0,0.756867,0,0,0,0.408182,4.0756,0.0406904,1.69822,0,0,0,0.0896268,0,0,0,-27.9805
"MtrElec",6,21,17,"",-13.4554,0,0,0,0.0264844,0,0.0330909,0,0,0.756867,0,0,0,0.486678,4.51938,0.0644265,1.73016,0,0,0,0.119942,0,0,0,-21.1924
"MtrElec",6,21,18,"",7.10141,6.73456,0,0,0.0264844,0,0.0330909,1.87072,0,0.756867,0,0,0,0.690769,5.02125,0.128853,1.81051,2.47509,0,0,0.183208,0,0,0,-12.63
"MtrElec",6,21,19,"",12.1101,4.29607,0,0,0.0264844,0,0.0330909,1.22746,0,0.756867,0,0,0,1.31874,5.37143,0.162762,1.86781,0,0,0.882107,0.170027,0,0,0,-4.00277
"MtrElec",6,21,20,"",14.6699,3.4851,0,0,0,0,0.0330909,1.0094,0,0.756867,0,0,0,1.83682,5.58887,0.203452,1.84936,0,0.372576,0.102667,0.094899,0,0,0,-0.663234
"MtrElec",6,21,21,"",14.3867,2.36307,0,0,0,0,0.0330909,0.692511,0,0.756867,0,0,0,1.77402,5.7952,0.281442,1.82549,0,0.0433635,0.779442,0.0421773,0,0,0,0
"MtrElec",6,21,22,"",10.7789,0.214755,0,0,0,0,0.0330909,0.0631747,0,0.756867,0,0,0,1.50713,5.77013,0.332305,1.75379,0,0.329213,0,0.0184526,0,0,0,0
"MtrElec",6,21,23,"",8.95097,0,0,0,0,0,0.0330909,0,0,0.756867,0,0,0,0.989055,5.19338,0.288224,1.67849,0,0,0,0.0118624,0,0,0,0
"MtrElec",6,21,24,"",7.63802,0,0,0,0,0,0.0330909,0,0,0.756867,0,0,0,0.612272,4.4178,0.200061,1.61134,0,0,0,0.00659021,0,0,0,0
"MtrElec",6,22,1,"",6.45195,0,0,0,0,0,0.0330909,0,0,0.756867,0,0,0,0.361084,3.61319,0.15598,1.52515,0,0,0,0.00659021,0,0,0,0
"MtrElec",6,22,2,"",5.98504,0,0,0,0,0,0.0330909,0,0,0.756867,0,0,0,0.298287,3.26893,0.15598,1.46662,0,0,0,0.00527217,0,0,0,0
"MtrElec",6,22,3,"",5.74902,0,0,0,0,0,0.0330909,0,0,0.756867,0,0,0,0.235489,3.13685,0.15598,1.42546,0,0,0,0.00527217,0,0,0,0
"MtrElec",6,22,4,"",5.73311,0,0,0,0,0,0.0330909,0,0,0.756867,0,0,0,0.266888,3.11415,0.15598,1.40086,0,0,0,0.00527217,0,0,0,0
"MtrElec",6,22,5,"",5.64012,0,0,0,0,0,0.0330909,0,0,0.756867,0,0,0,0.329685,2.97554,0.15598,1.38369,0,0,0,0.00527217,0,0,0,0
"MtrElec",6,22,6,"",6.07566,0,0,0,0,0,0.0330909,0,0,0.756867,0,0,0,0.486678,3.19534,0.125462,1.45977,0,0,0,0.0184526,0,0,0,0
"MtrElec",6,22,7,"",5.67574,0,0,0,0,0,0.0330909,0,0,0.756867,0,0,0,0.65937,3.62188,0.11868,1.56015,0,0,0,0.0250428,0,0,0,-1.09933
"MtrElec",6,22,8,"",1.00109,0,0,0,0,0,0.0330909,0,0,0.756867,0,0,0,0.643671,3.92033,0.115289,1.64725,0,0,0,0.032951,0,0,0,-6.14836
"MtrElec",6,22,9,"",-7.83517,0,0,0,0.0264844,0,0.0330909,0,0,0.756867,0,0,0,0.533776,3.71731,0.111899,1.61488,0,0,0.4939,0.0342691,0,0,0,-15.1577
"MtrElec",6,22,10,"",-14.6858,0,0,0,0.0264844,0,0.0330909,0,0,0.756867,0,0,0,0.455279,3.55098,0.0949443,1.53984,1.67419,0.208609,0.388234,0.0289969,0,0,0,-23.4433
"MtrElec",6,22,11,"",-19.4316,0,0,0,0.0264844,0,0.0330909,0,0,0.756867,0,0,0,0.423881,3.58152,0.074599,1.50576,2.97964,0.163978,0.605934,0.0276789,0,0,0,-29.611
"MtrElec",6,22,12,"",-26.3742,0,0,0,0.0264844,0,0.0330909,0,0,0.756867,0,0,0,0.392482,3.58152,0.050863,1.52233,0.296245,0.255928,0.276015,0.0382232,0,0,0,-33.6042
"MtrElec",6,22,13,"",-27.5765,0,0,0,0.0264844,0,0.0330909,0,0,0.756867,0,0,0,0.329685,3.60969,0.0406904,1.54271,1.41802,0.116581,0,0.0461315,0,0,0,-35.4964
"MtrElec",6,22,14,"",-27.2063,0,0,0,0.0264844,0,0.0330909,0,0,0.756867,0,0,0,0.329685,3.68435,0.0372995,1.52879,1.0564,0,0,0.0421773,0,0,0,-34.7015
"MtrElec",6,22,15,"",-25.5583,0,0,0,0.0264844,0,0.0330909,0,0,0.756867,0,0,0,0.329685,3.79985,0.0372995,1.52246,0,0,0,0.0448134,0,0,0,-32.1089
"MtrElec",6,22,16,"",-20.0331,0,0,0,0.0264844,0,0.0330909,0,0,0.756867,0,0,0,0.408182,3.89305,0.0406904,1.5528,0,0,1.10107,0.0685382,0,0,0,-27.9139
"MtrElec",6,22,17,"",-11.9717,0,0,0,0.0264844,0,0.0330909,0,0,0.756867,0,0,0,0.486678,4.34843,0.0644265,1.64933,0,0.465061,1.31413,0.151575,0,0,0,-21.2678
"MtrElec",6,22,18,"",3.68018,4.72057,0,0,0.0264844,0,0.0330909,1.32814,0,0.756867,0,0,0,0.690769,4.95313,0.125462,1.79845,0,0.555049,1.11286,0.254382,0,0,0,-12.6751
"MtrElec",6,22,19,"",10.7969,3.51513,0,0,0.0264844,0,0.0330909,1.00598,0,0.756867,0,0,0,1.31874,5.38343,0.166152,1.90234,0,0.47004,0,0.237247,0,0,0,-4.01865
"MtrElec",6,22,20,"",9.8359,0,0,0,0,0,0.0330909,0,0,0.756867,0,0,0,1.83682,5.68059,0.220406,1.86365,0,0,0,0.129168,0,0,0,-0.68469
"MtrElec",6,22,21,"",10.6608,0,0,0,0,0,0.0330909,0,0,0.756867,0,0,0,1.77402,5.93234,0.308569,1.80059,0,0,0,0.0553577,0,0,0,0
"MtrElec",6,22,22,"",10.3321,0,0,0,0,0,0.0330909,0,0,0.756867,0,0,0,1.50713,5.91887,0.356041,1.73377,0,0,0,0.0263608,0,0,0,0
"MtrElec",6,22,23,"",9.00908,0,0,0,0,0,0.0330909,0,0,0.756867,0,0,0,0.989055,5.2731,0.308569,1.63258,0,0,0,0.0158165,0,0,0,0
"MtrElec",6,22,24,"",7.69201,0,0,0,0,0,0.0330909,0,0,0.756867,0,0,0,0.612272,4.51014,0.213625,1.55283,0,0,0,0.0131804,0,0,0,0
"MtrElec",6,23,1,"",6.42812,0,0,0,0,0,0.0330909,0,0,0.756867,0,0,0,0.361084,3.61319,0.15598,1.50131,0,0,0,0.00659021,0,0,0,0
"MtrElec",6,23,2,"",5.96547,0,0,0,0,0,0.0330909,0,0,0.756867,0,0,0,0.298287,3.26893,0.15598,1.44705,0,0,0,0.00527217,0,0,0,0
"MtrElec",6,23,3,"",5.72967,0,0,0,0,0,0.0330909,0,0,0.756867,0,0,0,0.235489,3.13685,0.15598,1.40612,0,0,0,0.00527217,0,0,0,0
"MtrElec",6,23,4,"",5.71474,0,0,0,0,0,0.0330909,0,0,0.756867,0,0,0,0.266888,3.11415,0.15598,1.3825,0,0,0,0.00527217,0,0,0,0
"MtrElec",6,23,5,"",5.62031,0,0,0,0,0,0.0330909,0,0,0.756867,0,0,0,0.329685,2.97554,0.15598,1.36388,0,0,0,0.00527217,0,0,0,0
"MtrElec",6,23,6,"",6.05289,0,0,0,0,0,0.0330909,0,0,0.756867,0,0,0,0.486678,3.19534,0.125462,1.437,0,0,0,0.0184526,0,0,0,0
"MtrElec",6,23,7,"",4.77178,0,0,0,0,0,0.0330909,0,0,0.756867,0,0,0,0.65937,3.62188,0.11868,1.53998,0,0,0,0.0250428,0,0,0,-1.98312
"MtrElec",6,23,8,"",4.76595,0,0,0,0,0,0.0330909,0,0,0.756867,0,0,0,0.643671,3.92033,0.115289,1.63023,0,0,0,0.032951,0,0,0,-2.36648
"MtrElec",6,23,9,"",5.16538,0,0,0,0,0,0.0330909,0,0,0.756867,0,0,0,0.533776,3.71731,0.111899,1.59316,0,0,1.49006,0.0342691,0,0,0,-3.10506
"MtrElec",6,23,10,"",6.81325,0,0,0,0,0,0.0330909,0,0,0.756867,0,0,0,0.455279,3.55098,0.0949443,1.50861,1.18923,0.629358,2.03865,0.0289969,0,0,0,-3.47276
"MtrElec",6,23,11,"",1.7402,0,0,0,0.0264844,0,0.0330909,0,0,0.756867,0,0,0,0.423881,3.58152,0.074599,1.46846,1.28607,0.861066,0.605934,0.0276789,0,0,0,-7.40545
"MtrElec",6,23,12,"",-7.32965,0,0,0,0.0264844,0,0.0330909,0,0,0.756867,0,0,0,0.392482,3.58152,0.050863,1.47764,0,0.255928,0.276015,0.0382232,0,0,0,-14.2188
"MtrElec",6,23,13,"",-11.3296,0,0,0,0.0264844,0,0.0330909,0,0,0.756867,0,0,0,0.329685,3.60969,0.0406904,1.49997,0,0.116581,0,0.0461315,0,0,0,-17.7888
"MtrElec",6,23,14,"",-18.261,0,0,0,0.0264844,0,0.0330909,0,0,0.756867,0,0,0,0.329685,3.68435,0.0372995,1.4824,0,0,0.881958,0.0421773,0,0,0,-25.5353
"MtrElec",6,23,15,"",-18.2282,0,0,0,0.0264844,0,0.0330909,0,0,0.756867,0,0,0,0.329685,3.79985,0.0372995,1.48903,0,0.372513,0,0.0448134,0,0,0,-25.1179
"MtrElec",6,23,16,"",-16.9485,0,0,0,0.0264844,0,0.0330909,0,0,0.756867,0,0,0,0.408182,3.89305,0.0406904,1.51959,0,0,0.218911,0.0685382,0,0,0,-23.9139
"MtrElec",6,23,17,"",-8.63021,0,0,0,0.0264844,0,0.0330909,0,0,0.756867,0,0,0,0.486678,4.34843,0.0644265,1.59934,0,0.0924616,0.432205,0.151575,0,0,0,-16.6218
"MtrElec",6,23,18,"",0.0767705,0,0,0,0.0264844,0,0.0330909,0,0,0.756867,0,0,0,0.690769,4.95313,0.125462,1.74634,0,0.18255,0.230815,0.254382,0,0,0,-8.92312
"MtrElec",6,23,19,"",9.12162,0,0,0,0,0,0.0330909,0,0,0.756867,0,0,0,1.31874,5.38343,0.166152,1.85584,1.71125,0.0974895,0.677641,0.237247,0,0,0,-3.11614
"MtrElec",6,23,20,"",10.9032,0,0,0,0,0,0.0330909,0,0,0.756867,0,0,0,1.83682,5.68059,0.220406,1.82194,0.762762,0.286215,0.204201,0.129168,0,0,0,-0.828867
"MtrElec",6,23,21,"",10.6985,0,0,0,0,0,0.0330909,0,0,0.756867,0,0,0,1.77402,5.93234,0.308569,1.75198,0,0.0862486,0,0.0553577,0,0,0,0
"MtrElec",6,23,22,"",10.2788,0,0,0,0,0,0.0330909,0,0,0.756867,0,0,0,1.50713,5.91887,0.356041,1.68045,0,0,0,0.0263608,0,0,0,0
"MtrElec",6,23,23,"",8.95192,0,0,0,0,0,0.0330909,0,0,0.756867,0,0,0,0.989055,5.2731,0.308569,1.57541,0,0,0,0.0158165,0,0,0,0
"MtrElec",6,23,24,"",7.62179,0,0,0,0,0,0.0330909,0,0,0.756867,0,0,0,0.612272,4.51014,0.213625,1.48262,0,0,0,0.0131804,0,0,0,0
"MtrElec",6,24,1,"",6.37047,0,0,0,0,0,0.0330909,0,0,0.756867,0,0,0,0.361084,3.61319,0.15598,1.44367,0,0,0,0.00659021,0,0,0,0
"MtrElec",6,24,2,"",5.91789,0,0,0,0,0,0.0330909,0,0,0.756867,0,0,0,0.298287,3.26893,0.15598,1.39947,0,0,0,0.00527217,0,0,0,0
"MtrElec",6,24,3,"",5.68309,0,0,0,0,0,0.0330909,0,0,0.756867,0,0,0,0.235489,3.13685,0.15598,1.35954,0,0,0,0.00527217,0,0,0,0
"MtrElec",6,24,4,"",5.67077,0,0,0,0,0,0.0330909,0,0,0.756867,0,0,0,0.266888,3.11415,0.15598,1.33853,0,0,0,0.00527217,0,0,0,0
"MtrElec",6,24,5,"",5.57333,0,0,0,0,0,0.0330909,0,0,0.756867,0,0,0,0.329685,2.97554,0.15598,1.31689,0,0,0,0.00527217,0,0,0,0
"MtrElec",6,24,6,"",5.99907,0,0,0,0,0,0.0330909,0,0,0.756867,0,0,0,0.486678,3.19534,0.125462,1.38318,0,0,0,0.0184526,0,0,0,0
"MtrElec",6,24,7,"",7.60611,0,0,0,0,0,0.0330909,0,0,0.756867,0,0,0,0.65937,3.62188,0.11868,1.50894,0,0,0.882236,0.0250428,0,0,0,0
"MtrElec",6,24,8,"",5.89954,0,0,0,0,0,0.0330909,0,0,0.756867,0,0,0,0.643671,3.92033,0.115289,1.60773,0,0.37263,0.881945,0.032951,0,0,0,-2.46496
"MtrElec",6,24,9,"",-0.373173,0,0,0,0.0264844,0,0.0330909,0,0,0.756867,0,0,0,0.533776,3.71731,0.111899,1.56731,0,0.372507,0,0.0342691,0,0,0,-7.52669
"MtrElec",6,24,10,"",-6.28817,0,0,0,0.0264844,0,0.0330909,0,0,0.756867,0,0,0,0.455279,3.55098,0.0949443,1.47918,0,0,0.882232,0.0289969,0,0,0,-13.5962
"MtrElec",6,24,11,"",-12.43,0,0,0,0.0264844,0,0.0330909,0,0,0.756867,0,0,0,0.423881,3.58152,0.074599,1.44489,0,0.372628,0.881985,0.0276789,0,0,0,-20.0536
"MtrElec",6,24,12,"",-20.4627,0,0,0,0.0264844,0,0.0330909,0,0,0.756867,0,0,0,0.392482,3.58152,0.050863,1.46391,0,0.372524,0.257295,0.0382232,0,0,0,-27.4359
"MtrElec",6,24,13,"",-22.3641,0,0,0,0.0264844,0,0.0330909,0,0,0.756867,0,0,0,0.329685,3.60969,0.0406904,1.49511,0,0.108674,0.624927,0.0461315,0,0,0,-29.4354
"MtrElec",6,24,14,"",-21.8245,0,0,0,0.0264844,0,0.0330909,0,0,0.756867,0,0,0,0.329685,3.68435,0.0372995,1.48147,0,0.263951,0,0.0421773,0,0,0,-28.4799
"MtrElec",6,24,15,"",-20.356,0,0,0,0.0264844,0,0.0330909,0,0,0.756867,0,0,0,0.329685,3.79985,0.0372995,1.48696,0,0,0.43918,0.0448134,0,0,0,-27.3102
"MtrElec",6,24,16,"",-18.8554,0,0,0,0.0264844,0,0.0330909,0,0,0.756867,0,0,0,0.408182,3.89305,0.0406904,1.51432,0,0.185496,0.442728,0.0685382,0,0,0,-26.2248
"MtrElec",6,24,17,"",-11.9084,0,0,0,0.0264844,0,0.0330909,0,0,0.756867,0,0,0,0.486678,4.34843,0.0644265,1.60022,0.530617,0.186995,0,0.151575,0,0,0,-20.0938
"MtrElec",6,24,18,"",-1.60718,0,0,0,0.0264844,0,0.0330909,0,0,0.756867,0,0,0,0.690769,4.95313,0.125462,1.75722,1.9438,0,0,0.254382,0,0,0,-12.1484
"MtrElec",6,24,19,"",6.74857,0,0,0,0.0264844,0,0.0330909,0,0,0.756867,0,0,0,1.31874,5.38343,0.166152,1.87111,0,0,0.881967,0.237247,0,0,0,-3.92653
"MtrElec",6,24,20,"",11.5496,0,0,0,0,0,0.0330909,0,0,0.756867,0,0,0,1.83682,5.68059,0.220406,1.83429,1.35903,0.372517,0,0.129168,0,0,0,-0.673203
"MtrElec",6,24,21,"",11.7429,0,0,0,0,0,0.0330909,0,0,0.756867,0,0,0,1.77402,5.93234,0.308569,1.76611,1.1165,0,0,0.0553577,0,0,0,0
"MtrElec",6,24,22,"",10.4566,0,0,0,0,0,0.0330909,0,0,0.756867,0,0,0,1.50713,5.91887,0.356041,1.69647,0,0,0.161806,0.0263608,0,0,0,0
"MtrElec",6,24,23,"",9.68733,0,0,0,0,0,0.0330909,0,0,0.756867,0,0,0,0.989055,5.2731,0.308569,1.59193,0,0.0683418,0.650559,0.0158165,0,0,0,0
"MtrElec",6,24,24,"",8.86885,0,0,0,0,0,0.0330909,0,0,0.756867,0,0,0,0.612272,4.51014,0.213625,1.50313,0,0.274777,0.951768,0.0131804,0,0,0,0
"MtrElec",6,25,1,"",6.79051,0,0,0,0,0,0.0330909,0,0,0.756867,0,0,0,0.361084,3.61319,0.15598,1.46171,0,0.401998,0,0.00659021,0,0,0,0
"MtrElec",6,25,2,"",5.93356,0,0,0,0,0,0.0330909,0,0,0.756867,0,0,0,0.298287,3.26893,0.15598,1.41513,0,0,0,0.00527217,0,0,0,0
"MtrElec",6,25,3,"",5.69779,0,0,0,0,0,0.0330909,0,0,0.756867,0,0,0,0.235489,3.13685,0.15598,1.37424,0,0,0,0.00527217,0,0,0,0
"MtrElec",6,25,4,"",5.6838,0,0,0,0,0,0.0330909,0,0,0.756867,0,0,0,0.266888,3.11415,0.15598,1.35156,0,0,0,0.00527217,0,0,0,0
"MtrElec",6,25,5,"",5.58669,0,0,0,0,0,0.0330909,0,0,0.756867,0,0,0,0.329685,2.97554,0.15598,1.33025,0,0,0,0.00527217,0,0,0,0
"MtrElec",6,25,6,"",6.01378,0,0,0,0,0,0.0330909,0,0,0.756867,0,0,0,0.486678,3.19534,0.125462,1.39789,0,0,0,0.0184526,0,0,0,0
"MtrElec",6,25,7,"",4.32434,0,0,0,0,0,0.0330909,0,0,0.756867,0,0,0,0.65937,3.62188,0.11868,1.51167,0,0,0,0.0250428,0,0,0,-2.40226
"MtrElec",6,25,8,"",0.836094,0,0,0,0.0264844,0,0.0330909,0,0,0.756867,0,0,0,0.643671,3.92033,0.115289,1.61087,0,0,0.881945,0.032951,0,0,0,-7.18541
"MtrElec",6,25,9,"",2.57671,0,0,0,0.0264844,0,0.0330909,0,0,0.756867,0,0,0,0.533776,3.71731,0.111899,1.5745,1.3606,0.372507,0.287278,0.0342691,0,0,0,-6.23187
"MtrElec",6,25,10,"",-1.56718,0,0,0,0.0264844,0,0.0330909,0,0,0.756867,0,0,0,0.455279,3.55098,0.0949443,1.49001,1.11435,0.121338,0.594891,0.0289969,0,0,0,-9.83441
"MtrElec",6,25,11,"",-1.14579,0,0,0,0.0264844,0,0.0330909,0,0,0.756867,0,0,0,0.423881,3.58152,0.074599,1.45494,0,0.251264,1.74375,0.0276789,0,0,0,-9.51986
"MtrElec",6,25,12,"",-7.80737,0,0,0,0.0264844,0,0.0330909,0,0,0.756867,0,0,0,0.392482,3.58152,0.050863,1.46868,0,0.736506,0.020165,0.0382232,0,0,0,-14.9123
"MtrElec",6,25,13,"",-15.957,0,0,0,0.0264844,0,0.0330909,0,0,0.756867,0,0,0,0.329685,3.60969,0.0406904,1.49355,0,0.00851711,0,0.0461315,0,0,0,-22.3017
"MtrElec",6,25,14,"",-28.2047,0,0,0,0.0264844,0,0.0330909,0,0,0.756867,0,0,0,0.329685,3.68435,0.0372995,1.47309,0,0,0,0.0421773,0,0,0,-34.5877
"MtrElec",6,25,15,"",-25.3359,0,0,0,0.0264844,0,0.0330909,0,0,0.756867,0,0,0,0.329685,3.79985,0.0372995,1.47601,0,0,0,0.0448134,0,0,0,-31.84
"MtrElec",6,25,16,"",-20.5029,0,0,0,0.0264844,0,0.0330909,0,0,0.756867,0,0,0,0.408182,3.89305,0.0406904,1.50296,0,0,0,0.0685382,0,0,0,-27.2328
"MtrElec",6,25,17,"",-13.1373,0,0,0,0.0264844,0,0.0330909,0,0,0.756867,0,0,0,0.486678,4.34843,0.0644265,1.58271,0,0,0,0.151575,0,0,0,-20.5876
"MtrElec",6,25,18,"",-3.69547,0,0,0,0.0264844,0,0.0330909,0,0,0.756867,0,0,0,0.690769,4.95313,0.125462,1.72845,0,0,0,0.254382,0,0,0,-12.2641
"MtrElec",6,25,19,"",5.83569,0,0,0,0.0264844,0,0.0330909,0,0,0.756867,0,0,0,1.31874,5.38343,0.166152,1.84414,0,0,0,0.237247,0,0,0,-3.93047
"MtrElec",6,25,20,"",11.0589,0,0,0,0,0,0.0330909,0,0,0.756867,0,0,0,1.83682,5.68059,0.220406,1.81754,0,0,1.22289,0.129168,0,0,0,-0.638462
"MtrElec",6,25,21,"",12.3091,0,0,0,0,0,0.0330909,0,0,0.756867,0,0,0,1.77402,5.93234,0.308569,1.75433,0,0.516512,1.17801,0.0553577,0,0,0,0
"MtrElec",6,25,22,"",15.8788,0,0,0,0,0,0.0330909,0,0,0.756867,0,0,0,1.50713,5.91887,0.356041,1.69309,3.28043,0.497556,1.80934,0.0263608,0,0,0,0
"MtrElec",6,25,23,"",14.0808,0,0,0,0,0,0.0330909,0,0,0.756867,0,0,0,0.989055,5.2731,0.308569,1.59667,4.1435,0.764211,0.199916,0.0158165,0,0,0,0
"MtrElec",6,25,24,"",7.7404,0,0,0,0,0,0.0330909,0,0,0.756867,0,0,0,0.612272,4.51014,0.213625,1.51679,0,0.0844386,0,0.0131804,0,0,0,0
"MtrElec",6,26,1,"",6.39728,0,0,0,0,0,0.0330909,0,0,0.756867,0,0,0,0.361084,3.61319,0.15598,1.47048,0,0,0,0.00659021,0,0,0,0
"MtrElec",6,26,2,"",9.33327,0,0,0,0,0,0.0330909,0,0,0.756867,0,0,0,0.298287,3.26893,0.15598,1.41957,3.39527,0,0,0.00527217,0,0,0,0
"MtrElec",6,26,3,"",7.25991,0,0,0,0,0,0.0330909,0,0,0.756867,0,0,0,0.235489,3.13685,0.15598,1.38053,1.55582,0,0,0.00527217,0,0,0,0
"MtrElec",6,26,4,"",5.69164,0,0,0,0,0,0.0330909,0,0,0.756867,0,0,0,0.266888,3.11415,0.15598,1.3594,0,0,0,0.00527217,0,0,0,0
"MtrElec",6,26,5,"",5.59515,0,0,0,0,0,0.0330909,0,0,0.756867,0,0,0,0.329685,2.97554,0.15598,1.33872,0,0,0,0.00527217,0,0,0,0
"MtrElec",6,26,6,"",6.02359,0,0,0,0,0,0.0330909,0,0,0.756867,0,0,0,0.486678,3.19534,0.125462,1.40769,0,0,0,0.0184526,0,0,0,0
"MtrElec",6,26,7,"",5.84679,0,0,0,0,0,0.0330909,0,0,0.756867,0,0,0,0.65937,3.62188,0.11868,1.52465,0,0,0,0.0250428,0,0,0,-0.892794
"MtrElec",6,26,8,"",1.43982,0,0,0,0,0,0.0330909,0,0,0.756867,0,0,0,0.643671,3.92033,0.115289,1.62559,0,0,0,0.032951,0,0,0,-5.68798
"MtrElec",6,26,9,"",-7.48924,0,0,0,0.0264844,0,0.0330909,0,0,0.756867,0,0,0,0.533776,3.71731,0.111899,1.59785,0,0,0,0.0342691,0,0,0,-14.3008
"MtrElec",6,26,10,"",-14.838,0,0,0,0.0264844,0,0.0330909,0,0,0.756867,0,0,0,0.455279,3.55098,0.0949443,1.52661,0,0,0.882232,0.0289969,0,0,0,-22.1935
"MtrElec",6,26,11,"",-21.6537,0,0,0,0.0264844,0,0.0330909,0,0,0.756867,0,0,0,0.423881,3.58152,0.074599,1.49784,0,0.372628,0,0.0276789,0,0,0,-28.4483
"MtrElec",6,26,12,"",-26.2933,0,0,0,0.0264844,0,0.0330909,0,0,0.756867,0,0,0,0.392482,3.58152,0.050863,1.51776,0,0,0,0.0382232,0,0,0,-32.6906
"MtrElec",6,26,13,"",-28.3396,0,0,0,0.0264844,0,0.0330909,0,0,0.756867,0,0,0,0.329685,3.60969,0.0406904,1.53823,0,0,0,0.0461315,0,0,0,-34.7205
"MtrElec",6,26,14,"",-28.0967,0,0,0,0.0264844,0,0.0330909,0,0,0.756867,0,0,0,0.329685,3.68435,0.0372995,1.52343,0,0,0,0.0421773,0,0,0,-34.5301
"MtrElec",6,26,15,"",-25.8947,0,0,0,0.0264844,0,0.0330909,0,0,0.756867,0,0,0,0.329685,3.79985,0.0372995,1.51682,0,0,0,0.0448134,0,0,0,-32.4396
"MtrElec",6,26,16,"",-19.8105,0,0,0,0.0264844,0,0.0330909,0,0,0.756867,0,0,0,0.408182,3.89305,0.0406904,1.5431,1.26327,0,0,0.0685382,0,0,0,-27.8437
"MtrElec",6,26,17,"",-12.3549,0,0,0,0.0264844,0,0.0330909,0,0,0.756867,0,0,0,0.486678,4.34843,0.0644265,1.6299,1.21212,0,0,0.151575,0,0,0,-21.0645
"MtrElec",6,26,18,"",-3.91039,0,0,0,0.0264844,0,0.0330909,0,0,0.756867,0,0,0,0.690769,4.95313,0.125462,1.7804,0,0,0,0.254382,0,0,0,-12.531
"MtrElec",6,26,19,"",5.91119,0,0,0,0.0264844,0,0.0330909,0,0,0.756867,0,0,0,1.31874,5.38343,0.166152,1.88933,0,0,0,0.237247,0,0,0,-3.90016
"MtrElec",6,26,20,"",9.96778,0,0,0,0,0,0.0330909,0,0,0.756867,0,0,0,1.83682,5.68059,0.220406,1.85214,0,0,0,0.129168,0,0,0,-0.541301
"MtrElec",6,26,21,"",10.6527,0,0,0,0,0,0.0330909,0,0,0.756867,0,0,0,1.77402,5.93234,0.308569,1.79244,0,0,0,0.0553577,0,0,0,0
"MtrElec",6,26,22,"",11.3737,0,0,0,0,0,0.0330909,0,0,0.756867,0,0,0,1.50713,5.91887,0.356041,1.73136,0,0,1.044,0.0263608,0,0,0,0
"MtrElec",6,26,23,"",9.87483,0,0,0,0,0,0.0330909,0,0,0.756867,0,0,0,0.989055,5.2731,0.308569,1.63184,0,0.440956,0.425533,0.0158165,0,0,0,0
"MtrElec",6,26,24,"",8.16897,0,0,0,0,0,0.0330909,0,0,0.756867,0,0,0,0.612272,4.51014,0.213625,1.55518,0,0.179732,0.294889,0.0131804,0,0,0,0
"MtrElec",6,27,1,"",6.5885,0,0,0,0,0,0.0330909,0,0,0.756867,0,0,0,0.361084,3.6248,0.15598,1.52554,0,0.124552,0,0.00659021,0,0,0,0
"MtrElec",6,27,2,"",6.01858,0,0,0,0,0,0.0330909,0,0,0.756867,0,0,0,0.298287,3.31524,0.15598,1.45384,0,0,0,0.00527217,0,0,0,0
"MtrElec",6,27,3,"",5.7379,0,0,0,0,0,0.0330909,0,0,0.756867,0,0,0,0.235489,3.12615,0.152589,1.42976,0,0,0,0.00395412,0,0,0,0
"MtrElec",6,27,4,"",5.72644,0,0,0,0,0,0.0330909,0,0,0.756867,0,0,0,0.266888,3.11505,0.152589,1.39801,0,0,0,0.00395412,0,0,0,0
"MtrElec",6,27,5,"",5.62048,0,0,0,0,0,0.0330909,0,0,0.756867,0,0,0,0.329685,2.96483,0.15598,1.37607,0,0,0,0.00395412,0,0,0,0
"MtrElec",6,27,6,"",5.99543,0,0,0,0,0,0.0330909,0,0,0.756867,0,0,0,0.486678,3.18464,0.152589,1.37497,0,0,0,0.00659021,0,0,0,0
"MtrElec",6,27,7,"",6.19215,0,0,0,0,0,0.0330909,0,0,0.756867,0,0,0,0.65937,3.54175,0.149198,1.42342,0,0,0.503799,0.0131804,0,0,0,-0.888529
"MtrElec",6,27,8,"",2.12226,0,0,0,0,0,0.0330909,0,0,0.756867,0,0,0,0.643671,3.8286,0.139026,1.51558,0,0.21279,0.768643,0.0355871,0,0,0,-5.8116
"MtrElec",6,27,9,"",-7.09664,0,0,0,0.0264844,0,0.0330909,0,0,0.756867,0,0,0,0.533776,3.69421,0.122071,1.63629,0,0.324652,0.491988,0.063266,0,0,0,-14.7793
"MtrElec",6,27,10,"",-14.8963,0,0,0,0.0264844,0,0.0330909,0,0,0.756867,0,0,0,0.455279,3.63031,0.101726,1.64338,0,0.207801,0.882149,0.063266,0,0,0,-22.6966
"MtrElec",6,27,11,"",-20.8555,0,0,0,0.0264844,0,0.0330909,0,0,0.756867,0,0,0,0.423881,3.68356,0.0813808,1.6149,0,0.372593,0.574555,0.0606299,0,0,0,-28.4835
"MtrElec",6,27,12,"",-24.1378,0,0,0,0.0264844,0,0.0330909,0,0,0.756867,0,0,0,0.392482,3.61583,0.0542539,1.65803,0,0.242675,1.01813,0.0724923,0,0,0,-32.0081
"MtrElec",6,27,13,"",-26.3451,0,0,0,0.0264844,0,0.0330909,0,0,0.756867,0,0,0,0.329685,3.59859,0.0406904,1.70102,0,0.430027,0.171384,0.0830366,0,0,0,-33.516
"MtrElec",6,27,14,"",-26.9436,0,0,0,0.0264844,0,0.0330909,0,0,0.756867,0,0,0,0.329685,3.70795,0.0372995,1.72605,0,0.0723874,0,0.0777645,0,0,0,-33.7111
"MtrElec",6,27,15,"",-25.1766,0,0,0,0.0264844,0,0.0330909,0,0,0.756867,0,0,0,0.329685,3.87997,0.0372995,1.71534,0,0,0.287418,0.0817186,0,0,0,-32.3245
"MtrElec",6,27,16,"",-20.1974,0,0,0,0.0264844,0,0.0330909,0,0,0.756867,0,0,0,0.408182,4.0756,0.0406904,1.71026,0,0.121397,0.5946,0.0896268,0,0,0,-28.0542
"MtrElec",6,27,17,"",-9.7162,2.81577,0,0,0.0264844,0,0.0330909,0.740993,0,0.756867,0,0,0,0.486678,4.51938,0.0644265,1.74525,0,0.251141,0,0.119942,0,0,0,-21.2762
"MtrElec",6,27,18,"",6.21967,8.07089,0,0,0.0264844,0,0.0330909,2.24085,0,0.756867,0,0,0,0.690769,5.02125,0.128853,1.81789,0,0,0,0.183208,0,0,0,-12.7505
"MtrElec",6,27,19,"",12.7722,5.50534,0,0,0.0264844,0,0.0330909,1.58035,0,0.756867,0,0,0,1.31874,5.37143,0.162762,1.87181,0,0,0,0.170027,0,0,0,-4.02472
"MtrElec",6,27,20,"",14.7994,3.89058,0,0,0,0,0.0330909,1.13465,0,0.756867,0,0,0,1.83682,5.58887,0.203452,1.85066,0,0,0,0.094899,0,0,0,-0.590433
"MtrElec",6,27,21,"",10.751,0.187972,0,0,0,0,0.0330909,0.0539621,0,0.756867,0,0,0,1.77402,5.7952,0.281442,1.82628,0,0,0,0.0421773,0,0,0,0
"MtrElec",6,27,22,"",11.0484,0,0,0,0,0,0.0330909,0,0,0.756867,0,0,0,1.50713,5.77013,0.332305,1.74849,0,0,0.881966,0.0184526,0,0,0,0
"MtrElec",6,27,23,"",9.31485,0,0,0,0,0,0.0330909,0,0,0.756867,0,0,0,0.989055,5.19338,0.288224,1.66986,0,0.372516,0,0.0118624,0,0,0,0
"MtrElec",6,27,24,"",7.63432,0,0,0,0,0,0.0330909,0,0,0.756867,0,0,0,0.612272,4.4178,0.200061,1.60764,0,0,0,0.00659021,0,0,0,0
"MtrElec",6,28,1,"",6.47792,0,0,0,0,0,0.0330909,0,0,0.756867,0,0,0,0.361084,3.6248,0.15598,1.53952,0,0,0,0.00659021,0,0,0,0
"MtrElec",6,28,2,"",6.03029,0,0,0,0,0,0.0330909,0,0,0.756867,0,0,0,0.298287,3.31524,0.15598,1.46555,0,0,0,0.00527217,0,0,0,0
"MtrElec",6,28,3,"",5.74902,0,0,0,0,0,0.0330909,0,0,0.756867,0,0,0,0.235489,3.12615,0.152589,1.44088,0,0,0,0.00395412,0,0,0,0
"MtrElec",6,28,4,"",5.73703,0,0,0,0,0,0.0330909,0,0,0.756867,0,0,0,0.266888,3.11505,0.152589,1.4086,0,0,0,0.00395412,0,0,0,0
"MtrElec",6,28,5,"",5.63192,0,0,0,0,0,0.0330909,0,0,0.756867,0,0,0,0.329685,2.96483,0.15598,1.38751,0,0,0,0.00395412,0,0,0,0
"MtrElec",6,28,6,"",6.00669,0,0,0,0,0,0.0330909,0,0,0.756867,0,0,0,0.486678,3.18464,0.152589,1.38624,0,0,0,0.00659021,0,0,0,0
"MtrElec",6,28,7,"",6.16347,0,0,0,0,0,0.0330909,0,0,0.756867,0,0,0,0.65937,3.54175,0.149198,1.43646,0,0,0.503799,0.0131804,0,0,0,-0.930257
"MtrElec",6,28,8,"",2.24498,0,0,0,0,0,0.0330909,0,0,0.756867,0,0,0,0.643671,3.8286,0.139026,1.5276,0,0.21279,0.768643,0.0355871,0,0,0,-5.7009
"MtrElec",6,28,9,"",-6.5721,0,0,0,0.0264844,0,0.0330909,0,0,0.756867,0,0,0,0.533776,3.69421,0.122071,1.6457,0,0.324652,0.491988,0.063266,0,0,0,-14.2642
"MtrElec",6,28,10,"",-14.3798,0,0,0,0.0264844,0,0.0330909,0,0,0.756867,0,0,0,0.455279,3.63031,0.101726,1.66074,0,0.207801,0.571536,0.063266,0,0,0,-21.8869
"MtrElec",6,28,11,"",-20.2265,0,0,0,0.0264844,0,0.0330909,0,0,0.756867,0,0,0,0.423881,3.68356,0.0813808,1.63292,0,0.2414,0.862124,0.0606299,0,0,0,-28.0288
"MtrElec",6,28,12,"",-25.1939,0,0,0,0.0264844,0,0.0330909,0,0,0.756867,0,0,0,0.392482,3.61583,0.0542539,1.67639,0,0.364135,0.330915,0.0724923,0,0,0,-32.5169
"MtrElec",6,28,13,"",-26.5845,0,0,0,0.0264844,0,0.0330909,0,0,0.756867,0,0,0,0.329685,3.59859,0.0406904,1.71449,1.21676,0.139769,0,0.0830366,0,0,0,-34.524
"MtrElec",6,28,14,"",-26.6037,0,0,0,0.0264844,0,0.0330909,0,0,0.756867,0,0,0,0.329685,3.70795,0.0372995,1.73492,1.25715,0,0,0.0777645,0,0,0,-34.5649
"MtrElec",6,28,15,"",-24.9038,0,0,0,0.0264844,0,0.0330909,0,0,0.756867,0,0,0,0.329685,3.87997,0.0372995,1.72168,0,0,0.504077,0.0817186,0,0,0,-32.2746
"MtrElec",6,28,16,"",-18.9679,0,0,0,0.0264844,0,0.0330909,0,0,0.756867,0,0,0,0.408182,4.0756,0.0406904,1.71351,0,0.212907,1.27796,0.0896268,0,0,0,-27.6028
"MtrElec",6,28,17,"",-8.6392,2.11942,0,0,0.0264844,0,0.0330909,0.560353,0,0.756867,0,0,0,0.486678,4.51938,0.0644265,1.74701,0,0.539774,1.34739,0.119942,0,0,0,-20.96
"MtrElec",6,28,18,"",10.8822,8.15971,0,0,0.0264844,0,0.0330909,2.24085,0,0.756867,0,0,0,0.690769,5.02125,0.128853,1.82246,2.47509,0.569097,1.28077,0.183208,0,0,0,-12.5063
"MtrElec",6,28,19,"",16.6984,6.91759,0,0,0.0264844,0,0.0330909,1.95245,0,0.756867,0,0,0,1.31874,5.37143,0.162762,1.87751,0.670201,0.540961,0.882107,0.170027,0,0,0,-3.98184
"MtrElec",6,28,20,"",20.8099,5.58282,0,0,0,0,0.0330909,1.58754,0,0.756867,0,0,0,1.83682,5.58887,0.203452,1.85659,3.04522,0.372576,0.464554,0.094899,0,0,0,-0.613365
"MtrElec",6,28,21,"",17.9513,3.65618,0,0,0,0,0.0330909,1.05133,0,0.756867,0,0,0,1.77402,5.7952,0.281442,1.8328,1.23252,0.196214,1.29951,0.0421773,0,0,0,0
"MtrElec",6,28,22,"",14.3168,2.7868,0,0,0,0,0.0330909,0.802555,0,0.756867,0,0,0,1.50713,5.77013,0.332305,1.7606,0,0.548872,0,0.0184526,0,0,0,0
"MtrElec",6,28,23,"",8.9639,0,0,0,0,0,0.0330909,0,0,0.756867,0,0,0,0.989055,5.19338,0.288224,1.69143,0,0,0,0.0118624,0,0,0,0
"MtrElec",6,28,24,"",7.90221,0.199785,0,0,0,0,0.0330909,0.0566109,0,0.756867,0,0,0,0.612272,4.4178,0.200061,1.61914,0,0,0,0.00659021,0,0,0,0
"MtrElec",6,29,1,"",7.46624,0.095048,0,0,0,0,0.0330909,0.0270075,0,0.756867,0,0,0,0.361084,3.61319,0.15598,1.53532,0,0,0.882062,0.00659021,0,0,0,0
"MtrElec",6,29,2,"",6.36644,0,0,0,0,0,0.0330909,0,0,0.756867,0,0,0,0.298287,3.26893,0.15598,1.47546,0,0.372557,0,0.00527217,0,0,0,0
"MtrElec",6,29,3,"",5.75902,0,0,0,0,0,0.0330909,0,0,0.756867,0,0,0,0.235489,3.13685,0.15598,1.43547,0,0,0,0.00527217,0,0,0,0
"MtrElec",6,29,4,"",5.74274,0,0,0,0,0,0.0330909,0,0,0.756867,0,0,0,0.266888,3.11415,0.15598,1.4105,0,0,0,0.00527217,0,0,0,0
"MtrElec",6,29,5,"",5.65029,0,0,0,0,0,0.0330909,0,0,0.756867,0,0,0,0.329685,2.97554,0.15598,1.39386,0,0,0,0.00527217,0,0,0,0
"MtrElec",6,29,6,"",6.08759,0,0,0,0,0,0.0330909,0,0,0.756867,0,0,0,0.486678,3.19534,0.125462,1.4717,0,0,0,0.0184526,0,0,0,0
"MtrElec",6,29,7,"",4.97475,0,0,0,0,0,0.0330909,0,0,0.756867,0,0,0,0.65937,3.62188,0.11868,1.56462,0,0,0,0.0250428,0,0,0,-1.8048
"MtrElec",6,29,8,"",2.07808,0,0,0,0.0264844,0,0.0330909,0,0,0.756867,0,0,0,0.643671,3.92033,0.115289,1.64582,0,0,1.76389,0.032951,0,0,0,-6.86031
"MtrElec",6,29,9,"",-5.02501,0,0,0,0.0264844,0,0.0330909,0,0,0.756867,0,0,0,0.533776,3.71731,0.111899,1.61143,0,0.745014,0.4939,0.0342691,0,0,0,-13.0891
"MtrElec",6,29,10,"",-14.695,0,0,0,0.0264844,0,0.0330909,0,0,0.756867,0,0,0,0.455279,3.55098,0.0949443,1.5405,0,0.208609,0.388234,0.0289969,0,0,0,-21.7789
"MtrElec",6,29,11,"",-19.2966,0,0,0,0.0264844,0,0.0330909,0,0,0.756867,0,0,0,0.423881,3.58152,0.074599,1.51152,0,0.163978,1.76397,0.0276789,0,0,0,-27.6602
"MtrElec",6,29,12,"",-24.3649,0,0,0,0.0264844,0,0.0330909,0,0,0.756867,0,0,0,0.392482,3.58152,0.050863,1.53379,0,0.745048,0,0.0382232,0,0,0,-31.5232
"MtrElec",6,29,13,"",-25.5262,0,0,0,0.0264844,0,0.0330909,0,0,0.756867,0,0,0,0.329685,3.60969,0.0406904,1.55619,1.41802,0,0,0.0461315,0,0,0,-33.3431
"MtrElec",6,29,14,"",-25.2158,0,0,0,0.0264844,0,0.0330909,0,0,0.756867,0,0,0,0.329685,3.68435,0.0372995,1.54476,1.0564,0,0.881958,0.0421773,0,0,0,-33.6089
"MtrElec",6,29,15,"",-22.0432,0,0,0,0.0264844,0,0.0330909,0,0,0.756867,0,0,0,0.329685,3.79985,0.0372995,1.53485,0,0.372513,0.336868,0.0448134,0,0,0,-29.3155
"MtrElec",6,29,16,"",-15.6801,0,0,0,0.0264844,0,0.0330909,0,0,0.756867,0,0,0,0.408182,3.89305,0.0406904,1.56393,0,0.142283,0.545039,0.0685382,0,0,0,-23.1583
"MtrElec",6,29,17,"",-12.1966,0.00947669,0,0,0.0264844,0,0.0330909,0.00242027,0,0.756867,0,0,0,0.486678,4.34843,0.0644265,1.66611,0,0.230208,0,0.151575,0,0,0,-19.9723
"MtrElec",6,29,18,"",6.64445,7.8193,0,0,0.0264844,0,0.0330909,2.09727,0,0.756867,0,0,0,0.690769,4.95313,0.125462,1.82483,0,0,0,0.254382,0,0,0,-11.9371
"MtrElec",6,29,19,"",13.874,5.15844,0,0,0.0264844,0,0.0330909,1.43753,0,0.756867,0,0,0,1.31874,5.38343,0.166152,1.92045,1.71125,0,0,0.237247,0,0,0,-4.27572
"MtrElec",6,29,20,"",15.2493,3.8185,0,0,0,0,0.0330909,1.07301,0,0.756867,0,0,0,1.83682,5.68059,0.220406,1.87329,0.762762,0,0,0.129168,0,0,0,-0.935203
"MtrElec",6,29,21,"",14.015,2.60073,0,0,0,0,0.0330909,0.737038,0,0.756867,0,0,0,1.77402,5.93234,0.308569,1.81695,0,0,0,0.0553577,0,0,0,0
"MtrElec",6,29,22,"",14.2032,1.31933,0,0,0,0,0.0330909,0.3733,0,0.756867,0,0,0,1.50713,5.91887,0.356041,1.76091,1.26921,0,0.882062,0.0263608,0,0,0,0
"MtrElec",6,29,23,"",10.6216,0,0,0,0,0,0.0330909,0,0,0.756867,0,0,0,0.989055,5.2731,0.308569,1.66617,1.20634,0.372557,0,0.0158165,0,0,0,0
"MtrElec",6,29,24,"",8.30842,0.44799,0,0,0,0,0.0330909,0.125404,0,0.756867,0,0,0,0.612272,4.51014,0.213625,1.59585,0,0,0,0.0131804,0,0,0,0
"MtrElec",6,30,1,"",6.81778,0.277137,0,0,0,0,0.0330909,0.0778429,0,0.756867,0,0,0,0.361084,3.61319,0.15598,1.536,0,0,0,0.00659021,0,0,0,0
"MtrElec",6,30,2,"",6.01919,0.0200283,0,0,0,0,0.0330909,0.00562725,0,0.756867,0,0,0,0.298287,3.26893,0.15598,1.47511,0,0,0,0.00527217,0,0,0,0
"MtrElec",6,30,3,"",5.75855,0,0,0,0,0,0.0330909,0,0,0.756867,0,0,0,0.235489,3.13685,0.15598,1.435,0,0,0,0.00527217,0,0,0,0
"MtrElec",6,30,4,"",5.74359,0,0,0,0,0,0.0330909,0,0,0.756867,0,0,0,0.266888,3.11415,0.15598,1.41134,0,0,0,0.00527217,0,0,0,0
"MtrElec",6,30,5,"",5.65281,0,0,0,0,0,0.0330909,0,0,0.756867,0,0,0,0.329685,2.97554,0.15598,1.39637,0,0,0,0.00527217,0,0,0,0
"MtrElec",6,30,6,"",6.09214,0,0,0,0,0,0.0330909,0,0,0.756867,0,0,0,0.486678,3.19534,0.125462,1.47624,0,0,0,0.0184526,0,0,0,0
"MtrElec",6,30,7,"",5.45412,0,0,0,0,0,0.0330909,0,0,0.756867,0,0,0,0.65937,3.62188,0.11868,1.5759,0,0,0,0.0250428,0,0,0,-1.33671
"MtrElec",6,30,8,"",2.23693,0,0,0,0.0264844,0,0.0330909,0,0,0.756867,0,0,0,0.643671,3.92033,0.115289,1.66139,0,0,0.881945,0.032951,0,0,0,-5.83509
"MtrElec",6,30,9,"",-3.7935,0,0,0,0.0264844,0,0.0330909,0,0,0.756867,0,0,0,0.533776,3.71731,0.111899,1.63768,1.26088,0.372507,1.16908,0.0342691,0,0,0,-13.4474
"MtrElec",6,30,10,"",-10.981,0,0,0,0.0264844,0,0.0330909,0,0,0.756867,0,0,0,0.455279,3.55098,0.0949443,1.58389,1.21459,0.493786,1.47712,0.0289969,0,0,0,-20.697
"MtrElec",6,30,11,"",-17.2857,0,0,0,0.0264844,0,0.0330909,0,0,0.756867,0,0,0,0.423881,3.58152,0.074599,1.56089,0,0.623892,1.76419,0.0276789,0,0,0,-26.1588
"MtrElec",6,30,12,"",-22.6851,0,0,0,0.0264844,0,0.0330909,0,0,0.756867,0,0,0,0.392482,3.58152,0.050863,1.58199,0,0.745142,0,0.0382232,0,0,0,-29.8918
"MtrElec",6,30,13,"",-24.3458,0,0,0,0.0264844,0,0.0330909,0,0,0.756867,0,0,0,0.329685,3.60969,0.0406904,1.5971,0,0,1.29453,0.0461315,0,0,0,-32.08
"MtrElec",6,30,14,"",-6.29657,0,0,0,0.0264844,0,0.0330909,0,0,0.756867,0,0,0,0.329685,3.68435,0.0372995,1.59053,0,0.546772,0.469537,0.0421773,0,0,0,-13.8134
"MtrElec",6,30,15,"",-9.52457,0,0,0,0.0264844,0,0.0330909,0,0,0.756867,0,0,0,0.329685,3.79985,0.0372995,1.57074,0,0.198319,0,0.0448134,0,0,0,-16.3217
"MtrElec",6,30,16,"",-13.2747,0.159459,0,0,0.0264844,0,0.0330909,0.0391536,0,0.756867,0,0,0,0.408182,3.89305,0.0406904,1.5957,1.26327,0,0,0.0685382,0,0,0,-21.5592
"MtrElec",6,30,17,"",1.05739,8.77882,0,0,0.0264844,0,0.0330909,2.24085,0,0.756867,0,0,0,0.486678,4.34843,0.0644265,1.69901,1.21212,0,0,0.151575,0,0,0,-18.741
"MtrElec",6,30,18,"",13.687,12.6929,0,0,0.0264844,0,0.0330909,3.28954,0,0.756867,0,0,0,0.690769,4.95313,0.125462,1.85163,0,0,0.463257,0.254382,0,0,0,-11.4505
"MtrElec",6,30,19,"",21.4102,11.787,0,0,0.0264844,0,0.0330909,3.12386,0,0.756867,0,0,0,1.31874,5.38343,0.166152,1.93989,0,0.195666,1.09662,0.237247,0,0,0,-4.65484
"MtrElec",6,30,20,"",23.0274,10.1602,0,0,0,0,0.0330909,2.79299,0,0.756867,0,0,0,1.83682,5.68059,0.220406,1.88583,0,0.46318,0.204201,0.129168,0,0,0,-1.13586
"MtrElec",6,30,21,"",17.8533,5.51873,0,0,0,0,0.0330909,1.56291,0,0.756867,0,0,0,1.77402,5.93234,0.308569,1.82521,0,0.0862486,0,0.0553577,0,0,0,0
"MtrElec",6,30,22,"",15.1944,3.63031,0,0,0,0,0.0330909,1.03567,0,0.756867,0,0,0,1.50713,5.91887,0.356041,1.76826,0,0,0.161806,0.0263608,0,0,0,0
"MtrElec",6,30,23,"",12.6204,2.39004,0,0,0,0,0.0330909,0.684866,0,0.756867,0,0,0,0.989055,5.2731,0.308569,1.67507,0,0.0683418,0.425533,0.0158165,0,0,0,0
"MtrElec",6,30,24,"",10.2016,1.53432,0,0,0,0,0.0330909,0.440665,0,0.756867,0,0,0,0.612272,4.51014,0.213625,1.61282,0,0.179732,0.294889,0.0131804,0,0,0,0
"MtrElec",7,1,1,"",7.94382,0.912471,0,0,0,0,0.0330909,0.262722,0,0.756867,0,0,0,0.370111,3.76713,0.159879,1.55,0,0.124552,0,0.00699901,0,0,0,0
"MtrElec",7,1,2,"",6.79783,0.496362,0,0,0,0,0.0330909,0.143194,0,0.756867,0,0,0,0.305744,3.41156,0.159879,1.48554,0,0,0,0.00559921,0,0,0,0
"MtrElec",7,1,3,"",6.12708,0.163352,0,0,0,0,0.0330909,0.0472082,0,0.756867,0,0,0,0.241377,3.27529,0.159879,1.44442,0,0,0,0.00559921,0,0,0,0
"MtrElec",7,1,4,"",5.90096,0,0,0,0,0,0.0330909,0,0,0.756867,0,0,0,0.27356,3.25185,0.159879,1.4201,0,0,0,0.00559921,0,0,0,0
"MtrElec",7,1,5,"",5.8086,0,0,0,0,0,0.0330909,0,0,0.756867,0,0,0,0.337927,3.1092,0.159879,1.40604,0,0,0,0.00559921,0,0,0,0
"MtrElec",7,1,6,"",6.25899,0,0,0,0,0,0.0330909,0,0,0.756867,0,0,0,0.498845,3.33492,0.128599,1.48707,0,0,0,0.0195972,0,0,0,0
"MtrElec",7,1,7,"",6.99829,0,0,0,0,0,0.0330909,0,0,0.756867,0,0,0,0.675855,3.7736,0.121647,1.58671,0,0,0.882236,0.0265962,0,0,0,-0.858315
"MtrElec",7,1,8,"",2.0134,0,0,0,0,0,0.0330909,0,0,0.756867,0,0,0,0.659763,4.08254,0.118172,1.67093,0,0.37263,0,0.0349951,0,0,0,-5.71559
"MtrElec",7,1,9,"",-5.39516,0,0,0,0.0264844,0,0.0330909,0,0,0.756867,0,0,0,0.54712,3.87561,0.114696,1.64646,1.26088,0,0.881806,0.0363949,0,0,0,-14.5746
"MtrElec",7,1,10,"",-14.296,0,0,0,0.0264844,0,0.0330909,0,0,0.756867,0,0,0,0.466661,3.70714,0.0973179,1.58631,1.21459,0.372449,0,0.0307957,0,0,0,-22.5877
"MtrElec",7,1,11,"",-22.0991,0,0,0,0.0264844,0,0.0330909,0,0,0.756867,0,0,0,0.434478,3.73898,0.076464,1.55515,0,0,0,0.0293958,0,0,0,-28.75
"MtrElec",7,1,12,"",-25.8476,0,0,0,0.0264844,0,0.0330909,0,0,0.756867,0,0,0,0.402294,3.73898,0.0521346,1.57111,0,0,0.882056,0.0405943,0,0,0,-33.3512
"MtrElec",7,1,13,"",-27.7576,0,0,0,0.0264844,0,0.0330909,0,0,0.756867,0,0,0,0.337927,3.76875,0.0417077,1.58662,0,0.372554,0.698484,0.0489931,0,0,0,-35.429
"MtrElec",7,1,14,"",-27.0639,0,0,0,0.0264844,0,0.0330909,0,0,0.756867,0,0,0,0.337927,3.84544,0.038232,1.57802,0,0.295019,1.06584,0.0447937,0,0,0,-35.0856
"MtrElec",7,1,15,"",-25.1201,0,0,0,0.0264844,0,0.0330909,0,0,0.756867,0,0,0,0.337927,3.9649,0.038232,1.56205,0,0.450178,0.43918,0.0475933,0,0,0,-32.7766
"MtrElec",7,1,16,"",-20.3876,0.0261591,0,0,0.0264844,0,0.0330909,0.00671375,0,0.756867,0,0,0,0.418386,4.06069,0.0417077,1.59478,0,0.185496,0.442728,0.0727897,0,0,0,-28.0535
"MtrElec",7,1,17,"",-3.71897,7.54849,0,0,0.0264844,0,0.0330909,2.00098,0,0.756867,0,0,0,0.498845,4.52943,0.0660371,1.7052,0,0.186995,0,0.160977,0,0,0,-21.2324
"MtrElec",7,1,18,"",11.4869,11.7085,0,0,0.0264844,0,0.0330909,3.16693,0,0.756867,0,0,0,0.708038,5.15152,0.128599,1.85083,0,0,0.463257,0.270162,0,0,0,-12.7775
"MtrElec",7,1,19,"",21.5117,10.9835,0,0,0.0264844,0,0.0330909,3.01686,0,0.756867,0,0,0,1.35171,5.59476,0.170306,1.93652,0,0.195666,1.30095,0.251964,0,0,0,-4.10701
"MtrElec",7,1,20,"",23.5364,9.99895,0,0,0,0,0.0330909,2.77363,0,0.756867,0,0,0,1.88274,5.90167,0.225916,1.88304,0,0.549482,0,0.137181,0,0,0,-0.606198
"MtrElec",7,1,21,"",19.0368,5.8712,0,0,0,0,0.0330909,1.65462,0,0.756867,0,0,0,1.81837,6.16172,0.316283,1.82372,0.54211,0,0,0.0587917,0,0,0,0
"MtrElec",7,1,22,"",19.8431,4.50374,0,0,0,0,0.0330909,1.30766,0,0.756867,0,0,0,1.54481,6.14919,0.364942,1.76826,2.08667,0,1.29989,0.027996,0,0,0,0
"MtrElec",7,1,23,"",16.661,3.11136,0,0,0,0,0.0330909,0.920918,0,0.756867,0,0,0,1.01378,5.48233,0.316283,1.67507,2.32118,0.549035,0.464252,0.0167976,0,0,0,0
"MtrElec",7,1,24,"",10.1044,1.50254,0,0,0,0,0.0330909,0.445694,0,0.756867,0,0,0,0.627579,4.69649,0.218965,1.61313,0,0.196086,0,0.013998,0,0,0,0
"MtrElec",7,2,1,"",7.58038,0.721549,0,0,0,0,0.0330909,0.214892,0,0.756867,0,0,0,0.370111,3.76713,0.159879,1.54986,0,0,0,0.00699901,0,0,0,0
"MtrElec",7,2,2,"",6.54465,0.29805,0,0,0,0,0.0330909,0.0890177,0,0.756867,0,0,0,0.305744,3.41156,0.159879,1.48485,0,0,0,0.00559921,0,0,0,0
"MtrElec",7,2,3,"",5.93225,0.0126671,0,0,0,0,0.0330909,0.00378935,0,0.756867,0,0,0,0.241377,3.27529,0.159879,1.44369,0,0,0,0.00559921,0,0,0,0
"MtrElec",7,2,4,"",5.89997,0,0,0,0,0,0.0330909,0,0,0.756867,0,0,0,0.27356,3.25185,0.159879,1.41912,0,0,0,0.00559921,0,0,0,0
"MtrElec",7,2,5,"",5.80637,0,0,0,0,0,0.0330909,0,0,0.756867,0,0,0,0.337927,3.1092,0.159879,1.40381,0,0,0,0.00559921,0,0,0,0
"MtrElec",7,2,6,"",6.25484,0,0,0,0,0,0.0330909,0,0,0.756867,0,0,0,0.498845,3.33492,0.128599,1.48292,0,0,0,0.0195972,0,0,0,0
"MtrElec",7,2,7,"",5.94624,0,0,0,0,0,0.0330909,0,0,0.756867,0,0,0,0.675855,3.7736,0.121647,1.58029,0,0,0,0.0265962,0,0,0,-1.02171
"MtrElec",7,2,8,"",1.69719,0,0,0,0,0,0.0330909,0,0,0.756867,0,0,0,0.659763,4.08254,0.118172,1.66327,0,0,0,0.0349951,0,0,0,-5.65152
"MtrElec",7,2,9,"",-7.03861,0,0,0,0.0264844,0,0.0330909,0,0,0.756867,0,0,0,0.54712,3.87561,0.114696,1.63705,0,0,0,0.0363949,0,0,0,-14.0659
"MtrElec",7,2,10,"",-15.3949,0,0,0,0.0264844,0,0.0330909,0,0,0.756867,0,0,0,0.466661,3.70714,0.0973179,1.57907,0,0,0,0.0307957,0,0,0,-22.0924
"MtrElec",7,2,11,"",-21.1242,0,0,0,0.0264844,0,0.0330909,0,0,0.756867,0,0,0,0.434478,3.73898,0.076464,1.55098,0,0,0.882206,0.0293958,0,0,0,-28.6532
"MtrElec",7,2,12,"",-25.2762,0,0,0,0.0264844,0,0.0330909,0,0,0.756867,0,0,0,0.402294,3.73898,0.0521346,1.56425,0,0.372617,0.882056,0.0405943,0,0,0,-33.1456
"MtrElec",7,2,13,"",-27.4233,0,0,0,0.0264844,0,0.0330909,0,0,0.756867,0,0,0,0.337927,3.76875,0.0417077,1.57504,0,0.372554,0.882024,0.0489931,0,0,0,-35.2668
"MtrElec",7,2,14,"",-28.0201,0,0,0,0.0264844,0,0.0330909,0,0,0.756867,0,0,0,0.337927,3.84544,0.038232,1.55945,0,0.372541,0,0.0447937,0,0,0,-35.0349
"MtrElec",7,2,15,"",-26.055,0,0,0,0.0264844,0,0.0330909,0,0,0.756867,0,0,0,0.337927,3.9649,0.038232,1.54378,0,0,0,0.0475933,0,0,0,-32.8039
"MtrElec",7,2,16,"",-21.1693,0,0,0,0.0264844,0,0.0330909,0,0,0.756867,0,0,0,0.418386,4.06069,0.0417077,1.57224,0,0,0,0.0727897,0,0,0,-28.1516
"MtrElec",7,2,17,"",-13.6132,0,0,0,0.0264844,0,0.0330909,0,0,0.756867,0,0,0,0.498845,4.52943,0.0660371,1.6713,0,0,0,0.160977,0,0,0,-21.3563
"MtrElec",7,2,18,"",6.1414,7.945,0,0,0.0264844,0,0.0330909,2.20935,0,0.756867,0,0,0,0.708038,5.15152,0.128599,1.82693,0,0,0,0.270162,0,0,0,-12.9146
"MtrElec",7,2,19,"",12.7208,5.33571,0,0,0.0264844,0,0.0330909,1.53144,0,0.756867,0,0,0,1.35171,5.59476,0.170306,1.92446,0,0,0,0.251964,0,0,0,-4.25596
"MtrElec",7,2,20,"",15.296,3.986,0,0,0,0,0.0330909,1.1632,0,0.756867,0,0,0,1.88274,5.90167,0.225916,1.87758,0,0,0,0.137181,0,0,0,-0.668224
"MtrElec",7,2,21,"",11.3849,0.32301,0,0,0,0,0.0330909,0.0943991,0,0.756867,0,0,0,1.81837,6.16172,0.316283,1.8224,0,0,0,0.0587917,0,0,0,0
"MtrElec",7,2,22,"",11.9065,0,0,0,0,0,0.0330909,0,0,0.756867,0,0,0,1.54481,6.14919,0.364942,1.76038,1.26921,0,0,0.027996,0,0,0,0
"MtrElec",7,2,23,"",10.4808,0,0,0,0,0,0.0330909,0,0,0.756867,0,0,0,1.01378,5.48233,0.316283,1.65532,1.20634,0,0,0.0167976,0,0,0,0
"MtrElec",7,2,24,"",7.92248,0,0,0,0,0,0.0330909,0,0,0.756867,0,0,0,0.627579,4.69649,0.218965,1.57549,0,0,0,0.013998,0,0,0,0
"MtrElec",7,3,1,"",6.64727,0,0,0,0,0,0.0330909,0,0,0.756867,0,0,0,0.370111,3.78009,0.159879,1.54023,0,0,0,0.00699901,0,0,0,0
"MtrElec",7,3,2,"",6.18939,0,0,0,0,0,0.0330909,0,0,0.756867,0,0,0,0.305744,3.46068,0.159879,1.46753,0,0,0,0.00559921,0,0,0,0
"MtrElec",7,3,3,"",5.90011,0,0,0,0,0,0.0330909,0,0,0.756867,0,0,0,0.241377,3.26458,0.156404,1.44359,0,0,0,0.00419941,0,0,0,0
"MtrElec",7,3,4,"",5.8902,0,0,0,0,0,0.0330909,0,0,0.756867,0,0,0,0.27356,3.25412,0.156404,1.41197,0,0,0,0.00419941,0,0,0,0
"MtrElec",7,3,5,"",5.78269,0,0,0,0,0,0.0330909,0,0,0.756867,0,0,0,0.337927,3.09849,0.159879,1.39223,0,0,0,0.00419941,0,0,0,0
"MtrElec",7,3,6,"",6.16859,0,0,0,0,0,0.0330909,0,0,0.756867,0,0,0,0.498845,3.32422,0.156404,1.39216,0,0,0,0.00699901,0,0,0,0
"MtrElec",7,3,7,"",5.77343,0,0,0,0,0,0.0330909,0,0,0.756867,0,0,0,0.675855,3.69058,0.152928,1.44813,0,0,0,0.013998,0,0,0,-0.998017
"MtrElec",7,3,8,"",1.46059,0,0,0,0,0,0.0330909,0,0,0.756867,0,0,0,0.659763,3.98656,0.142501,1.54201,0,0,0,0.0377947,0,0,0,-5.698
"MtrElec",7,3,9,"",-5.0067,0,0,0,0.0264844,0,0.0330909,0,0,0.756867,0,0,0,0.54712,3.85241,0.125123,1.65545,0,0,2.36733,0.0671905,0,0,0,-14.4378
"MtrElec",7,3,10,"",-14.2308,0,0,0,0.0264844,0,0.0330909,0,0,0.756867,0,0,0,0.466661,3.79063,0.104269,1.67381,0,0.999888,0.279368,0.0671905,0,0,0,-22.429
"MtrElec",7,3,11,"",-21.5961,0,0,0,0.0264844,0,0.0330909,0,0,0.756867,0,0,0,0.434478,3.84591,0.0834153,1.64271,0,0.117997,0,0.0643909,0,0,0,-28.6014
"MtrElec",7,3,12,"",-25.8697,0,0,0,0.0264844,0,0.0330909,0,0,0.756867,0,0,0,0.402294,3.77538,0.0556102,1.67906,0,0,0,0.0769891,0,0,0,-32.6754
"MtrElec",7,3,13,"",-27.7249,0,0,0,0.0264844,0,0.0330909,0,0,0.756867,0,0,0,0.337927,3.75829,0.0417077,1.71552,0,0,0,0.0881875,0,0,0,-34.4829
"MtrElec",7,3,14,"",-26.9101,0,0,0,0.0264844,0,0.0330909,0,0,0.756867,0,0,0,0.337927,3.87113,0.038232,1.73506,0,0,0.503786,0.0825883,0,0,0,-34.2953
"MtrElec",7,3,15,"",-24.4857,0,0,0,0.0264844,0,0.0330909,0,0,0.756867,0,0,0,0.337927,4.04792,0.038232,1.72092,0,0.212784,0.378652,0.0867877,0,0,0,-32.1254
"MtrElec",7,3,16,"",-20.3679,0,0,0,0.0264844,0,0.0330909,0,0,0.756867,0,0,0,0.418386,4.25041,0.0417077,1.71194,0,0.159931,0,0.0951866,0,0,0,-27.8619
"MtrElec",7,3,17,"",-13.1838,0,0,0,0.0264844,0,0.0330909,0,0,0.756867,0,0,0,0.498845,4.70618,0.0660371,1.73934,0,0,0,0.127382,0,0,0,-21.138
"MtrElec",7,3,18,"",6.57422,5.46316,0,0,0.0264844,0,0.0330909,1.56452,0,0.756867,0,0,0,0.708038,5.22182,0.132074,1.80971,2.47528,0,0.882029,0.194573,0,0,0,-12.6934
"MtrElec",7,3,19,"",13.5531,3.84017,0,0,0.0264844,0,0.0330909,1.12286,0,0.756867,0,0,0,1.35171,5.58203,0.166831,1.87097,2.4749,0.372543,0,0.180574,0,0,0,-4.22592
"MtrElec",7,3,20,"",12.1395,1.7711,0,0,0,0,0.0330909,0.525441,0,0.756867,0,0,0,1.88274,5.80569,0.208538,1.85621,0,0,0,0.100786,0,0,0,-0.800953
"MtrElec",7,3,21,"",10.791,0,0,0,0,0,0.0330909,0,0,0.756867,0,0,0,1.81837,6.01887,0.288478,1.83055,0,0,0,0.0447937,0,0,0,0
"MtrElec",7,3,22,"",10.4381,0,0,0,0,0,0.0330909,0,0,0.756867,0,0,0,1.54481,5.99337,0.340613,1.74973,0,0,0,0.0195972,0,0,0,0
"MtrElec",7,3,23,"",9.18219,0,0,0,0,0,0.0330909,0,0,0.756867,0,0,0,1.01378,5.39907,0.295429,1.67135,0,0,0,0.0125982,0,0,0,0
"MtrElec",7,3,24,"",7.83104,0,0,0,0,0,0.0330909,0,0,0.756867,0,0,0,0.627579,4.59528,0.205063,1.60617,0,0,0,0.00699901,0,0,0,0
"MtrElec",7,4,1,"",6.64415,0,0,0,0,0,0.0330909,0,0,0.756867,0,0,0,0.370111,3.78009,0.159879,1.53711,0,0,0,0.00699901,0,0,0,0
"MtrElec",7,4,2,"",6.18525,0,0,0,0,0,0.0330909,0,0,0.756867,0,0,0,0.305744,3.46068,0.159879,1.46338,0,0,0,0.00559921,0,0,0,0
"MtrElec",7,4,3,"",5.89534,0,0,0,0,0,0.0330909,0,0,0.756867,0,0,0,0.241377,3.26458,0.156404,1.43882,0,0,0,0.00419941,0,0,0,0
"MtrElec",7,4,4,"",5.88497,0,0,0,0,0,0.0330909,0,0,0.756867,0,0,0,0.27356,3.25412,0.156404,1.40673,0,0,0,0.00419941,0,0,0,0
"MtrElec",7,4,5,"",5.77628,0,0,0,0,0,0.0330909,0,0,0.756867,0,0,0,0.337927,3.09849,0.159879,1.38582,0,0,0,0.00419941,0,0,0,0
"MtrElec",7,4,6,"",6.16161,0,0,0,0,0,0.0330909,0,0,0.756867,0,0,0,0.498845,3.32422,0.156404,1.38518,0,0,0,0.00699901,0,0,0,0
"MtrElec",7,4,7,"",6.10138,0,0,0,0,0,0.0330909,0,0,0.756867,0,0,0,0.675855,3.69058,0.152928,1.43903,0,0,0.503799,0.013998,0,0,0,-1.16476
"MtrElec",7,4,8,"",2.62364,0,0,0,0,0,0.0330909,0,0,0.756867,0,0,0,0.659763,3.98656,0.142501,1.53217,0,0.21279,0.768643,0.0377947,0,0,0,-5.50653
"MtrElec",7,4,9,"",-5.84863,0,0,0,0.0264844,0,0.0330909,0,0,0.756867,0,0,0,0.54712,3.85241,0.125123,1.64795,0,0.324652,0.491988,0.0671905,0,0,0,-13.7215
"MtrElec",7,4,10,"",-13.0166,0,0,0,0.0264844,0,0.0330909,0,0,0.756867,0,0,0,0.466661,3.79063,0.104269,1.66121,0,0.207801,1.24656,0.0671905,0,0,0,-21.3774
"MtrElec",7,4,11,"",-18.6883,0,0,0,0.0264844,0,0.0330909,0,0,0.756867,0,0,0,0.434478,3.84591,0.0834153,1.63008,0,0.526511,1.18823,0.0643909,0,0,0,-27.2778
"MtrElec",7,4,12,"",-22.2232,0,0,0,0.0264844,0,0.0330909,0,0,0.756867,0,0,0,0.402294,3.77538,0.0556102,1.67067,0,0.501874,1.8041,0.0769891,0,0,0,-31.3266
"MtrElec",7,4,13,"",-23.3248,0,0,0,0.0264844,0,0.0330909,0,0,0.756867,0,0,0,0.337927,3.75829,0.0417077,1.71104,1.21676,0.761999,1.05339,0.0881875,0,0,0,-33.1105
"MtrElec",7,4,14,"",-24.3254,0,0,0,0.0264844,0,0.0330909,0,0,0.756867,0,0,0,0.337927,3.87113,0.038232,1.73264,1.25715,0.444919,0,0.0825883,0,0,0,-32.9065
"MtrElec",7,4,15,"",-23.1777,0,0,0,0.0264844,0,0.0330909,0,0,0.756867,0,0,0,0.337927,4.04792,0.038232,1.72348,0,0,0.504077,0.0867877,0,0,0,-30.7325
"MtrElec",7,4,16,"",-17.3571,0,0,0,0.0264844,0,0.0330909,0,0,0.756867,0,0,0,0.418386,4.25041,0.0417077,1.71604,0,0.212907,1.27796,0.0951866,0,0,0,-26.1861
"MtrElec",7,4,17,"",-4.60426,4.22208,0,0,0.0264844,0,0.0330909,1.09812,0,0.756867,0,0,0,0.498845,4.70618,0.0660371,1.75512,0,0.539774,1.34739,0.127382,0,0,0,-19.7816
"MtrElec",7,4,18,"",9.29929,8.15467,0,0,0.0264844,0,0.0330909,2.24085,0,0.756867,0,0,0,0.708038,5.22182,0.132074,1.82855,0,0.569097,1.28077,0.194573,0,0,0,-11.8476
"MtrElec",7,4,19,"",15.3858,7.04293,0,0,0.0264844,0,0.0330909,2.00479,0,0.756867,0,0,0,1.35171,5.58203,0.166831,1.88042,0,0.540961,0,0.180574,0,0,0,-4.18092
"MtrElec",7,4,20,"",20.3155,5.06085,0,0,0,0,0.0330909,1.45904,0,0.756867,0,0,0,1.88274,5.80569,0.208538,1.85873,3.71589,0,0.361887,0.100786,0,0,0,-0.928601
"MtrElec",7,4,21,"",15.8978,2.46804,0,0,0,0,0.0330909,0.72953,0,0.756867,0,0,0,1.81837,6.01887,0.288478,1.8343,1.23252,0.15285,0.520064,0.0447937,0,0,0,0
"MtrElec",7,4,22,"",11.5518,0,0,0,0,0,0.0330909,0,0,0.756867,0,0,0,1.54481,5.99337,0.340613,1.76177,0,0.219659,0.881966,0.0195972,0,0,0,0
"MtrElec",7,4,23,"",9.56742,0,0,0,0,0,0.0330909,0,0,0.756867,0,0,0,1.01378,5.39907,0.295429,1.68406,0,0.372516,0,0.0125982,0,0,0,0
"MtrElec",7,4,24,"",7.83719,0,0,0,0,0,0.0330909,0,0,0.756867,0,0,0,0.627579,4.59528,0.205063,1.61232,0,0,0,0.00699901,0,0,0,0
"MtrElec",7,5,1,"",6.653,0,0,0,0,0,0.0330909,0,0,0.756867,0,0,0,0.370111,3.78009,0.159879,1.54596,0,0,0,0.00699901,0,0,0,0
"MtrElec",7,5,2,"",6.19429,0,0,0,0,0,0.0330909,0,0,0.756867,0,0,0,0.305744,3.46068,0.159879,1.47243,0,0,0,0.00559921,0,0,0,0
"MtrElec",7,5,3,"",5.90497,0,0,0,0,0,0.0330909,0,0,0.756867,0,0,0,0.241377,3.26458,0.156404,1.44845,0,0,0,0.00419941,0,0,0,0
"MtrElec",7,5,4,"",5.89517,0,0,0,0,0,0.0330909,0,0,0.756867,0,0,0,0.27356,3.25412,0.156404,1.41694,0,0,0,0.00419941,0,0,0,0
"MtrElec",7,5,5,"",5.78852,0,0,0,0,0,0.0330909,0,0,0.756867,0,0,0,0.337927,3.09849,0.159879,1.39807,0,0,0,0.00419941,0,0,0,0
"MtrElec",7,5,6,"",6.17487,0,0,0,0,0,0.0330909,0,0,0.756867,0,0,0,0.498845,3.32422,0.156404,1.39845,0,0,0,0.00699901,0,0,0,0
"MtrElec",7,5,7,"",5.64257,0,0,0,0,0,0.0330909,0,0,0.756867,0,0,0,0.675855,3.69058,0.152928,1.45326,0,0,0,0.013998,0,0,0,-1.13401
"MtrElec",7,5,8,"",1.70285,0,0,0,0,0,0.0330909,0,0,0.756867,0,0,0,0.659763,3.98656,0.142501,1.54508,0,0,0,0.0377947,0,0,0,-5.45881
"MtrElec",7,5,9,"",-6.11306,0,0,0,0.0264844,0,0.0330909,0,0,0.756867,0,0,0,0.54712,3.85241,0.125123,1.65726,0,0,0,0.0671905,0,0,0,-13.1786
"MtrElec",7,5,10,"",-13.497,0,0,0,0.0264844,0,0.0330909,0,0,0.756867,0,0,0,0.466661,3.79063,0.104269,1.67838,0,0,0,0.0671905,0,0,0,-20.4206
"MtrElec",7,5,11,"",-18.3466,0,0,0,0.0264844,0,0.0330909,0,0,0.756867,0,0,0,0.434478,3.84591,0.0834153,1.64984,0.853184,0,0.426691,0.0643909,0,0,0,-26.521
"MtrElec",7,5,12,"",-20.5388,0,0,0,0.0264844,0,0.0330909,0,0,0.756867,0,0,0,0.402294,3.77538,0.0556102,1.69079,2.78123,0.180221,0.455059,0.0769891,0,0,0,-30.7728
"MtrElec",7,5,13,"",-24.3888,0,0,0,0.0264844,0,0.0330909,0,0,0.756867,0,0,0,0.337927,3.75829,0.0417077,1.73182,1.31657,0.192203,0,0.0881875,0,0,0,-32.672
"MtrElec",7,5,14,"",-25.6623,0,0,0,0.0264844,0,0.0330909,0,0,0.756867,0,0,0,0.337927,3.87113,0.038232,1.75322,0,0,0,0.0825883,0,0,0,-32.5619
"MtrElec",7,5,15,"",-23.5047,0,0,0,0.0264844,0,0.0330909,0,0,0.756867,0,0,0,0.337927,4.04792,0.038232,1.73991,0,0,0,0.0867877,0,0,0,-30.5719
"MtrElec",7,5,16,"",-18.8525,0,0,0,0.0264844,0,0.0330909,0,0,0.756867,0,0,0,0.418386,4.25041,0.0417077,1.7284,0,0,0,0.0951866,0,0,0,-26.203
"MtrElec",7,5,17,"",-3.05573,6.96549,0,0,0.0264844,0,0.0330909,1.814,0,0.756867,0,0,0,0.498845,4.70618,0.0660371,1.77219,0,0,0,0.127382,0,0,0,-19.8223
"MtrElec",7,5,18,"",12.0326,11.1993,0,0,0.0264844,0,0.0330909,3.01544,0,0.756867,0,0,0,0.708038,5.22182,0.132074,1.83777,0,0,0.882206,0.194573,0,0,0,-11.9751
"MtrElec",7,5,19,"",19.823,10.2534,0,0,0.0264844,0,0.0330909,2.85347,0,0.756867,0,0,0,1.35171,5.58203,0.166831,1.88278,0,0.372617,0.408911,0.180574,0,0,0,-4.04575
"MtrElec",7,5,20,"",19.4479,6.9746,0,0,0,0,0.0330909,1.97459,0,0.756867,0,0,0,1.88274,5.80569,0.208538,1.85987,0,0.172712,0.473138,0.100786,0,0,0,-0.794728
"MtrElec",7,5,21,"",16.9344,4.62142,0,0,0,0,0.0330909,1.31832,0,0.756867,0,0,0,1.81837,6.01887,0.288478,1.8343,0,0.199839,0,0.0447937,0,0,0,0
"MtrElec",7,5,22,"",13.7858,2.58511,0,0,0,0,0.0330909,0.749492,0,0.756867,0,0,0,1.54481,5.99337,0.340613,1.76286,0,0,0,0.0195972,0,0,0,0
"MtrElec",7,5,23,"",9.20779,0,0,0,0,0,0.0330909,0,0,0.756867,0,0,0,1.01378,5.39907,0.295429,1.69695,0,0,0,0.0125982,0,0,0,0
"MtrElec",7,5,24,"",9.26289,1.10704,0,0,0,0,0.0330909,0.307315,0,0.756867,0,0,0,0.627579,4.59528,0.205063,1.62367,0,0,0,0.00699901,0,0,0,0
"MtrElec",7,6,1,"",7.61471,0.764279,0,0,0,0,0.0330909,0.213419,0,0.756867,0,0,0,0.370111,3.76713,0.159879,1.54294,0,0,0,0.00699901,0,0,0,0
"MtrElec",7,6,2,"",6.74031,0.458427,0,0,0,0,0.0330909,0.127527,0,0.756867,0,0,0,0.305744,3.41156,0.159879,1.48162,0,0,0,0.00559921,0,0,0,0
"MtrElec",7,6,3,"",6.21095,0.232554,0,0,0,0,0.0330909,0.0642851,0,0.756867,0,0,0,0.241377,3.27529,0.159879,1.44201,0,0,0,0.00559921,0,0,0,0
"MtrElec",7,6,4,"",5.97888,0.0620175,0,0,0,0,0.0330909,0.0170444,0,0.756867,0,0,0,0.27356,3.25185,0.159879,1.41897,0,0,0,0.00559921,0,0,0,0
"MtrElec",7,6,5,"",5.80873,0,0,0,0,0,0.0330909,0,0,0.756867,0,0,0,0.337927,3.1092,0.159879,1.40617,0,0,0,0.00559921,0,0,0,0
"MtrElec",7,6,6,"",6.26154,0,0,0,0,0,0.0330909,0,0,0.756867,0,0,0,0.498845,3.33492,0.128599,1.48962,0,0,0,0.0195972,0,0,0,0
"MtrElec",7,6,7,"",6.10031,0,0,0,0,0,0.0330909,0,0,0.756867,0,0,0,0.675855,3.7736,0.121647,1.59047,0,0,0,0.0265962,0,0,0,-0.877811
"MtrElec",7,6,8,"",3.00821,0,0,0,0,0,0.0330909,0,0,0.756867,0,0,0,0.659763,4.08254,0.118172,1.6733,0,0,0.881945,0.0349951,0,0,0,-5.23247
"MtrElec",7,6,9,"",-5.42733,0,0,0,0.0264844,0,0.0330909,0,0,0.756867,0,0,0,0.54712,3.87561,0.114696,1.64638,0,0.372507,0.4939,0.0363949,0,0,0,-13.3304
"MtrElec",7,6,10,"",-13.5783,0,0,0,0.0264844,0,0.0330909,0,0,0.756867,0,0,0,0.466661,3.70714,0.0973179,1.5853,0,0.208609,0.388234,0.0307957,0,0,0,-20.8788
"MtrElec",7,6,11,"",-19.0561,0,0,0,0.0264844,0,0.0330909,0,0,0.756867,0,0,0,0.434478,3.73898,0.076464,1.55219,0,0.163978,0.881985,0.0293958,0,0,0,-26.75
"MtrElec",7,6,12,"",-23.7635,0,0,0,0.0264844,0,0.0330909,0,0,0.756867,0,0,0,0.402294,3.73898,0.0521346,1.56796,0,0.372524,0,0.0405943,0,0,0,-30.7544
"MtrElec",7,6,13,"",-24.5657,0,0,0,0.0264844,0,0.0330909,0,0,0.756867,0,0,0,0.337927,3.76875,0.0417077,1.58443,1.41802,0,0.285975,0.0489931,0,0,0,-32.868
"MtrElec",7,6,14,"",-24.3589,0,0,0,0.0264844,0,0.0330909,0,0,0.756867,0,0,0,0.337927,3.84544,0.038232,1.57671,1.0564,0.120787,0.596301,0.0447937,0,0,0,-32.7919
"MtrElec",7,6,15,"",-23.5561,0,0,0,0.0264844,0,0.0330909,0,0,0.756867,0,0,0,0.337927,3.9649,0.038232,1.56167,0,0.25186,0,0.0475933,0,0,0,-30.5747
"MtrElec",7,6,16,"",-16.533,0,0,0,0.0264844,0,0.0330909,0,0,0.756867,0,0,0,0.418386,4.06069,0.0417077,1.59469,2.52655,0,0,0.0727897,0,0,0,-26.0643
"MtrElec",7,6,17,"",-0.435389,7.08412,0,0,0.0264844,0,0.0330909,1.87586,0,0.756867,0,0,0,0.498845,4.52943,0.0660371,1.70596,2.42423,0,0,0.160977,0,0,0,-19.5973
"MtrElec",7,6,18,"",13.349,12.8018,0,0,0.0264844,0,0.0330909,3.43305,0,0.756867,0,0,0,0.708038,5.15152,0.128599,1.85371,0,0,0,0.270162,0,0,0,-11.8144
"MtrElec",7,6,19,"",20.5909,11.35,0,0,0.0264844,0,0.0330909,3.08445,0,0.756867,0,0,0,1.35171,5.59476,0.170306,1.93778,0,0,0,0.251964,0,0,0,-3.96654
"MtrElec",7,6,20,"",22.1815,9.54895,0,0,0,0,0.0330909,2.62967,0,0.756867,0,0,0,1.88274,5.90167,0.225916,1.88235,0,0,0,0.137181,0,0,0,-0.816883
"MtrElec",7,6,21,"",19.0179,6.28962,0,0,0,0,0.0330909,1.75987,0,0.756867,0,0,0,1.81837,6.16172,0.316283,1.82325,0,0,0,0.0587917,0,0,0,0
"MtrElec",7,6,22,"",16.3088,4.40454,0,0,0,0,0.0330909,1.25914,0,0.756867,0,0,0,1.54481,6.14919,0.364942,1.76826,0,0,0,0.027996,0,0,0,0
"MtrElec",7,6,23,"",12.9947,2.86864,0,0,0,0,0.0330909,0.831831,0,0.756867,0,0,0,1.01378,5.48233,0.316283,1.67507,0,0,0,0.0167976,0,0,0,0
"MtrElec",7,6,24,"",10.3282,1.8352,0,0,0,0,0.0330909,0.532835,0,0.756867,0,0,0,0.627579,4.69649,0.218965,1.61315,0,0,0,0.013998,0,0,0,0
"MtrElec",7,7,1,"",8.39904,1.35943,0,0,0,0,0.0330909,0.393885,0,0.756867,0,0,0,0.370111,3.76713,0.159879,1.55166,0,0,0,0.00699901,0,0,0,0
"MtrElec",7,7,2,"",7.50644,1.04397,0,0,0,0,0.0330909,0.301424,0,0.756867,0,0,0,0.305744,3.41156,0.159879,1.48831,0,0,0,0.00559921,0,0,0,0
"MtrElec",7,7,3,"",6.93661,0.789085,0,0,0,0,0.0330909,0.226873,0,0.756867,0,0,0,0.241377,3.27529,0.159879,1.44855,0,0,0,0.00559921,0,0,0,0
"MtrElec",7,7,4,"",6.64556,0.574941,0,0,0,0,0.0330909,0.164595,0,0.756867,0,0,0,0.27356,3.25185,0.159879,1.42518,0,0,0,0.00559921,0,0,0,0
"MtrElec",7,7,5,"",6.28231,0.363425,0,0,0,0,0.0330909,0.103504,0,0.756867,0,0,0,0.337927,3.1092,0.159879,1.41282,0,0,0,0.00559921,0,0,0,0
"MtrElec",7,7,6,"",7.15107,0,0,0,0,0,0.0330909,0,0,0.756867,0,0,0,0.498845,3.33492,0.128599,1.49727,0,0,0.881881,0.0195972,0,0,0,0
"MtrElec",7,7,7,"",5.7305,0,0,0,0,0,0.0330909,0,0,0.756867,0,0,0,0.675855,3.7736,0.121647,1.59846,0,0.37248,0,0.0265962,0,0,0,-1.6281
"MtrElec",7,7,8,"",1.86418,0,0,0,0.0264844,0,0.0330909,0,0,0.756867,0,0,0,0.659763,4.08254,0.118172,1.68084,0,0,0.881945,0.0349951,0,0,0,-6.41052
"MtrElec",7,7,9,"",-3.39875,0,0,0,0.0264844,0,0.0330909,0,0,0.756867,0,0,0,0.54712,3.87561,0.114696,1.6554,0,0.372507,0,0.0363949,0,0,0,-10.8169
"MtrElec",7,7,10,"",-13.3526,0,0,0,0.0264844,0,0.0330909,0,0,0.756867,0,0,0,0.466661,3.70714,0.0973179,1.5958,0,0,0.882232,0.0307957,0,0,0,-20.949
"MtrElec",7,7,11,"",-16.9108,0,0,0,0.0264844,0,0.0330909,0,0,0.756867,0,0,0,0.434478,3.73898,0.076464,1.56485,0,0.372628,0.881985,0.0293958,0,0,0,-24.826
"MtrElec",7,7,12,"",-23.113,0,0,0,0.0264844,0,0.0330909,0,0,0.756867,0,0,0,0.402294,3.73898,0.0521346,1.58148,0,0.372524,0.257295,0.0405943,0,0,0,-30.3748
"MtrElec",7,7,13,"",-25.7702,0,0,0,0.0264844,0,0.0330909,0,0,0.756867,0,0,0,0.337927,3.76875,0.0417077,1.59245,0,0.108674,0.624927,0.0489931,0,0,0,-33.11
"MtrElec",7,7,14,"",-26.3758,0,0,0,0.0264844,0,0.0330909,0,0,0.756867,0,0,0,0.337927,3.84544,0.038232,1.58255,0,0.263951,0,0.0447937,0,0,0,-33.3052
"MtrElec",7,7,15,"",-24.1012,0,0,0,0.0264844,0,0.0330909,0,0,0.756867,0,0,0,0.337927,3.9649,0.038232,1.56514,0,0,0.336868,0.0475933,0,0,0,-31.2083
"MtrElec",7,7,16,"",-17.6125,0,0,0,0.0264844,0,0.0330909,0,0,0.756867,0,0,0,0.418386,4.06069,0.0417077,1.59371,1.26327,0.142283,0.545039,0.0727897,0,0,0,-26.5668
"MtrElec",7,7,17,"",-1.84526,7.04642,0,0,0.0264844,0,0.0330909,1.88083,0,0.756867,0,0,0,0.498845,4.52943,0.0660371,1.70347,1.21212,0.230208,0,0.160977,0,0,0,-19.99
"MtrElec",7,7,18,"",13.4494,12.9893,0,0,0.0264844,0,0.0330909,3.5382,0,0.756867,0,0,0,0.708038,5.15152,0.128599,1.85416,0,0,0,0.270162,0,0,0,-12.007
"MtrElec",7,7,19,"",20.4948,11.3107,0,0,0.0264844,0,0.0330909,3.14135,0,0.756867,0,0,0,1.35171,5.59476,0.170306,1.93819,0,0,0,0.251964,0,0,0,-4.08061
"MtrElec",7,7,20,"",22.5397,8.74518,0,0,0,0,0.0330909,2.45616,0,0.756867,0,0,0,1.88274,5.90167,0.225916,1.88126,1.35903,0,0,0.137181,0,0,0,-0.839356
"MtrElec",7,7,21,"",19.6528,5.89304,0,0,0,0,0.0330909,1.67529,0,0.756867,0,0,0,1.81837,6.16172,0.316283,1.82288,1.1165,0,0,0.0587917,0,0,0,0
"MtrElec",7,7,22,"",15.7252,3.81493,0,0,0,0,0.0330909,1.10333,0,0.756867,0,0,0,1.54481,6.14919,0.364942,1.76826,0,0,0.161806,0.027996,0,0,0,0
"MtrElec",7,7,23,"",12.8774,2.39096,0,0,0,0,0.0330909,0.698329,0,0.756867,0,0,0,1.01378,5.48233,0.316283,1.67507,0,0.0683418,0.425533,0.0167976,0,0,0,0
"MtrElec",7,7,24,"",10.2832,1.43094,0,0,0,0,0.0330909,0.417495,0,0.756867,0,0,0,0.627579,4.69649,0.218965,1.61315,0,0.179732,0.294889,0.013998,0,0,0,0
"MtrElec",7,8,1,"",8.01095,0.961612,0,0,0,0,0.0330909,0.279133,0,0.756867,0,0,0,0.370111,3.76713,0.159879,1.55158,0,0.124552,0,0.00699901,0,0,0,0
"MtrElec",7,8,2,"",6.98361,0.63873,0,0,0,0,0.0330909,0.184416,0,0.756867,0,0,0,0.305744,3.41156,0.159879,1.48773,0,0,0,0.00559921,0,0,0,0
"MtrElec",7,8,3,"",6.39226,0.367332,0,0,0,0,0.0330909,0.105556,0,0.756867,0,0,0,0.241377,3.27529,0.159879,1.44727,0,0,0,0.00559921,0,0,0,0
"MtrElec",7,8,4,"",6.09588,0.148948,0,0,0,0,0.0330909,0.0426234,0,0.756867,0,0,0,0.27356,3.25185,0.159879,1.42346,0,0,0,0.00559921,0,0,0,0
"MtrElec",7,8,5,"",5.81664,0.00266258,0,0,0,0,0.0330909,0.000759788,0,0.756867,0,0,0,0.337927,3.1092,0.159879,1.41065,0,0,0,0.00559921,0,0,0,0
"MtrElec",7,8,6,"",6.26633,0,0,0,0,0,0.0330909,0,0,0.756867,0,0,0,0.498845,3.33492,0.128599,1.49441,0,0,0,0.0195972,0,0,0,0
"MtrElec",7,8,7,"",5.84453,0,0,0,0,0,0.0330909,0,0,0.756867,0,0,0,0.675855,3.7736,0.121647,1.59499,0,0,0,0.0265962,0,0,0,-1.13812
"MtrElec",7,8,8,"",2.26433,0,0,0,0,0,0.0330909,0,0,0.756867,0,0,0,0.659763,4.08254,0.118172,1.67777,0,0,0,0.0349951,0,0,0,-5.09886
"MtrElec",7,8,9,"",-4.67881,0,0,0,0.0264844,0,0.0330909,0,0,0.756867,0,0,0,0.54712,3.87561,0.114696,1.65341,0,0,0.287278,0.0363949,0,0,0,-12.0098
"MtrElec",7,8,10,"",-12.9385,0,0,0,0.0264844,0,0.0330909,0,0,0.756867,0,0,0,0.466661,3.70714,0.0973179,1.5951,0.484958,0.121338,0.594891,0.0307957,0,0,0,-20.8532
"MtrElec",7,8,11,"",-17.742,0,0,0,0.0264844,0,0.0330909,0,0,0.756867,0,0,0,0.434478,3.73898,0.076464,1.56247,1.69357,0.251264,0,0.0293958,0,0,0,-26.3451
"MtrElec",7,8,12,"",-24.0833,0,0,0,0.0264844,0,0.0330909,0,0,0.756867,0,0,0,0.402294,3.73898,0.0521346,1.58128,0.296245,0,0,0.0405943,0,0,0,-31.0113
"MtrElec",7,8,13,"",-26.9746,0,0,0,0.0264844,0,0.0330909,0,0,0.756867,0,0,0,0.337927,3.76875,0.0417077,1.59458,0,0,0,0.0489931,0,0,0,-33.583
"MtrElec",7,8,14,"",-26.9324,0,0,0,0.0264844,0,0.0330909,0,0,0.756867,0,0,0,0.337927,3.84544,0.038232,1.5836,0,0,0,0.0447937,0,0,0,-33.5988
"MtrElec",7,8,15,"",-24.3782,0,0,0,0.0264844,0,0.0330909,0,0,0.756867,0,0,0,0.337927,3.9649,0.038232,1.56216,0,0,0,0.0475933,0,0,0,-31.1454
"MtrElec",7,8,16,"",-18.962,0,0,0,0.0264844,0,0.0330909,0,0,0.756867,0,0,0,0.418386,4.06069,0.0417077,1.59192,0,0,0.882163,0.0727897,0,0,0,-26.8461
"MtrElec",7,8,17,"",-4.90327,5.1235,0,0,0.0264844,0,0.0330909,1.3916,0,0.756867,0,0,0,0.498845,4.52943,0.0660371,1.69711,0,0.372599,0.881924,0.160977,0,0,0,-20.4417
"MtrElec",7,8,18,"",14.1283,12.7298,0,0,0.0264844,0,0.0330909,3.50675,0,0.756867,0,0,0,0.708038,5.15152,0.128599,1.84811,0,0.372498,0.882049,0.270162,0,0,0,-12.2857
"MtrElec",7,8,19,"",19.8477,10.4924,0,0,0.0264844,0,0.0330909,2.96312,0,0.756867,0,0,0,1.35171,5.59476,0.170306,1.93613,0,0.372551,0,0.251964,0,0,0,-4.10175
"MtrElec",7,8,20,"",22.1948,7.53794,0,0,0,0,0.0330909,2.15402,0,0.756867,0,0,0,1.88274,5.90167,0.225916,1.88005,2.47539,0,0,0.137181,0,0,0,-0.790039
"MtrElec",7,8,21,"",16.5984,4.36514,0,0,0,0,0.0330909,1.26521,0,0.756867,0,0,0,1.81837,6.16172,0.316283,1.82287,0,0,0,0.0587917,0,0,0,0
"MtrElec",7,8,22,"",13.8141,1.76733,0,0,0,0,0.0330909,0.519469,0,0.756867,0,0,0,1.54481,6.14919,0.364942,1.76826,0,0,0.882198,0.027996,0,0,0,0
"MtrElec",7,8,23,"",9.6653,0,0,0,0,0,0.0330909,0,0,0.756867,0,0,0,1.01378,5.48233,0.316283,1.67353,0,0.372614,0,0.0167976,0,0,0,0
"MtrElec",7,8,24,"",8.23125,0.221381,0,0,0,0,0.0330909,0.0633181,0,0.756867,0,0,0,0.627579,4.69649,0.218965,1.59956,0,0,0,0.013998,0,0,0,0
"MtrElec",7,9,1,"",6.81243,0.138185,0,0,0,0,0.0330909,0.0396605,0,0.756867,0,0,0,0.370111,3.76713,0.159879,1.54051,0,0,0,0.00699901,0,0,0,0
"MtrElec",7,9,2,"",8.24447,0.306092,0,0,0,0,0.0330909,0.0880747,0,0.756867,0,0,0,0.305744,3.41156,0.159879,1.47993,1.69764,0,0,0.00559921,0,0,0,0
"MtrElec",7,9,3,"",6.68996,0,0,0,0,0,0.0330909,0,0,0.756867,0,0,0,0.241377,3.27529,0.159879,1.43995,0.777912,0,0,0.00559921,0,0,0,0
"MtrElec",7,9,4,"",5.89706,0,0,0,0,0,0.0330909,0,0,0.756867,0,0,0,0.27356,3.25185,0.159879,1.41621,0,0,0,0.00559921,0,0,0,0
"MtrElec",7,9,5,"",5.80384,0,0,0,0,0,0.0330909,0,0,0.756867,0,0,0,0.337927,3.1092,0.159879,1.40128,0,0,0,0.00559921,0,0,0,0
"MtrElec",7,9,6,"",6.25322,0,0,0,0,0,0.0330909,0,0,0.756867,0,0,0,0.498845,3.33492,0.128599,1.4813,0,0,0,0.0195972,0,0,0,0
"MtrElec",7,9,7,"",5.21035,0,0,0,0,0,0.0330909,0,0,0.756867,0,0,0,0.675855,3.7736,0.121647,1.58145,0,0,0,0.0265962,0,0,0,-1.75876
"MtrElec",7,9,8,"",0.718505,0,0,0,0.0264844,0,0.0330909,0,0,0.756867,0,0,0,0.659763,4.08254,0.118172,1.66482,0,0,0,0.0349951,0,0,0,-6.65823
"MtrElec",7,9,9,"",-2.93843,0,0,0,0.0264844,0,0.0330909,0,0,0.756867,0,0,0,0.54712,3.87561,0.114696,1.63532,0,0,0,0.0363949,0,0,0,-9.96401
"MtrElec",7,9,10,"",-13.5908,0,0,0,0.0264844,0,0.0330909,0,0,0.756867,0,0,0,0.466661,3.70714,0.0973179,1.56966,0,0,0,0.0307957,0,0,0,-20.2788
"MtrElec",7,9,11,"",-21.0752,0,0,0,0.0264844,0,0.0330909,0,0,0.756867,0,0,0,0.434478,3.73898,0.076464,1.53823,0,0,0,0.0293958,0,0,0,-27.7092
"MtrElec",7,9,12,"",-25.4064,0,0,0,0.0264844,0,0.0330909,0,0,0.756867,0,0,0,0.402294,3.73898,0.0521346,1.55548,0,0,0,0.0405943,0,0,0,-32.0123
"MtrElec",7,9,13,"",-27.6344,0,0,0,0.0264844,0,0.0330909,0,0,0.756867,0,0,0,0.337927,3.76875,0.0417077,1.57049,0,0,0,0.0489931,0,0,0,-34.2188
"MtrElec",7,9,14,"",-27.8703,0,0,0,0.0264844,0,0.0330909,0,0,0.756867,0,0,0,0.337927,3.84544,0.038232,1.55911,0,0,0,0.0447937,0,0,0,-34.5123
"MtrElec",7,9,15,"",-25.0644,0,0,0,0.0264844,0,0.0330909,0,0,0.756867,0,0,0,0.337927,3.9649,0.038232,1.54398,0,0,0.673737,0.0475933,0,0,0,-32.4872
"MtrElec",7,9,16,"",-19.0135,0,0,0,0.0264844,0,0.0330909,0,0,0.756867,0,0,0,0.418386,4.06069,0.0417077,1.57075,0,0.284566,1.66603,0.0727897,0,0,0,-27.9449
"MtrElec",7,9,17,"",-12.6137,0,0,0,0.0264844,0,0.0330909,0,0,0.756867,0,0,0,0.498845,4.52943,0.0660371,1.66971,0,0.703679,0.306327,0.160977,0,0,0,-21.3652
"MtrElec",7,9,18,"",4.85925,6.83558,0,0,0.0264844,0,0.0330909,1.91919,0,0.756867,0,0,0,0.708038,5.15152,0.128599,1.82345,0,0.129383,0,0.270162,0,0,0,-12.9231
"MtrElec",7,9,19,"",11.4023,4.34855,0,0,0.0264844,0,0.0330909,1.25599,0,0.756867,0,0,0,1.35171,5.59476,0.170306,1.92138,0,0,0,0.251964,0,0,0,-4.30884
"MtrElec",7,9,20,"",13.2171,2.39526,0,0,0,0,0.0330909,0.696949,0,0.756867,0,0,0,1.88274,5.90167,0.225916,1.87729,0,0,0,0.137181,0,0,0,-0.689909
"MtrElec",7,9,21,"",10.966,0,0,0,0,0,0.0330909,0,0,0.756867,0,0,0,1.81837,6.16172,0.316283,1.82087,0,0,0,0.0587917,0,0,0,0
"MtrElec",7,9,22,"",13.1459,0,0,0,0,0,0.0330909,0,0,0.756867,0,0,0,1.54481,6.14919,0.364942,1.75553,1.21359,0,1.29989,0.027996,0,0,0,0
"MtrElec",7,9,23,"",11.5481,0,0,0,0,0,0.0330909,0,0,0.756867,0,0,0,1.01378,5.48233,0.316283,1.65482,1.26089,0.549035,0.464252,0.0167976,0,0,0,0
"MtrElec",7,9,24,"",8.12057,0,0,0,0,0,0.0330909,0,0,0.756867,0,0,0,0.627579,4.69649,0.218965,1.57749,0,0.196086,0,0.013998,0,0,0,0
"MtrElec",7,10,1,"",6.61675,0,0,0,0,0,0.0330909,0,0,0.756867,0,0,0,0.370111,3.76713,0.159879,1.52267,0,0,0,0.00699901,0,0,0,0
"MtrElec",7,10,2,"",6.138,0,0,0,0,0,0.0330909,0,0,0.756867,0,0,0,0.305744,3.41156,0.159879,1.46526,0,0,0,0.00559921,0,0,0,0
"MtrElec",7,10,3,"",5.89679,0,0,0,0,0,0.0330909,0,0,0.756867,0,0,0,0.241377,3.27529,0.159879,1.4247,0,0,0,0.00559921,0,0,0,0
"MtrElec",7,10,4,"",5.88193,0,0,0,0,0,0.0330909,0,0,0.756867,0,0,0,0.27356,3.25185,0.159879,1.40108,0,0,0,0.00559921,0,0,0,0
"MtrElec",7,10,5,"",5.78788,0,0,0,0,0,0.0330909,0,0,0.756867,0,0,0,0.337927,3.1092,0.159879,1.38532,0,0,0,0.00559921,0,0,0,0
"MtrElec",7,10,6,"",6.23566,0,0,0,0,0,0.0330909,0,0,0.756867,0,0,0,0.498845,3.33492,0.128599,1.46374,0,0,0,0.0195972,0,0,0,0
"MtrElec",7,10,7,"",5.17799,0,0,0,0,0,0.0330909,0,0,0.756867,0,0,0,0.675855,3.7736,0.121647,1.57405,0,0,0,0.0265962,0,0,0,-1.78372
"MtrElec",7,10,8,"",1.28264,0,0,0,0.0264844,0,0.0330909,0,0,0.756867,0,0,0,0.659763,4.08254,0.118172,1.6594,0,0,0,0.0349951,0,0,0,-6.08868
"MtrElec",7,10,9,"",-1.99792,0,0,0,0.0264844,0,0.0330909,0,0,0.756867,0,0,0,0.54712,3.87561,0.114696,1.62759,0,0,0,0.0363949,0,0,0,-9.01577
"MtrElec",7,10,10,"",-12.4149,0,0,0,0.0264844,0,0.0330909,0,0,0.756867,0,0,0,0.466661,3.70714,0.0973179,1.55775,0,0,2.24025,0.0307957,0,0,0,-21.3312
"MtrElec",7,10,11,"",-20.409,0,0,0,0.0264844,0,0.0330909,0,0,0.756867,0,0,0,0.434478,3.73898,0.076464,1.52457,0,0.946217,0.405362,0.0293958,0,0,0,-28.381
"MtrElec",7,10,12,"",-25.2225,0,0,0,0.0264844,0,0.0330909,0,0,0.756867,0,0,0,0.402294,3.73898,0.0521346,1.54042,0,0.171213,0.257295,0.0405943,0,0,0,-32.2419
"MtrElec",7,10,13,"",-26.9048,0,0,0,0.0264844,0,0.0330909,0,0,0.756867,0,0,0,0.337927,3.76875,0.0417077,1.55873,0,0.108674,0.624927,0.0489931,0,0,0,-34.2109
"MtrElec",7,10,14,"",-27.3202,0,0,0,0.0264844,0,0.0330909,0,0,0.756867,0,0,0,0.337927,3.84544,0.038232,1.54772,0,0.263951,0,0.0447937,0,0,0,-34.2147
"MtrElec",7,10,15,"",-25.5608,0,0,0,0.0264844,0,0.0330909,0,0,0.756867,0,0,0,0.337927,3.9649,0.038232,1.53937,0,0,0,0.0475933,0,0,0,-32.3053
"MtrElec",7,10,16,"",-21.1303,0,0,0,0.0264844,0,0.0330909,0,0,0.756867,0,0,0,0.418386,4.06069,0.0417077,1.56881,0,0,0,0.0727897,0,0,0,-28.1091
"MtrElec",7,10,17,"",-13.6708,0,0,0,0.0264844,0,0.0330909,0,0,0.756867,0,0,0,0.498845,4.52943,0.0660371,1.66272,0,0,0,0.160977,0,0,0,-21.4053
"MtrElec",7,10,18,"",2.33963,4.98694,0,0,0.0264844,0,0.0330909,1.39611,0,0.756867,0,0,0,0.708038,5.15152,0.128599,1.81478,0,0,0,0.270162,0,0,0,-12.933
"MtrElec",7,10,19,"",10.6284,3.7344,0,0,0.014125,0,0.0330909,1.07289,0,0.756867,0,0,0,1.35171,5.59476,0.170306,1.91688,0,0,0,0.251964,0,0,0,-4.26856
"MtrElec",7,10,20,"",15.4253,3.09763,0,0,0,0,0.0330909,0.900633,0,0.756867,0,0,0,1.88274,5.90167,0.225916,1.87527,1.35903,0,0,0.137181,0,0,0,-0.744725
"MtrElec",7,10,21,"",12.0822,0,0,0,0,0,0.0330909,0,0,0.756867,0,0,0,1.81837,6.16172,0.316283,1.82059,1.1165,0,0,0.0587917,0,0,0,0
"MtrElec",7,10,22,"",11.9055,0,0,0,0,0,0.0330909,0,0,0.756867,0,0,0,1.54481,6.14919,0.364942,1.75944,1.26921,0,0,0.027996,0,0,0,0
"MtrElec",7,10,23,"",10.4815,0,0,0,0,0,0.0330909,0,0,0.756867,0,0,0,1.01378,5.48233,0.316283,1.65604,1.20634,0,0,0.0167976,0,0,0,0
"MtrElec",7,10,24,"",7.92416,0,0,0,0,0,0.0330909,0,0,0.756867,0,0,0,0.627579,4.69649,0.218965,1.57717,0,0,0,0.013998,0,0,0,0
"MtrElec",7,11,1,"",8.17991,0,0,0,0,0,0.0330909,0,0,0.756867,0,0,0,0.370111,3.78009,0.159879,1.54125,1.53163,0,0,0.00699901,0,0,0,0
"MtrElec",7,11,2,"",7.13445,0,0,0,0,0,0.0330909,0,0,0.756867,0,0,0,0.305744,3.46068,0.159879,1.46916,0.94343,0,0,0.00559921,0,0,0,0
"MtrElec",7,11,3,"",5.90249,0,0,0,0,0,0.0330909,0,0,0.756867,0,0,0,0.241377,3.26458,0.156404,1.44597,0,0,0,0.00419941,0,0,0,0
"MtrElec",7,11,4,"",5.89268,0,0,0,0,0,0.0330909,0,0,0.756867,0,0,0,0.27356,3.25412,0.156404,1.41444,0,0,0,0.00419941,0,0,0,0
"MtrElec",7,11,5,"",5.78573,0,0,0,0,0,0.0330909,0,0,0.756867,0,0,0,0.337927,3.09849,0.159879,1.39527,0,0,0,0.00419941,0,0,0,0
"MtrElec",7,11,6,"",6.17228,0,0,0,0,0,0.0330909,0,0,0.756867,0,0,0,0.498845,3.32422,0.156404,1.39586,0,0,0,0.00699901,0,0,0,0
"MtrElec",7,11,7,"",4.89638,0,0,0,0,0,0.0330909,0,0,0.756867,0,0,0,0.675855,3.69058,0.152928,1.45867,0,0,0,0.013998,0,0,0,-1.88561
"MtrElec",7,11,8,"",0.932521,0,0,0,0.0264844,0,0.0330909,0,0,0.756867,0,0,0,0.659763,3.98656,0.142501,1.54797,0,0,0,0.0377947,0,0,0,-6.25851
"MtrElec",7,11,9,"",0.724515,0,0,0,0.0264844,0,0.0330909,0,0,0.756867,0,0,0,0.54712,3.85241,0.125123,1.65266,0,0,0,0.0671905,0,0,0,-6.33643
"MtrElec",7,11,10,"",-3.85751,0,0,0,0.0264844,0,0.0330909,0,0,0.756867,0,0,0,0.466661,3.79063,0.104269,1.65826,0,0,0,0.0671905,0,0,0,-10.761
"MtrElec",7,11,11,"",-9.1439,0,0,0,0.0264844,0,0.0330909,0,0,0.756867,0,0,0,0.434478,3.84591,0.0834153,1.61926,0,0,1.24117,0.0643909,0,0,0,-17.249
"MtrElec",7,11,12,"",-9.81284,0,0,0,0.0264844,0,0.0330909,0,0,0.756867,0,0,0,0.402294,3.77538,0.0556102,1.65523,0,0.524232,1.40521,0.0769891,0,0,0,-18.5242
"MtrElec",7,11,13,"",-22.1834,0,0,0,0.0264844,0,0.0330909,0,0,0.756867,0,0,0,0.337927,3.75829,0.0417077,1.69539,0,0.593519,0.882055,0.0881875,0,0,0,-30.3969
"MtrElec",7,11,14,"",-26.4932,0,0,0,0.0264844,0,0.0330909,0,0,0.756867,0,0,0,0.337927,3.87113,0.038232,1.71852,0,0.372554,0,0.0825883,0,0,0,-33.7305
"MtrElec",7,11,15,"",-24.353,0,0,0,0.0264844,0,0.0330909,0,0,0.756867,0,0,0,0.337927,4.04792,0.038232,1.70633,0,0,0.882055,0.0867877,0,0,0,-32.2687
"MtrElec",7,11,16,"",-20.3418,0,0,0,0.0264844,0,0.0330909,0,0,0.756867,0,0,0,0.418386,4.25041,0.0417077,1.70473,0,0.372554,0,0.0951866,0,0,0,-28.0412
"MtrElec",7,11,17,"",-13.3971,0,0,0,0.0264844,0,0.0330909,0,0,0.756867,0,0,0,0.498845,4.70618,0.0660371,1.73577,0,0,0,0.127382,0,0,0,-21.3478
"MtrElec",7,11,18,"",2.76606,4.6601,0,0,0.0264844,0,0.0330909,1.31738,0,0.756867,0,0,0,0.708038,5.22182,0.132074,1.8106,0,0,0.882188,0.194573,0,0,0,-12.9771
"MtrElec",7,11,19,"",10.7486,3.66191,0,0,0.0264844,0,0.0330909,1.06173,0,0.756867,0,0,0,1.35171,5.58203,0.166831,1.87054,0,0.37261,0,0.180574,0,0,0,-4.31581
"MtrElec",7,11,20,"",10.6713,0.372074,0,0,0,0,0.0330909,0.107019,0,0.756867,0,0,0,1.88274,5.80569,0.208538,1.85385,0,0,0.328491,0.100786,0,0,0,-0.777844
"MtrElec",7,11,21,"",12.8189,0,0,0,0,0,0.0330909,0,0,0.756867,0,0,0,1.81837,6.01887,0.288478,1.82538,1.34073,0.138745,0.553615,0.0447937,0,0,0,0
"MtrElec",7,11,22,"",11.804,0,0,0,0,0,0.0330909,0,0,0.756867,0,0,0,1.54481,5.99337,0.340613,1.74852,1.13329,0.233831,0,0.0195972,0,0,0,0
"MtrElec",7,11,23,"",9.18095,0,0,0,0,0,0.0330909,0,0,0.756867,0,0,0,1.01378,5.39907,0.295429,1.67011,0,0,0,0.0125982,0,0,0,0
"MtrElec",7,11,24,"",10.305,0,0,0,0,0,0.0330909,0,0,0.756867,0,0,0,0.627579,4.59528,0.205063,1.60505,2.47507,0,0,0.00699901,0,0,0,0
"MtrElec",7,12,1,"",6.64499,0,0,0,0,0,0.0330909,0,0,0.756867,0,0,0,0.370111,3.78009,0.159879,1.53795,0,0,0,0.00699901,0,0,0,0
"MtrElec",7,12,2,"",6.18752,0,0,0,0,0,0.0330909,0,0,0.756867,0,0,0,0.305744,3.46068,0.159879,1.46566,0,0,0,0.00559921,0,0,0,0
"MtrElec",7,12,3,"",5.89823,0,0,0,0,0,0.0330909,0,0,0.756867,0,0,0,0.241377,3.26458,0.156404,1.44171,0,0,0,0.00419941,0,0,0,0
"MtrElec",7,12,4,"",5.88872,0,0,0,0,0,0.0330909,0,0,0.756867,0,0,0,0.27356,3.25412,0.156404,1.41048,0,0,0,0.00419941,0,0,0,0
"MtrElec",7,12,5,"",5.78159,0,0,0,0,0,0.0330909,0,0,0.756867,0,0,0,0.337927,3.09849,0.159879,1.39113,0,0,0,0.00419941,0,0,0,0
"MtrElec",7,12,6,"",6.16819,0,0,0,0,0,0.0330909,0,0,0.756867,0,0,0,0.498845,3.32422,0.156404,1.39177,0,0,0,0.00699901,0,0,0,0
"MtrElec",7,12,7,"",5.80653,0,0,0,0,0,0.0330909,0,0,0.756867,0,0,0,0.675855,3.69058,0.152928,1.45394,0,0,0.0967123,0.013998,0,0,0,-1.06744
"MtrElec",7,12,8,"",5.56221,0,0,0,0,0,0.0330909,0,0,0.756867,0,0,0,0.659763,3.98656,0.142501,1.54673,0,0.0408484,0.414573,0.0377947,0,0,0,-2.05651
"MtrElec",7,12,9,"",3.49696,0,0,0,0.0264844,0,0.0330909,0,0,0.756867,0,0,0,0.54712,3.85241,0.125123,1.65343,0,0.175103,0.848179,0.0671905,0,0,0,-4.58803
"MtrElec",7,12,10,"",0.0646772,0,0,0,0.0264844,0,0.0330909,0,0,0.756867,0,0,0,0.466661,3.79063,0.104269,1.66324,0,0.358245,0.728242,0.0671905,0,0,0,-7.93024
"MtrElec",7,12,11,"",-3.51643,0,0,0,0.0264844,0,0.0330909,0,0,0.756867,0,0,0,0.434478,3.84591,0.0834153,1.6265,0,0.307588,1.44081,0.0643909,0,0,0,-12.136
"MtrElec",7,12,12,"",-9.13606,0,0,0,0.0264844,0,0.0330909,0,0,0.756867,0,0,0,0.402294,3.77538,0.0556102,1.66059,2.47476,0.608557,0,0.0769891,0,0,0,-19.0067
"MtrElec",7,12,13,"",-28.4673,0,0,0,0.0264844,0,0.0330909,0,0,0.756867,0,0,0,0.337927,3.75829,0.0417077,1.69435,0,0,0.428339,0.0881875,0,0,0,-35.6326
"MtrElec",7,12,14,"",-28.0553,0,0,0,0.0264844,0,0.0330909,0,0,0.756867,0,0,0,0.337927,3.87113,0.038232,1.70985,0,0.180918,0.453551,0.0825883,0,0,0,-35.546
"MtrElec",7,12,15,"",-25.9872,0,0,0,0.0264844,0,0.0330909,0,0,0.756867,0,0,0,0.337927,4.04792,0.038232,1.69357,0,0.191566,0,0.0867877,0,0,0,-33.1997
"MtrElec",7,12,16,"",-21.0348,0,0,0,0.0264844,0,0.0330909,0,0,0.756867,0,0,0,0.418386,4.25041,0.0417077,1.69186,0,0,0,0.0951866,0,0,0,-28.3488
"MtrElec",7,12,17,"",-13.6806,0,0,0,0.0264844,0,0.0330909,0,0,0.756867,0,0,0,0.498845,4.70618,0.0660371,1.7184,0,0,0,0.127382,0,0,0,-21.6139
"MtrElec",7,12,18,"",-3.31299,0,0,0,0.0264844,0,0.0330909,0,0,0.756867,0,0,0,0.708038,5.22182,0.132074,1.79682,0,0,0.882206,0.194573,0,0,0,-13.065
"MtrElec",7,12,19,"",6.29323,0,0,0,0.0264844,0,0.0330909,0,0,0.756867,0,0,0,1.35171,5.58203,0.166831,1.86239,0,0.372617,0.408911,0.180574,0,0,0,-4.44827
"MtrElec",7,12,20,"",11.2976,0,0,0,0,0,0.0330909,0,0,0.756867,0,0,0,1.88274,5.80569,0.208538,1.8414,0,0.172712,1.35528,0.100786,0,0,0,-0.859469
"MtrElec",7,12,21,"",11.3442,0,0,0,0,0,0.0330909,0,0,0.756867,0,0,0,1.81837,6.01887,0.288478,1.81134,0,0.57243,0,0.0447937,0,0,0,0
"MtrElec",7,12,22,"",10.4233,0,0,0,0,0,0.0330909,0,0,0.756867,0,0,0,1.54481,5.99337,0.340613,1.73495,0,0,0,0.0195972,0,0,0,0
"MtrElec",7,12,23,"",9.16063,0,0,0,0,0,0.0330909,0,0,0.756867,0,0,0,1.01378,5.39907,0.295429,1.64979,0,0,0,0.0125982,0,0,0,0
"MtrElec",7,12,24,"",7.81663,0,0,0,0,0,0.0330909,0,0,0.756867,0,0,0,0.627579,4.59528,0.205063,1.59175,0,0,0,0.00699901,0,0,0,0
"MtrElec",7,13,1,"",7.47412,0,0,0,0,0,0.0330909,0,0,0.756867,0,0,0,0.370111,3.76713,0.159879,1.49799,0,0,0.882062,0.00699901,0,0,0,0
"MtrElec",7,13,2,"",6.49131,0,0,0,0,0,0.0330909,0,0,0.756867,0,0,0,0.305744,3.41156,0.159879,1.44602,0,0.372557,0,0.00559921,0,0,0,0
"MtrElec",7,13,3,"",5.87932,0,0,0,0,0,0.0330909,0,0,0.756867,0,0,0,0.241377,3.27529,0.159879,1.40722,0,0,0,0.00559921,0,0,0,0
"MtrElec",7,13,4,"",5.86569,0,0,0,0,0,0.0330909,0,0,0.756867,0,0,0,0.27356,3.25185,0.159879,1.38484,0,0,0,0.00559921,0,0,0,0
"MtrElec",7,13,5,"",5.77038,0,0,0,0,0,0.0330909,0,0,0.756867,0,0,0,0.337927,3.1092,0.159879,1.36782,0,0,0,0.00559921,0,0,0,0
"MtrElec",7,13,6,"",6.21582,0,0,0,0,0,0.0330909,0,0,0.756867,0,0,0,0.498845,3.33492,0.128599,1.4439,0,0,0,0.0195972,0,0,0,0
"MtrElec",7,13,7,"",5.76559,0,0,0,0,0,0.0330909,0,0,0.756867,0,0,0,0.675855,3.7736,0.121647,1.55892,0,0,0,0.0265962,0,0,0,-1.18098
"MtrElec",7,13,8,"",5.0293,0,0,0,0,0,0.0330909,0,0,0.756867,0,0,0,0.659763,4.08254,0.118172,1.64884,0,0,0,0.0349951,0,0,0,-2.30497
"MtrElec",7,13,9,"",1.80042,0,0,0,0.0264844,0,0.0330909,0,0,0.756867,0,0,0,0.54712,3.87561,0.114696,1.61504,0,0,0,0.0363949,0,0,0,-5.20489
"MtrElec",7,13,10,"",-1.22401,0,0,0,0.0264844,0,0.0330909,0,0,0.756867,0,0,0,0.466661,3.70714,0.0973179,1.53921,1.18923,0,0,0.0307957,0,0,0,-9.0708
"MtrElec",7,13,11,"",-3.31404,0,0,0,0.0264844,0,0.0330909,0,0,0.756867,0,0,0,0.434478,3.73898,0.076464,1.50176,1.28607,0,0.605934,0.0293958,0,0,0,-11.8036
"MtrElec",7,13,12,"",-13.0567,0,0,0,0.0264844,0,0.0330909,0,0,0.756867,0,0,0,0.402294,3.73898,0.0521346,1.51359,0,0.255928,0.276015,0.0405943,0,0,0,-20.1527
"MtrElec",7,13,13,"",-24.973,0,0,0,0.0264844,0,0.0330909,0,0,0.756867,0,0,0,0.337927,3.76875,0.0417077,1.53572,0,0.116581,0,0.0489931,0,0,0,-31.6391
"MtrElec",7,13,14,"",-26.9996,0,0,0,0.0264844,0,0.0330909,0,0,0.756867,0,0,0,0.337927,3.84544,0.038232,1.52479,0,0,0,0.0447937,0,0,0,-33.6072
"MtrElec",7,13,15,"",-25.741,0,0,0,0.0264844,0,0.0330909,0,0,0.756867,0,0,0,0.337927,3.9649,0.038232,1.52117,0,0,0,0.0475933,0,0,0,-32.4673
"MtrElec",7,13,16,"",-19.7982,0,0,0,0.0264844,0,0.0330909,0,0,0.756867,0,0,0,0.418386,4.06069,0.0417077,1.54895,1.26327,0,0.218911,0.0727897,0,0,0,-28.2394
"MtrElec",7,13,17,"",-11.9648,0,0,0,0.0264844,0,0.0330909,0,0,0.756867,0,0,0,0.498845,4.52943,0.0660371,1.63795,1.21212,0.0924616,0.432205,0.160977,0,0,0,-21.4112
"MtrElec",7,13,18,"",-3.67639,0,0,0,0.0264844,0,0.0330909,0,0,0.756867,0,0,0,0.708038,5.15152,0.128599,1.78974,0,0.18255,0.230815,0.270162,0,0,0,-12.9543
"MtrElec",7,13,19,"",5.86758,0,0,0,0.0264844,0,0.0330909,0,0,0.756867,0,0,0,1.35171,5.59476,0.170306,1.89694,0,0.0974895,0,0.251964,0,0,0,-4.31203
"MtrElec",7,13,20,"",10.0153,0,0,0,0,0,0.0330909,0,0,0.756867,0,0,0,1.88274,5.90167,0.225916,1.85753,0,0,0,0.137181,0,0,0,-0.779702
"MtrElec",7,13,21,"",10.9397,0,0,0,0,0,0.0330909,0,0,0.756867,0,0,0,1.81837,6.16172,0.316283,1.79457,0,0,0,0.0587917,0,0,0,0
"MtrElec",7,13,22,"",14.8131,0,0,0,0,0,0.0330909,0,0,0.756867,0,0,0,1.54481,6.14919,0.364942,1.72821,2.47431,0,1.73368,0.027996,0,0,0,0
"MtrElec",7,13,23,"",10.0091,0,0,0,0,0,0.0330909,0,0,0.756867,0,0,0,1.01378,5.48233,0.316283,1.6272,0,0.732254,0.0305102,0.0167976,0,0,0,0
"MtrElec",7,13,24,"",7.90248,0,0,0,0,0,0.0330909,0,0,0.756867,0,0,0,0.627579,4.69649,0.218965,1.5426,0,0.0128866,0,0.013998,0,0,0,0
"MtrElec",7,14,1,"",6.58677,0,0,0,0,0,0.0330909,0,0,0.756867,0,0,0,0.370111,3.76713,0.159879,1.4927,0,0,0,0.00699901,0,0,0,0
"MtrElec",7,14,2,"",7.81044,0,0,0,0,0,0.0330909,0,0,0.756867,0,0,0,0.305744,3.41156,0.159879,1.44006,1.69764,0,0,0.00559921,0,0,0,0
"MtrElec",7,14,3,"",6.65039,0,0,0,0,0,0.0330909,0,0,0.756867,0,0,0,0.241377,3.27529,0.159879,1.40038,0.777912,0,0,0.00559921,0,0,0,0
"MtrElec",7,14,4,"",5.85875,0,0,0,0,0,0.0330909,0,0,0.756867,0,0,0,0.27356,3.25185,0.159879,1.37789,0,0,0,0.00559921,0,0,0,0
"MtrElec",7,14,5,"",5.76183,0,0,0,0,0,0.0330909,0,0,0.756867,0,0,0,0.337927,3.1092,0.159879,1.35927,0,0,0,0.00559921,0,0,0,0
"MtrElec",7,14,6,"",6.20422,0,0,0,0,0,0.0330909,0,0,0.756867,0,0,0,0.498845,3.33492,0.128599,1.4323,0,0,0,0.0195972,0,0,0,0
"MtrElec",7,14,7,"",6.80701,0,0,0,0,0,0.0330909,0,0,0.756867,0,0,0,0.675855,3.7736,0.121647,1.54827,0,0,0.882236,0.0265962,0,0,0,-1.01116
"MtrElec",7,14,8,"",5.73339,0,0,0,0,0,0.0330909,0,0,0.756867,0,0,0,0.659763,4.08254,0.118172,1.63848,0,0.37263,0,0.0349951,0,0,0,-1.96315
"MtrElec",7,14,9,"",3.62232,0,0,0,0,0,0.0330909,0,0,0.756867,0,0,0,0.54712,3.87561,0.114696,1.60183,0,0,0.4939,0.0363949,0,0,0,-3.83718
"MtrElec",7,14,10,"",2.02843,0,0,0,0.0264844,0,0.0330909,0,0,0.756867,0,0,0,0.466661,3.70714,0.0973179,1.52062,0,0.208609,1.34154,0.0307957,0,0,0,-6.16068
"MtrElec",7,14,11,"",0.952592,0,0,0,0.0264844,0,0.0330909,0,0,0.756867,0,0,0,0.434478,3.73898,0.076464,1.48203,0,0.566624,0.810723,0.0293958,0,0,0,-7.00255
"MtrElec",7,14,12,"",-4.84038,0,0,0,0.0264844,0,0.0330909,0,0,0.756867,0,0,0,0.402294,3.73898,0.0521346,1.49341,0,0.342425,0,0.0405943,0,0,0,-11.7267
"MtrElec",7,14,13,"",-13.7808,0,0,0,0.0264844,0,0.0330909,0,0,0.756867,0,0,0,0.337927,3.76875,0.0417077,1.51385,1.41802,0,0,0.0489931,0,0,0,-21.7265
"MtrElec",7,14,14,"",-15.5433,0,0,0,0.0264844,0,0.0330909,0,0,0.756867,0,0,0,0.337927,3.84544,0.038232,1.49601,1.0564,0,0,0.0447937,0,0,0,-23.1785
"MtrElec",7,14,15,"",-13.5998,0,0,0,0.0264844,0,0.0330909,0,0,0.756867,0,0,0,0.337927,3.9649,0.038232,1.49455,0,0,0.43918,0.0475933,0,0,0,-20.7386
"MtrElec",7,14,16,"",-20.9827,0,0,0,0.0264844,0,0.0330909,0,0,0.756867,0,0,0,0.418386,4.06069,0.0417077,1.51852,0,0.185496,0.442728,0.0727897,0,0,0,-28.5395
"MtrElec",7,14,17,"",-13.9128,0,0,0,0.0264844,0,0.0330909,0,0,0.756867,0,0,0,0.498845,4.52943,0.0660371,1.59973,0,0.186995,0,0.160977,0,0,0,-21.7712
"MtrElec",7,14,18,"",-4.34774,0,0,0,0.0264844,0,0.0330909,0,0,0.756867,0,0,0,0.708038,5.15152,0.128599,1.75014,0,0,0,0.270162,0,0,0,-13.1726
"MtrElec",7,14,19,"",6.59935,0,0,0,0.0264844,0,0.0330909,0,0,0.756867,0,0,0,1.35171,5.59476,0.170306,1.86341,0,0,0.881967,0.251964,0,0,0,-4.3312
"MtrElec",7,14,20,"",11.3186,0,0,0,0,0,0.0330909,0,0,0.756867,0,0,0,1.88274,5.90167,0.225916,1.8335,0,0.372517,0.882094,0.137181,0,0,0,-0.706963
"MtrElec",7,14,21,"",11.9253,0,0,0,0,0,0.0330909,0,0,0.756867,0,0,0,1.81837,6.16172,0.316283,1.77084,0,0.37257,0.636767,0.0587917,0,0,0,0
"MtrElec",7,14,22,"",11.0958,0,0,0,0,0,0.0330909,0,0,0.756867,0,0,0,1.54481,6.14919,0.364942,1.70469,0,0.268951,0.245309,0.027996,0,0,0,0
"MtrElec",7,14,23,"",11.799,0,0,0,0,0,0.0330909,0,0,0.756867,0,0,0,1.01378,5.48233,0.316283,1.60109,2.47514,0.103611,0,0.0167976,0,0,0,0
"MtrElec",7,14,24,"",7.85743,0,0,0,0,0,0.0330909,0,0,0.756867,0,0,0,0.627579,4.69649,0.218965,1.51044,0,0,0,0.013998,0,0,0,0
"MtrElec",7,15,1,"",6.55931,0,0,0,0,0,0.0330909,0,0,0.756867,0,0,0,0.370111,3.76713,0.159879,1.46524,0,0,0,0.00699901,0,0,0,0
"MtrElec",7,15,2,"",6.08898,0,0,0,0,0,0.0330909,0,0,0.756867,0,0,0,0.305744,3.41156,0.159879,1.41625,0,0,0,0.00559921,0,0,0,0
"MtrElec",7,15,3,"",5.84739,0,0,0,0,0,0.0330909,0,0,0.756867,0,0,0,0.241377,3.27529,0.159879,1.37529,0,0,0,0.00559921,0,0,0,0
"MtrElec",7,15,4,"",5.83368,0,0,0,0,0,0.0330909,0,0,0.756867,0,0,0,0.27356,3.25185,0.159879,1.35283,0,0,0,0.00559921,0,0,0,0
"MtrElec",7,15,5,"",5.73415,0,0,0,0,0,0.0330909,0,0,0.756867,0,0,0,0.337927,3.1092,0.159879,1.33159,0,0,0,0.00559921,0,0,0,0
"MtrElec",7,15,6,"",6.17124,0,0,0,0,0,0.0330909,0,0,0.756867,0,0,0,0.498845,3.33492,0.128599,1.39932,0,0,0,0.0195972,0,0,0,0
"MtrElec",7,15,7,"",5.95523,0,0,0,0,0,0.0330909,0,0,0.756867,0,0,0,0.675855,3.7736,0.121647,1.52113,0,0,0,0.0265962,0,0,0,-0.953559
"MtrElec",7,15,8,"",3.14599,0,0,0,0,0,0.0330909,0,0,0.756867,0,0,0,0.659763,4.08254,0.118172,1.61791,0,0,0,0.0349951,0,0,0,-4.15735
"MtrElec",7,15,9,"",-2.83536,0,0,0,0.0264844,0,0.0330909,0,0,0.756867,0,0,0,0.54712,3.87561,0.114696,1.58232,0,0,0.628229,0.0363949,0,0,0,-10.4362
"MtrElec",7,15,10,"",-8.82503,0,0,0,0.0264844,0,0.0330909,0,0,0.756867,0,0,0,0.466661,3.70714,0.0973179,1.50575,0.484958,0.265345,0.730632,0.0307957,0,0,0,-16.9301
"MtrElec",7,15,11,"",-18.0139,0,0,0,0.0264844,0,0.0330909,0,0,0.756867,0,0,0,0.434478,3.73898,0.076464,1.47245,1.69357,0.308597,0.405362,0.0293958,0,0,0,-26.9896
"MtrElec",7,15,12,"",-25.3776,0,0,0,0.0264844,0,0.0330909,0,0,0.756867,0,0,0,0.402294,3.73898,0.0521346,1.48938,0.296245,0.171213,0.882056,0.0405943,0,0,0,-33.267
"MtrElec",7,15,13,"",-28.7676,0,0,0,0.0264844,0,0.0330909,0,0,0.756867,0,0,0,0.337927,3.76875,0.0417077,1.51515,0,0.372554,0,0.0489931,0,0,0,-35.6691
"MtrElec",7,15,14,"",-28.5128,0,0,0,0.0264844,0,0.0330909,0,0,0.756867,0,0,0,0.337927,3.84544,0.038232,1.50014,0,0,0.449466,0.0447937,0,0,0,-35.5452
"MtrElec",7,15,15,"",-25.3609,0,0,0,0.0264844,0,0.0330909,0,0,0.756867,0,0,0,0.337927,3.9649,0.038232,1.49909,0,0.189841,0.868033,0.0475933,0,0,0,-33.123
"MtrElec",7,15,16,"",-20.0853,0,0,0,0.0264844,0,0.0330909,0,0,0.756867,0,0,0,0.418386,4.06069,0.0417077,1.52592,0,0.366631,1.32877,0.0727897,0,0,0,-28.7167
"MtrElec",7,15,17,"",-12.8538,0,0,0,0.0264844,0,0.0330909,0,0,0.756867,0,0,0,0.498845,4.52943,0.0660371,1.61051,0,0.561234,0.881924,0.160977,0,0,0,-21.9792
"MtrElec",7,15,18,"",-3.03054,0,0,0,0.0264844,0,0.0330909,0,0,0.756867,0,0,0,0.708038,5.15152,0.128599,1.75683,0,0.372498,0.882049,0.270162,0,0,0,-13.1167
"MtrElec",7,15,19,"",6.02093,0,0,0,0.0264844,0,0.0330909,0,0,0.756867,0,0,0,1.35171,5.59476,0.170306,1.86651,0,0.372551,0,0.251964,0,0,0,-4.40331
"MtrElec",7,15,20,"",9.98183,0,0,0,0,0,0.0330909,0,0,0.756867,0,0,0,1.88274,5.90167,0.225916,1.83285,0,0,0,0.137181,0,0,0,-0.788479
"MtrElec",7,15,21,"",10.9122,0,0,0,0,0,0.0330909,0,0,0.756867,0,0,0,1.81837,6.16172,0.316283,1.7671,0,0,0,0.0587917,0,0,0,0
"MtrElec",7,15,22,"",13.903,0,0,0,0,0,0.0330909,0,0,0.756867,0,0,0,1.54481,6.14919,0.364942,1.7002,2.47431,0,0.851616,0.027996,0,0,0,0
"MtrElec",7,15,23,"",9.60877,0,0,0,0,0,0.0330909,0,0,0.756867,0,0,0,1.01378,5.48233,0.316283,1.59942,0,0.359697,0.0305102,0.0167976,0,0,0,0
"MtrElec",7,15,24,"",7.86966,0,0,0,0,0,0.0330909,0,0,0.756867,0,0,0,0.627579,4.69649,0.218965,1.50978,0,0.0128866,0,0.013998,0,0,0,0
"MtrElec",7,16,1,"",6.55863,0,0,0,0,0,0.0330909,0,0,0.756867,0,0,0,0.370111,3.76713,0.159879,1.46456,0,0,0,0.00699901,0,0,0,0
"MtrElec",7,16,2,"",6.08833,0,0,0,0,0,0.0330909,0,0,0.756867,0,0,0,0.305744,3.41156,0.159879,1.41559,0,0,0,0.00559921,0,0,0,0
"MtrElec",7,16,3,"",5.84676,0,0,0,0,0,0.0330909,0,0,0.756867,0,0,0,0.241377,3.27529,0.159879,1.37466,0,0,0,0.00559921,0,0,0,0
"MtrElec",7,16,4,"",5.83307,0,0,0,0,0,0.0330909,0,0,0.756867,0,0,0,0.27356,3.25185,0.159879,1.35222,0,0,0,0.00559921,0,0,0,0
"MtrElec",7,16,5,"",5.73348,0,0,0,0,0,0.0330909,0,0,0.756867,0,0,0,0.337927,3.1092,0.159879,1.33092,0,0,0,0.00559921,0,0,0,0
"MtrElec",7,16,6,"",6.17039,0,0,0,0,0,0.0330909,0,0,0.756867,0,0,0,0.498845,3.33492,0.128599,1.39847,0,0,0,0.0195972,0,0,0,0
"MtrElec",7,16,7,"",5.68024,0,0,0,0,0,0.0330909,0,0,0.756867,0,0,0,0.675855,3.7736,0.121647,1.52035,0,0,0,0.0265962,0,0,0,-1.22776
"MtrElec",7,16,8,"",4.0861,0,0,0,0,0,0.0330909,0,0,0.756867,0,0,0,0.659763,4.08254,0.118172,1.61856,0,0,0,0.0349951,0,0,0,-3.21789
"MtrElec",7,16,9,"",-0.470728,0,0,0,0.0264844,0,0.0330909,0,0,0.756867,0,0,0,0.54712,3.87561,0.114696,1.58229,0,0,0,0.0363949,0,0,0,-7.44328
"MtrElec",7,16,10,"",-13.0803,0,0,0,0.0264844,0,0.0330909,0,0,0.756867,0,0,0,0.466661,3.70714,0.0973179,1.50335,0.484958,0,0,0.0307957,0,0,0,-20.1869
"MtrElec",7,16,11,"",-20.1914,0,0,0,0.0264844,0,0.0330909,0,0,0.756867,0,0,0,0.434478,3.73898,0.076464,1.47326,1.69357,0,0,0.0293958,0,0,0,-28.454
"MtrElec",7,16,12,"",-25.6078,0,0,0,0.0264844,0,0.0330909,0,0,0.756867,0,0,0,0.402294,3.73898,0.0521346,1.49448,0.296245,0,0.257295,0.0405943,0,0,0,-32.7063
"MtrElec",7,16,13,"",-27.6873,0,0,0,0.0264844,0,0.0330909,0,0,0.756867,0,0,0,0.337927,3.76875,0.0417077,1.51999,0,0.108674,0.624927,0.0489931,0,0,0,-34.9547
"MtrElec",7,16,14,"",-28.3486,0,0,0,0.0264844,0,0.0330909,0,0,0.756867,0,0,0,0.337927,3.84544,0.038232,1.5054,0,0.263951,0,0.0447937,0,0,0,-35.2007
"MtrElec",7,16,15,"",-26.6535,0,0,0,0.0264844,0,0.0330909,0,0,0.756867,0,0,0,0.337927,3.9649,0.038232,1.50158,0,0,0,0.0475933,0,0,0,-33.3602
"MtrElec",7,16,16,"",-19.6746,0,0,0,0.0264844,0,0.0330909,0,0,0.756867,0,0,0,0.418386,4.06069,0.0417077,1.52614,1.26327,0,0.882163,0.0727897,0,0,0,-28.7562
"MtrElec",7,16,17,"",-11.7108,0,0,0,0.0264844,0,0.0330909,0,0,0.756867,0,0,0,0.498845,4.52943,0.0660371,1.6124,1.21212,0.372599,0.881924,0.160977,0,0,0,-21.8615
"MtrElec",7,16,18,"",-3.14392,0,0,0,0.0264844,0,0.0330909,0,0,0.756867,0,0,0,0.708038,5.15152,0.128599,1.7639,0,0.372498,0.882049,0.270162,0,0,0,-13.2371
"MtrElec",7,16,19,"",6.04787,0,0,0,0.0264844,0,0.0330909,0,0,0.756867,0,0,0,1.35171,5.59476,0.170306,1.87491,0,0.372551,0,0.251964,0,0,0,-4.38477
"MtrElec",7,16,20,"",13.212,0,0,0,0,0,0.0330909,0,0,0.756867,0,0,0,1.88274,5.90167,0.225916,1.84001,1.35903,0,1.76419,0.137181,0,0,0,-0.688701
"MtrElec",7,16,21,"",14.0559,0,0,0,0,0,0.0330909,0,0,0.756867,0,0,0,1.81837,6.16172,0.316283,1.7756,1.1165,0.74514,1.27353,0.0587917,0,0,0,0
"MtrElec",7,16,22,"",11.6144,0,0,0,0,0,0.0330909,0,0,0.756867,0,0,0,1.54481,6.14919,0.364942,1.70896,0,0.537903,0.490618,0.027996,0,0,0,0
"MtrElec",7,16,23,"",14.3823,0,0,0,0,0,0.0330909,0,0,0.756867,0,0,0,1.01378,5.48233,0.316283,1.60564,4.95027,0.207222,0,0.0167976,0,0,0,0
"MtrElec",7,16,24,"",7.86442,0,0,0,0,0,0.0330909,0,0,0.756867,0,0,0,0.627579,4.69649,0.218965,1.51743,0,0,0,0.013998,0,0,0,0
"MtrElec",7,17,1,"",6.56601,0,0,0,0,0,0.0330909,0,0,0.756867,0,0,0,0.370111,3.76713,0.159879,1.47193,0,0,0,0.00699901,0,0,0,0
"MtrElec",7,17,2,"",7.79255,0,0,0,0,0,0.0330909,0,0,0.756867,0,0,0,0.305744,3.41156,0.159879,1.42217,1.69764,0,0,0.00559921,0,0,0,0
"MtrElec",7,17,3,"",6.63252,0,0,0,0,0,0.0330909,0,0,0.756867,0,0,0,0.241377,3.27529,0.159879,1.38251,0.777912,0,0,0.00559921,0,0,0,0
"MtrElec",7,17,4,"",5.8416,0,0,0,0,0,0.0330909,0,0,0.756867,0,0,0,0.27356,3.25185,0.159879,1.36075,0,0,0,0.00559921,0,0,0,0
"MtrElec",7,17,5,"",5.74312,0,0,0,0,0,0.0330909,0,0,0.756867,0,0,0,0.337927,3.1092,0.159879,1.34056,0,0,0,0.00559921,0,0,0,0
"MtrElec",7,17,6,"",6.18222,0,0,0,0,0,0.0330909,0,0,0.756867,0,0,0,0.498845,3.33492,0.128599,1.4103,0,0,0,0.0195972,0,0,0,0
"MtrElec",7,17,7,"",5.32895,0,0,0,0,0,0.0330909,0,0,0.756867,0,0,0,0.675855,3.7736,0.121647,1.53051,0,0,0,0.0265962,0,0,0,-1.58922
"MtrElec",7,17,8,"",1.56015,0,0,0,0,0,0.0330909,0,0,0.756867,0,0,0,0.659763,4.08254,0.118172,1.62769,0,0,0,0.0349951,0,0,0,-5.75297
"MtrElec",7,17,9,"",-3.10771,0,0,0,0.0264844,0,0.0330909,0,0,0.756867,0,0,0,0.54712,3.87561,0.114696,1.59419,0,0,0,0.0363949,0,0,0,-10.0922
"MtrElec",7,17,10,"",-14.7697,0,0,0,0.0264844,0,0.0330909,0,0,0.756867,0,0,0,0.466661,3.70714,0.0973179,1.51724,0,0,0.882232,0.0307957,0,0,0,-22.2875
"MtrElec",7,17,11,"",-21.8713,0,0,0,0.0264844,0,0.0330909,0,0,0.756867,0,0,0,0.434478,3.73898,0.076464,1.48736,0,0.372628,0,0.0293958,0,0,0,-28.8271
"MtrElec",7,17,12,"",-26.4191,0,0,0,0.0264844,0,0.0330909,0,0,0.756867,0,0,0,0.402294,3.73898,0.0521346,1.50774,0,0,0.882056,0.0405943,0,0,0,-33.8593
"MtrElec",7,17,13,"",-29.2803,0,0,0,0.0264844,0,0.0330909,0,0,0.756867,0,0,0,0.337927,3.76875,0.0417077,1.52849,0,0.372554,0,0.0489931,0,0,0,-36.1951
"MtrElec",7,17,14,"",-28.9184,0,0,0,0.0264844,0,0.0330909,0,0,0.756867,0,0,0,0.337927,3.84544,0.038232,1.51255,0,0,0.881958,0.0447937,0,0,0,-36.3957
"MtrElec",7,17,15,"",-26.6974,0,0,0,0.0264844,0,0.0330909,0,0,0.756867,0,0,0,0.337927,3.9649,0.038232,1.50755,0,0.372513,0.336868,0.0475933,0,0,0,-34.1194
"MtrElec",7,17,16,"",-21.7245,0,0,0,0.0264844,0,0.0330909,0,0,0.756867,0,0,0,0.418386,4.06069,0.0417077,1.53443,0,0.142283,0.545039,0.0727897,0,0,0,-29.3563
"MtrElec",7,17,17,"",-13.7793,0,0,0,0.0264844,0,0.0330909,0,0,0.756867,0,0,0,0.498845,4.52943,0.0660371,1.62141,0.530617,0.230208,0,0.160977,0,0,0,-22.2333
"MtrElec",7,17,18,"",-2.59393,0,0,0,0.0264844,0,0.0330909,0,0,0.756867,0,0,0,0.708038,5.15152,0.128599,1.77287,1.9438,0,0,0.270162,0,0,0,-13.3854
"MtrElec",7,17,19,"",7.43312,0,0,0,0.0264844,0,0.0330909,0,0,0.756867,0,0,0,1.35171,5.59476,0.170306,1.88649,1.71125,0,0,0.251964,0,0,0,-4.3498
"MtrElec",7,17,20,"",10.9361,0,0,0,0,0,0.0330909,0,0,0.756867,0,0,0,1.88274,5.90167,0.225916,1.85349,0.762762,0,0,0.137181,0,0,0,-0.61766
"MtrElec",7,17,21,"",10.9409,0,0,0,0,0,0.0330909,0,0,0.756867,0,0,0,1.81837,6.16172,0.316283,1.79576,0,0,0,0.0587917,0,0,0,0
"MtrElec",7,17,22,"",10.7736,0,0,0,0,0,0.0330909,0,0,0.756867,0,0,0,1.54481,6.14919,0.364942,1.73488,0,0,0.161806,0.027996,0,0,0,0
"MtrElec",7,17,23,"",9.97302,0,0,0,0,0,0.0330909,0,0,0.756867,0,0,0,1.01378,5.48233,0.316283,1.63497,0,0.0683418,0.650559,0.0167976,0,0,0,0
"MtrElec",7,17,24,"",9.12807,0,0,0,0,0,0.0330909,0,0,0.756867,0,0,0,0.627579,4.69649,0.218965,1.55453,0,0.274777,0.951768,0.013998,0,0,0,0
"MtrElec",7,18,1,"",7.03338,0,0,0,0,0,0.0330909,0,0,0.756867,0,0,0,0.370111,3.78009,0.159879,1.52434,0,0.401998,0,0.00699901,0,0,0,0
"MtrElec",7,18,2,"",6.17422,0,0,0,0,0,0.0330909,0,0,0.756867,0,0,0,0.305744,3.46068,0.159879,1.45236,0,0,0,0.00559921,0,0,0,0
"MtrElec",7,18,3,"",5.88364,0,0,0,0,0,0.0330909,0,0,0.756867,0,0,0,0.241377,3.26458,0.156404,1.42712,0,0,0,0.00419941,0,0,0,0
"MtrElec",7,18,4,"",5.8724,0,0,0,0,0,0.0330909,0,0,0.756867,0,0,0,0.27356,3.25412,0.156404,1.39416,0,0,0,0.00419941,0,0,0,0
"MtrElec",7,18,5,"",5.76103,0,0,0,0,0,0.0330909,0,0,0.756867,0,0,0,0.337927,3.09849,0.159879,1.37057,0,0,0,0.00419941,0,0,0,0
"MtrElec",7,18,6,"",6.14469,0,0,0,0,0,0.0330909,0,0,0.756867,0,0,0,0.498845,3.32422,0.156404,1.36826,0,0,0,0.00699901,0,0,0,0
"MtrElec",7,18,7,"",6.49758,0,0,0,0,0,0.0330909,0,0,0.756867,0,0,0,0.675855,3.69058,0.152928,1.4235,0,0,0.503799,0.013998,0,0,0,-0.753035
"MtrElec",7,18,8,"",2.87372,0,0,0,0,0,0.0330909,0,0,0.756867,0,0,0,0.659763,3.98656,0.142501,1.51555,0,0.21279,0.768643,0.0377947,0,0,0,-5.23983
"MtrElec",7,18,9,"",-5.46838,0,0,0,0.0264844,0,0.0330909,0,0,0.756867,0,0,0,0.54712,3.85241,0.125123,1.63753,0,0.324652,1.37404,0.0671905,0,0,0,-14.2129
"MtrElec",7,18,10,"",-15.0424,0,0,0,0.0264844,0,0.0330909,0,0,0.756867,0,0,0,0.466661,3.79063,0.104269,1.65021,0,0.580352,0,0.0671905,0,0,0,-22.5182
"MtrElec",7,18,11,"",-20.9795,0,0,0,0.0264844,0,0.0330909,0,0,0.756867,0,0,0,0.434478,3.84591,0.0834153,1.62035,0.853184,0,0.321263,0.0643909,0,0,0,-29.019
"MtrElec",7,18,12,"",-24.5043,0,0,0,0.0264844,0,0.0330909,0,0,0.756867,0,0,0,0.402294,3.77538,0.0556102,1.65704,1.62204,0.135692,0.560613,0.0769891,0,0,0,-33.6064
"MtrElec",7,18,13,"",-28.7654,0,0,0,0.0264844,0,0.0330909,0,0,0.756867,0,0,0,0.337927,3.75829,0.0417077,1.69659,0,0.236786,0,0.0881875,0,0,0,-35.7414
"MtrElec",7,18,14,"",-28.9707,0,0,0,0.0264844,0,0.0330909,0,0,0.756867,0,0,0,0.337927,3.87113,0.038232,1.71494,0,0,0,0.0825883,0,0,0,-35.832
"MtrElec",7,18,15,"",-26.5688,0,0,0,0.0264844,0,0.0330909,0,0,0.756867,0,0,0,0.337927,4.04792,0.038232,1.70266,0,0,0,0.0867877,0,0,0,-33.5988
"MtrElec",7,18,16,"",-21.4297,0,0,0,0.0264844,0,0.0330909,0,0,0.756867,0,0,0,0.418386,4.25041,0.0417077,1.70026,0,0,0,0.0951866,0,0,0,-28.7521
"MtrElec",7,18,17,"",-13.7733,0,0,0,0.0264844,0,0.0330909,0,0,0.756867,0,0,0,0.498845,4.70618,0.0660371,1.7323,0,0,0,0.127382,0,0,0,-21.7205
"MtrElec",7,18,18,"",3.92201,6.31855,0,0,0.0264844,0,0.0330909,1.72763,0,0.756867,0,0,0,0.708038,5.22182,0.132074,1.81326,0,0,0,0.194573,0,0,0,-13.0104
"MtrElec",7,18,19,"",10.9639,4.02676,0,0,0.0264844,0,0.0330909,1.13892,0,0.756867,0,0,0,1.35171,5.58203,0.166831,1.87061,0,0,0,0.180574,0,0,0,-4.16998
"MtrElec",7,18,20,"",14.5031,3.42648,0,0,0,0,0.0330909,0.985502,0,0.756867,0,0,0,1.88274,5.80569,0.208538,1.8528,0,0,0,0.100786,0,0,0,-0.549365
"MtrElec",7,18,21,"",13.9614,2.45367,0,0,0,0,0.0330909,0.717201,0,0.756867,0,0,0,1.81837,6.01887,0.288478,1.83007,0,0,0,0.0447937,0,0,0,0
"MtrElec",7,18,22,"",11.5447,0.845915,0,0,0,0,0.0330909,0.251665,0,0.756867,0,0,0,1.54481,5.99337,0.340613,1.75878,0,0,0,0.0195972,0,0,0,0
"MtrElec",7,18,23,"",9.19873,0,0,0,0,0,0.0330909,0,0,0.756867,0,0,0,1.01378,5.39907,0.295429,1.68789,0,0,0,0.0125982,0,0,0,0
"MtrElec",7,18,24,"",7.84004,0,0,0,0,0,0.0330909,0,0,0.756867,0,0,0,0.627579,4.59528,0.205063,1.61517,0,0,0,0.00699901,0,0,0,0
"MtrElec",7,19,1,"",9.13187,0,0,0,0,0,0.0330909,0,0,0.756867,0,0,0,0.370111,3.78009,0.159879,1.54913,2.4757,0,0,0.00699901,0,0,0,0
"MtrElec",7,19,2,"",6.19806,0,0,0,0,0,0.0330909,0,0,0.756867,0,0,0,0.305744,3.46068,0.159879,1.4762,0,0,0,0.00559921,0,0,0,0
"MtrElec",7,19,3,"",5.90835,0,0,0,0,0,0.0330909,0,0,0.756867,0,0,0,0.241377,3.26458,0.156404,1.45183,0,0,0,0.00419941,0,0,0,0
"MtrElec",7,19,4,"",5.89712,0,0,0,0,0,0.0330909,0,0,0.756867,0,0,0,0.27356,3.25412,0.156404,1.41888,0,0,0,0.00419941,0,0,0,0
"MtrElec",7,19,5,"",5.78925,0,0,0,0,0,0.0330909,0,0,0.756867,0,0,0,0.337927,3.09849,0.159879,1.39879,0,0,0,0.00419941,0,0,0,0
"MtrElec",7,19,6,"",6.17386,0,0,0,0,0,0.0330909,0,0,0.756867,0,0,0,0.498845,3.32422,0.156404,1.39744,0,0,0,0.00699901,0,0,0,0
"MtrElec",7,19,7,"",6.09338,0,0,0,0,0,0.0330909,0,0,0.756867,0,0,0,0.675855,3.69058,0.152928,1.45761,0,0,0,0.013998,0,0,0,-0.687556
"MtrElec",7,19,8,"",2.10593,0,0,0,0,0,0.0330909,0,0,0.756867,0,0,0,0.659763,3.98656,0.142501,1.54733,0,0,0,0.0377947,0,0,0,-5.05797
"MtrElec",7,19,9,"",-6.46772,0,0,0,0.0264844,0,0.0330909,0,0,0.756867,0,0,0,0.54712,3.85241,0.125123,1.65743,0,0,0,0.0671905,0,0,0,-13.5334
"MtrElec",7,19,10,"",-14.8038,0,0,0,0.0264844,0,0.0330909,0,0,0.756867,0,0,0,0.466661,3.79063,0.104269,1.67916,0,0,0,0.0671905,0,0,0,-21.7281
"MtrElec",7,19,11,"",-20.5288,0,0,0,0.0264844,0,0.0330909,0,0,0.756867,0,0,0,0.434478,3.84591,0.0834153,1.6501,0,0,1.02684,0.0643909,0,0,0,-28.4503
"MtrElec",7,19,12,"",-23.0218,0,0,0,0.0264844,0,0.0330909,0,0,0.756867,0,0,0,0.402294,3.77538,0.0556102,1.69079,1.15919,0.433708,1.61936,0.0769891,0,0,0,-33.0515
"MtrElec",7,19,13,"",-23.822,0,0,0,0.0264844,0,0.0330909,0,0,0.756867,0,0,0,0.337927,3.75829,0.0417077,1.73183,1.31657,0.683967,2.64594,0.0881875,0,0,0,-35.2429
"MtrElec",7,19,14,"",-27.5056,0,0,0,0.0264844,0,0.0330909,0,0,0.756867,0,0,0,0.337927,3.87113,0.038232,1.75514,0,1.11756,0,0.0825883,0,0,0,-35.5246
"MtrElec",7,19,15,"",-26.3737,0,0,0,0.0264844,0,0.0330909,0,0,0.756867,0,0,0,0.337927,4.04792,0.038232,1.7427,0,0,0,0.0867877,0,0,0,-33.4437
"MtrElec",7,19,16,"",-21.5172,0,0,0,0.0264844,0,0.0330909,0,0,0.756867,0,0,0,0.418386,4.25041,0.0417077,1.72506,0,0,0,0.0951866,0,0,0,-28.8644
"MtrElec",7,19,17,"",-8.38996,4.49077,0,0,0.0264844,0,0.0330909,1.22233,0,0.756867,0,0,0,0.498845,4.70618,0.0660371,1.76164,0,0,0,0.127382,0,0,0,-22.0796
"MtrElec",7,19,18,"",6.34288,8.46938,0,0,0.0264844,0,0.0330909,2.38778,0,0.756867,0,0,0,0.708038,5.22182,0.132074,1.83103,0,0,0,0.194573,0,0,0,-13.4182
"MtrElec",7,19,19,"",15.9388,7.94491,0,0,0.0264844,0,0.0330909,2.27965,0,0.756867,0,0,0,1.35171,5.58203,0.166831,1.88147,0,0,0,0.180574,0,0,0,-4.26481
"MtrElec",7,19,20,"",17.8075,5.7003,0,0,0,0,0.0330909,1.65225,0,0.756867,0,0,0,1.88274,5.80569,0.208538,1.8588,0,0,0.411436,0.100786,0,0,0,-0.602941
"MtrElec",7,19,21,"",16.1923,3.46485,0,0,0,0,0.0330909,1.02033,0,0.756867,0,0,0,1.81837,6.01887,0.288478,1.8343,0,0.173778,0.738562,0.0447937,0,0,0,0
"MtrElec",7,19,22,"",12.0408,0.511258,0,0,0,0,0.0330909,0.152054,0,0.756867,0,0,0,1.54481,5.99337,0.340613,1.76286,0,0.311946,0.614301,0.0195972,0,0,0,0
"MtrElec",7,19,23,"",9.46236,0,0,0,0,0,0.0330909,0,0,0.756867,0,0,0,1.01378,5.39907,0.295429,1.69206,0,0.259462,0,0.0125982,0,0,0,0
"MtrElec",7,19,24,"",7.84247,0,0,0,0,0,0.0330909,0,0,0.756867,0,0,0,0.627579,4.59528,0.205063,1.61759,0,0,0,0.00699901,0,0,0,0
"MtrElec",7,20,1,"",6.62872,0,0,0,0,0,0.0330909,0,0,0.756867,0,0,0,0.370111,3.76713,0.159879,1.53465,0,0,0,0.00699901,0,0,0,0
"MtrElec",7,20,2,"",6.14766,0,0,0,0,0,0.0330909,0,0,0.756867,0,0,0,0.305744,3.41156,0.159879,1.47492,0,0,0,0.00559921,0,0,0,0
"MtrElec",7,20,3,"",5.90605,0,0,0,0,0,0.0330909,0,0,0.756867,0,0,0,0.241377,3.27529,0.159879,1.43396,0,0,0,0.00559921,0,0,0,0
"MtrElec",7,20,4,"",5.89025,0,0,0,0,0,0.0330909,0,0,0.756867,0,0,0,0.27356,3.25185,0.159879,1.4094,0,0,0,0.00559921,0,0,0,0
"MtrElec",7,20,5,"",5.79612,0,0,0,0,0,0.0330909,0,0,0.756867,0,0,0,0.337927,3.1092,0.159879,1.39356,0,0,0,0.00559921,0,0,0,0
"MtrElec",7,20,6,"",6.24407,0,0,0,0,0,0.0330909,0,0,0.756867,0,0,0,0.498845,3.33492,0.128599,1.47215,0,0,0,0.0195972,0,0,0,0
"MtrElec",7,20,7,"",5.39485,0,0,0,0,0,0.0330909,0,0,0.756867,0,0,0,0.675855,3.7736,0.121647,1.57976,0,0,0,0.0265962,0,0,0,-1.57257
"MtrElec",7,20,8,"",2.39558,0,0,0,0,0,0.0330909,0,0,0.756867,0,0,0,0.659763,4.08254,0.118172,1.66348,0,0,0.881945,0.0349951,0,0,0,-5.83527
"MtrElec",7,20,9,"",-2.21728,0,0,0,0.0264844,0,0.0330909,0,0,0.756867,0,0,0,0.54712,3.87561,0.114696,1.63252,0,0.372507,0,0.0363949,0,0,0,-9.61256
"MtrElec",7,20,10,"",-14.8407,0,0,0,0.0264844,0,0.0330909,0,0,0.756867,0,0,0,0.466661,3.70714,0.0973179,1.56554,0,0,0.882232,0.0307957,0,0,0,-22.4068
"MtrElec",7,20,11,"",-21.1511,0,0,0,0.0264844,0,0.0330909,0,0,0.756867,0,0,0,0.434478,3.73898,0.076464,1.53446,0,0.372628,0.881985,0.0293958,0,0,0,-29.0359
"MtrElec",7,20,12,"",-26.6699,0,0,0,0.0264844,0,0.0330909,0,0,0.756867,0,0,0,0.402294,3.73898,0.0521346,1.5507,0,0.372524,0,0.0405943,0,0,0,-33.6436
"MtrElec",7,20,13,"",-29.7116,0,0,0,0.0264844,0,0.0330909,0,0,0.756867,0,0,0,0.337927,3.76875,0.0417077,1.56431,0,0,0,0.0489931,0,0,0,-36.2897
"MtrElec",7,20,14,"",-28.9759,0,0,0,0.0264844,0,0.0330909,0,0,0.756867,0,0,0,0.337927,3.84544,0.038232,1.54717,0,0,0.881958,0.0447937,0,0,0,-36.4878
"MtrElec",7,20,15,"",-27.1269,0,0,0,0.0264844,0,0.0330909,0,0,0.756867,0,0,0,0.337927,3.9649,0.038232,1.5321,0,0.372513,0,0.0475933,0,0,0,-34.2366
"MtrElec",7,20,16,"",-22.5354,0,0,0,0.0264844,0,0.0330909,0,0,0.756867,0,0,0,0.418386,4.06069,0.0417077,1.55624,0,0,0,0.0727897,0,0,0,-29.5016
"MtrElec",7,20,17,"",-14.7615,0,0,0,0.0264844,0,0.0330909,0,0,0.756867,0,0,0,0.498845,4.52943,0.0660371,1.64464,0,0,0,0.160977,0,0,0,-22.4779
"MtrElec",7,20,18,"",-4.67728,0,0,0,0.0264844,0,0.0330909,0,0,0.756867,0,0,0,0.708038,5.15152,0.128599,1.79409,0,0,0,0.270162,0,0,0,-13.5461
"MtrElec",7,20,19,"",7.4335,0,0,0,0.0264844,0,0.0330909,0,0,0.756867,0,0,0,1.35171,5.59476,0.170306,1.89997,1.71125,0,0,0.251964,0,0,0,-4.3629
"MtrElec",7,20,20,"",11.8348,0,0,0,0,0,0.0330909,0,0,0.756867,0,0,0,1.88274,5.90167,0.225916,1.86026,0.762762,0,0.882094,0.137181,0,0,0,-0.607732
"MtrElec",7,20,21,"",11.954,0,0,0,0,0,0.0330909,0,0,0.756867,0,0,0,1.81837,6.16172,0.316283,1.79956,0,0.37257,0.636767,0.0587917,0,0,0,0
"MtrElec",7,20,22,"",11.2882,0,0,0,0,0,0.0330909,0,0,0.756867,0,0,0,1.54481,6.14919,0.364942,1.73529,0,0.268951,0.407114,0.027996,0,0,0,0
"MtrElec",7,20,23,"",12.3237,0,0,0,0,0,0.0330909,0,0,0.756867,0,0,0,1.01378,5.48233,0.316283,1.6319,2.47514,0.171953,0.425533,0.0167976,0,0,0,0
"MtrElec",7,20,24,"",8.36942,0,0,0,0,0,0.0330909,0,0,0.756867,0,0,0,0.627579,4.69649,0.218965,1.54781,0,0.179732,0.294889,0.013998,0,0,0,0
"MtrElec",7,21,1,"",6.71713,0,0,0,0,0,0.0330909,0,0,0.756867,0,0,0,0.370111,3.76713,0.159879,1.4985,0,0.124552,0,0.00699901,0,0,0,0
"MtrElec",7,21,2,"",7.81588,0,0,0,0,0,0.0330909,0,0,0.756867,0,0,0,0.305744,3.41156,0.159879,1.44551,1.69764,0,0,0.00559921,0,0,0,0
"MtrElec",7,21,3,"",6.65575,0,0,0,0,0,0.0330909,0,0,0.756867,0,0,0,0.241377,3.27529,0.159879,1.40574,0.777912,0,0,0.00559921,0,0,0,0
"MtrElec",7,21,4,"",5.86379,0,0,0,0,0,0.0330909,0,0,0.756867,0,0,0,0.27356,3.25185,0.159879,1.38294,0,0,0,0.00559921,0,0,0,0
"MtrElec",7,21,5,"",5.76725,0,0,0,0,0,0.0330909,0,0,0.756867,0,0,0,0.337927,3.1092,0.159879,1.36469,0,0,0,0.00559921,0,0,0,0
"MtrElec",7,21,6,"",6.21044,0,0,0,0,0,0.0330909,0,0,0.756867,0,0,0,0.498845,3.33492,0.128599,1.43852,0,0,0,0.0195972,0,0,0,0
"MtrElec",7,21,7,"",5.16421,0,0,0,0,0,0.0330909,0,0,0.756867,0,0,0,0.675855,3.7736,0.121647,1.55301,0,0,0,0.0265962,0,0,0,-1.77646
"MtrElec",7,21,8,"",1.03512,0,0,0,0.0264844,0,0.0330909,0,0,0.756867,0,0,0,0.659763,4.08254,0.118172,1.64384,0,0,0,0.0349951,0,0,0,-6.32064
"MtrElec",7,21,9,"",2.73821,0,0,0,0.0264844,0,0.0330909,0,0,0.756867,0,0,0,0.54712,3.87561,0.114696,1.6103,0,0,0,0.0363949,0,0,0,-4.26235
"MtrElec",7,21,10,"",-1.93836,0,0,0,0.0264844,0,0.0330909,0,0,0.756867,0,0,0,0.466661,3.70714,0.0973179,1.53256,0,0,0,0.0307957,0,0,0,-8.58928
"MtrElec",7,21,11,"",-12.5437,0,0,0,0.0264844,0,0.0330909,0,0,0.756867,0,0,0,0.434478,3.73898,0.076464,1.49352,0,0,0,0.0293958,0,0,0,-19.133
"MtrElec",7,21,12,"",-26.1884,0,0,0,0.0264844,0,0.0330909,0,0,0.756867,0,0,0,0.402294,3.73898,0.0521346,1.50744,0,0,0.882056,0.0405943,0,0,0,-33.6284
"MtrElec",7,21,13,"",-28.7637,0,0,0,0.0264844,0,0.0330909,0,0,0.756867,0,0,0,0.337927,3.76875,0.0417077,1.53088,0,0.372554,0.285975,0.0489931,0,0,0,-35.967
"MtrElec",7,21,14,"",-26.5268,0,0,0,0.0264844,0,0.0330909,0,0,0.756867,0,0,0,0.337927,3.84544,0.038232,1.51777,0,0.120787,3.24218,0.0447937,0,0,0,-36.4903
"MtrElec",7,21,15,"",-26.1293,0,0,0,0.0264844,0,0.0330909,0,0,0.756867,0,0,0,0.337927,3.9649,0.038232,1.51248,0,1.3694,0,0.0475933,0,0,0,-34.2163
"MtrElec",7,21,16,"",-22.6006,0,0,0,0.0264844,0,0.0330909,0,0,0.756867,0,0,0,0.418386,4.06069,0.0417077,1.53754,0,0,0,0.0727897,0,0,0,-29.5482
"MtrElec",7,21,17,"",-14.9604,0,0,0,0.0264844,0,0.0330909,0,0,0.756867,0,0,0,0.498845,4.52943,0.0660371,1.62114,0,0,0,0.160977,0,0,0,-22.6533
"MtrElec",7,21,18,"",-4.81042,0,0,0,0.0264844,0,0.0330909,0,0,0.756867,0,0,0,0.708038,5.15152,0.128599,1.76537,0,0,0,0.270162,0,0,0,-13.6506
"MtrElec",7,21,19,"",10.8132,0,0,0,0.0264844,0,0.0330909,0,0,0.756867,0,0,0,1.35171,5.59476,0.170306,1.87107,5.13375,0,0,0.251964,0,0,0,-4.37681
"MtrElec",7,21,20,"",12.4384,0,0,0,0,0,0.0330909,0,0,0.756867,0,0,0,1.88274,5.90167,0.225916,1.8361,2.28829,0,0,0.137181,0,0,0,-0.623428
"MtrElec",7,21,21,"",10.9152,0,0,0,0,0,0.0330909,0,0,0.756867,0,0,0,1.81837,6.16172,0.316283,1.77012,0,0,0,0.0587917,0,0,0,0
"MtrElec",7,21,22,"",10.5783,0,0,0,0,0,0.0330909,0,0,0.756867,0,0,0,1.54481,6.14919,0.364942,1.70145,0,0,0,0.027996,0,0,0,0
"MtrElec",7,21,23,"",9.21538,0,0,0,0,0,0.0330909,0,0,0.756867,0,0,0,1.01378,5.48233,0.316283,1.59623,0,0,0,0.0167976,0,0,0,0
"MtrElec",7,21,24,"",7.84915,0,0,0,0,0,0.0330909,0,0,0.756867,0,0,0,0.627579,4.69649,0.218965,1.50216,0,0,0,0.013998,0,0,0,0
"MtrElec",7,22,1,"",6.55356,0,0,0,0,0,0.0330909,0,0,0.756867,0,0,0,0.370111,3.76713,0.159879,1.45949,0,0,0,0.00699901,0,0,0,0
"MtrElec",7,22,2,"",6.08552,0,0,0,0,0,0.0330909,0,0,0.756867,0,0,0,0.305744,3.41156,0.159879,1.41278,0,0,0,0.00559921,0,0,0,0
"MtrElec",7,22,3,"",5.84462,0,0,0,0,0,0.0330909,0,0,0.756867,0,0,0,0.241377,3.27529,0.159879,1.37252,0,0,0,0.00559921,0,0,0,0
"MtrElec",7,22,4,"",5.83157,0,0,0,0,0,0.0330909,0,0,0.756867,0,0,0,0.27356,3.25185,0.159879,1.35072,0,0,0,0.00559921,0,0,0,0
"MtrElec",7,22,5,"",5.73252,0,0,0,0,0,0.0330909,0,0,0.756867,0,0,0,0.337927,3.1092,0.159879,1.32997,0,0,0,0.00559921,0,0,0,0
"MtrElec",7,22,6,"",6.17036,0,0,0,0,0,0.0330909,0,0,0.756867,0,0,0,0.498845,3.33492,0.128599,1.39844,0,0,0,0.0195972,0,0,0,0
"MtrElec",7,22,7,"",5.18622,0,0,0,0,0,0.0330909,0,0,0.756867,0,0,0,0.675855,3.7736,0.121647,1.52124,0,0,0,0.0265962,0,0,0,-1.72268
"MtrElec",7,22,8,"",1.99558,0,0,0,0.0264844,0,0.0330909,0,0,0.756867,0,0,0,0.659763,4.08254,0.118172,1.61898,0,0,0.881945,0.0349951,0,0,0,-6.21726
"MtrElec",7,22,9,"",2.57868,0,0,0,0.0264844,0,0.0330909,0,0,0.756867,0,0,0,0.54712,3.87561,0.114696,1.58164,0,0.372507,0.287278,0.0363949,0,0,0,-5.05301
"MtrElec",7,22,10,"",-2.18795,0,0,0,0.0264844,0,0.0330909,0,0,0.756867,0,0,0,0.466661,3.70714,0.0973179,1.49708,0,0.121338,0.594891,0.0307957,0,0,0,-9.51962
"MtrElec",7,22,11,"",-11.8695,0,0,0,0.0264844,0,0.0330909,0,0,0.756867,0,0,0,0.434478,3.73898,0.076464,1.46192,0,0.251264,1.76419,0.0293958,0,0,0,-20.4426
"MtrElec",7,22,12,"",-25.1856,0,0,0,0.0264844,0,0.0330909,0,0,0.756867,0,0,0,0.402294,3.73898,0.0521346,1.48191,0,0.745142,0.882056,0.0405943,0,0,0,-33.3452
"MtrElec",7,22,13,"",-28.1219,0,0,0,0.0264844,0,0.0330909,0,0,0.756867,0,0,0,0.337927,3.76875,0.0417077,1.51602,0,0.372554,0.882024,0.0489931,0,0,0,-35.9063
"MtrElec",7,22,14,"",-29.4259,0,0,0,0.0264844,0,0.0330909,0,0,0.756867,0,0,0,0.337927,3.84544,0.038232,1.50463,0,0.372541,0,0.0447937,0,0,0,-36.3859
"MtrElec",7,22,15,"",-26.9717,0,0,0,0.0264844,0,0.0330909,0,0,0.756867,0,0,0,0.337927,3.9649,0.038232,1.49674,0,0,0.336868,0.0475933,0,0,0,-34.0104
"MtrElec",7,22,16,"",-21.6492,0,0,0,0.0264844,0,0.0330909,0,0,0.756867,0,0,0,0.418386,4.06069,0.0417077,1.52053,0,0.142283,0.545039,0.0727897,0,0,0,-29.267
"MtrElec",7,22,17,"",-14.4034,0,0,0,0.0264844,0,0.0330909,0,0,0.756867,0,0,0,0.498845,4.52943,0.0660371,1.60473,0,0.230208,0,0.160977,0,0,0,-22.31
"MtrElec",7,22,18,"",-4.60141,0,0,0,0.0264844,0,0.0330909,0,0,0.756867,0,0,0,0.708038,5.15152,0.128599,1.75331,0,0,0,0.270162,0,0,0,-13.4295
"MtrElec",7,22,19,"",5.76133,0,0,0,0.0264844,0,0.0330909,0,0,0.756867,0,0,0,1.35171,5.59476,0.170306,1.86346,0,0,0,0.251964,0,0,0,-4.28731
"MtrElec",7,22,20,"",10.5134,0,0,0,0,0,0.0330909,0,0,0.756867,0,0,0,1.88274,5.90167,0.225916,1.83089,0,0,0.340795,0.137181,0,0,0,-0.595761
"MtrElec",7,22,21,"",11.5954,0,0,0,0,0,0.0330909,0,0,0.756867,0,0,0,1.81837,6.16172,0.316283,1.76507,0,0.143941,0.541242,0.0587917,0,0,0,0
"MtrElec",7,22,22,"",15.6474,0,0,0,0,0,0.0330909,0,0,0.756867,0,0,0,1.54481,6.14919,0.364942,1.69742,3.28043,0.228605,1.56403,0.027996,0,0,0,0
"MtrElec",7,22,23,"",11.7443,0,0,0,0,0,0.0330909,0,0,0.756867,0,0,0,1.01378,5.48233,0.316283,1.59623,1.66837,0.6606,0.199916,0.0167976,0,0,0,0
"MtrElec",7,22,24,"",7.93786,0,0,0,0,0,0.0330909,0,0,0.756867,0,0,0,0.627579,4.69649,0.218965,1.50643,0,0.0844386,0,0.013998,0,0,0,0
"MtrElec",7,23,1,"",6.55656,0,0,0,0,0,0.0330909,0,0,0.756867,0,0,0,0.370111,3.76713,0.159879,1.46248,0,0,0,0.00699901,0,0,0,0
"MtrElec",7,23,2,"",7.78453,0,0,0,0,0,0.0330909,0,0,0.756867,0,0,0,0.305744,3.41156,0.159879,1.41416,1.69764,0,0,0.00559921,0,0,0,0
"MtrElec",7,23,3,"",6.62435,0,0,0,0,0,0.0330909,0,0,0.756867,0,0,0,0.241377,3.27529,0.159879,1.37434,0.777912,0,0,0.00559921,0,0,0,0
"MtrElec",7,23,4,"",5.83369,0,0,0,0,0,0.0330909,0,0,0.756867,0,0,0,0.27356,3.25185,0.159879,1.35284,0,0,0,0.00559921,0,0,0,0
"MtrElec",7,23,5,"",5.7343,0,0,0,0,0,0.0330909,0,0,0.756867,0,0,0,0.337927,3.1092,0.159879,1.33174,0,0,0,0.00559921,0,0,0,0
"MtrElec",7,23,6,"",6.17175,0,0,0,0,0,0.0330909,0,0,0.756867,0,0,0,0.498845,3.33492,0.128599,1.39983,0,0,0,0.0195972,0,0,0,0
"MtrElec",7,23,7,"",7.03279,0,0,0,0,0,0.0330909,0,0,0.756867,0,0,0,0.675855,3.7736,0.121647,1.52204,0,0,0.882236,0.0265962,0,0,0,-0.759144
"MtrElec",7,23,8,"",2.54307,0,0,0,0,0,0.0330909,0,0,0.756867,0,0,0,0.659763,4.08254,0.118172,1.62238,0,0.37263,0,0.0349951,0,0,0,-5.13736
"MtrElec",7,23,9,"",-6.68085,0,0,0,0.0264844,0,0.0330909,0,0,0.756867,0,0,0,0.54712,3.87561,0.114696,1.59085,0,0,0.287278,0.0363949,0,0,0,-13.9492
"MtrElec",7,23,10,"",-14.6948,0,0,0,0.0264844,0,0.0330909,0,0,0.756867,0,0,0,0.466661,3.70714,0.0973179,1.51687,0,0.121338,1.07154,0.0307957,0,0,0,-22.5229
"MtrElec",7,23,11,"",-21.7973,0,0,0,0.0264844,0,0.0330909,0,0,0.756867,0,0,0,0.434478,3.73898,0.076464,1.48646,0,0.452587,0.405362,0.0293958,0,0,0,-29.2375
"MtrElec",7,23,12,"",-26.9299,0,0,0,0.0264844,0,0.0330909,0,0,0.756867,0,0,0,0.402294,3.73898,0.0521346,1.50291,0,0.171213,0,0.0405943,0,0,0,-33.6544
"MtrElec",7,23,13,"",-29.2936,0,0,0,0.0264844,0,0.0330909,0,0,0.756867,0,0,0,0.337927,3.76875,0.0417077,1.52718,0,0,0,0.0489931,0,0,0,-35.8346
"MtrElec",7,23,14,"",-29.4752,0,0,0,0.0264844,0,0.0330909,0,0,0.756867,0,0,0,0.337927,3.84544,0.038232,1.51284,0,0,0,0.0447937,0,0,0,-36.0709
"MtrElec",7,23,15,"",-26.4677,0,0,0,0.0264844,0,0.0330909,0,0,0.756867,0,0,0,0.337927,3.9649,0.038232,1.51007,0,0,0.776048,0.0475933,0,0,0,-33.9589
"MtrElec",7,23,16,"",-21.1446,0,0,0,0.0264844,0,0.0330909,0,0,0.756867,0,0,0,0.418386,4.06069,0.0417077,1.53878,0,0.327779,0.987767,0.0727897,0,0,0,-29.409
"MtrElec",7,23,17,"",-13.9452,0,0,0,0.0264844,0,0.0330909,0,0,0.756867,0,0,0,0.498845,4.52943,0.0660371,1.62831,0.530617,0.417203,0,0.160977,0,0,0,-22.5931
"MtrElec",7,23,18,"",-2.85168,0,0,0,0.0264844,0,0.0330909,0,0,0.756867,0,0,0,0.708038,5.15152,0.128599,1.7774,1.9438,0,0,0.270162,0,0,0,-13.6476
"MtrElec",7,23,19,"",6.65916,0,0,0,0.0264844,0,0.0330909,0,0,0.756867,0,0,0,1.35171,5.59476,0.170306,1.8824,0,0,0.881967,0.251964,0,0,0,-4.29039
"MtrElec",7,23,20,"",10.605,0,0,0,0,0,0.0330909,0,0,0.756867,0,0,0,1.88274,5.90167,0.225916,1.84369,0,0.372517,0,0.137181,0,0,0,-0.54864
"MtrElec",7,23,21,"",10.9243,0,0,0,0,0,0.0330909,0,0,0.756867,0,0,0,1.81837,6.16172,0.316283,1.77917,0,0,0,0.0587917,0,0,0,0
"MtrElec",7,23,22,"",10.589,0,0,0,0,0,0.0330909,0,0,0.756867,0,0,0,1.54481,6.14919,0.364942,1.71212,0,0,0,0.027996,0,0,0,0
"MtrElec",7,23,23,"",9.45316,0,0,0,0,0,0.0330909,0,0,0.756867,0,0,0,1.01378,5.48233,0.316283,1.60898,0,0,0.225027,0.0167976,0,0,0,0
"MtrElec",7,23,24,"",8.61766,0,0,0,0,0,0.0330909,0,0,0.756867,0,0,0,0.627579,4.69649,0.218965,1.51874,0,0.0950445,0.656879,0.013998,0,0,0,0
"MtrElec",7,24,1,"",6.84453,0,0,0,0,0,0.0330909,0,0,0.756867,0,0,0,0.370111,3.76713,0.159879,1.47301,0,0.277446,0,0.00699901,0,0,0,0
"MtrElec",7,24,2,"",6.09655,0,0,0,0,0,0.0330909,0,0,0.756867,0,0,0,0.305744,3.41156,0.159879,1.42381,0,0,0,0.00559921,0,0,0,0
"MtrElec",7,24,3,"",5.85468,0,0,0,0,0,0.0330909,0,0,0.756867,0,0,0,0.241377,3.27529,0.159879,1.38258,0,0,0,0.00559921,0,0,0,0
"MtrElec",7,24,4,"",5.84031,0,0,0,0,0,0.0330909,0,0,0.756867,0,0,0,0.27356,3.25185,0.159879,1.35946,0,0,0,0.00559921,0,0,0,0
"MtrElec",7,24,5,"",5.74113,0,0,0,0,0,0.0330909,0,0,0.756867,0,0,0,0.337927,3.1092,0.159879,1.33857,0,0,0,0.00559921,0,0,0,0
"MtrElec",7,24,6,"",6.17921,0,0,0,0,0,0.0330909,0,0,0.756867,0,0,0,0.498845,3.33492,0.128599,1.40729,0,0,0,0.0195972,0,0,0,0
"MtrElec",7,24,7,"",6.1449,0,0,0,0,0,0.0330909,0,0,0.756867,0,0,0,0.675855,3.7736,0.121647,1.5274,0,0,0.882236,0.0265962,0,0,0,-1.65239
"MtrElec",7,24,8,"",1.35044,0,0,0,0.0264844,0,0.0330909,0,0,0.756867,0,0,0,0.659763,4.08254,0.118172,1.62245,0,0.37263,0,0.0349951,0,0,0,-6.35656
"MtrElec",7,24,9,"",0.969095,0,0,0,0.0264844,0,0.0330909,0,0,0.756867,0,0,0,0.54712,3.87561,0.114696,1.58389,0,0,0,0.0363949,0,0,0,-6.00506
"MtrElec",7,24,10,"",-3.48561,0,0,0,0.0264844,0,0.0330909,0,0,0.756867,0,0,0,0.466661,3.70714,0.0973179,1.49622,0,0,0.881802,0.0307957,0,0,0,-10.982
"MtrElec",7,24,11,"",-19.1428,0,0,0,0.0264844,0,0.0330909,0,0,0.756867,0,0,0,0.434478,3.73898,0.076464,1.45643,0,0.372447,0,0.0293958,0,0,0,-26.0675
"MtrElec",7,24,12,"",-26.8842,0,0,0,0.0264844,0,0.0330909,0,0,0.756867,0,0,0,0.402294,3.73898,0.0521346,1.46982,0,0,0,0.0405943,0,0,0,-33.4045
"MtrElec",7,24,13,"",-29.0882,0,0,0,0.0264844,0,0.0330909,0,0,0.756867,0,0,0,0.337927,3.76875,0.0417077,1.49637,0,0,0,0.0489931,0,0,0,-35.5984
"MtrElec",7,24,14,"",-29.04,0,0,0,0.0264844,0,0.0330909,0,0,0.756867,0,0,0,0.337927,3.84544,0.038232,1.47813,0,0,0,0.0447937,0,0,0,-35.601
"MtrElec",7,24,15,"",-25.8546,0,0,0,0.0264844,0,0.0330909,0,0,0.756867,0,0,0,0.337927,3.9649,0.038232,1.47815,0,0,0.43918,0.0475933,0,0,0,-32.9771
"MtrElec",7,24,16,"",-19.3305,0,0,0,0.0264844,0,0.0330909,0,0,0.756867,0,0,0,0.418386,4.06069,0.0417077,1.50156,1.26327,0.185496,0.442728,0.0727897,0,0,0,-28.1336
"MtrElec",7,24,17,"",-12.2441,0,0,0,0.0264844,0,0.0330909,0,0,0.756867,0,0,0,0.498845,4.52943,0.0660371,1.58193,1.21212,0.186995,0,0.160977,0,0,0,-21.2968
"MtrElec",7,24,18,"",-3.93302,0,0,0,0.0264844,0,0.0330909,0,0,0.756867,0,0,0,0.708038,5.15152,0.128599,1.73338,0,0,0,0.270162,0,0,0,-12.7412
"MtrElec",7,24,19,"",6.78788,0,0,0,0.0264844,0,0.0330909,0,0,0.756867,0,0,0,1.35171,5.59476,0.170306,1.84908,0,0,0.881967,0.251964,0,0,0,-4.12835
"MtrElec",7,24,20,"",10.5194,0,0,0,0,0,0.0330909,0,0,0.756867,0,0,0,1.88274,5.90167,0.225916,1.82315,0,0.372517,0,0.137181,0,0,0,-0.613771
"MtrElec",7,24,21,"",10.9053,0,0,0,0,0,0.0330909,0,0,0.756867,0,0,0,1.81837,6.16172,0.316283,1.76012,0,0,0,0.0587917,0,0,0,0
"MtrElec",7,24,22,"",14.7778,0,0,0,0,0,0.0330909,0,0,0.756867,0,0,0,1.54481,6.14919,0.364942,1.69279,2.47431,0,1.73381,0.027996,0,0,0,0
"MtrElec",7,24,23,"",9.97398,0,0,0,0,0,0.0330909,0,0,0.756867,0,0,0,1.01378,5.48233,0.316283,1.592,0,0.732311,0.0305102,0.0167976,0,0,0,0
"MtrElec",7,24,24,"",7.86112,0,0,0,0,0,0.0330909,0,0,0.756867,0,0,0,0.627579,4.69649,0.218965,1.50124,0,0.0128866,0,0.013998,0,0,0,0
"MtrElec",7,25,1,"",6.59214,0,0,0,0,0,0.0330909,0,0,0.756867,0,0,0,0.370111,3.78009,0.159879,1.4851,0,0,0,0.00699901,0,0,0,0
"MtrElec",7,25,2,"",6.1395,0,0,0,0,0,0.0330909,0,0,0.756867,0,0,0,0.305744,3.46068,0.159879,1.41764,0,0,0,0.00559921,0,0,0,0
"MtrElec",7,25,3,"",5.8513,0,0,0,0,0,0.0330909,0,0,0.756867,0,0,0,0.241377,3.26458,0.156404,1.39478,0,0,0,0.00419941,0,0,0,0
"MtrElec",7,25,4,"",5.84259,0,0,0,0,0,0.0330909,0,0,0.756867,0,0,0,0.27356,3.25412,0.156404,1.36435,0,0,0,0.00419941,0,0,0,0
"MtrElec",7,25,5,"",5.7295,0,0,0,0,0,0.0330909,0,0,0.756867,0,0,0,0.337927,3.09849,0.159879,1.33904,0,0,0,0.00419941,0,0,0,0
"MtrElec",7,25,6,"",6.11454,0,0,0,0,0,0.0330909,0,0,0.756867,0,0,0,0.498845,3.32422,0.156404,1.33812,0,0,0,0.00699901,0,0,0,0
"MtrElec",7,25,7,"",6.48108,0,0,0,0,0,0.0330909,0,0,0.756867,0,0,0,0.675855,3.69058,0.152928,1.39143,0,0,0.503799,0.013998,0,0,0,-0.737466
"MtrElec",7,25,8,"",4.42213,0,0,0,0,0,0.0330909,0,0,0.756867,0,0,0,0.659763,3.98656,0.142501,1.48732,1.15916,0.21279,0.768643,0.0377947,0,0,0,-4.82236
"MtrElec",7,25,9,"",-3.82222,0,0,0,0.0264844,0,0.0330909,0,0,0.756867,0,0,0,0.54712,3.85241,0.125123,1.62062,1.31639,0.324652,0.491988,0.0671905,0,0,0,-12.9842
"MtrElec",7,25,10,"",-13.6737,0,0,0,0.0264844,0,0.0330909,0,0,0.756867,0,0,0,0.466661,3.79063,0.104269,1.6325,0,0.207801,0,0.0671905,0,0,0,-20.7592
"MtrElec",7,25,11,"",-19.2269,0,0,0,0.0264844,0,0.0330909,0,0,0.756867,0,0,0,0.434478,3.84591,0.0834153,1.60703,0,0,1.18482,0.0643909,0,0,0,-27.2634
"MtrElec",7,25,12,"",-22.7953,0,0,0,0.0264844,0,0.0330909,0,0,0.756867,0,0,0,0.402294,3.77538,0.0556102,1.64553,0,0.500431,1.89556,0.0769891,0,0,0,-31.9636
"MtrElec",7,25,13,"",-25.5353,0,0,0,0.0264844,0,0.0330909,0,0,0.756867,0,0,0,0.337927,3.75829,0.0417077,1.68366,0,0.800629,1.33065,0.0881875,0,0,0,-34.3928
"MtrElec",7,25,14,"",-25.9738,0,0,0,0.0264844,0,0.0330909,0,0,0.756867,0,0,0,0.337927,3.87113,0.038232,1.70076,0,0.562026,0.88202,0.0825883,0,0,0,-34.2649
"MtrElec",7,25,15,"",-24.3207,0,0,0,0.0264844,0,0.0330909,0,0,0.756867,0,0,0,0.337927,4.04792,0.038232,1.68337,0,0.372539,0.287418,0.0867877,0,0,0,-31.9914
"MtrElec",7,25,16,"",-18.5765,0,0,0,0.0264844,0,0.0330909,0,0,0.756867,0,0,0,0.418386,4.25041,0.0417077,1.68458,0,0.121397,1.47658,0.0951866,0,0,0,-27.4812
"MtrElec",7,25,17,"",-12.2695,0,0,0,0.0264844,0,0.0330909,0,0,0.756867,0,0,0,0.498845,4.70618,0.0660371,1.70943,0,0.623663,0,0.127382,0,0,0,-20.8175
"MtrElec",7,25,18,"",-3.58442,0,0,0,0.0264844,0,0.0330909,0,0,0.756867,0,0,0,0.708038,5.22182,0.132074,1.79028,0,0,0,0.194573,0,0,0,-12.4476
"MtrElec",7,25,19,"",6.00631,0,0,0,0.0264844,0,0.0330909,0,0,0.756867,0,0,0,1.35171,5.58203,0.166831,1.85985,0,0,0,0.180574,0,0,0,-3.95113
"MtrElec",7,25,20,"",10.0317,0,0,0,0,0,0.0330909,0,0,0.756867,0,0,0,1.88274,5.80569,0.208538,1.8404,0,0,0,0.100786,0,0,0,-0.596397
"MtrElec",7,25,21,"",12.1133,0,0,0,0,0,0.0330909,0,0,0.756867,0,0,0,1.81837,6.01887,0.288478,1.81209,1.34073,0,0,0.0447937,0,0,0,0
"MtrElec",7,25,22,"",12.4415,0,0,0,0,0,0.0330909,0,0,0.756867,0,0,0,1.54481,5.99337,0.340613,1.73789,1.13329,0,0.881966,0.0195972,0,0,0,0
"MtrElec",7,25,23,"",10.4221,0,0,0,0,0,0.0330909,0,0,0.756867,0,0,0,1.01378,5.39907,0.295429,1.65668,0,0.372516,0.882053,0.0125982,0,0,0,0
"MtrElec",7,25,24,"",8.19511,0,0,0,0,0,0.0330909,0,0,0.756867,0,0,0,0.627579,4.59528,0.205063,1.59768,0,0.372553,0,0.00699901,0,0,0,0
"MtrElec",7,26,1,"",6.63413,0,0,0,0,0,0.0330909,0,0,0.756867,0,0,0,0.370111,3.78009,0.159879,1.52709,0,0,0,0.00699901,0,0,0,0
"MtrElec",7,26,2,"",6.17639,0,0,0,0,0,0.0330909,0,0,0.756867,0,0,0,0.305744,3.46068,0.159879,1.45452,0,0,0,0.00559921,0,0,0,0
"MtrElec",7,26,3,"",5.88656,0,0,0,0,0,0.0330909,0,0,0.756867,0,0,0,0.241377,3.26458,0.156404,1.43004,0,0,0,0.00419941,0,0,0,0
"MtrElec",7,26,4,"",5.87641,0,0,0,0,0,0.0330909,0,0,0.756867,0,0,0,0.27356,3.25412,0.156404,1.39818,0,0,0,0.00419941,0,0,0,0
"MtrElec",7,26,5,"",5.76665,0,0,0,0,0,0.0330909,0,0,0.756867,0,0,0,0.337927,3.09849,0.159879,1.37619,0,0,0,0.00419941,0,0,0,0
"MtrElec",7,26,6,"",6.15156,0,0,0,0,0,0.0330909,0,0,0.756867,0,0,0,0.498845,3.32422,0.156404,1.37513,0,0,0,0.00699901,0,0,0,0
"MtrElec",7,26,7,"",6.04654,0,0,0,0,0,0.0330909,0,0,0.756867,0,0,0,0.675855,3.69058,0.152928,1.43297,0,0,0,0.013998,0,0,0,-0.709743
"MtrElec",7,26,8,"",2.34097,0,0,0,0,0,0.0330909,0,0,0.756867,0,0,0,0.659763,3.98656,0.142501,1.5262,0,0,0,0.0377947,0,0,0,-4.8018
"MtrElec",7,26,9,"",-6.17145,0,0,0,0.0264844,0,0.0330909,0,0,0.756867,0,0,0,0.54712,3.85241,0.125123,1.64373,0,0,0,0.0671905,0,0,0,-13.2235
"MtrElec",7,26,10,"",-13.9454,0,0,0,0.0264844,0,0.0330909,0,0,0.756867,0,0,0,0.466661,3.79063,0.104269,1.65737,0,0,0.393765,0.0671905,0,0,0,-21.2418
"MtrElec",7,26,11,"",-19.1142,0,0,0,0.0264844,0,0.0330909,0,0,0.756867,0,0,0,0.434478,3.84591,0.0834153,1.62687,0,0.166314,1.3705,0.0643909,0,0,0,-27.5225
"MtrElec",7,26,12,"",-23.0478,0,0,0,0.0264844,0,0.0330909,0,0,0.756867,0,0,0,0.402294,3.77538,0.0556102,1.66751,1.15919,0.57886,0,0.0769891,0,0,0,-31.5801
"MtrElec",7,26,13,"",-24.4696,0,0,0,0.0264844,0,0.0330909,0,0,0.756867,0,0,0,0.337927,3.75829,0.0417077,1.70838,2.06924,0,0,0.0881875,0,0,0,-33.2898
"MtrElec",7,26,14,"",-24.6343,0,0,0,0.0264844,0,0.0330909,0,0,0.756867,0,0,0,0.337927,3.87113,0.038232,1.7312,1.7221,0,0,0.0825883,0,0,0,-33.2339
"MtrElec",7,26,15,"",-22.9705,0,0,0,0.0264844,0,0.0330909,0,0,0.756867,0,0,0,0.337927,4.04792,0.038232,1.72022,0,0,1.16947,0.0867877,0,0,0,-31.1875
"MtrElec",7,26,16,"",-18.6157,0,0,0,0.0264844,0,0.0330909,0,0,0.756867,0,0,0,0.418386,4.25041,0.0417077,1.71501,0,0.493951,0.5946,0.0951866,0,0,0,-27.0414
"MtrElec",7,26,17,"",-9.08107,2.68384,0,0,0.0264844,0,0.0330909,0.72758,0,0.756867,0,0,0,0.498845,4.70618,0.0660371,1.75435,0,0.251141,0,0.127382,0,0,0,-20.7129
"MtrElec",7,26,18,"",6.46099,7.85592,0,0,0.0264844,0,0.0330909,2.21516,0,0.756867,0,0,0,0.708038,5.22182,0.132074,1.82604,0,0,0,0.194573,0,0,0,-12.5091
"MtrElec",7,26,19,"",12.8116,5.32912,0,0,0.0264844,0,0.0330909,1.53758,0,0.756867,0,0,0,1.35171,5.58203,0.166831,1.87618,0,0,0,0.180574,0,0,0,-4.02889
"MtrElec",7,26,20,"",15.312,4.05071,0,0,0,0,0.0330909,1.17819,0,0.756867,0,0,0,1.88274,5.80569,0.208538,1.8553,0,0,0,0.100786,0,0,0,-0.559944
"MtrElec",7,26,21,"",14.4408,2.82257,0,0,0,0,0.0330909,0.826416,0,0.756867,0,0,0,1.81837,6.01887,0.288478,1.83139,0,0,0,0.0447937,0,0,0,0
"MtrElec",7,26,22,"",11.0304,0.45055,0,0,0,0,0.0330909,0.132457,0,0.756867,0,0,0,1.54481,5.99337,0.340613,1.75907,0,0,0,0.0195972,0,0,0,0
"MtrElec",7,26,23,"",9.19653,0,0,0,0,0,0.0330909,0,0,0.756867,0,0,0,1.01378,5.39907,0.295429,1.68569,0,0,0,0.0125982,0,0,0,0
"MtrElec",7,26,24,"",7.83831,0,0,0,0,0,0.0330909,0,0,0.756867,0,0,0,0.627579,4.59528,0.205063,1.61343,0,0,0,0.00699901,0,0,0,0
"MtrElec",7,27,1,"",6.62256,0,0,0,0,0,0.0330909,0,0,0.756867,0,0,0,0.370111,3.76713,0.159879,1.52848,0,0,0,0.00699901,0,0,0,0
"MtrElec",7,27,2,"",7.8404,0,0,0,0,0,0.0330909,0,0,0.756867,0,0,0,0.305744,3.41156,0.159879,1.47002,1.69764,0,0,0.00559921,0,0,0,0
"MtrElec",7,27,3,"",6.68025,0,0,0,0,0,0.0330909,0,0,0.756867,0,0,0,0.241377,3.27529,0.159879,1.43024,0.777912,0,0,0.00559921,0,0,0,0
"MtrElec",7,27,4,"",5.88752,0,0,0,0,0,0.0330909,0,0,0.756867,0,0,0,0.27356,3.25185,0.159879,1.40667,0,0,0,0.00559921,0,0,0,0
"MtrElec",7,27,5,"",5.79326,0,0,0,0,0,0.0330909,0,0,0.756867,0,0,0,0.337927,3.1092,0.159879,1.3907,0,0,0,0.00559921,0,0,0,0
"MtrElec",7,27,6,"",6.24114,0,0,0,0,0,0.0330909,0,0,0.756867,0,0,0,0.498845,3.33492,0.128599,1.46922,0,0,0,0.0195972,0,0,0,0
"MtrElec",7,27,7,"",5.58714,0,0,0,0,0,0.0330909,0,0,0.756867,0,0,0,0.675855,3.7736,0.121647,1.57802,0,0,0,0.0265962,0,0,0,-1.37854
"MtrElec",7,27,8,"",1.5843,0,0,0,0.0264844,0,0.0330909,0,0,0.756867,0,0,0,0.659763,4.08254,0.118172,1.65908,0,0,0,0.0349951,0,0,0,-5.78669
"MtrElec",7,27,9,"",-0.315546,0,0,0,0.0264844,0,0.0330909,0,0,0.756867,0,0,0,0.54712,3.87561,0.114696,1.62374,0,0,0,0.0363949,0,0,0,-7.32955
"MtrElec",7,27,10,"",-4.98571,0,0,0,0.0264844,0,0.0330909,0,0,0.756867,0,0,0,0.466661,3.70714,0.0973179,1.54731,0,0,0,0.0307957,0,0,0,-11.6514
"MtrElec",7,27,11,"",-10.3289,0,0,0,0.0264844,0,0.0330909,0,0,0.756867,0,0,0,0.434478,3.73898,0.076464,1.508,0,0,0,0.0293958,0,0,0,-16.9326
"MtrElec",7,27,12,"",-19.0985,0,0,0,0.0264844,0,0.0330909,0,0,0.756867,0,0,0,0.402294,3.73898,0.0521346,1.52084,0,0,0,0.0405943,0,0,0,-25.6698
"MtrElec",7,27,13,"",-27.8348,0,0,0,0.0264844,0,0.0330909,0,0,0.756867,0,0,0,0.337927,3.76875,0.0417077,1.53962,0,0,0,0.0489931,0,0,0,-34.3882
"MtrElec",7,27,14,"",-25.8906,0,0,0,0.0264844,0,0.0330909,0,0,0.756867,0,0,0,0.337927,3.84544,0.038232,1.52374,0,0,1.28259,0.0447937,0,0,0,-33.7797
"MtrElec",7,27,15,"",-23.7947,0,0,0,0.0264844,0,0.0330909,0,0,0.756867,0,0,0,0.337927,3.9649,0.038232,1.51847,0,0.541726,0.481249,0.0475933,0,0,0,-31.5413
"MtrElec",7,27,16,"",-19.9987,0,0,0,0.0264844,0,0.0330909,0,0,0.756867,0,0,0,0.418386,4.06069,0.0417077,1.54862,0,0.203265,0,0.0727897,0,0,0,-27.1606
"MtrElec",7,27,17,"",-12.8482,0,0,0,0.0264844,0,0.0330909,0,0,0.756867,0,0,0,0.498845,4.52943,0.0660371,1.64652,0,0,0,0.160977,0,0,0,-20.5665
"MtrElec",7,27,18,"",1.3533,3.72243,0,0,0.0264844,0,0.0330909,1.01409,0,0.756867,0,0,0,0.708038,5.15152,0.128599,1.80584,0,0,0,0.270162,0,0,0,-12.2638
"MtrElec",7,27,19,"",12.3727,3.60264,0,0,0.0264844,0,0.0330909,1.00114,0,0.756867,0,0,0,1.35171,5.59476,0.170306,1.91055,1.71125,0,0,0.251964,0,0,0,-4.03808
"MtrElec",7,27,20,"",14.5418,2.85322,0,0,0,0,0.0330909,0.806182,0,0.756867,0,0,0,1.88274,5.90167,0.225916,1.86979,0.762762,0,0,0.137181,0,0,0,-0.687567
"MtrElec",7,27,21,"",13.3653,1.87163,0,0,0,0,0.0330909,0.53488,0,0.756867,0,0,0,1.81837,6.16172,0.316283,1.81364,0,0,0,0.0587917,0,0,0,0
"MtrElec",7,27,22,"",10.6344,0,0,0,0,0,0.0330909,0,0,0.756867,0,0,0,1.54481,6.14919,0.364942,1.75754,0,0,0,0.027996,0,0,0,0
"MtrElec",7,27,23,"",9.27663,0,0,0,0,0,0.0330909,0,0,0.756867,0,0,0,1.01378,5.48233,0.316283,1.65748,0,0,0,0.0167976,0,0,0,0
"MtrElec",7,27,24,"",7.92695,0,0,0,0,0,0.0330909,0,0,0.756867,0,0,0,0.627579,4.69649,0.218965,1.57996,0,0,0,0.013998,0,0,0,0
"MtrElec",7,28,1,"",6.6181,0,0,0,0,0,0.0330909,0,0,0.756867,0,0,0,0.370111,3.76713,0.159879,1.52403,0,0,0,0.00699901,0,0,0,0
"MtrElec",7,28,2,"",6.13922,0,0,0,0,0,0.0330909,0,0,0.756867,0,0,0,0.305744,3.41156,0.159879,1.46648,0,0,0,0.00559921,0,0,0,0
"MtrElec",7,28,3,"",5.89852,0,0,0,0,0,0.0330909,0,0,0.756867,0,0,0,0.241377,3.27529,0.159879,1.42642,0,0,0,0.00559921,0,0,0,0
"MtrElec",7,28,4,"",5.88406,0,0,0,0,0,0.0330909,0,0,0.756867,0,0,0,0.27356,3.25185,0.159879,1.40321,0,0,0,0.00559921,0,0,0,0
"MtrElec",7,28,5,"",5.7906,0,0,0,0,0,0.0330909,0,0,0.756867,0,0,0,0.337927,3.1092,0.159879,1.38804,0,0,0,0.00559921,0,0,0,0
"MtrElec",7,28,6,"",6.23926,0,0,0,0,0,0.0330909,0,0,0.756867,0,0,0,0.498845,3.33492,0.128599,1.46734,0,0,0,0.0195972,0,0,0,0
"MtrElec",7,28,7,"",5.64735,0,0,0,0,0,0.0330909,0,0,0.756867,0,0,0,0.675855,3.7736,0.121647,1.57734,0,0,0,0.0265962,0,0,0,-1.31765
"MtrElec",7,28,8,"",3.47089,0,0,0,0.0264844,0,0.0330909,0,0,0.756867,0,0,0,0.659763,4.08254,0.118172,1.66263,0,0,1.76389,0.0349951,0,0,0,-5.66754
"MtrElec",7,28,9,"",1.60883,0,0,0,0.0264844,0,0.0330909,0,0,0.756867,0,0,0,0.54712,3.87561,0.114696,1.63255,0,0.745014,0,0.0363949,0,0,0,-6.15899
"MtrElec",7,28,10,"",-4.20162,0,0,0,0.0264844,0,0.0330909,0,0,0.756867,0,0,0,0.466661,3.70714,0.0973179,1.56341,0,0,0,0.0307957,0,0,0,-10.8834
"MtrElec",7,28,11,"",-17.2951,0,0,0,0.0264844,0,0.0330909,0,0,0.756867,0,0,0,0.434478,3.73898,0.076464,1.52543,0,0,1.76397,0.0293958,0,0,0,-25.6802
"MtrElec",7,28,12,"",-23.3602,0,0,0,0.0264844,0,0.0330909,0,0,0.756867,0,0,0,0.402294,3.73898,0.0521346,1.54016,0,0.745048,0.882056,0.0405943,0,0,0,-31.5779
"MtrElec",7,28,13,"",-26.6854,0,0,0,0.0264844,0,0.0330909,0,0,0.756867,0,0,0,0.337927,3.76875,0.0417077,1.5626,0,0.372554,0,0.0489931,0,0,0,-33.6343
"MtrElec",7,28,14,"",-27.0897,0,0,0,0.0264844,0,0.0330909,0,0,0.756867,0,0,0,0.337927,3.84544,0.038232,1.55414,0,0,0,0.0447937,0,0,0,-33.7267
"MtrElec",7,28,15,"",-25.1746,0,0,0,0.0264844,0,0.0330909,0,0,0.756867,0,0,0,0.337927,3.9649,0.038232,1.54241,0,0,0,0.0475933,0,0,0,-31.9221
"MtrElec",7,28,16,"",-18.0855,0,0,0,0.0264844,0,0.0330909,0,0,0.756867,0,0,0,0.418386,4.06069,0.0417077,1.57231,2.52655,0,0,0.0727897,0,0,0,-27.5944
"MtrElec",7,28,17,"",-10.7623,0,0,0,0.0264844,0,0.0330909,0,0,0.756867,0,0,0,0.498845,4.52943,0.0660371,1.67123,2.42423,0,0,0.160977,0,0,0,-20.9295
"MtrElec",7,28,18,"",5.87907,7.39482,0,0,0.0264844,0,0.0330909,2.05647,0,0.756867,0,0,0,0.708038,5.15152,0.128599,1.82534,0,0,0,0.270162,0,0,0,-12.4723
"MtrElec",7,28,19,"",12.1964,4.67483,0,0,0.0264844,0,0.0330909,1.33956,0,0.756867,0,0,0,1.35171,5.59476,0.170306,1.92105,0,0,0,0.251964,0,0,0,-3.92418
"MtrElec",7,28,20,"",14.839,3.58046,0,0,0,0,0.0330909,1.03671,0,0.756867,0,0,0,1.88274,5.90167,0.225916,1.87536,0,0,0,0.137181,0,0,0,-0.591041
"MtrElec",7,28,21,"",12.8367,1.03079,0,0,0,0,0.0330909,0.299068,0,0.756867,0,0,0,1.81837,6.16172,0.316283,1.81957,0.54211,0,0,0.0587917,0,0,0,0
"MtrElec",7,28,22,"",14.8362,0,0,0,0,0,0.0330909,0,0,0.756867,0,0,0,1.54481,6.14919,0.364942,1.7603,3.3474,0,0.851616,0.027996,0,0,0,0
"MtrElec",7,28,23,"",10.7263,0,0,0,0,0,0.0330909,0,0,0.756867,0,0,0,1.01378,5.48233,0.316283,1.6567,1.06029,0.359697,0.0305102,0.0167976,0,0,0,0
"MtrElec",7,28,24,"",7.93659,0,0,0,0,0,0.0330909,0,0,0.756867,0,0,0,0.627579,4.69649,0.218965,1.57671,0,0.0128866,0,0.013998,0,0,0,0
"MtrElec",7,29,1,"",7.49747,0,0,0,0,0,0.0330909,0,0,0.756867,0,0,0,0.370111,3.76713,0.159879,1.52134,0,0,0.882062,0.00699901,0,0,0,0
"MtrElec",7,29,2,"",6.51038,0,0,0,0,0,0.0330909,0,0,0.756867,0,0,0,0.305744,3.41156,0.159879,1.46509,0,0.372557,0,0.00559921,0,0,0,0
"MtrElec",7,29,3,"",5.89764,0,0,0,0,0,0.0330909,0,0,0.756867,0,0,0,0.241377,3.27529,0.159879,1.42554,0,0,0,0.00559921,0,0,0,0
"MtrElec",7,29,4,"",5.88252,0,0,0,0,0,0.0330909,0,0,0.756867,0,0,0,0.27356,3.25185,0.159879,1.40167,0,0,0,0.00559921,0,0,0,0
"MtrElec",7,29,5,"",5.7879,0,0,0,0,0,0.0330909,0,0,0.756867,0,0,0,0.337927,3.1092,0.159879,1.38534,0,0,0,0.00559921,0,0,0,0
"MtrElec",7,29,6,"",6.23534,0,0,0,0,0,0.0330909,0,0,0.756867,0,0,0,0.498845,3.33492,0.128599,1.46342,0,0,0,0.0195972,0,0,0,0
"MtrElec",7,29,7,"",5.69108,0,0,0,0,0,0.0330909,0,0,0.756867,0,0,0,0.675855,3.7736,0.121647,1.57359,0,0,0,0.0265962,0,0,0,-1.27017
"MtrElec",7,29,8,"",2.98327,0,0,0,0,0,0.0330909,0,0,0.756867,0,0,0,0.659763,4.08254,0.118172,1.65682,0,0,0.881945,0.0349951,0,0,0,-5.24093
"MtrElec",7,29,9,"",0.978108,0,0,0,0.0264844,0,0.0330909,0,0,0.756867,0,0,0,0.54712,3.87561,0.114696,1.62325,0,0.372507,0,0.0363949,0,0,0,-6.40791
"MtrElec",7,29,10,"",-3.0336,0,0,0,0.0264844,0,0.0330909,0,0,0.756867,0,0,0,0.466661,3.70714,0.0973179,1.55005,0,0,0.476651,0.0307957,0,0,0,-10.1787
"MtrElec",7,29,11,"",-12.625,0,0,0,0.0264844,0,0.0330909,0,0,0.756867,0,0,0,0.434478,3.73898,0.076464,1.51297,0,0.201323,1.28735,0.0293958,0,0,0,-20.7224
"MtrElec",7,29,12,"",-25.1004,0,0,0,0.0264844,0,0.0330909,0,0,0.756867,0,0,0,0.402294,3.73898,0.0521346,1.52765,0,0.543737,0,0.0405943,0,0,0,-32.2222
"MtrElec",7,29,13,"",-27.5265,0,0,0,0.0264844,0,0.0330909,0,0,0.756867,0,0,0,0.337927,3.76875,0.0417077,1.54618,0,0,0,0.0489931,0,0,0,-34.0865
"MtrElec",7,29,14,"",-27.7124,0,0,0,0.0264844,0,0.0330909,0,0,0.756867,0,0,0,0.337927,3.84544,0.038232,1.52996,0,0,0,0.0447937,0,0,0,-34.3251
"MtrElec",7,29,15,"",-25.1918,0,0,0,0.0264844,0,0.0330909,0,0,0.756867,0,0,0,0.337927,3.9649,0.038232,1.51917,0,0,0.336868,0.0475933,0,0,0,-32.2529
"MtrElec",7,29,16,"",-19.7597,0,0,0,0.0264844,0,0.0330909,0,0,0.756867,0,0,0,0.418386,4.06069,0.0417077,1.54361,0,0.142283,0.545039,0.0727897,0,0,0,-27.4007
"MtrElec",7,29,17,"",-12.6856,0,0,0,0.0264844,0,0.0330909,0,0,0.756867,0,0,0,0.498845,4.52943,0.0660371,1.63303,0,0.230208,0,0.160977,0,0,0,-20.6206
"MtrElec",7,29,18,"",-3.4476,0,0,0,0.0264844,0,0.0330909,0,0,0.756867,0,0,0,0.708038,5.15152,0.128599,1.78502,0,0,0,0.270162,0,0,0,-12.3074
"MtrElec",7,29,19,"",6.06957,0,0,0,0.0264844,0,0.0330909,0,0,0.756867,0,0,0,1.35171,5.59476,0.170306,1.89061,0,0,0,0.251964,0,0,0,-4.00622
"MtrElec",7,29,20,"",10.1342,0,0,0,0,0,0.0330909,0,0,0.756867,0,0,0,1.88274,5.90167,0.225916,1.84966,0,0,0,0.137181,0,0,0,-0.652886
"MtrElec",7,29,21,"",11.4711,0,0,0,0,0,0.0330909,0,0,0.756867,0,0,0,1.81837,6.16172,0.316283,1.78388,0.54211,0,0,0.0587917,0,0,0,0
"MtrElec",7,29,22,"",12.3504,0,0,0,0,0,0.0330909,0,0,0.756867,0,0,0,1.54481,6.14919,0.364942,1.71837,0.873087,0,0.882062,0.027996,0,0,0,0
"MtrElec",7,29,23,"",10.6686,0,0,0,0,0,0.0330909,0,0,0.756867,0,0,0,1.01378,5.48233,0.316283,1.61662,1.06029,0.372557,0,0.0167976,0,0,0,0
"MtrElec",7,29,24,"",7.87593,0,0,0,0,0,0.0330909,0,0,0.756867,0,0,0,0.627579,4.69649,0.218965,1.52894,0,0,0,0.013998,0,0,0,0
"MtrElec",7,30,1,"",7.45727,0,0,0,0,0,0.0330909,0,0,0.756867,0,0,0,0.370111,3.76713,0.159879,1.48113,0,0,0.882062,0.00699901,0,0,0,0
"MtrElec",7,30,2,"",8.17372,0,0,0,0,0,0.0330909,0,0,0.756867,0,0,0,0.305744,3.41156,0.159879,1.43079,1.69764,0.372557,0,0.00559921,0,0,0,0
"MtrElec",7,30,3,"",6.64181,0,0,0,0,0,0.0330909,0,0,0.756867,0,0,0,0.241377,3.27529,0.159879,1.3918,0.777912,0,0,0.00559921,0,0,0,0
"MtrElec",7,30,4,"",5.85013,0,0,0,0,0,0.0330909,0,0,0.756867,0,0,0,0.27356,3.25185,0.159879,1.36928,0,0,0,0.00559921,0,0,0,0
"MtrElec",7,30,5,"",5.75178,0,0,0,0,0,0.0330909,0,0,0.756867,0,0,0,0.337927,3.1092,0.159879,1.34922,0,0,0,0.00559921,0,0,0,0
"MtrElec",7,30,6,"",6.19203,0,0,0,0,0,0.0330909,0,0,0.756867,0,0,0,0.498845,3.33492,0.128599,1.42011,0,0,0,0.0195972,0,0,0,0
"MtrElec",7,30,7,"",5.80788,0,0,0,0,0,0.0330909,0,0,0.756867,0,0,0,0.675855,3.7736,0.121647,1.53824,0,0,0,0.0265962,0,0,0,-1.11802
"MtrElec",7,30,8,"",2.48535,0,0,0,0,0,0.0330909,0,0,0.756867,0,0,0,0.659763,4.08254,0.118172,1.62774,0,0,0,0.0349951,0,0,0,-4.82782
"MtrElec",7,30,9,"",-1.02294,0,0,0,0.0264844,0,0.0330909,0,0,0.756867,0,0,0,0.54712,3.87561,0.114696,1.5879,0,0,0,0.0363949,0,0,0,-8.0011
"MtrElec",7,30,10,"",-6.8489,0,0,0,0.0264844,0,0.0330909,0,0,0.756867,0,0,0,0.466661,3.70714,0.0973179,1.50388,0,0,0.476651,0.0307957,0,0,0,-13.9478
"MtrElec",7,30,11,"",-18.9844,0,0,0,0.0264844,0,0.0330909,0,0,0.756867,0,0,0,0.434478,3.73898,0.076464,1.46607,0,0.201323,0.405362,0.0293958,0,0,0,-26.1529
"MtrElec",7,30,12,"",-25.7881,0,0,0,0.0264844,0,0.0330909,0,0,0.756867,0,0,0,0.402294,3.73898,0.0521346,1.48055,0,0.171213,0,0.0405943,0,0,0,-32.4903
"MtrElec",7,30,13,"",-28.1147,0,0,0,0.0264844,0,0.0330909,0,0,0.756867,0,0,0,0.337927,3.76875,0.0417077,1.50487,0,0,0,0.0489931,0,0,0,-34.6334
"MtrElec",7,30,14,"",-27.8998,0,0,0,0.0264844,0,0.0330909,0,0,0.756867,0,0,0,0.337927,3.84544,0.038232,1.48536,0,0,0,0.0447937,0,0,0,-34.468
"MtrElec",7,30,15,"",-25.4186,0,0,0,0.0264844,0,0.0330909,0,0,0.756867,0,0,0,0.337927,3.9649,0.038232,1.48355,0,0,0,0.0475933,0,0,0,-32.1072
"MtrElec",7,30,16,"",-20.3661,0,0,0,0.0264844,0,0.0330909,0,0,0.756867,0,0,0,0.418386,4.06069,0.0417077,1.5059,0,0,0,0.0727897,0,0,0,-27.2821
"MtrElec",7,30,17,"",-12.4332,0,0,0,0.0264844,0,0.0330909,0,0,0.756867,0,0,0,0.498845,4.52943,0.0660371,1.58376,0.530617,0,0,0.160977,0,0,0,-20.6193
"MtrElec",7,30,18,"",-1.56462,0,0,0,0.0264844,0,0.0330909,0,0,0.756867,0,0,0,0.708038,5.15152,0.128599,1.73439,1.9438,0,0,0.270162,0,0,0,-12.3176
"MtrElec",7,30,19,"",6.15091,0,0,0,0.0264844,0,0.0330909,0,0,0.756867,0,0,0,1.35171,5.59476,0.170306,1.85012,0,0,0,0.251964,0,0,0,-3.8844
"MtrElec",7,30,20,"",10.147,0,0,0,0,0,0.0330909,0,0,0.756867,0,0,0,1.88274,5.90167,0.225916,1.82246,0,0,0,0.137181,0,0,0,-0.612924
"MtrElec",7,30,21,"",10.902,0,0,0,0,0,0.0330909,0,0,0.756867,0,0,0,1.81837,6.16172,0.316283,1.7569,0,0,0,0.0587917,0,0,0,0
"MtrElec",7,30,22,"",15.2561,0,0,0,0,0,0.0330909,0,0,0.756867,0,0,0,1.54481,6.14919,0.364942,1.68947,3.80764,0,0.882062,0.027996,0,0,0,0
"MtrElec",7,30,23,"",13.4253,0,0,0,0,0,0.0330909,0,0,0.756867,0,0,0,1.01378,5.48233,0.316283,1.58955,3.61902,0.372557,0.225027,0.0167976,0,0,0,0
"MtrElec",7,30,24,"",8.60041,0,0,0,0,0,0.0330909,0,0,0.756867,0,0,0,0.627579,4.69649,0.218965,1.50149,0,0.0950445,0.656879,0.013998,0,0,0,0
"MtrElec",7,31,1,"",6.83026,0,0,0,0,0,0.0330909,0,0,0.756867,0,0,0,0.370111,3.76713,0.159879,1.45874,0,0.277446,0,0.00699901,0,0,0,0
"MtrElec",7,31,2,"",6.08405,0,0,0,0,0,0.0330909,0,0,0.756867,0,0,0,0.305744,3.41156,0.159879,1.41132,0,0,0,0.00559921,0,0,0,0
"MtrElec",7,31,3,"",5.84287,0,0,0,0,0,0.0330909,0,0,0.756867,0,0,0,0.241377,3.27529,0.159879,1.37078,0,0,0,0.00559921,0,0,0,0
"MtrElec",7,31,4,"",5.82989,0,0,0,0,0,0.0330909,0,0,0.756867,0,0,0,0.27356,3.25185,0.159879,1.34904,0,0,0,0.00559921,0,0,0,0
"MtrElec",7,31,5,"",5.73106,0,0,0,0,0,0.0330909,0,0,0.756867,0,0,0,0.337927,3.1092,0.159879,1.3285,0,0,0,0.00559921,0,0,0,0
"MtrElec",7,31,6,"",6.16904,0,0,0,0,0,0.0330909,0,0,0.756867,0,0,0,0.498845,3.33492,0.128599,1.39712,0,0,0,0.0195972,0,0,0,0
"MtrElec",7,31,7,"",6.90831,0,0,0,0,0,0.0330909,0,0,0.756867,0,0,0,0.675855,3.7736,0.121647,1.52065,0,0,0,0.0265962,0,0,0,0
"MtrElec",7,31,8,"",6.27573,0,0,0,0,0,0.0330909,0,0,0.756867,0,0,0,0.659763,4.08254,0.118172,1.62093,0,0,0,0.0349951,0,0,0,-1.03063
"MtrElec",7,31,9,"",5.99797,0,0,0,0,0,0.0330909,0,0,0.756867,0,0,0,0.54712,3.87561,0.114696,1.58533,1.26088,0,0.881806,0.0363949,0,0,0,-3.09382
"MtrElec",7,31,10,"",-1.95502,0,0,0,0.0264844,0,0.0330909,0,0,0.756867,0,0,0,0.466661,3.70714,0.0973179,1.50262,1.21459,0.372449,0.476651,0.0307957,0,0,0,-10.6397
"MtrElec",7,31,11,"",-12.0661,0,0,0,0.0264844,0,0.0330909,0,0,0.756867,0,0,0,0.434478,3.73898,0.076464,1.46756,0,0.201323,0.405362,0.0293958,0,0,0,-19.2361
"MtrElec",7,31,12,"",-6.71609,0,0,0,0.0264844,0,0.0330909,0,0,0.756867,0,0,0,0.402294,3.73898,0.0521346,1.48362,0,0.171213,0.882056,0.0405943,0,0,0,-14.3034
"MtrElec",7,31,13,"",-16.1816,0,0,0,0.0264844,0,0.0330909,0,0,0.756867,0,0,0,0.337927,3.76875,0.0417077,1.50942,0,0.372554,0.412509,0.0489931,0,0,0,-23.4899
"MtrElec",7,31,14,"",-24.3588,0,0,0,0.0264844,0,0.0330909,0,0,0.756867,0,0,0,0.337927,3.84544,0.038232,1.49496,0,0.174231,0.469537,0.0447937,0,0,0,-31.5804
"MtrElec",7,31,15,"",-25.3469,0,0,0,0.0264844,0,0.0330909,0,0,0.756867,0,0,0,0.337927,3.9649,0.038232,1.4953,0,0.198319,0,0.0475933,0,0,0,-32.2456
"MtrElec",7,31,16,"",-20.7798,0,0,0,0.0264844,0,0.0330909,0,0,0.756867,0,0,0,0.418386,4.06069,0.0417077,1.52103,0,0,0,0.0727897,0,0,0,-27.7108
"MtrElec",7,31,17,"",-13.2547,0,0,0,0.0264844,0,0.0330909,0,0,0.756867,0,0,0,0.498845,4.52943,0.0660371,1.60408,0,0,0,0.160977,0,0,0,-20.9306
"MtrElec",7,31,18,"",-3.12497,0,0,0,0.0264844,0,0.0330909,0,0,0.756867,0,0,0,0.708038,5.15152,0.128599,1.75579,0,0,0.463257,0.270162,0,0,0,-12.4188
"MtrElec",7,31,19,"",6.79778,0,0,0,0.0264844,0,0.0330909,0,0,0.756867,0,0,0,1.35171,5.59476,0.170306,1.87004,0,0.195666,0.418981,0.251964,0,0,0,-3.87209
"MtrElec",7,31,20,"",10.4026,0,0,0,0,0,0.0330909,0,0,0.756867,0,0,0,1.88274,5.90167,0.225916,1.83915,0,0.176965,0,0.137181,0,0,0,-0.550996
"MtrElec",7,31,21,"",10.9224,0,0,0,0,0,0.0330909,0,0,0.756867,0,0,0,1.81837,6.16172,0.316283,1.77726,0,0,0,0.0587917,0,0,0,0
"MtrElec",7,31,22,"",11.8595,0,0,0,0,0,0.0330909,0,0,0.756867,0,0,0,1.54481,6.14919,0.364942,1.71342,1.26921,0,0,0.027996,0,0,0,0
"MtrElec",7,31,23,"",10.4385,0,0,0,0,0,0.0330909,0,0,0.756867,0,0,0,1.01378,5.48233,0.316283,1.61298,1.20634,0,0,0.0167976,0,0,0,0
"MtrElec",7,31,24,"",7.87498,0,0,0,0,0,0.0330909,0,0,0.756867,0,0,0,0.627579,4.69649,0.218965,1.52799,0,0,0,0.013998,0,0,0,0
"MtrElec",8,1,1,"",6.79051,0,0,0,0,0,0.0330909,0,0,0.756867,0,0,0,0.397192,3.92086,0.171578,1.50444,0,0,0,0.00648448,0,0,0,0
"MtrElec",8,1,2,"",6.32195,0,0,0,0,0,0.0330909,0,0,0.756867,0,0,0,0.328115,3.59257,0.171578,1.43453,0,0,0,0.00518759,0,0,0,0
"MtrElec",8,1,3,"",7.48967,0,0,0,0,0,0.0330909,0,0,0.756867,0,0,0,0.259038,3.39165,0.167848,1.41116,1.46611,0,0,0.00389069,0,0,0,0
"MtrElec",8,1,4,"",7.0264,0,0,0,0,0,0.0330909,0,0,0.756867,0,0,0,0.293577,3.38105,0.167848,1.3807,1.00937,0,0,0.00389069,0,0,0,0
"MtrElec",8,1,5,"",5.90319,0,0,0,0,0,0.0330909,0,0,0.756867,0,0,0,0.362654,3.21774,0.171578,1.35737,0,0,0,0.00389069,0,0,0,0
"MtrElec",8,1,6,"",6.31383,0,0,0,0,0,0.0330909,0,0,0.756867,0,0,0,0.535346,3.45857,0.167848,1.35563,0,0,0,0.00648448,0,0,0,0
"MtrElec",8,1,7,"",5.68165,0,0,0,0,0,0.0330909,0,0,0.756867,0,0,0,0.725307,3.84882,0.164118,1.41017,0,0,0,0.012969,0,0,0,-1.26969
"MtrElec",8,1,8,"",2.87007,0,0,0,0,0,0.0330909,0,0,0.756867,0,0,0,0.708038,4.15342,0.152928,1.49944,0,0,0.881859,0.0350162,0,0,0,-5.35059
"MtrElec",8,1,9,"",1.92424,0,0,0,0.0264844,0,0.0330909,0,0,0.756867,0,0,0,0.587154,3.99273,0.134278,1.62115,0,0.372471,0,0.062251,0,0,0,-5.66223
"MtrElec",8,1,10,"",-5.89868,0,0,0,0.0264844,0,0.0330909,0,0,0.756867,0,0,0,0.500807,3.91119,0.111899,1.61963,0,0,1.76428,0.062251,0,0,0,-14.6852
"MtrElec",8,1,11,"",-18.0609,0,0,0,0.0264844,0,0.0330909,0,0,0.756867,0,0,0,0.466269,3.96914,0.0895189,1.58916,0,0.745178,0.785681,0.0596572,0,0,0,-26.5819
"MtrElec",8,1,12,"",-23.8634,0,0,0,0.0264844,0,0.0330909,0,0,0.756867,0,0,0,0.431731,3.89723,0.0596792,1.62813,0,0.331848,0.978263,0.0713293,0,0,0,-32.078
"MtrElec",8,1,13,"",-25.7099,0,0,0,0.0264844,0,0.0330909,0,0,0.756867,0,0,0,0.362654,3.87602,0.0447594,1.66819,0,0.413189,0.882055,0.0817045,0,0,0,-33.8549
"MtrElec",8,1,14,"",-26.2846,0,0,0,0.0264844,0,0.0330909,0,0,0.756867,0,0,0,0.362654,3.99278,0.0410295,1.69364,0,0.372554,0.523078,0.0765169,0,0,0,-34.1633
"MtrElec",8,1,15,"",-24.617,0,0,0,0.0264844,0,0.0330909,0,0,0.756867,0,0,0,0.362654,4.17814,0.0410295,1.68295,0,0.220933,0.359029,0.0804076,0,0,0,-32.3586
"MtrElec",8,1,16,"",-20.4143,0,0,0,0.0264844,0,0.0330909,0,0,0.756867,0,0,0,0.449,4.38883,0.0447594,1.68618,0,0.151643,0,0.088189,0,0,0,-28.0394
"MtrElec",8,1,17,"",-13.2524,0,0,0,0.0264844,0,0.0330909,0,0,0.756867,0,0,0,0.535346,4.87216,0.0708691,1.71142,0,0,0,0.118018,0,0,0,-21.3767
"MtrElec",8,1,18,"",-1.12065,0,0,0,0.0264844,0,0.0330909,0,0,0.756867,0,0,0,0.759846,5.42325,0.141738,1.78817,2.47509,0,0,0.180269,0,0,0,-12.7054
"MtrElec",8,1,19,"",7.25927,0,0,0,0.0264844,0,0.0330909,0,0,0.756867,0,0,0,1.45061,5.80458,0.179038,1.85755,0,0,0.882107,0.1673,0,0,0,-3.89835
"MtrElec",8,1,20,"",13.4273,0,0,0,0,0,0.0330909,0,0,0.756867,0,0,0,2.0205,6.03731,0.223797,1.83674,2.47456,0.372576,0.102667,0.0933765,0,0,0,-0.524177
"MtrElec",8,1,21,"",11.982,0,0,0,0,0,0.0330909,0,0,0.756867,0,0,0,1.95142,6.25945,0.309586,1.80729,0,0.0433635,0.779442,0.0415007,0,0,0,0
"MtrElec",8,1,22,"",11.1195,0,0,0,0,0,0.0330909,0,0,0.756867,0,0,0,1.65785,6.22767,0.365535,1.7311,0,0.329213,0,0.0181566,0,0,0,0
"MtrElec",8,1,23,"",9.45655,0,0,0,0,0,0.0330909,0,0,0.756867,0,0,0,1.08796,5.60224,0.317046,1.64767,0,0,0,0.0116721,0,0,0,0
"MtrElec",8,1,24,"",8.05224,0,0,0,0,0,0.0330909,0,0,0.756867,0,0,0,0.6735,4.76841,0.220067,1.59382,0,0,0,0.00648448,0,0,0,0
"MtrElec",8,2,1,"",6.80859,0,0,0,0,0,0.0330909,0,0,0.756867,0,0,0,0.397192,3.92086,0.171578,1.52252,0,0,0,0.00648448,0,0,0,0
"MtrElec",8,2,2,"",6.33886,0,0,0,0,0,0.0330909,0,0,0.756867,0,0,0,0.328115,3.59257,0.171578,1.45145,0,0,0,0.00518759,0,0,0,0
"MtrElec",8,2,3,"",7.50652,0,0,0,0,0,0.0330909,0,0,0.756867,0,0,0,0.259038,3.39165,0.167848,1.42802,1.46611,0,0,0.00389069,0,0,0,0
"MtrElec",8,2,4,"",7.04329,0,0,0,0,0,0.0330909,0,0,0.756867,0,0,0,0.293577,3.38105,0.167848,1.39759,1.00937,0,0,0.00389069,0,0,0,0
"MtrElec",8,2,5,"",5.92263,0,0,0,0,0,0.0330909,0,0,0.756867,0,0,0,0.362654,3.21774,0.171578,1.37681,0,0,0,0.00389069,0,0,0,0
"MtrElec",8,2,6,"",6.33441,0,0,0,0,0,0.0330909,0,0,0.756867,0,0,0,0.535346,3.45857,0.167848,1.37621,0,0,0,0.00648448,0,0,0,0
"MtrElec",8,2,7,"",6.86924,0,0,0,0,0,0.0330909,0,0,0.756867,0,0,0,0.725307,3.84882,0.164118,1.43466,0,0,0.503799,0.012969,0,0,0,-0.610386
"MtrElec",8,2,8,"",3.56583,0,0,0,0,0,0.0330909,0,0,0.756867,0,0,0,0.708038,4.15342,0.152928,1.52807,0,0.21279,0.768643,0.0350162,0,0,0,-4.78303
"MtrElec",8,2,9,"",-4.29357,0,0,0,0.0264844,0,0.0330909,0,0,0.756867,0,0,0,0.587154,3.99273,0.134278,1.64425,0,0.324652,1.37404,0.062251,0,0,0,-13.2294
"MtrElec",8,2,10,"",-12.7666,0,0,0,0.0264844,0,0.0330909,0,0,0.756867,0,0,0,0.500807,3.91119,0.111899,1.6584,0,0.580352,0.882173,0.062251,0,0,0,-21.2901
"MtrElec",8,2,11,"",-18.5235,0,0,0,0.0264844,0,0.0330909,0,0,0.756867,0,0,0,0.466269,3.96914,0.0895189,1.62922,0,0.372603,1.56243,0.0596572,0,0,0,-27.4888
"MtrElec",8,2,12,"",-22.0573,0,0,0,0.0264844,0,0.0330909,0,0,0.756867,0,0,0,0.431731,3.89723,0.0596792,1.67025,1.15919,0.659924,1.08382,0.0713293,0,0,0,-31.9069
"MtrElec",8,2,13,"",-24.6724,0,0,0,0.0264844,0,0.0330909,0,0,0.756867,0,0,0,0.362654,3.87602,0.0447594,1.71264,1.31657,0.457772,0.882055,0.0817045,0,0,0,-34.223
"MtrElec",8,2,14,"",-26.6507,0,0,0,0.0264844,0,0.0330909,0,0,0.756867,0,0,0,0.362654,3.99278,0.0410295,1.73493,0,0.372554,0,0.0765169,0,0,0,-34.0476
"MtrElec",8,2,15,"",-24.4544,0,0,0,0.0264844,0,0.0330909,0,0,0.756867,0,0,0,0.362654,4.17814,0.0410295,1.72167,0,0,0,0.0804076,0,0,0,-31.6548
"MtrElec",8,2,16,"",-19.6134,0,0,0,0.0264844,0,0.0330909,0,0,0.756867,0,0,0,0.449,4.38883,0.0447594,1.71244,0,0,0,0.088189,0,0,0,-27.1131
"MtrElec",8,2,17,"",-11.6572,0.490706,0,0,0.0264844,0,0.0330909,0.131619,0,0.756867,0,0,0,0.535346,4.87216,0.0708691,1.74543,0,0,0,0.118018,0,0,0,-20.4378
"MtrElec",8,2,18,"",9.83908,8.03845,0,0,0.0264844,0,0.0330909,2.24085,0,0.756867,0,0,0,0.759846,5.42325,0.141738,1.8208,2.47509,0,0,0.180269,0,0,0,-12.0577
"MtrElec",8,2,19,"",14.6286,5.71215,0,0,0.0264844,0,0.0330909,1.64642,0,0.756867,0,0,0,1.45061,5.80458,0.179038,1.87558,0,0,0.882107,0.1673,0,0,0,-3.90567
"MtrElec",8,2,20,"",16.2645,4.14645,0,0,0,0,0.0330909,1.21217,0,0.756867,0,0,0,2.0205,6.03731,0.223797,1.85482,0,0.372576,0.102667,0.0933765,0,0,0,-0.58913
"MtrElec",8,2,21,"",15.2605,2.51394,0,0,0,0,0.0330909,0.741071,0,0.756867,0,0,0,1.95142,6.25945,0.309586,1.83076,0,0.0433635,0.779442,0.0415007,0,0,0,0
"MtrElec",8,2,22,"",11.1465,0,0,0,0,0,0.0330909,0,0,0.756867,0,0,0,1.65785,6.22767,0.365535,1.75809,0,0.329213,0,0.0181566,0,0,0,0
"MtrElec",8,2,23,"",9.49022,0,0,0,0,0,0.0330909,0,0,0.756867,0,0,0,1.08796,5.60224,0.317046,1.68135,0,0,0,0.0116721,0,0,0,0
"MtrElec",8,2,24,"",8.07142,0,0,0,0,0,0.0330909,0,0,0.756867,0,0,0,0.6735,4.76841,0.220067,1.613,0,0,0,0.00648448,0,0,0,0
"MtrElec",8,3,1,"",6.8019,0,0,0,0,0,0.0330909,0,0,0.756867,0,0,0,0.397192,3.90778,0.171578,1.52891,0,0,0,0.00648448,0,0,0,0
"MtrElec",8,3,2,"",6.30922,0,0,0,0,0,0.0330909,0,0,0.756867,0,0,0,0.328115,3.54355,0.171578,1.47083,0,0,0,0.00518759,0,0,0,0
"MtrElec",8,3,3,"",6.05937,0,0,0,0,0,0.0330909,0,0,0.756867,0,0,0,0.259038,3.4031,0.171578,1.43051,0,0,0,0.00518759,0,0,0,0
"MtrElec",8,3,4,"",6.04645,0,0,0,0,0,0.0330909,0,0,0.756867,0,0,0,0.293577,3.37941,0.171578,1.40674,0,0,0,0.00518759,0,0,0,0
"MtrElec",8,3,5,"",5.94988,0,0,0,0,0,0.0330909,0,0,0.756867,0,0,0,0.362654,3.22919,0.171578,1.39132,0,0,0,0.00518759,0,0,0,0
"MtrElec",8,3,6,"",6.42192,0,0,0,0,0,0.0330909,0,0,0.756867,0,0,0,0.535346,3.47001,0.138008,1.47044,0,0,0,0.0181566,0,0,0,0
"MtrElec",8,3,7,"",6.08112,0,0,0,0,0,0.0330909,0,0,0.756867,0,0,0,0.725307,3.93213,0.130548,1.57912,0,0,0,0.024641,0,0,0,-1.10059
"MtrElec",8,3,8,"",2.3398,0,0,0,0,0,0.0330909,0,0,0.756867,0,0,0,0.708038,4.24982,0.126818,1.6624,0,0,0,0.0324224,0,0,0,-5.22966
"MtrElec",8,3,9,"",8.65226,0,0,0,0,0,0.0330909,0,0,0.756867,0,0,0,0.587154,4.01557,0.123088,1.62863,3.88237,0,2.05089,0.0337193,0,0,0,-4.45912
"MtrElec",8,3,10,"",5.41045,0,0,0,0.0264844,0,0.0330909,0,0,0.756867,0,0,0,0.500807,3.8262,0.104439,1.55643,3.54353,0.866235,0.594891,0.0285317,0,0,0,-6.42705
"MtrElec",8,3,11,"",-8.34319,0,0,0,0.0264844,0,0.0330909,0,0,0.756867,0,0,0,0.466269,3.86045,0.082059,1.51954,0,0.251264,0.86176,0.0272348,0,0,0,-16.2282
"MtrElec",8,3,12,"",-24.2028,0,0,0,0.0264844,0,0.0330909,0,0,0.756867,0,0,0,0.431731,3.86045,0.0559493,1.53314,0,0.363982,0.020165,0.03761,0,0,0,-31.3222
"MtrElec",8,3,13,"",-25.3246,0,0,0,0.0264844,0,0.0330909,0,0,0.756867,0,0,0,0.362654,3.88662,0.0447594,1.55444,0,0.00851711,0.825018,0.0453914,0,0,0,-32.8684
"MtrElec",8,3,14,"",-24.8265,0,0,0,0.0264844,0,0.0330909,0,0,0.756867,0,0,0,0.362654,3.96745,0.0410295,1.54746,0,0.348463,0.939075,0.0415007,0,0,0,-32.8906
"MtrElec",8,3,15,"",-23.3715,0,0,0,0.0264844,0,0.0330909,0,0,0.756867,0,0,0,0.362654,4.09483,0.0410295,1.54022,0,0.396637,0.336868,0.0440945,0,0,0,-31.0043
"MtrElec",8,3,16,"",-17.5653,0,0,0,0.0264844,0,0.0330909,0,0,0.756867,0,0,0,0.449,4.19768,0.0447594,1.57233,1.26327,0.142283,0.545039,0.0674386,0,0,0,-26.6635
"MtrElec",8,3,17,"",-8.19697,2.06588,0,0,0.0264844,0,0.0330909,0.535795,0,0.756867,0,0,0,0.535346,4.69409,0.0708691,1.67674,1.21212,0.230208,0,0.149143,0,0,0,-20.1836
"MtrElec",8,3,18,"",8.64338,8.23105,0,0,0.0264844,0,0.0330909,2.24085,0,0.756867,0,0,0,0.759846,5.35218,0.138008,1.83374,0,0,0.926515,0.250301,0,0,0,-11.9056
"MtrElec",8,3,19,"",15.7693,6.23696,0,0,0.0264844,0,0.0330909,1.75187,0,0.756867,0,0,0,1.45061,5.81682,0.182768,1.92826,0,0.391332,0.837961,0.233441,0,0,0,-3.87713
"MtrElec",8,3,20,"",16.4691,4.32018,0,0,0,0,0.0330909,1.23133,0,0.756867,0,0,0,2.0205,6.13371,0.242447,1.87873,0,0.35393,0,0.127096,0,0,0,-0.628787
"MtrElec",8,3,21,"",14.9964,2.82233,0,0,0,0,0.0330909,0.812765,0,0.756867,0,0,0,1.95142,6.40322,0.339426,1.82284,0,0,0,0.0544696,0,0,0,0
"MtrElec",8,3,22,"",11.3981,0.297036,0,0,0,0,0.0330909,0.0842024,0,0.756867,0,0,0,1.65785,6.38453,0.391645,1.76693,0,0,0,0.0259379,0,0,0,0
"MtrElec",8,3,23,"",9.58602,0,0,0,0,0,0.0330909,0,0,0.756867,0,0,0,1.08796,5.68639,0.339426,1.66672,0,0,0,0.0155628,0,0,0,0
"MtrElec",8,3,24,"",8.34131,0.130029,0,0,0,0,0.0330909,0.0362966,0,0.756867,0,0,0,0.6735,4.87062,0.234987,1.59295,0,0,0,0.012969,0,0,0,0
"MtrElec",8,4,1,"",6.9947,0.145425,0,0,0,0,0.0330909,0.040701,0,0.756867,0,0,0,0.397192,3.90778,0.171578,1.53559,0,0,0,0.00648448,0,0,0,0
"MtrElec",8,4,2,"",10.184,0.370261,0,0,0,0,0.0330909,0.103908,0,0.756867,0,0,0,0.328115,3.54355,0.171578,1.47615,3.39527,0,0,0.00518759,0,0,0,0
"MtrElec",8,4,3,"",7.62183,0,0,0,0,0,0.0330909,0,0,0.756867,0,0,0,0.259038,3.4031,0.171578,1.43715,1.55582,0,0,0.00518759,0,0,0,0
"MtrElec",8,4,4,"",6.05392,0,0,0,0,0,0.0330909,0,0,0.756867,0,0,0,0.293577,3.37941,0.171578,1.41421,0,0,0,0.00518759,0,0,0,0
"MtrElec",8,4,5,"",5.95763,0,0,0,0,0,0.0330909,0,0,0.756867,0,0,0,0.362654,3.22919,0.171578,1.39907,0,0,0,0.00518759,0,0,0,0
"MtrElec",8,4,6,"",6.43037,0,0,0,0,0,0.0330909,0,0,0.756867,0,0,0,0.535346,3.47001,0.138008,1.47889,0,0,0,0.0181566,0,0,0,0
"MtrElec",8,4,7,"",6.58552,0,0,0,0,0,0.0330909,0,0,0.756867,0,0,0,0.725307,3.93213,0.130548,1.58569,0,0,0,0.024641,0,0,0,-0.602754
"MtrElec",8,4,8,"",2.84677,0,0,0,0,0,0.0330909,0,0,0.756867,0,0,0,0.708038,4.24982,0.126818,1.66749,0,0,0,0.0324224,0,0,0,-4.72777
"MtrElec",8,4,9,"",-4.30282,0,0,0,0.0264844,0,0.0330909,0,0,0.756867,0,0,0,0.587154,4.01557,0.123088,1.63658,1.3606,0,0,0.0337193,0,0,0,-12.876
"MtrElec",8,4,10,"",-12.6881,0,0,0,0.0264844,0,0.0330909,0,0,0.756867,0,0,0,0.500807,3.8262,0.104439,1.57173,1.11435,0,0,0.0285317,0,0,0,-20.6506
"MtrElec",8,4,11,"",-19.2844,0,0,0,0.0264844,0,0.0330909,0,0,0.756867,0,0,0,0.466269,3.86045,0.082059,1.54109,0,0,0.86176,0.0272348,0,0,0,-26.9397
"MtrElec",8,4,12,"",-24.2905,0,0,0,0.0264844,0,0.0330909,0,0,0.756867,0,0,0,0.431731,3.86045,0.0559493,1.55918,0,0.363982,0.020165,0.03761,0,0,0,-31.4361
"MtrElec",8,4,13,"",-25.6595,0,0,0,0.0264844,0,0.0330909,0,0,0.756867,0,0,0,0.362654,3.88662,0.0447594,1.57766,0,0.00851711,1.32501,0.0453914,0,0,0,-33.7265
"MtrElec",8,4,14,"",-26.0319,0,0,0,0.0264844,0,0.0330909,0,0,0.756867,0,0,0,0.362654,3.96745,0.0410295,1.56879,0,0.559643,0.439085,0.0415007,0,0,0,-33.8285
"MtrElec",8,4,15,"",-23.9984,0,0,0,0.0264844,0,0.0330909,0,0,0.756867,0,0,0,0.362654,4.09483,0.0410295,1.5516,0,0.185457,0.336868,0.0440945,0,0,0,-31.4313
"MtrElec",8,4,16,"",-18.9237,0,0,0,0.0264844,0,0.0330909,0,0,0.756867,0,0,0,0.449,4.19768,0.0447594,1.58083,0,0.142283,0.545039,0.0674386,0,0,0,-26.7671
"MtrElec",8,4,17,"",-8.39413,2.86668,0,0,0.0264844,0,0.0330909,0.768525,0,0.756867,0,0,0,0.535346,4.69409,0.0708691,1.68375,0,0.230208,0,0.149143,0,0,0,-20.2092
"MtrElec",8,4,18,"",7.96602,8.39134,0,0,0.0264844,0,0.0330909,2.36232,0,0.756867,0,0,0,0.759846,5.35218,0.138008,1.83825,0,0,0,0.250301,0,0,0,-11.9427
"MtrElec",8,4,19,"",16.5601,6.64271,0,0,0.0264844,0,0.0330909,1.92022,0,0.756867,0,0,0,1.45061,5.81682,0.182768,1.93161,1.27235,0,0,0.233441,0,0,0,-3.70691
"MtrElec",8,4,20,"",17.5863,4.45286,0,0,0,0,0.0330909,1.29993,0,0.756867,0,0,0,2.0205,6.13371,0.242447,1.8791,1.2028,0,0,0.127096,0,0,0,-0.562112
"MtrElec",8,4,21,"",15.0869,1.09739,0,0,0,0,0.0330909,0.321614,0,0.756867,0,0,0,1.95142,6.40322,0.339426,1.82287,0.54211,0,1.76438,0.0544696,0,0,0,0
"MtrElec",8,4,22,"",12.6318,0,0,0,0,0,0.0330909,0,0,0.756867,0,0,0,1.65785,6.38453,0.391645,1.76355,0.873087,0.74522,0,0.0259379,0,0,0,0
"MtrElec",8,4,23,"",10.6385,0,0,0,0,0,0.0330909,0,0,0.756867,0,0,0,1.08796,5.68639,0.339426,1.65895,1.06029,0,0,0.0155628,0,0,0,0
"MtrElec",8,4,24,"",8.16477,0,0,0,0,0,0.0330909,0,0,0.756867,0,0,0,0.6735,4.87062,0.234987,1.58273,0,0,0,0.012969,0,0,0,0
"MtrElec",8,5,1,"",6.80067,0,0,0,0,0,0.0330909,0,0,0.756867,0,0,0,0.397192,3.90778,0.171578,1.52768,0,0,0,0.00648448,0,0,0,0
"MtrElec",8,5,2,"",6.3089,0,0,0,0,0,0.0330909,0,0,0.756867,0,0,0,0.328115,3.54355,0.171578,1.47051,0,0,0,0.00518759,0,0,0,0
"MtrElec",8,5,3,"",6.05932,0,0,0,0,0,0.0330909,0,0,0.756867,0,0,0,0.259038,3.4031,0.171578,1.43046,0,0,0,0.00518759,0,0,0,0
"MtrElec",8,5,4,"",6.04651,0,0,0,0,0,0.0330909,0,0,0.756867,0,0,0,0.293577,3.37941,0.171578,1.4068,0,0,0,0.00518759,0,0,0,0
"MtrElec",8,5,5,"",5.95,0,0,0,0,0,0.0330909,0,0,0.756867,0,0,0,0.362654,3.22919,0.171578,1.39144,0,0,0,0.00518759,0,0,0,0
"MtrElec",8,5,6,"",6.422,0,0,0,0,0,0.0330909,0,0,0.756867,0,0,0,0.535346,3.47001,0.138008,1.47052,0,0,0,0.0181566,0,0,0,0
"MtrElec",8,5,7,"",7.52608,0,0,0,0,0,0.0330909,0,0,0.756867,0,0,0,0.725307,3.93213,0.130548,1.57903,0,0,0.882236,0.024641,0,0,0,-0.537773
"MtrElec",8,5,8,"",4.22607,0,0,0,0,0,0.0330909,0,0,0.756867,0,0,0,0.708038,4.24982,0.126818,1.66476,0,0.37263,0.881945,0.0324224,0,0,0,-4.60032
"MtrElec",8,5,9,"",-5.35615,0,0,0,0.0264844,0,0.0330909,0,0,0.756867,0,0,0,0.587154,4.01557,0.123088,1.63748,0,0.372507,0,0.0337193,0,0,0,-12.9421
"MtrElec",8,5,10,"",-13.9349,0,0,0,0.0264844,0,0.0330909,0,0,0.756867,0,0,0,0.500807,3.8262,0.104439,1.57664,0,0,0,0.0285317,0,0,0,-20.788
"MtrElec",8,5,11,"",-19.4334,0,0,0,0.0264844,0,0.0330909,0,0,0.756867,0,0,0,0.466269,3.86045,0.082059,1.55019,0,0,0.881985,0.0272348,0,0,0,-27.118
"MtrElec",8,5,12,"",-23.5495,0,0,0,0.0264844,0,0.0330909,0,0,0.756867,0,0,0,0.431731,3.86045,0.0559493,1.56864,0,0.372524,0.882056,0.03761,0,0,0,-31.5749
"MtrElec",8,5,13,"",-26.7337,0,0,0,0.0264844,0,0.0330909,0,0,0.756867,0,0,0,0.362654,3.88662,0.0447594,1.58399,0,0.372554,0,0.0453914,0,0,0,-33.8461
"MtrElec",8,5,14,"",-27.1652,0,0,0,0.0264844,0,0.0330909,0,0,0.756867,0,0,0,0.362654,3.96745,0.0410295,1.57489,0,0,0,0.0415007,0,0,0,-33.9692
"MtrElec",8,5,15,"",-24.6367,0,0,0,0.0264844,0,0.0330909,0,0,0.756867,0,0,0,0.362654,4.09483,0.0410295,1.55872,0,0,0.43918,0.0440945,0,0,0,-31.9936
"MtrElec",8,5,16,"",-18.5274,0,0,0,0.0264844,0,0.0330909,0,0,0.756867,0,0,0,0.449,4.19768,0.0447594,1.58892,1.26327,0.185496,0.442728,0.0674386,0,0,0,-27.5831
"MtrElec",8,5,17,"",-5.91156,4.34565,0,0,0.0264844,0,0.0330909,1.17345,0,0.756867,0,0,0,0.535346,4.69409,0.0708691,1.69019,1.21212,0.186995,0,0.149143,0,0,0,-20.7859
"MtrElec",8,5,18,"",9.67226,9.94904,0,0,0.0264844,0,0.0330909,2.74389,0,0.756867,0,0,0,0.759846,5.35218,0.138008,1.8413,0,0,0,0.250301,0,0,0,-12.1788
"MtrElec",8,5,19,"",20.2099,9.25026,0,0,0.0264844,0,0.0330909,2.59752,0,0.756867,0,0,0,1.45061,5.81682,0.182768,1.93318,0,0,1.55961,0.233441,0,0,0,-3.6308
"MtrElec",8,5,20,"",19.9665,6.54087,0,0,0,0,0.0330909,1.85934,0,0.756867,0,0,0,2.0205,6.13371,0.242447,1.87973,0,0.658732,0.204201,0.127096,0,0,0,-0.490091
"MtrElec",8,5,21,"",16.0446,3.56488,0,0,0,0,0.0330909,1.03206,0,0.756867,0,0,0,1.95142,6.40322,0.339426,1.82287,0,0.0862486,0,0.0544696,0,0,0,0
"MtrElec",8,5,22,"",13.4657,1.8976,0,0,0,0,0.0330909,0.549971,0,0.756867,0,0,0,1.65785,6.38453,0.391645,1.76826,0,0,0,0.0259379,0,0,0,0
"MtrElec",8,5,23,"",9.59322,0,0,0,0,0,0.0330909,0,0,0.756867,0,0,0,1.08796,5.68639,0.339426,1.67392,0,0,0,0.0155628,0,0,0,0
"MtrElec",8,5,24,"",8.79994,0.479599,0,0,0,0,0.0330909,0.135888,0,0.756867,0,0,0,0.6735,4.87062,0.234987,1.60242,0,0,0,0.012969,0,0,0,0
"MtrElec",8,6,1,"",7.11994,0.237558,0,0,0,0,0.0330909,0.0677082,0,0.756867,0,0,0,0.397192,3.90778,0.171578,1.54169,0,0,0,0.00648448,0,0,0,0
"MtrElec",8,6,2,"",6.31912,0.000423841,0,0,0,0,0.0330909,0.000121047,0,0.756867,0,0,0,0.328115,3.54355,0.171578,1.48018,0,0,0,0.00518759,0,0,0,0
"MtrElec",8,6,3,"",6.06862,0,0,0,0,0,0.0330909,0,0,0.756867,0,0,0,0.259038,3.4031,0.171578,1.43976,0,0,0,0.00518759,0,0,0,0
"MtrElec",8,6,4,"",6.055,0,0,0,0,0,0.0330909,0,0,0.756867,0,0,0,0.293577,3.37941,0.171578,1.41529,0,0,0,0.00518759,0,0,0,0
"MtrElec",8,6,5,"",5.95849,0,0,0,0,0,0.0330909,0,0,0.756867,0,0,0,0.362654,3.22919,0.171578,1.39993,0,0,0,0.00518759,0,0,0,0
"MtrElec",8,6,6,"",6.4308,0,0,0,0,0,0.0330909,0,0,0.756867,0,0,0,0.535346,3.47001,0.138008,1.47932,0,0,0,0.0181566,0,0,0,0
"MtrElec",8,6,7,"",6.61018,0,0,0,0,0,0.0330909,0,0,0.756867,0,0,0,0.725307,3.93213,0.130548,1.58504,0,0,0,0.024641,0,0,0,-0.577441
"MtrElec",8,6,8,"",2.936,0,0,0,0,0,0.0330909,0,0,0.756867,0,0,0,0.708038,4.24982,0.126818,1.66729,0,0,0,0.0324224,0,0,0,-4.63835
"MtrElec",8,6,9,"",-5.66046,0,0,0,0.0264844,0,0.0330909,0,0,0.756867,0,0,0,0.587154,4.01557,0.123088,1.63725,0,0,0.287278,0.0337193,0,0,0,-13.161
"MtrElec",8,6,10,"",-12.1375,0,0,0,0.0264844,0,0.0330909,0,0,0.756867,0,0,0,0.500807,3.8262,0.104439,1.57267,0,0.121338,1.95377,0.0285317,0,0,0,-21.0617
"MtrElec",8,6,11,"",-19.4851,0,0,0,0.0264844,0,0.0330909,0,0,0.756867,0,0,0,0.466269,3.86045,0.082059,1.54604,0,0.825215,0.405362,0.0272348,0,0,0,-27.5141
"MtrElec",8,6,12,"",-25.3521,0,0,0,0.0264844,0,0.0330909,0,0,0.756867,0,0,0,0.431731,3.86045,0.0559493,1.56568,0,0.171213,0,0.03761,0,0,0,-32.2912
"MtrElec",8,6,13,"",-27.7408,0,0,0,0.0264844,0,0.0330909,0,0,0.756867,0,0,0,0.362654,3.88662,0.0447594,1.58082,0,0,0,0.0453914,0,0,0,-34.4774
"MtrElec",8,6,14,"",-27.5921,0,0,0,0.0264844,0,0.0330909,0,0,0.756867,0,0,0,0.362654,3.96745,0.0410295,1.57137,0,0,0,0.0415007,0,0,0,-34.3926
"MtrElec",8,6,15,"",-25.1876,0,0,0,0.0264844,0,0.0330909,0,0,0.756867,0,0,0,0.362654,4.09483,0.0410295,1.55617,0,0,0,0.0440945,0,0,0,-32.1028
"MtrElec",8,6,16,"",-20.3259,0,0,0,0.0264844,0,0.0330909,0,0,0.756867,0,0,0,0.449,4.19768,0.0447594,1.58781,0,0,0,0.0674386,0,0,0,-27.489
"MtrElec",8,6,17,"",-6.17227,5.12608,0,0,0.0264844,0,0.0330909,1.35881,0,0.756867,0,0,0,0.535346,4.69409,0.0708691,1.69533,0,0,0,0.149143,0,0,0,-20.6184
"MtrElec",8,6,18,"",10.8912,10.8375,0,0,0.0264844,0,0.0330909,2.95555,0,0.756867,0,0,0,0.759846,5.35218,0.138008,1.84459,0,0,0,0.250301,0,0,0,-12.0632
"MtrElec",8,6,19,"",18.84,9.40143,0,0,0.0264844,0,0.0330909,2.61372,0,0.756867,0,0,0,1.45061,5.81682,0.182768,1.93328,0,0,0,0.233441,0,0,0,-3.60857
"MtrElec",8,6,20,"",22.617,7.34216,0,0,0,0,0.0330909,2.05408,0,0.756867,0,0,0,2.0205,6.13371,0.242447,1.87961,2.47539,0,0,0.127096,0,0,0,-0.44798
"MtrElec",8,6,21,"",17.1717,4.52415,0,0,0,0,0.0330909,1.28617,0,0.756867,0,0,0,1.95142,6.40322,0.339426,1.82287,0,0,0,0.0544696,0,0,0,0
"MtrElec",8,6,22,"",15.3952,3.27704,0,0,0,0,0.0330909,0.938204,0,0.756867,0,0,0,1.65785,6.38453,0.391645,1.76826,0,0,0.161806,0.0259379,0,0,0,0
"MtrElec",8,6,23,"",12.9407,2.21376,0,0,0,0,0.0330909,0.638721,0,0.756867,0,0,0,1.08796,5.68639,0.339426,1.67507,0,0.0683418,0.425533,0.0155628,0,0,0,0
"MtrElec",8,6,24,"",10.729,1.59776,0,0,0,0,0.0330909,0.461614,0,0.756867,0,0,0,0.6735,4.87062,0.234987,1.61297,0,0.179732,0.294889,0.012969,0,0,0,0
"MtrElec",8,7,1,"",8.13727,0.922636,0,0,0,0,0.0330909,0.266902,0,0.756867,0,0,0,0.397192,3.90778,0.171578,1.55019,0,0.124552,0,0.00648448,0,0,0,0
"MtrElec",8,7,2,"",9.11134,0.844523,0,0,0,0,0.0330909,0.244863,0,0.756867,0,0,0,0.328115,3.54355,0.171578,1.48593,1.69764,0,0,0.00518759,0,0,0,0
"MtrElec",8,7,3,"",7.24839,0.307,0,0,0,0,0.0330909,0.0891865,0,0.756867,0,0,0,0.259038,3.4031,0.171578,1.44543,0.777912,0,0,0.00518759,0,0,0,0
"MtrElec",8,7,4,"",6.0613,0,0,0,0,0,0.0330909,0,0,0.756867,0,0,0,0.293577,3.37941,0.171578,1.42159,0,0,0,0.00518759,0,0,0,0
"MtrElec",8,7,5,"",5.96665,0,0,0,0,0,0.0330909,0,0,0.756867,0,0,0,0.362654,3.22919,0.171578,1.40809,0,0,0,0.00518759,0,0,0,0
"MtrElec",8,7,6,"",6.44145,0,0,0,0,0,0.0330909,0,0,0.756867,0,0,0,0.535346,3.47001,0.138008,1.48997,0,0,0,0.0181566,0,0,0,0
"MtrElec",8,7,7,"",6.6467,0,0,0,0,0,0.0330909,0,0,0.756867,0,0,0,0.725307,3.93213,0.130548,1.5943,0,0,0,0.024641,0,0,0,-0.55019
"MtrElec",8,7,8,"",3.04021,0,0,0,0,0,0.0330909,0,0,0.756867,0,0,0,0.708038,4.24982,0.126818,1.67578,0,0,0,0.0324224,0,0,0,-4.54262
"MtrElec",8,7,9,"",-5.11034,0,0,0,0.0264844,0,0.0330909,0,0,0.756867,0,0,0,0.587154,4.01557,0.123088,1.64947,0,0,0.628229,0.0337193,0,0,0,-12.964
"MtrElec",8,7,10,"",-13.0631,0,0,0,0.0264844,0,0.0330909,0,0,0.756867,0,0,0,0.500807,3.8262,0.104439,1.59104,0,0.265345,0.730632,0.0285317,0,0,0,-20.9266
"MtrElec",8,7,11,"",-19.8347,0,0,0,0.0264844,0,0.0330909,0,0,0.756867,0,0,0,0.466269,3.86045,0.082059,1.56235,0,0.308597,0.405362,0.0272348,0,0,0,-27.3635
"MtrElec",8,7,12,"",-24.1819,0,0,0,0.0264844,0,0.0330909,0,0,0.756867,0,0,0,0.431731,3.86045,0.0559493,1.58038,0,0.171213,0.882056,0.03761,0,0,0,-32.0177
"MtrElec",8,7,13,"",-27.2145,0,0,0,0.0264844,0,0.0330909,0,0,0.756867,0,0,0,0.362654,3.88662,0.0447594,1.59446,0,0.372554,0,0.0453914,0,0,0,-34.3374
"MtrElec",8,7,14,"",-26.6756,0,0,0,0.0264844,0,0.0330909,0,0,0.756867,0,0,0,0.362654,3.96745,0.0410295,1.58599,0,0,0.881958,0.0415007,0,0,0,-34.3726
"MtrElec",8,7,15,"",-24.7322,0,0,0,0.0264844,0,0.0330909,0,0,0.756867,0,0,0,0.362654,4.09483,0.0410295,1.56829,0,0.372513,0,0.0440945,0,0,0,-32.032
"MtrElec",8,7,16,"",-19.0198,0,0,0,0.0264844,0,0.0330909,0,0,0.756867,0,0,0,0.449,4.19768,0.0447594,1.60149,1.26327,0,0,0.0674386,0,0,0,-27.4599
"MtrElec",8,7,17,"",-2.08302,7.29912,0,0,0.0264844,0,0.0330909,1.98026,0,0.756867,0,0,0,0.535346,4.69409,0.0708691,1.70884,1.21212,0,0,0.149143,0,0,0,-20.5493
"MtrElec",8,7,18,"",13.5273,12.836,0,0,0.0264844,0,0.0330909,3.53042,0,0.756867,0,0,0,0.759846,5.35218,0.138008,1.85373,0,0,0,0.250301,0,0,0,-12.0096
"MtrElec",8,7,19,"",23.4295,11.5584,0,0,0.0264844,0,0.0330909,3.24185,0,0.756867,0,0,0,1.45061,5.81682,0.182768,1.9381,1.71125,0,0,0.233441,0,0,0,-3.5202
"MtrElec",8,7,20,"",21.6072,7.8446,0,0,0,0,0.0330909,2.23839,0,0.756867,0,0,0,2.0205,6.13371,0.242447,1.88129,0.762762,0,0,0.127096,0,0,0,-0.433544
"MtrElec",8,7,21,"",17.8147,5.00592,0,0,0,0,0.0330909,1.44744,0,0.756867,0,0,0,1.95142,6.40322,0.339426,1.82287,0,0,0,0.0544696,0,0,0,0
"MtrElec",8,7,22,"",17.293,3.88024,0,0,0,0,0.0330909,1.12534,0,0.756867,0,0,0,1.65785,6.38453,0.391645,1.76826,1.26921,0,0,0.0259379,0,0,0,0
"MtrElec",8,7,23,"",13.9612,2.44744,0,0,0,0,0.0330909,0.713019,0,0.756867,0,0,0,1.08796,5.68639,0.339426,1.67507,1.20634,0,0,0.0155628,0,0,0,0
"MtrElec",8,7,24,"",9.89551,1.31636,0,0,0,0,0.0330909,0.383962,0,0.756867,0,0,0,0.6735,4.87062,0.234987,1.61315,0,0,0,0.012969,0,0,0,0
"MtrElec",8,8,1,"",9.91574,1.18604,0,0,0,0,0.0330909,0.345664,0,0.756867,0,0,0,0.397192,3.92086,0.171578,1.56634,1.53163,0,0,0.00648448,0,0,0,0
"MtrElec",8,8,2,"",8.18421,0.670045,0,0,0,0,0.0330909,0.195053,0,0.756867,0,0,0,0.328115,3.59257,0.171578,1.48827,0.94343,0,0,0.00518759,0,0,0,0
"MtrElec",8,8,3,"",6.2247,0.115098,0,0,0,0,0.0330909,0.0334264,0,0.756867,0,0,0,0.259038,3.39165,0.167848,1.46379,0,0,0,0.00389069,0,0,0,0
"MtrElec",8,8,4,"",6.06856,0,0,0,0,0,0.0330909,0,0,0.756867,0,0,0,0.293577,3.38105,0.167848,1.43223,0,0,0,0.00389069,0,0,0,0
"MtrElec",8,8,5,"",5.96111,0,0,0,0,0,0.0330909,0,0,0.756867,0,0,0,0.362654,3.21774,0.171578,1.41529,0,0,0,0.00389069,0,0,0,0
"MtrElec",8,8,6,"",6.37358,0,0,0,0,0,0.0330909,0,0,0.756867,0,0,0,0.535346,3.45857,0.167848,1.41538,0,0,0,0.00648448,0,0,0,0
"MtrElec",8,8,7,"",6.50747,0,0,0,0,0,0.0330909,0,0,0.756867,0,0,0,0.725307,3.84882,0.164118,1.47947,0,0,0,0.012969,0,0,0,-0.513177
"MtrElec",8,8,8,"",2.88729,0,0,0,0,0,0.0330909,0,0,0.756867,0,0,0,0.708038,4.15342,0.152928,1.56815,0,0,0,0.0350162,0,0,0,-4.52022
"MtrElec",8,8,9,"",-5.5838,0,0,0,0.0264844,0,0.0330909,0,0,0.756867,0,0,0,0.587154,3.99273,0.134278,1.66901,0,0,0,0.062251,0,0,0,-12.8457
"MtrElec",8,8,10,"",-13.9192,0,0,0,0.0264844,0,0.0330909,0,0,0.756867,0,0,0,0.500807,3.91119,0.111899,1.69164,0,0,0,0.062251,0,0,0,-21.0134
"MtrElec",8,8,11,"",-18.5105,0,0,0,0.0264844,0,0.0330909,0,0,0.756867,0,0,0,0.466269,3.96914,0.0895189,1.65999,0,0,2.12319,0.0596572,0,0,0,-27.6947
"MtrElec",8,8,12,"",-22.3844,0,0,0,0.0264844,0,0.0330909,0,0,0.756867,0,0,0,0.431731,3.89723,0.0596792,1.69898,0,0.896773,1.96911,0.0713293,0,0,0,-32.2257
"MtrElec",8,8,13,"",-25.5147,0,0,0,0.0264844,0,0.0330909,0,0,0.756867,0,0,0,0.362654,3.87602,0.0447594,1.74372,0,0.831695,1.20015,0.0817045,0,0,0,-34.4718
"MtrElec",8,8,14,"",-27.0357,0,0,0,0.0264844,0,0.0330909,0,0,0.756867,0,0,0,0.362654,3.99278,0.0410295,1.76828,0,0.506909,0,0.0765169,0,0,0,-34.6003
"MtrElec",8,8,15,"",-25.0902,0,0,0,0.0264844,0,0.0330909,0,0,0.756867,0,0,0,0.362654,4.17814,0.0410295,1.75579,0,0,0,0.0804076,0,0,0,-32.3247
"MtrElec",8,8,16,"",-20.0791,0,0,0,0.0264844,0,0.0330909,0,0,0.756867,0,0,0,0.449,4.38883,0.0447594,1.73692,0,0,0,0.088189,0,0,0,-27.6033
"MtrElec",8,8,17,"",-4.82639,6.04568,0,0,0.0264844,0,0.0330909,1.67519,0,0.756867,0,0,0,0.535346,4.87216,0.0708691,1.77745,0,0,0,0.118018,0,0,0,-20.7375
"MtrElec",8,8,18,"",13.3111,11.9992,0,0,0.0264844,0,0.0330909,3.36839,0,0.756867,0,0,0,0.759846,5.42325,0.141738,1.84198,0,0,0.882188,0.180269,0,0,0,-12.1022
"MtrElec",8,8,19,"",20.7155,10.5848,0,0,0.0264844,0,0.0330909,3.00597,0,0.756867,0,0,0,1.45061,5.80458,0.179038,1.88387,0,0.37261,0,0.1673,0,0,0,-3.54968
"MtrElec",8,8,20,"",20.2801,7.23749,0,0,0,0,0.0330909,2.08304,0,0.756867,0,0,0,2.0205,6.03731,0.223797,1.86025,0,0,0.328491,0.0933765,0,0,0,-0.394148
"MtrElec",8,8,21,"",18.0604,4.78576,0,0,0,0,0.0330909,1.39606,0,0.756867,0,0,0,1.95142,6.25945,0.309586,1.8343,0,0.138745,0.553615,0.0415007,0,0,0,0
"MtrElec",8,8,22,"",15.2761,3.2661,0,0,0,0,0.0330909,0.954148,0,0.756867,0,0,0,1.65785,6.22767,0.365535,1.76286,0,0.233831,0,0.0181566,0,0,0,0
"MtrElec",8,8,23,"",9.92034,0.320818,0,0,0,0,0.0330909,0.0935126,0,0.756867,0,0,0,1.08796,5.60224,0.317046,1.69714,0,0,0,0.0116721,0,0,0,0
"MtrElec",8,8,24,"",12.6976,1.66072,0,0,0,0,0.0330909,0.477167,0,0.756867,0,0,0,0.6735,4.76841,0.220067,1.62625,2.47507,0,0,0.00648448,0,0,0,0
"MtrElec",8,9,1,"",7.45282,0.468802,0,0,0,0,0.0330909,0.135936,0,0.756867,0,0,0,0.397192,3.92086,0.171578,1.56201,0,0,0,0.00648448,0,0,0,0
"MtrElec",8,9,2,"",6.49481,0.0946372,0,0,0,0,0.0330909,0.0274437,0,0.756867,0,0,0,0.328115,3.59257,0.171578,1.48532,0,0,0,0.00518759,0,0,0,0
"MtrElec",8,9,3,"",7.71956,0.139547,0,0,0,0,0.0330909,0.040439,0,0.756867,0,0,0,0.259038,3.39165,0.167848,1.46107,1.46611,0,0,0.00389069,0,0,0,0
"MtrElec",8,9,4,"",7.07523,0,0,0,0,0,0.0330909,0,0,0.756867,0,0,0,0.293577,3.38105,0.167848,1.42953,1.00937,0,0,0.00389069,0,0,0,0
"MtrElec",8,9,5,"",5.95778,0,0,0,0,0,0.0330909,0,0,0.756867,0,0,0,0.362654,3.21774,0.171578,1.41196,0,0,0,0.00389069,0,0,0,0
"MtrElec",8,9,6,"",6.36929,0,0,0,0,0,0.0330909,0,0,0.756867,0,0,0,0.535346,3.45857,0.167848,1.41109,0,0,0,0.00648448,0,0,0,0
"MtrElec",8,9,7,"",6.6356,0,0,0,0,0,0.0330909,0,0,0.756867,0,0,0,0.725307,3.84882,0.164118,1.47353,0,0,0.0967123,0.012969,0,0,0,-0.475805
"MtrElec",8,9,8,"",3.26397,0,0,0,0,0,0.0330909,0,0,0.756867,0,0,0,0.708038,4.15342,0.152928,1.56136,0,0.0408484,0.414573,0.0350162,0,0,0,-4.59217
"MtrElec",8,9,9,"",-5.5298,0,0,0,0.0264844,0,0.0330909,0,0,0.756867,0,0,0,0.587154,3.99273,0.134278,1.66497,0,0.175103,0.370832,0.062251,0,0,0,-13.3336
"MtrElec",8,9,10,"",-13.1986,0,0,0,0.0264844,0,0.0330909,0,0,0.756867,0,0,0,0.500807,3.91119,0.111899,1.68633,0,0.156629,1.20586,0.062251,0,0,0,-21.65
"MtrElec",8,9,11,"",-18.133,0,0,0,0.0264844,0,0.0330909,0,0,0.756867,0,0,0,0.466269,3.96914,0.0895189,1.65503,1.70637,0.509317,0.917491,0.0596572,0,0,0,-28.3222
"MtrElec",8,9,12,"",-21.621,0,0,0,0.0264844,0,0.0330909,0,0,0.756867,0,0,0,0.431731,3.89723,0.0596792,1.69349,3.24409,0.387521,0.523204,0.0713293,0,0,0,-32.7458
"MtrElec",8,9,13,"",-26.87,0,0,0,0.0264844,0,0.0330909,0,0,0.756867,0,0,0,0.362654,3.87602,0.0447594,1.73202,0,0.220986,0.882055,0.0817045,0,0,0,-34.8867
"MtrElec",8,9,14,"",-27.3882,0,0,0,0.0264844,0,0.0330909,0,0,0.756867,0,0,0,0.362654,3.99278,0.0410295,1.75193,0,0.372554,0,0.0765169,0,0,0,-34.8021
"MtrElec",8,9,15,"",-24.9064,0,0,0,0.0264844,0,0.0330909,0,0,0.756867,0,0,0,0.362654,4.17814,0.0410295,1.74062,0,0,0.287418,0.0804076,0,0,0,-32.4131
"MtrElec",8,9,16,"",-19.7239,0,0,0,0.0264844,0,0.0330909,0,0,0.756867,0,0,0,0.449,4.38883,0.0447594,1.73158,0,0.121397,0.5946,0.088189,0,0,0,-27.9587
"MtrElec",8,9,17,"",-5.20788,5.90988,0,0,0.0264844,0,0.0330909,1.60442,0,0.756867,0,0,0,0.535346,4.87216,0.0708691,1.77662,0,0.251141,0,0.118018,0,0,0,-21.1628
"MtrElec",8,9,18,"",12.7963,11.8057,0,0,0.0264844,0,0.0330909,3.29469,0,0.756867,0,0,0,0.759846,5.42325,0.141738,1.84005,0,0,0.882206,0.180269,0,0,0,-12.3478
"MtrElec",8,9,19,"",19.8427,9.57913,0,0,0.0264844,0,0.0330909,2.75078,0,0.756867,0,0,0,1.45061,5.80458,0.179038,1.88274,0,0.372617,0.408911,0.1673,0,0,0,-3.56943
"MtrElec",8,9,20,"",19.1876,6.1215,0,0,0,0,0.0330909,1.78905,0,0.756867,0,0,0,2.0205,6.03731,0.223797,1.8589,0,0.172712,0.473138,0.0933765,0,0,0,-0.392669
"MtrElec",8,9,21,"",15.7018,3.32904,0,0,0,0,0.0330909,0.986713,0,0.756867,0,0,0,1.95142,6.25945,0.309586,1.8343,0,0.199839,0,0.0415007,0,0,0,0
"MtrElec",8,9,22,"",10.8219,0,0,0,0,0,0.0330909,0,0,0.756867,0,0,0,1.65785,6.22767,0.365535,1.76271,0,0,0,0.0181566,0,0,0,0
"MtrElec",8,9,23,"",9.49896,0,0,0,0,0,0.0330909,0,0,0.756867,0,0,0,1.08796,5.60224,0.317046,1.69009,0,0,0,0.0116721,0,0,0,0
"MtrElec",8,9,24,"",8.07724,0,0,0,0,0,0.0330909,0,0,0.756867,0,0,0,0.6735,4.76841,0.220067,1.61882,0,0,0,0.00648448,0,0,0,0
"MtrElec",8,10,1,"",6.81068,0,0,0,0,0,0.0330909,0,0,0.756867,0,0,0,0.397192,3.90778,0.171578,1.5377,0,0,0,0.00648448,0,0,0,0
"MtrElec",8,10,2,"",6.31622,0,0,0,0,0,0.0330909,0,0,0.756867,0,0,0,0.328115,3.54355,0.171578,1.47782,0,0,0,0.00518759,0,0,0,0
"MtrElec",8,10,3,"",6.06573,0,0,0,0,0,0.0330909,0,0,0.756867,0,0,0,0.259038,3.4031,0.171578,1.43687,0,0,0,0.00518759,0,0,0,0
"MtrElec",8,10,4,"",6.05174,0,0,0,0,0,0.0330909,0,0,0.756867,0,0,0,0.293577,3.37941,0.171578,1.41203,0,0,0,0.00518759,0,0,0,0
"MtrElec",8,10,5,"",5.95451,0,0,0,0,0,0.0330909,0,0,0.756867,0,0,0,0.362654,3.22919,0.171578,1.39595,0,0,0,0.00518759,0,0,0,0
"MtrElec",8,10,6,"",6.42568,0,0,0,0,0,0.0330909,0,0,0.756867,0,0,0,0.535346,3.47001,0.138008,1.4742,0,0,0,0.0181566,0,0,0,0
"MtrElec",8,10,7,"",6.71185,0,0,0,0,0,0.0330909,0,0,0.756867,0,0,0,0.725307,3.93213,0.130548,1.58055,0,0,0,0.024641,0,0,0,-0.471282
"MtrElec",8,10,8,"",3.85803,0,0,0,0,0,0.0330909,0,0,0.756867,0,0,0,0.708038,4.24982,0.126818,1.66375,0,0,0.881945,0.0324224,0,0,0,-4.59472
"MtrElec",8,10,9,"",-3.30617,0,0,0,0.0264844,0,0.0330909,0,0,0.756867,0,0,0,0.587154,4.01557,0.123088,1.63627,1.26088,0.372507,1.16908,0.0337193,0,0,0,-13.3209
"MtrElec",8,10,10,"",-12.6372,0,0,0,0.0264844,0,0.0330909,0,0,0.756867,0,0,0,0.500807,3.8262,0.104439,1.57789,1.21459,0.493786,0.594891,0.0285317,0,0,0,-21.7947
"MtrElec",8,10,11,"",-20.7401,0,0,0,0.0264844,0,0.0330909,0,0,0.756867,0,0,0,0.466269,3.86045,0.082059,1.55115,0,0.251264,0.881985,0.0272348,0,0,0,-28.6769
"MtrElec",8,10,12,"",-26.3293,0,0,0,0.0264844,0,0.0330909,0,0,0.756867,0,0,0,0.431731,3.86045,0.0559493,1.5668,0,0.372524,0,0.03761,0,0,0,-33.4708
"MtrElec",8,10,13,"",-28.7811,0,0,0,0.0264844,0,0.0330909,0,0,0.756867,0,0,0,0.362654,3.88662,0.0447594,1.58023,0,0,0.412509,0.0453914,0,0,0,-35.9297
"MtrElec",8,10,14,"",-28.6633,0,0,0,0.0264844,0,0.0330909,0,0,0.756867,0,0,0,0.362654,3.96745,0.0410295,1.56847,0,0.174231,0.469537,0.0415007,0,0,0,-36.1046
"MtrElec",8,10,15,"",-26.1946,0,0,0,0.0264844,0,0.0330909,0,0,0.756867,0,0,0,0.362654,4.09483,0.0410295,1.55267,0,0.198319,0.336868,0.0440945,0,0,0,-33.6415
"MtrElec",8,10,16,"",-21.0339,0,0,0,0.0264844,0,0.0330909,0,0,0.756867,0,0,0,0.449,4.19768,0.0447594,1.58274,0,0.142283,0.545039,0.0674386,0,0,0,-28.8792
"MtrElec",8,10,17,"",-13.4312,0.145413,0,0,0.0264844,0,0.0330909,0.0391723,0,0.756867,0,0,0,0.535346,4.69409,0.0708691,1.68509,0,0.230208,0,0.149143,0,0,0,-21.797
"MtrElec",8,10,18,"",8.36459,8.93114,0,0,0.0264844,0,0.0330909,2.50773,0,0.756867,0,0,0,0.759846,5.35218,0.138008,1.83691,0,0,0.463257,0.250301,0,0,0,-12.6912
"MtrElec",8,10,19,"",17.5912,7.37678,0,0,0.0264844,0,0.0330909,2.12996,0,0.756867,0,0,0,1.45061,5.81682,0.182768,1.93104,0,0.195666,1.09662,0.233441,0,0,0,-3.63893
"MtrElec",8,10,20,"",18.3203,5.28529,0,0,0,0,0.0330909,1.54119,0,0.756867,0,0,0,2.0205,6.13371,0.242447,1.87907,0,0.46318,0.204201,0.127096,0,0,0,-0.366324
"MtrElec",8,10,21,"",14.7089,2.52005,0,0,0,0,0.0330909,0.74126,0,0.756867,0,0,0,1.95142,6.40322,0.339426,1.82287,0,0.0862486,0,0.0544696,0,0,0,0
"MtrElec",8,10,22,"",11.0177,0,0,0,0,0,0.0330909,0,0,0.756867,0,0,0,1.65785,6.38453,0.391645,1.7678,0,0,0,0.0259379,0,0,0,0
"MtrElec",8,10,23,"",9.58674,0,0,0,0,0,0.0330909,0,0,0.756867,0,0,0,1.08796,5.68639,0.339426,1.66744,0,0,0,0.0155628,0,0,0,0
"MtrElec",8,10,24,"",8.17748,0,0,0,0,0,0.0330909,0,0,0.756867,0,0,0,0.6735,4.87062,0.234987,1.59545,0,0,0,0.012969,0,0,0,0
"MtrElec",8,11,1,"",6.81118,0,0,0,0,0,0.0330909,0,0,0.756867,0,0,0,0.397192,3.90778,0.171578,1.5382,0,0,0,0.00648448,0,0,0,0
"MtrElec",8,11,2,"",6.31723,0,0,0,0,0,0.0330909,0,0,0.756867,0,0,0,0.328115,3.54355,0.171578,1.47884,0,0,0,0.00518759,0,0,0,0
"MtrElec",8,11,3,"",6.06763,0,0,0,0,0,0.0330909,0,0,0.756867,0,0,0,0.259038,3.4031,0.171578,1.43877,0,0,0,0.00518759,0,0,0,0
"MtrElec",8,11,4,"",6.05468,0,0,0,0,0,0.0330909,0,0,0.756867,0,0,0,0.293577,3.37941,0.171578,1.41497,0,0,0,0.00518759,0,0,0,0
"MtrElec",8,11,5,"",5.95918,0,0,0,0,0,0.0330909,0,0,0.756867,0,0,0,0.362654,3.22919,0.171578,1.40062,0,0,0,0.00518759,0,0,0,0
"MtrElec",8,11,6,"",6.43314,0,0,0,0,0,0.0330909,0,0,0.756867,0,0,0,0.535346,3.47001,0.138008,1.48166,0,0,0,0.0181566,0,0,0,0
"MtrElec",8,11,7,"",6.32068,0,0,0,0,0,0.0330909,0,0,0.756867,0,0,0,0.725307,3.93213,0.130548,1.58836,0,0,0,0.024641,0,0,0,-0.870266
"MtrElec",8,11,8,"",2.5515,0,0,0,0,0,0.0330909,0,0,0.756867,0,0,0,0.708038,4.24982,0.126818,1.67124,0,0,0,0.0324224,0,0,0,-5.02679
"MtrElec",8,11,9,"",-3.2482,0,0,0,0.0264844,0,0.0330909,0,0,0.756867,0,0,0,0.587154,4.01557,0.123088,1.64167,0,0,0,0.0337193,0,0,0,-10.4658
"MtrElec",8,11,10,"",-12.8478,0,0,0,0.0264844,0,0.0330909,0,0,0.756867,0,0,0,0.500807,3.8262,0.104439,1.57715,1.67419,0,0,0.0285317,0,0,0,-21.3756
"MtrElec",8,11,11,"",-18.7097,0,0,0,0.0264844,0,0.0330909,0,0,0.756867,0,0,0,0.466269,3.86045,0.082059,1.5473,2.97964,0,0.605934,0.0272348,0,0,0,-29.0951
"MtrElec",8,11,12,"",-26.0324,0,0,0,0.0264844,0,0.0330909,0,0,0.756867,0,0,0,0.431731,3.86045,0.0559493,1.56479,0.296245,0.255928,0.276015,0.03761,0,0,0,-33.6275
"MtrElec",8,11,13,"",-28.8355,0,0,0,0.0264844,0,0.0330909,0,0,0.756867,0,0,0,0.362654,3.88662,0.0447594,1.57672,0,0.116581,0.285975,0.0453914,0,0,0,-35.9707
"MtrElec",8,11,14,"",-28.7088,0,0,0,0.0264844,0,0.0330909,0,0,0.756867,0,0,0,0.362654,3.96745,0.0410295,1.56434,0,0.120787,0.596301,0.0415007,0,0,0,-36.2193
"MtrElec",8,11,15,"",-26.7106,0,0,0,0.0264844,0,0.0330909,0,0,0.756867,0,0,0,0.362654,4.09483,0.0410295,1.54811,0,0.25186,0,0.0440945,0,0,0,-33.8697
"MtrElec",8,11,16,"",-20.8865,0,0,0,0.0264844,0,0.0330909,0,0,0.756867,0,0,0,0.449,4.19768,0.0447594,1.5753,0,0,1.10107,0.0674386,0,0,0,-29.1382
"MtrElec",8,11,17,"",-12.2426,0,0,0,0.0264844,0,0.0330909,0,0,0.756867,0,0,0,0.535346,4.69409,0.0708691,1.67111,0,0.465061,1.31413,0.149143,0,0,0,-21.9588
"MtrElec",8,11,18,"",7.38466,7.22465,0,0,0.0264844,0,0.0330909,2.06367,0,0.756867,0,0,0,0.759846,5.35218,0.138008,1.82266,0,0.555049,1.11286,0.250301,0,0,0,-12.711
"MtrElec",8,11,19,"",13.5114,4.83301,0,0,0.0264844,0,0.0330909,1.41462,0,0.756867,0,0,0,1.45061,5.81682,0.182768,1.92274,0,0.47004,0,0.233441,0,0,0,-3.62911
"MtrElec",8,11,20,"",13.3383,1.93797,0,0,0,0,0.0330909,0.583194,0,0.756867,0,0,0,2.0205,6.13371,0.242447,1.87861,0,0,0,0.127096,0,0,0,-0.37519
"MtrElec",8,11,21,"",11.3598,0,0,0,0,0,0.0330909,0,0,0.756867,0,0,0,1.95142,6.40322,0.339426,1.82127,0,0,0,0.0544696,0,0,0,0
"MtrElec",8,11,22,"",12.2735,0,0,0,0,0,0.0330909,0,0,0.756867,0,0,0,1.65785,6.38453,0.391645,1.75437,1.26921,0,0,0.0259379,0,0,0,0
"MtrElec",8,11,23,"",10.778,0,0,0,0,0,0.0330909,0,0,0.756867,0,0,0,1.08796,5.68639,0.339426,1.65239,1.20634,0,0,0.0155628,0,0,0,0
"MtrElec",8,11,24,"",8.15844,0,0,0,0,0,0.0330909,0,0,0.756867,0,0,0,0.6735,4.87062,0.234987,1.57641,0,0,0,0.012969,0,0,0,0
"MtrElec",8,12,1,"",6.795,0,0,0,0,0,0.0330909,0,0,0.756867,0,0,0,0.397192,3.90778,0.171578,1.52201,0,0,0,0.00648448,0,0,0,0
"MtrElec",8,12,2,"",6.30366,0,0,0,0,0,0.0330909,0,0,0.756867,0,0,0,0.328115,3.54355,0.171578,1.46526,0,0,0,0.00518759,0,0,0,0
"MtrElec",8,12,3,"",6.05381,0,0,0,0,0,0.0330909,0,0,0.756867,0,0,0,0.259038,3.4031,0.171578,1.42495,0,0,0,0.00518759,0,0,0,0
"MtrElec",8,12,4,"",6.04095,0,0,0,0,0,0.0330909,0,0,0.756867,0,0,0,0.293577,3.37941,0.171578,1.40124,0,0,0,0.00518759,0,0,0,0
"MtrElec",8,12,5,"",5.94368,0,0,0,0,0,0.0330909,0,0,0.756867,0,0,0,0.362654,3.22919,0.171578,1.38511,0,0,0,0.00518759,0,0,0,0
"MtrElec",8,12,6,"",6.41437,0,0,0,0,0,0.0330909,0,0,0.756867,0,0,0,0.535346,3.47001,0.138008,1.46289,0,0,0,0.0181566,0,0,0,0
"MtrElec",8,12,7,"",6.28643,0,0,0,0,0,0.0330909,0,0,0.756867,0,0,0,0.725307,3.93213,0.130548,1.57285,0,0,0,0.024641,0,0,0,-0.888997
"MtrElec",8,12,8,"",2.31075,0,0,0,0,0,0.0330909,0,0,0.756867,0,0,0,0.708038,4.24982,0.126818,1.65707,0,0,0,0.0324224,0,0,0,-5.25338
"MtrElec",8,12,9,"",-1.67247,0,0,0,0.0264844,0,0.0330909,0,0,0.756867,0,0,0,0.587154,4.01557,0.123088,1.62354,0,0,0.287278,0.0337193,0,0,0,-9.15926
"MtrElec",8,12,10,"",-11.9038,0,0,0,0.0264844,0,0.0330909,0,0,0.756867,0,0,0,0.500807,3.8262,0.104439,1.55208,0.969916,0.121338,1.47669,0.0285317,0,0,0,-21.3003
"MtrElec",8,12,11,"",-18.436,0,0,0,0.0264844,0,0.0330909,0,0,0.756867,0,0,0,0.466269,3.86045,0.082059,1.52044,3.38714,0.623711,0,0.0272348,0,0,0,-29.2198
"MtrElec",8,12,12,"",-26.2426,0,0,0,0.0264844,0,0.0330909,0,0,0.756867,0,0,0,0.431731,3.86045,0.0559493,1.54134,0.59249,0,0,0.03761,0,0,0,-33.5786
"MtrElec",8,12,13,"",-29.3417,0,0,0,0.0264844,0,0.0330909,0,0,0.756867,0,0,0,0.362654,3.88662,0.0447594,1.56266,0,0,0,0.0453914,0,0,0,-36.0603
"MtrElec",8,12,14,"",-29.5938,0,0,0,0.0264844,0,0.0330909,0,0,0.756867,0,0,0,0.362654,3.96745,0.0410295,1.55377,0,0,0,0.0415007,0,0,0,-36.3766
"MtrElec",8,12,15,"",-27.0202,0,0,0,0.0264844,0,0.0330909,0,0,0.756867,0,0,0,0.362654,4.09483,0.0410295,1.53744,0,0,0,0.0440945,0,0,0,-33.9167
"MtrElec",8,12,16,"",-17.3298,0,0,0,0.0264844,0,0.0330909,0,0,0.756867,0,0,0,0.449,4.19768,0.0447594,1.56473,0,0,1.76433,0.0674386,0,0,0,-26.2341
"MtrElec",8,12,17,"",-9.70234,0,0,0,0.0264844,0,0.0330909,0,0,0.756867,0,0,0,0.535346,4.69409,0.0708691,1.66241,0,0.745198,1.76385,0.149143,0,0,0,-20.1397
"MtrElec",8,12,18,"",6.92235,6.28998,0,0,0.0264844,0,0.0330909,1.79675,0,0.756867,0,0,0,0.759846,5.35218,0.138008,1.81572,0,0.744997,1.7641,0.250301,0,0,0,-12.806
"MtrElec",8,12,19,"",12.1478,3.55375,0,0,0.0264844,0,0.0330909,1.03731,0,0.756867,0,0,0,1.45061,5.81682,0.182768,1.91629,0,0.745102,0,0.233441,0,0,0,-3.60478
"MtrElec",8,12,20,"",10.8315,0,0,0,0,0,0.0330909,0,0,0.756867,0,0,0,2.0205,6.13371,0.242447,1.87382,0,0,0,0.127096,0,0,0,-0.356001
"MtrElec",8,12,21,"",11.3465,0,0,0,0,0,0.0330909,0,0,0.756867,0,0,0,1.95142,6.40322,0.339426,1.80797,0,0,0,0.0544696,0,0,0,0
"MtrElec",8,12,22,"",10.9916,0,0,0,0,0,0.0330909,0,0,0.756867,0,0,0,1.65785,6.38453,0.391645,1.74172,0,0,0,0.0259379,0,0,0,0
"MtrElec",8,12,23,"",9.56177,0,0,0,0,0,0.0330909,0,0,0.756867,0,0,0,1.08796,5.68639,0.339426,1.64247,0,0,0,0.0155628,0,0,0,0
"MtrElec",8,12,24,"",8.14881,0,0,0,0,0,0.0330909,0,0,0.756867,0,0,0,0.6735,4.87062,0.234987,1.56677,0,0,0,0.012969,0,0,0,0
"MtrElec",8,13,1,"",6.78756,0,0,0,0,0,0.0330909,0,0,0.756867,0,0,0,0.397192,3.90778,0.171578,1.51457,0,0,0,0.00648448,0,0,0,0
"MtrElec",8,13,2,"",6.29748,0,0,0,0,0,0.0330909,0,0,0.756867,0,0,0,0.328115,3.54355,0.171578,1.45909,0,0,0,0.00518759,0,0,0,0
"MtrElec",8,13,3,"",6.04809,0,0,0,0,0,0.0330909,0,0,0.756867,0,0,0,0.259038,3.4031,0.171578,1.41923,0,0,0,0.00518759,0,0,0,0
"MtrElec",8,13,4,"",6.03603,0,0,0,0,0,0.0330909,0,0,0.756867,0,0,0,0.293577,3.37941,0.171578,1.39632,0,0,0,0.00518759,0,0,0,0
"MtrElec",8,13,5,"",5.93899,0,0,0,0,0,0.0330909,0,0,0.756867,0,0,0,0.362654,3.22919,0.171578,1.38042,0,0,0,0.00518759,0,0,0,0
"MtrElec",8,13,6,"",6.40969,0,0,0,0,0,0.0330909,0,0,0.756867,0,0,0,0.535346,3.47001,0.138008,1.45821,0,0,0,0.0181566,0,0,0,0
"MtrElec",8,13,7,"",6.77687,0,0,0,0,0,0.0330909,0,0,0.756867,0,0,0,0.725307,3.93213,0.130548,1.56976,0,0,0,0.024641,0,0,0,-0.395481
"MtrElec",8,13,8,"",3.07486,0,0,0,0,0,0.0330909,0,0,0.756867,0,0,0,0.708038,4.24982,0.126818,1.65728,0,0,0,0.0324224,0,0,0,-4.48948
"MtrElec",8,13,9,"",-3.79636,0,0,0,0.0264844,0,0.0330909,0,0,0.756867,0,0,0,0.587154,4.01557,0.123088,1.62485,0,0,0,0.0337193,0,0,0,-10.9972
"MtrElec",8,13,10,"",-9.84012,0,0,0,0.0264844,0,0.0330909,0,0,0.756867,0,0,0,0.500807,3.8262,0.104439,1.55235,0.484958,0,0,0.0285317,0,0,0,-17.1538
"MtrElec",8,13,11,"",-15.7855,0,0,0,0.0264844,0,0.0330909,0,0,0.756867,0,0,0,0.466269,3.86045,0.082059,1.52039,1.69357,0,0,0.0272348,0,0,0,-24.2519
"MtrElec",8,13,12,"",-23.8895,0,0,0,0.0264844,0,0.0330909,0,0,0.756867,0,0,0,0.431731,3.86045,0.0559493,1.53804,0.296245,0,0.882064,0.03761,0,0,0,-31.808
"MtrElec",8,13,13,"",-24.5487,0,0,0,0.0264844,0,0.0330909,0,0,0.756867,0,0,0,0.362654,3.88662,0.0447594,1.55716,0,0.372558,0.285975,0.0453914,0,0,0,-31.9203
"MtrElec",8,13,14,"",-25.0742,0,0,0,0.0264844,0,0.0330909,0,0,0.756867,0,0,0,0.362654,3.96745,0.0410295,1.54559,0,0.120787,0.596301,0.0415007,0,0,0,-32.566
"MtrElec",8,13,15,"",-24.9036,0,0,0,0.0264844,0,0.0330909,0,0,0.756867,0,0,0,0.362654,4.09483,0.0410295,1.53579,0,0.25186,0,0.0440945,0,0,0,-32.0503
"MtrElec",8,13,16,"",-17.7281,0,0,0,0.0264844,0,0.0330909,0,0,0.756867,0,0,0,0.449,4.19768,0.0447594,1.5655,1.26327,0,0.882163,0.0674386,0,0,0,-27.0144
"MtrElec",8,13,17,"",-8.64015,0,0,0,0.0264844,0,0.0330909,0,0,0.756867,0,0,0,0.535346,4.69409,0.0708691,1.66486,1.21212,0.372599,0.881924,0.149143,0,0,0,-19.0375
"MtrElec",8,13,18,"",6.48097,5.28853,0,0,0.0264844,0,0.0330909,1.4677,0,0.756867,0,0,0,0.759846,5.35218,0.138008,1.82228,0,0.372498,0.882049,0.250301,0,0,0,-10.6689
"MtrElec",8,13,19,"",12.3866,3.75155,0,0,0.0264844,0,0.0330909,1.05829,0,0.756867,0,0,0,1.45061,5.81682,0.182768,1.92257,0,0.372551,0,0.233441,0,0,0,-3.2185
"MtrElec",8,13,20,"",15.7251,3.07865,0,0,0,0,0.0330909,0.872437,0,0.756867,0,0,0,2.0205,6.13371,0.242447,1.87876,0.979429,0,0,0.127096,0,0,0,-0.3979
"MtrElec",8,13,21,"",14.2381,1.07606,0,0,0,0,0.0330909,0.304632,0,0.756867,0,0,0,1.95142,6.40322,0.339426,1.82287,1.49601,0,0,0.0544696,0,0,0,0
"MtrElec",8,13,22,"",11.0157,0,0,0,0,0,0.0330909,0,0,0.756867,0,0,0,1.65785,6.38453,0.391645,1.76578,0,0,0,0.0259379,0,0,0,0
"MtrElec",8,13,23,"",9.58458,0,0,0,0,0,0.0330909,0,0,0.756867,0,0,0,1.08796,5.68639,0.339426,1.66528,0,0,0,0.0155628,0,0,0,0
"MtrElec",8,13,24,"",8.17643,0,0,0,0,0,0.0330909,0,0,0.756867,0,0,0,0.6735,4.87062,0.234987,1.5944,0,0,0,0.012969,0,0,0,0
"MtrElec",8,14,1,"",6.81023,0,0,0,0,0,0.0330909,0,0,0.756867,0,0,0,0.397192,3.90778,0.171578,1.53724,0,0,0,0.00648448,0,0,0,0
"MtrElec",8,14,2,"",6.31632,0,0,0,0,0,0.0330909,0,0,0.756867,0,0,0,0.328115,3.54355,0.171578,1.47793,0,0,0,0.00518759,0,0,0,0
"MtrElec",8,14,3,"",6.06676,0,0,0,0,0,0.0330909,0,0,0.756867,0,0,0,0.259038,3.4031,0.171578,1.4379,0,0,0,0.00518759,0,0,0,0
"MtrElec",8,14,4,"",6.05384,0,0,0,0,0,0.0330909,0,0,0.756867,0,0,0,0.293577,3.37941,0.171578,1.41413,0,0,0,0.00518759,0,0,0,0
"MtrElec",8,14,5,"",5.95817,0,0,0,0,0,0.0330909,0,0,0.756867,0,0,0,0.362654,3.22919,0.171578,1.39961,0,0,0,0.00518759,0,0,0,0
"MtrElec",8,14,6,"",6.43174,0,0,0,0,0,0.0330909,0,0,0.756867,0,0,0,0.535346,3.47001,0.138008,1.48025,0,0,0,0.0181566,0,0,0,0
"MtrElec",8,14,7,"",6.74427,0,0,0,0,0,0.0330909,0,0,0.756867,0,0,0,0.725307,3.93213,0.130548,1.58694,0,0,0,0.024641,0,0,0,-0.445258
"MtrElec",8,14,8,"",3.01913,0,0,0,0,0,0.0330909,0,0,0.756867,0,0,0,0.708038,4.24982,0.126818,1.66999,0,0,0,0.0324224,0,0,0,-4.55792
"MtrElec",8,14,9,"",-5.07978,0,0,0,0.0264844,0,0.0330909,0,0,0.756867,0,0,0,0.587154,4.01557,0.123088,1.64156,0,0,0.287278,0.0337193,0,0,0,-12.5846
"MtrElec",8,14,10,"",-12.9457,0,0,0,0.0264844,0,0.0330909,0,0,0.756867,0,0,0,0.500807,3.8262,0.104439,1.58141,0,0.121338,0.594891,0.0285317,0,0,0,-20.5197
"MtrElec",8,14,11,"",-19.8969,0,0,0,0.0264844,0,0.0330909,0,0,0.756867,0,0,0,0.466269,3.86045,0.082059,1.55364,0,0.251264,0,0.0272348,0,0,0,-26.9542
"MtrElec",8,14,12,"",-24.498,0,0,0,0.0264844,0,0.0330909,0,0,0.756867,0,0,0,0.431731,3.86045,0.0559493,1.57288,0,0,0,0.03761,0,0,0,-31.2731
"MtrElec",8,14,13,"",-21.7612,0,0,0,0.0264844,0,0.0330909,0,0,0.756867,0,0,0,0.362654,3.88662,0.0447594,1.58754,0,0,0,0.0453914,0,0,0,-28.5046
"MtrElec",8,14,14,"",-20.8634,0,0,0,0.0264844,0,0.0330909,0,0,0.756867,0,0,0,0.362654,3.96745,0.0410295,1.57855,0,0,0.881958,0.0415007,0,0,0,-28.553
"MtrElec",8,14,15,"",-19.9271,0,0,0,0.0264844,0,0.0330909,0,0,0.756867,0,0,0,0.362654,4.09483,0.0410295,1.56349,0,0.372513,0.336868,0.0440945,0,0,0,-27.559
"MtrElec",8,14,16,"",-15.8086,0,0,0,0.0264844,0,0.0330909,0,0,0.756867,0,0,0,0.449,4.19768,0.0447594,1.59499,0,0.142283,0.545039,0.0674386,0,0,0,-23.6663
"MtrElec",8,14,17,"",1.08832,5.11744,0,0,0.0264844,0,0.0330909,1.38245,0,0.756867,0,0,0,0.535346,4.69409,0.0708691,1.69844,0,0.230208,0,0.149143,0,0,0,-13.6061
"MtrElec",8,14,18,"",16.474,10.5495,0,0,0.0264844,0,0.0330909,2.96121,0,0.756867,0,0,0,0.759846,5.35218,0.138008,1.8469,0,0,0,0.250301,0,0,0,-6.20038
"MtrElec",8,14,19,"",19.2067,6.99092,0,0,0,0,0.0330909,2.00773,0,0.756867,0,0,0,1.45061,5.81682,0.182768,1.93274,1.71125,0,0,0.233441,0,0,0,-1.90955
"MtrElec",8,14,20,"",18.218,5.06445,0,0,0,0,0.0330909,1.45004,0,0.756867,0,0,0,2.0205,6.13371,0.242447,1.87909,0.762762,0,0,0.127096,0,0,0,-0.25204
"MtrElec",8,14,21,"",16.1222,3.69854,0,0,0,0,0.0330909,1.0623,0,0.756867,0,0,0,1.95142,6.40322,0.339426,1.82287,0,0,0,0.0544696,0,0,0,0
"MtrElec",8,14,22,"",16.092,2.9558,0,0,0,0,0.0330909,0.848788,0,0.756867,0,0,0,1.65785,6.38453,0.391645,1.76826,1.26921,0,0,0.0259379,0,0,0,0
"MtrElec",8,14,23,"",12.3271,1.1849,0,0,0,0,0.0330909,0.341536,0,0.756867,0,0,0,1.08796,5.68639,0.339426,1.67507,1.20634,0,0,0.0155628,0,0,0,0
"MtrElec",8,14,24,"",9.56206,1.0647,0,0,0,0,0.0330909,0.303013,0,0.756867,0,0,0,0.6735,4.87062,0.234987,1.61232,0,0,0,0.012969,0,0,0,0
"MtrElec",8,15,1,"",7.56174,0.553646,0,0,0,0,0.0330909,0.157787,0,0.756867,0,0,0,0.397192,3.92086,0.171578,1.56423,0,0,0,0.00648448,0,0,0,0
"MtrElec",8,15,2,"",6.64917,0.214242,0,0,0,0,0.0330909,0.0608846,0,0.756867,0,0,0,0.328115,3.59257,0.171578,1.48663,0,0,0,0.00518759,0,0,0,0
"MtrElec",8,15,3,"",6.08089,0.00480343,0,0,0,0,0.0330909,0.00136036,0,0.756867,0,0,0,0.259038,3.39165,0.167848,1.46233,0,0,0,0.00389069,0,0,0,0
"MtrElec",8,15,4,"",6.06721,0,0,0,0,0,0.0330909,0,0,0.756867,0,0,0,0.293577,3.38105,0.167848,1.43089,0,0,0,0.00389069,0,0,0,0
"MtrElec",8,15,5,"",5.95947,0,0,0,0,0,0.0330909,0,0,0.756867,0,0,0,0.362654,3.21774,0.171578,1.41365,0,0,0,0.00389069,0,0,0,0
"MtrElec",8,15,6,"",6.37215,0,0,0,0,0,0.0330909,0,0,0.756867,0,0,0,0.535346,3.45857,0.167848,1.41394,0,0,0,0.00648448,0,0,0,0
"MtrElec",8,15,7,"",7.21518,0,0,0,0,0,0.0330909,0,0,0.756867,0,0,0,0.725307,3.84882,0.164118,1.47836,0,0,0.600512,0.012969,0,0,0,-0.404862
"MtrElec",8,15,8,"",4.35507,0,0,0,0,0,0.0330909,0,0,0.756867,0,0,0,0.708038,4.15342,0.152928,1.56604,0,0.253638,1.18322,0.0350162,0,0,0,-4.48718
"MtrElec",8,15,9,"",-4.02961,0,0,0,0.0264844,0,0.0330909,0,0,0.756867,0,0,0,0.587154,3.99273,0.134278,1.66808,0,0.499755,0.86282,0.062251,0,0,0,-12.6531
"MtrElec",8,15,10,"",-12.9191,0,0,0,0.0264844,0,0.0330909,0,0,0.756867,0,0,0,0.500807,3.91119,0.111899,1.69266,0,0.36443,0.323682,0.062251,0,0,0,-20.7024
"MtrElec",8,15,11,"",-17.2738,0,0,0,0.0264844,0,0.0330909,0,0,0.756867,0,0,0,0.466269,3.96914,0.0895189,1.66088,0,0.136714,2.89741,0.0596572,0,0,0,-27.3698
"MtrElec",8,15,12,"",-23.2636,0,0,0,0.0264844,0,0.0330909,0,0,0.756867,0,0,0,0.431731,3.89723,0.0596792,1.69808,0,1.22378,0.307569,0.0713293,0,0,0,-31.7694
"MtrElec",8,15,13,"",-25.537,0,0,0,0.0264844,0,0.0330909,0,0,0.756867,0,0,0,0.362654,3.87602,0.0447594,1.73652,1.21676,0.129908,0,0.0817045,0,0,0,-33.8018
"MtrElec",8,15,14,"",-25.6854,0,0,0,0.0264844,0,0.0330909,0,0,0.756867,0,0,0,0.362654,3.99278,0.0410295,1.75512,1.25715,0,0,0.0765169,0,0,0,-33.987
"MtrElec",8,15,15,"",-24.1657,0,0,0,0.0264844,0,0.0330909,0,0,0.756867,0,0,0,0.362654,4.17814,0.0410295,1.74113,0,0,0.504077,0.0804076,0,0,0,-31.8896
"MtrElec",8,15,16,"",-18.4731,0,0,0,0.0264844,0,0.0330909,0,0,0.756867,0,0,0,0.449,4.38883,0.0447594,1.72766,0,0.212907,0.867945,0.088189,0,0,0,-27.0688
"MtrElec",8,15,17,"",-6.06607,3.52472,0,0,0.0264844,0,0.0330909,0.956612,0,0.756867,0,0,0,0.535346,4.87216,0.0708691,1.76703,0,0.366594,0.875203,0.118018,0,0,0,-19.9691
"MtrElec",8,15,18,"",15.2343,12.2127,0,0,0.0264844,0,0.0330909,3.42783,0,0.756867,0,0,0,0.759846,5.42325,0.141738,1.83897,0,0.36966,1.28077,0.180269,0,0,0,-11.2171
"MtrElec",8,15,19,"",17.7612,7.92839,0,0,0.0264844,0,0.0330909,2.29484,0,0.756867,0,0,0,1.45061,5.80458,0.179038,1.88243,0,0.540961,0,0.1673,0,0,0,-3.3034
"MtrElec",8,15,20,"",17.3255,4.1519,0,0,0,0,0.0330909,1.21691,0,0.756867,0,0,0,2.0205,6.03731,0.223797,1.85847,1.24133,0,0,0.0933765,0,0,0,-0.308031
"MtrElec",8,15,21,"",12.4186,0,0,0,0,0,0.0330909,0,0,0.756867,0,0,0,1.95142,6.25945,0.309586,1.83412,1.23252,0,0,0.0415007,0,0,0,0
"MtrElec",8,15,22,"",11.699,0,0,0,0,0,0.0330909,0,0,0.756867,0,0,0,1.65785,6.22767,0.365535,1.75785,0,0,0.881966,0.0181566,0,0,0,0
"MtrElec",8,15,23,"",9.86448,0,0,0,0,0,0.0330909,0,0,0.756867,0,0,0,1.08796,5.60224,0.317046,1.68309,0,0.372516,0,0.0116721,0,0,0,0
"MtrElec",8,15,24,"",8.07401,0,0,0,0,0,0.0330909,0,0,0.756867,0,0,0,0.6735,4.76841,0.220067,1.6156,0,0,0,0.00648448,0,0,0,0
"MtrElec",8,16,1,"",6.83762,0,0,0,0,0,0.0330909,0,0,0.756867,0,0,0,0.397192,3.92086,0.171578,1.55155,0,0,0,0.00648448,0,0,0,0
"MtrElec",8,16,2,"",6.36536,0,0,0,0,0,0.0330909,0,0,0.756867,0,0,0,0.328115,3.59257,0.171578,1.47795,0,0,0,0.00518759,0,0,0,0
"MtrElec",8,16,3,"",8.99895,0,0,0,0,0,0.0330909,0,0,0.756867,0,0,0,0.259038,3.39165,0.167848,1.45433,2.93223,0,0,0.00389069,0,0,0,0
"MtrElec",8,16,4,"",8.07945,0,0,0,0,0,0.0330909,0,0,0.756867,0,0,0,0.293577,3.38105,0.167848,1.42437,2.01875,0,0,0.00389069,0,0,0,0
"MtrElec",8,16,5,"",5.95377,0,0,0,0,0,0.0330909,0,0,0.756867,0,0,0,0.362654,3.21774,0.171578,1.40795,0,0,0,0.00389069,0,0,0,0
"MtrElec",8,16,6,"",6.36666,0,0,0,0,0,0.0330909,0,0,0.756867,0,0,0,0.535346,3.45857,0.167848,1.40845,0,0,0,0.00648448,0,0,0,0
"MtrElec",8,16,7,"",6.40274,0,0,0,0,0,0.0330909,0,0,0.756867,0,0,0,0.725307,3.84882,0.164118,1.47257,0,0,0,0.012969,0,0,0,-0.61101
"MtrElec",8,16,8,"",3.05932,0,0,0,0,0,0.0330909,0,0,0.756867,0,0,0,0.708038,4.15342,0.152928,1.5606,0,0,0,0.0350162,0,0,0,-4.34065
"MtrElec",8,16,9,"",0.916698,0,0,0,0.0264844,0,0.0330909,0,0,0.756867,0,0,0,0.587154,3.99273,0.134278,1.66199,0,0,0,0.062251,0,0,0,-6.33814
"MtrElec",8,16,10,"",-10.0187,0,0,0,0.0264844,0,0.0330909,0,0,0.756867,0,0,0,0.500807,3.91119,0.111899,1.67664,0,0,2.15811,0.062251,0,0,0,-19.256
"MtrElec",8,16,11,"",-17.1233,0,0,0,0.0264844,0,0.0330909,0,0,0.756867,0,0,0,0.466269,3.96914,0.0895189,1.64402,0,0.911521,1.94506,0.0596572,0,0,0,-27.025
"MtrElec",8,16,12,"",-23.5288,0,0,0,0.0264844,0,0.0330909,0,0,0.756867,0,0,0,0.431731,3.89723,0.0596792,1.68751,0,0.821535,0.307569,0.0713293,0,0,0,-31.6218
"MtrElec",8,16,13,"",-27.1146,0,0,0,0.0264844,0,0.0330909,0,0,0.756867,0,0,0,0.362654,3.87602,0.0447594,1.72818,0,0.129908,0,0.0817045,0,0,0,-34.1543
"MtrElec",8,16,14,"",-27.237,0,0,0,0.0264844,0,0.0330909,0,0,0.756867,0,0,0,0.362654,3.99278,0.0410295,1.74611,0,0,0,0.0765169,0,0,0,-34.2726
"MtrElec",8,16,15,"",-22.9176,0,0,0,0.0264844,0,0.0330909,0,0,0.756867,0,0,0,0.362654,4.17814,0.0410295,1.72991,0,0,1.76411,0.0804076,0,0,0,-31.8903
"MtrElec",8,16,16,"",-18.8478,0,0,0,0.0264844,0,0.0330909,0,0,0.756867,0,0,0,0.449,4.38883,0.0447594,1.71924,0,0.745107,0,0.088189,0,0,0,-27.0994
"MtrElec",8,16,17,"",-11.9776,0,0,0,0.0264844,0,0.0330909,0,0,0.756867,0,0,0,0.535346,4.87216,0.0708691,1.75795,0,0,0,0.118018,0,0,0,-20.1484
"MtrElec",8,16,18,"",11.2815,8.64168,0,0,0.0264844,0,0.0330909,2.44143,0,0.756867,0,0,0,0.759846,5.42325,0.141738,1.82945,2.47509,0,0,0.180269,0,0,0,-11.4277
"MtrElec",8,16,19,"",15.8567,6.11101,0,0,0.0264844,0,0.0330909,1.76768,0,0.756867,0,0,0,1.45061,5.80458,0.179038,1.8798,0,0,0.882107,0.1673,0,0,0,-3.20184
"MtrElec",8,16,20,"",16.968,4.359,0,0,0,0,0.0330909,1.26915,0,0.756867,0,0,0,2.0205,6.03731,0.223797,1.85844,0,0.372576,0.102667,0.0933765,0,0,0,-0.15875
"MtrElec",8,16,21,"",13.5644,1.20313,0,0,0,0,0.0330909,0.352258,0,0.756867,0,0,0,1.95142,6.25945,0.309586,1.8343,0,0.0433635,0.779442,0.0415007,0,0,0,0
"MtrElec",8,16,22,"",12.0314,0,0,0,0,0,0.0330909,0,0,0.756867,0,0,0,1.65785,6.22767,0.365535,1.76106,0,0.329213,0.881966,0.0181566,0,0,0,0
"MtrElec",8,16,23,"",9.86904,0,0,0,0,0,0.0330909,0,0,0.756867,0,0,0,1.08796,5.60224,0.317046,1.68765,0,0.372516,0,0.0116721,0,0,0,0
"MtrElec",8,16,24,"",8.07758,0,0,0,0,0,0.0330909,0,0,0.756867,0,0,0,0.6735,4.76841,0.220067,1.61917,0,0,0,0.00648448,0,0,0,0
"MtrElec",8,17,1,"",6.81176,0,0,0,0,0,0.0330909,0,0,0.756867,0,0,0,0.397192,3.90778,0.171578,1.53877,0,0,0,0.00648448,0,0,0,0
"MtrElec",8,17,2,"",6.31768,0,0,0,0,0,0.0330909,0,0,0.756867,0,0,0,0.328115,3.54355,0.171578,1.47929,0,0,0,0.00518759,0,0,0,0
"MtrElec",8,17,3,"",6.06841,0,0,0,0,0,0.0330909,0,0,0.756867,0,0,0,0.259038,3.4031,0.171578,1.43955,0,0,0,0.00518759,0,0,0,0
"MtrElec",8,17,4,"",6.05586,0,0,0,0,0,0.0330909,0,0,0.756867,0,0,0,0.293577,3.37941,0.171578,1.41615,0,0,0,0.00518759,0,0,0,0
"MtrElec",8,17,5,"",5.96102,0,0,0,0,0,0.0330909,0,0,0.756867,0,0,0,0.362654,3.22919,0.171578,1.40245,0,0,0,0.00518759,0,0,0,0
"MtrElec",8,17,6,"",6.43604,0,0,0,0,0,0.0330909,0,0,0.756867,0,0,0,0.535346,3.47001,0.138008,1.48456,0,0,0,0.0181566,0,0,0,0
"MtrElec",8,17,7,"",6.79161,0,0,0,0,0,0.0330909,0,0,0.756867,0,0,0,0.725307,3.93213,0.130548,1.59138,0,0,0,0.024641,0,0,0,-0.402346
"MtrElec",8,17,8,"",3.32135,0,0,0,0,0,0.0330909,0,0,0.756867,0,0,0,0.708038,4.24982,0.126818,1.67461,0,0,0,0.0324224,0,0,0,-4.26031
"MtrElec",8,17,9,"",-5.31644,0,0,0,0.0264844,0,0.0330909,0,0,0.756867,0,0,0,0.587154,4.01557,0.123088,1.64596,0,0,0,0.0337193,0,0,0,-12.5384
"MtrElec",8,17,10,"",-14.5863,0,0,0,0.0264844,0,0.0330909,0,0,0.756867,0,0,0,0.500807,3.8262,0.104439,1.58247,0,0,0,0.0285317,0,0,0,-21.4451
"MtrElec",8,17,11,"",-21.5264,0,0,0,0.0264844,0,0.0330909,0,0,0.756867,0,0,0,0.466269,3.86045,0.082059,1.54979,0,0,0,0.0272348,0,0,0,-28.3287
"MtrElec",8,17,12,"",-26.2808,0,0,0,0.0264844,0,0.0330909,0,0,0.756867,0,0,0,0.431731,3.86045,0.0559493,1.56216,0,0,0,0.03761,0,0,0,-33.0451
"MtrElec",8,17,13,"",-28.6123,0,0,0,0.0264844,0,0.0330909,0,0,0.756867,0,0,0,0.362654,3.88662,0.0447594,1.57433,0,0,0,0.0453914,0,0,0,-35.3425
"MtrElec",8,17,14,"",-27.0633,0,0,0,0.0264844,0,0.0330909,0,0,0.756867,0,0,0,0.362654,3.96745,0.0410295,1.56315,0,0,1.33142,0.0415007,0,0,0,-35.187
"MtrElec",8,17,15,"",-24.3908,0,0,0,0.0264844,0,0.0330909,0,0,0.756867,0,0,0,0.362654,4.09483,0.0410295,1.55015,0,0.562354,0.868033,0.0440945,0,0,0,-32.7303
"MtrElec",8,17,16,"",-20.166,0,0,0,0.0264844,0,0.0330909,0,0,0.756867,0,0,0,0.449,4.19768,0.0447594,1.58081,0,0.366631,0.446611,0.0674386,0,0,0,-28.1354
"MtrElec",8,17,17,"",-12.3608,0,0,0,0.0264844,0,0.0330909,0,0,0.756867,0,0,0,0.535346,4.69409,0.0708691,1.68093,0.530617,0.188635,0,0.149143,0,0,0,-21.0269
"MtrElec",8,17,18,"",9.53056,8.10454,0,0,0.0264844,0,0.0330909,2.28487,0,0.756867,0,0,0,0.759846,5.35218,0.138008,1.83262,1.9438,0,0,0.250301,0,0,0,-11.9521
"MtrElec",8,17,19,"",17.0614,6.2333,0,0,0.0264844,0,0.0330909,1.79662,0,0.756867,0,0,0,1.45061,5.81682,0.182768,1.92815,1.71125,0,0,0.233441,0,0,0,-3.10801
"MtrElec",8,17,20,"",17.1066,4.12603,0,0,0,0,0.0330909,1.20126,0,0.756867,0,0,0,2.0205,6.13371,0.242447,1.87907,0.762762,0,0,0.127096,0,0,0,-0.176237
"MtrElec",8,17,21,"",12.641,0.98963,0,0,0,0,0.0330909,0.290038,0,0.756867,0,0,0,1.95142,6.40322,0.339426,1.82287,0,0,0,0.0544696,0,0,0,0
"MtrElec",8,17,22,"",11.0154,0,0,0,0,0,0.0330909,0,0,0.756867,0,0,0,1.65785,6.38453,0.391645,1.76547,0,0,0,0.0259379,0,0,0,0
"MtrElec",8,17,23,"",9.80849,0,0,0,0,0,0.0330909,0,0,0.756867,0,0,0,1.08796,5.68639,0.339426,1.66416,0,0,0.225027,0.0155628,0,0,0,0
"MtrElec",8,17,24,"",8.92654,0,0,0,0,0,0.0330909,0,0,0.756867,0,0,0,0.6735,4.87062,0.234987,1.59258,0,0.0950445,0.656879,0.012969,0,0,0,0
"MtrElec",8,18,1,"",7.08715,0,0,0,0,0,0.0330909,0,0,0.756867,0,0,0,0.397192,3.90778,0.171578,1.53671,0,0.277446,0,0.00648448,0,0,0,0
"MtrElec",8,18,2,"",6.31668,0,0,0,0,0,0.0330909,0,0,0.756867,0,0,0,0.328115,3.54355,0.171578,1.47829,0,0,0,0.00518759,0,0,0,0
"MtrElec",8,18,3,"",6.06696,0,0,0,0,0,0.0330909,0,0,0.756867,0,0,0,0.259038,3.4031,0.171578,1.4381,0,0,0,0.00518759,0,0,0,0
"MtrElec",8,18,4,"",6.05379,0,0,0,0,0,0.0330909,0,0,0.756867,0,0,0,0.293577,3.37941,0.171578,1.41408,0,0,0,0.00518759,0,0,0,0
"MtrElec",8,18,5,"",5.95819,0,0,0,0,0,0.0330909,0,0,0.756867,0,0,0,0.362654,3.22919,0.171578,1.39963,0,0,0,0.00518759,0,0,0,0
"MtrElec",8,18,6,"",6.43202,0,0,0,0,0,0.0330909,0,0,0.756867,0,0,0,0.535346,3.47001,0.138008,1.48054,0,0,0,0.0181566,0,0,0,0
"MtrElec",8,18,7,"",6.45514,0,0,0,0,0,0.0330909,0,0,0.756867,0,0,0,0.725307,3.93213,0.130548,1.58753,0,0,0,0.024641,0,0,0,-0.734979
"MtrElec",8,18,8,"",2.69998,0,0,0,0,0,0.0330909,0,0,0.756867,0,0,0,0.708038,4.24982,0.126818,1.67038,0,0,0,0.0324224,0,0,0,-4.87745
"MtrElec",8,18,9,"",0.680958,0,0,0,0.0264844,0,0.0330909,0,0,0.756867,0,0,0,0.587154,4.01557,0.123088,1.6397,0,0,0.287278,0.0337193,0,0,0,-6.822
"MtrElec",8,18,10,"",-11.3375,0,0,0,0.0264844,0,0.0330909,0,0,0.756867,0,0,0,0.500807,3.8262,0.104439,1.57179,0.484958,0.121338,1.47712,0.0285317,0,0,0,-20.2692
"MtrElec",8,18,11,"",-19.7965,0,0,0,0.0264844,0,0.0330909,0,0,0.756867,0,0,0,0.466269,3.86045,0.082059,1.53581,1.69357,0.623892,0,0.0272348,0,0,0,-28.9022
"MtrElec",8,18,12,"",-25.5973,0,0,0,0.0264844,0,0.0330909,0,0,0.756867,0,0,0,0.431731,3.86045,0.0559493,1.55149,0.296245,0,0.882056,0.03761,0,0,0,-33.5293
"MtrElec",8,18,13,"",-28.5252,0,0,0,0.0264844,0,0.0330909,0,0,0.756867,0,0,0,0.362654,3.88662,0.0447594,1.56735,0,0.372554,0,0.0453914,0,0,0,-35.6209
"MtrElec",8,18,14,"",-29.0194,0,0,0,0.0264844,0,0.0330909,0,0,0.756867,0,0,0,0.362654,3.96745,0.0410295,1.55551,0,0,0,0.0415007,0,0,0,-35.804
"MtrElec",8,18,15,"",-25.7,0,0,0,0.0264844,0,0.0330909,0,0,0.756867,0,0,0,0.362654,4.09483,0.0410295,1.54137,0,0,0.673737,0.0440945,0,0,0,-33.2742
"MtrElec",8,18,16,"",-18.9798,0,0,0,0.0264844,0,0.0330909,0,0,0.756867,0,0,0,0.449,4.19768,0.0447594,1.56934,0,0.284566,1.97224,0.0674386,0,0,0,-28.3813
"MtrElec",8,18,17,"",-11.57,0,0,0,0.0264844,0,0.0330909,0,0,0.756867,0,0,0,0.535346,4.69409,0.0708691,1.66872,0,0.833016,0.881924,0.149143,0,0,0,-21.2196
"MtrElec",8,18,18,"",5.03984,5.23941,0,0,0.0264844,0,0.0330909,1.49728,0,0.756867,0,0,0,0.759846,5.35218,0.138008,1.82145,0,0.372498,0.882049,0.250301,0,0,0,-12.0896
"MtrElec",8,18,19,"",11.014,2.62585,0,0,0.0264844,0,0.0330909,0.765882,0,0.756867,0,0,0,1.45061,5.81682,0.182768,1.92198,0,0.372551,0,0.233441,0,0,0,-3.17234
"MtrElec",8,18,20,"",11.0172,0,0,0,0,0,0.0330909,0,0,0.756867,0,0,0,2.0205,6.13371,0.242447,1.87808,0,0,0,0.127096,0,0,0,-0.174621
"MtrElec",8,18,21,"",11.3501,0,0,0,0,0,0.0330909,0,0,0.756867,0,0,0,1.95142,6.40322,0.339426,1.81163,0,0,0,0.0544696,0,0,0,0
"MtrElec",8,18,22,"",12.4263,0,0,0,0,0,0.0330909,0,0,0.756867,0,0,0,1.65785,6.38453,0.391645,1.74536,1.26921,0,0.161806,0.0259379,0,0,0,0
"MtrElec",8,18,23,"",11.266,0,0,0,0,0,0.0330909,0,0,0.756867,0,0,0,1.08796,5.68639,0.339426,1.64653,1.20634,0.0683418,0.425533,0.0155628,0,0,0,0
"MtrElec",8,18,24,"",8.62885,0,0,0,0,0,0.0330909,0,0,0.756867,0,0,0,0.6735,4.87062,0.234987,1.5722,0,0.179732,0.294889,0.012969,0,0,0,0
"MtrElec",8,19,1,"",6.91706,0,0,0,0,0,0.0330909,0,0,0.756867,0,0,0,0.397192,3.90778,0.171578,1.51952,0,0.124552,0,0.00648448,0,0,0,0
"MtrElec",8,19,2,"",6.30156,0,0,0,0,0,0.0330909,0,0,0.756867,0,0,0,0.328115,3.54355,0.171578,1.46317,0,0,0,0.00518759,0,0,0,0
"MtrElec",8,19,3,"",6.05155,0,0,0,0,0,0.0330909,0,0,0.756867,0,0,0,0.259038,3.4031,0.171578,1.42269,0,0,0,0.00518759,0,0,0,0
"MtrElec",8,19,4,"",6.03878,0,0,0,0,0,0.0330909,0,0,0.756867,0,0,0,0.293577,3.37941,0.171578,1.39907,0,0,0,0.00518759,0,0,0,0
"MtrElec",8,19,5,"",5.94141,0,0,0,0,0,0.0330909,0,0,0.756867,0,0,0,0.362654,3.22919,0.171578,1.38284,0,0,0,0.00518759,0,0,0,0
"MtrElec",8,19,6,"",6.4118,0,0,0,0,0,0.0330909,0,0,0.756867,0,0,0,0.535346,3.47001,0.138008,1.46032,0,0,0,0.0181566,0,0,0,0
"MtrElec",8,19,7,"",6.43527,0,0,0,0,0,0.0330909,0,0,0.756867,0,0,0,0.725307,3.93213,0.130548,1.57079,0,0,0,0.024641,0,0,0,-0.738109
"MtrElec",8,19,8,"",2.44522,0,0,0,0,0,0.0330909,0,0,0.756867,0,0,0,0.708038,4.24982,0.126818,1.65679,0,0,0,0.0324224,0,0,0,-5.11862
"MtrElec",8,19,9,"",1.1168,0,0,0,0.0264844,0,0.0330909,0,0,0.756867,0,0,0,0.587154,4.01557,0.123088,1.62318,0,0,0.287278,0.0337193,0,0,0,-6.36963
"MtrElec",8,19,10,"",-12.7489,0,0,0,0.0264844,0,0.0330909,0,0,0.756867,0,0,0,0.500807,3.8262,0.104439,1.54995,0,0.121338,0.594891,0.0285317,0,0,0,-20.2915
"MtrElec",8,19,11,"",-22.0396,0,0,0,0.0264844,0,0.0330909,0,0,0.756867,0,0,0,0.466269,3.86045,0.082059,1.51778,0,0.251264,0,0.0272348,0,0,0,-29.0611
"MtrElec",8,19,12,"",-26.4032,0,0,0,0.0264844,0,0.0330909,0,0,0.756867,0,0,0,0.431731,3.86045,0.0559493,1.53721,0,0,0.458896,0.03761,0,0,0,-33.6015
"MtrElec",8,19,13,"",-27.6807,0,0,0,0.0264844,0,0.0330909,0,0,0.756867,0,0,0,0.362654,3.88662,0.0447594,1.55694,0,0.193824,1.59114,0.0453914,0,0,0,-36.1785
"MtrElec",8,19,14,"",-28.3279,0,0,0,0.0264844,0,0.0330909,0,0,0.756867,0,0,0,0.362654,3.96745,0.0410295,1.54321,0,0.672049,0.596301,0.0415007,0,0,0,-36.3685
"MtrElec",8,19,15,"",-26.9582,0,0,0,0.0264844,0,0.0330909,0,0,0.756867,0,0,0,0.362654,4.09483,0.0410295,1.53163,0,0.25186,0,0.0440945,0,0,0,-34.1007
"MtrElec",8,19,16,"",-20.6311,0,0,0,0.0264844,0,0.0330909,0,0,0.756867,0,0,0,0.449,4.19768,0.0447594,1.55974,1.26327,0,0,0.0674386,0,0,0,-29.0294
"MtrElec",8,19,17,"",-12.4513,0,0,0,0.0264844,0,0.0330909,0,0,0.756867,0,0,0,0.535346,4.69409,0.0708691,1.65557,1.21212,0,0,0.149143,0,0,0,-21.5848
"MtrElec",8,19,18,"",1.08126,2.89325,0,0,0.0264844,0,0.0330909,0.818249,0,0.756867,0,0,0,0.759846,5.35218,0.138008,1.80877,0,0,0.440226,0.250301,0,0,0,-12.196
"MtrElec",8,19,19,"",11.2036,1.85445,0,0,0.0264844,0,0.0330909,0.534929,0,0.756867,0,0,0,1.45061,5.81682,0.182768,1.9151,0,0.185938,1.32297,0.233441,0,0,0,-3.10988
"MtrElec",8,19,20,"",11.5994,0,0,0,0,0,0.0330909,0,0,0.756867,0,0,0,2.0205,6.13371,0.242447,1.87426,0,0.558784,0,0.127096,0,0,0,-0.147334
"MtrElec",8,19,21,"",11.3482,0,0,0,0,0,0.0330909,0,0,0.756867,0,0,0,1.95142,6.40322,0.339426,1.80966,0,0,0,0.0544696,0,0,0,0
"MtrElec",8,19,22,"",10.9913,0,0,0,0,0,0.0330909,0,0,0.756867,0,0,0,1.65785,6.38453,0.391645,1.74142,0,0,0,0.0259379,0,0,0,0
"MtrElec",8,19,23,"",9.55933,0,0,0,0,0,0.0330909,0,0,0.756867,0,0,0,1.08796,5.68639,0.339426,1.64003,0,0,0,0.0155628,0,0,0,0
"MtrElec",8,19,24,"",8.14347,0,0,0,0,0,0.0330909,0,0,0.756867,0,0,0,0.6735,4.87062,0.234987,1.56144,0,0,0,0.012969,0,0,0,0
"MtrElec",8,20,1,"",6.78195,0,0,0,0,0,0.0330909,0,0,0.756867,0,0,0,0.397192,3.90778,0.171578,1.50896,0,0,0,0.00648448,0,0,0,0
"MtrElec",8,20,2,"",6.29183,0,0,0,0,0,0.0330909,0,0,0.756867,0,0,0,0.328115,3.54355,0.171578,1.45344,0,0,0,0.00518759,0,0,0,0
"MtrElec",8,20,3,"",6.04116,0,0,0,0,0,0.0330909,0,0,0.756867,0,0,0,0.259038,3.4031,0.171578,1.4123,0,0,0,0.00518759,0,0,0,0
"MtrElec",8,20,4,"",6.02788,0,0,0,0,0,0.0330909,0,0,0.756867,0,0,0,0.293577,3.37941,0.171578,1.38817,0,0,0,0.00518759,0,0,0,0
"MtrElec",8,20,5,"",5.92824,0,0,0,0,0,0.0330909,0,0,0.756867,0,0,0,0.362654,3.22919,0.171578,1.36968,0,0,0,0.00518759,0,0,0,0
"MtrElec",8,20,6,"",6.39473,0,0,0,0,0,0.0330909,0,0,0.756867,0,0,0,0.535346,3.47001,0.138008,1.44324,0,0,0,0.0181566,0,0,0,0
"MtrElec",8,20,7,"",6.4373,0,0,0,0,0,0.0330909,0,0,0.756867,0,0,0,0.725307,3.93213,0.130548,1.55564,0,0,0,0.024641,0,0,0,-0.720923
"MtrElec",8,20,8,"",2.51266,0,0,0,0,0,0.0330909,0,0,0.756867,0,0,0,0.708038,4.24982,0.126818,1.64311,0,0,0,0.0324224,0,0,0,-5.03751
"MtrElec",8,20,9,"",-2.20402,0,0,0,0.0264844,0,0.0330909,0,0,0.756867,0,0,0,0.587154,4.01557,0.123088,1.60788,0,0,0,0.0337193,0,0,0,-9.38788
"MtrElec",8,20,10,"",-11.7008,0,0,0,0.0264844,0,0.0330909,0,0,0.756867,0,0,0,0.500807,3.8262,0.104439,1.53267,1.18923,0,0.882232,0.0285317,0,0,0,-20.5814
"MtrElec",8,20,11,"",-19.0745,0,0,0,0.0264844,0,0.0330909,0,0,0.756867,0,0,0,0.466269,3.86045,0.082059,1.50158,1.28607,0.372628,0.605934,0.0272348,0,0,0,-28.0932
"MtrElec",8,20,12,"",-24.9239,0,0,0,0.0264844,0,0.0330909,0,0,0.756867,0,0,0,0.431731,3.86045,0.0559493,1.52058,0,0.255928,0.276015,0.03761,0,0,0,-32.1786
"MtrElec",8,20,13,"",-26.5295,0,0,0,0.0264844,0,0.0330909,0,0,0.756867,0,0,0,0.362654,3.88662,0.0447594,1.54288,0,0.116581,0.57195,0.0453914,0,0,0,-33.9167
"MtrElec",8,20,14,"",-25.8871,0,0,0,0.0264844,0,0.0330909,0,0,0.756867,0,0,0,0.362654,3.96745,0.0410295,1.53351,0,0.241574,1.1926,0.0415007,0,0,0,-34.0839
"MtrElec",8,20,15,"",-24.2207,0,0,0,0.0264844,0,0.0330909,0,0,0.756867,0,0,0,0.362654,4.09483,0.0410295,1.52901,0,0.50372,0.336868,0.0440945,0,0,0,-31.9494
"MtrElec",8,20,16,"",-19.0715,0,0,0,0.0264844,0,0.0330909,0,0,0.756867,0,0,0,0.449,4.19768,0.0447594,1.55935,0,0.142283,0.763951,0.0674386,0,0,0,-27.1124
"MtrElec",8,20,17,"",-11.6526,0,0,0,0.0264844,0,0.0330909,0,0,0.756867,0,0,0,0.535346,4.69409,0.0708691,1.65439,0,0.32267,0.432205,0.149143,0,0,0,-20.3278
"MtrElec",8,20,18,"",2.47021,3.46426,0,0,0.0264844,0,0.0330909,0.970786,0,0.756867,0,0,0,0.759846,5.35218,0.138008,1.8087,0,0.18255,0.230815,0.250301,0,0,0,-11.5037
"MtrElec",8,20,19,"",10.1459,2.04657,0,0,0.000441406,0,0.0330909,0.583864,0,0.756867,0,0,0,1.45061,5.81682,0.182768,1.9131,0,0.0974895,0,0.233441,0,0,0,-2.96914
"MtrElec",8,20,20,"",11.0595,0,0,0,0,0,0.0330909,0,0,0.756867,0,0,0,2.0205,6.13371,0.242447,1.87133,0,0,0,0.127096,0,0,0,-0.125513
"MtrElec",8,20,21,"",11.3462,0,0,0,0,0,0.0330909,0,0,0.756867,0,0,0,1.95142,6.40322,0.339426,1.80773,0,0,0,0.0544696,0,0,0,0
"MtrElec",8,20,22,"",11.1568,0,0,0,0,0,0.0330909,0,0,0.756867,0,0,0,1.65785,6.38453,0.391645,1.7451,0,0,0.161806,0.0259379,0,0,0,0
"MtrElec",8,20,23,"",10.0593,0,0,0,0,0,0.0330909,0,0,0.756867,0,0,0,1.08796,5.68639,0.339426,1.64616,0,0.0683418,0.425533,0.0155628,0,0,0,0
"MtrElec",8,20,24,"",8.62761,0,0,0,0,0,0.0330909,0,0,0.756867,0,0,0,0.6735,4.87062,0.234987,1.57095,0,0.179732,0.294889,0.012969,0,0,0,0
"MtrElec",8,21,1,"",6.91528,0,0,0,0,0,0.0330909,0,0,0.756867,0,0,0,0.397192,3.90778,0.171578,1.51774,0,0.124552,0,0.00648448,0,0,0,0
"MtrElec",8,21,2,"",6.29979,0,0,0,0,0,0.0330909,0,0,0.756867,0,0,0,0.328115,3.54355,0.171578,1.4614,0,0,0,0.00518759,0,0,0,0
"MtrElec",8,21,3,"",6.04956,0,0,0,0,0,0.0330909,0,0,0.756867,0,0,0,0.259038,3.4031,0.171578,1.4207,0,0,0,0.00518759,0,0,0,0
"MtrElec",8,21,4,"",6.03665,0,0,0,0,0,0.0330909,0,0,0.756867,0,0,0,0.293577,3.37941,0.171578,1.39694,0,0,0,0.00518759,0,0,0,0
"MtrElec",8,21,5,"",5.93885,0,0,0,0,0,0.0330909,0,0,0.756867,0,0,0,0.362654,3.22919,0.171578,1.38029,0,0,0,0.00518759,0,0,0,0
"MtrElec",8,21,6,"",6.40855,0,0,0,0,0,0.0330909,0,0,0.756867,0,0,0,0.535346,3.47001,0.138008,1.45707,0,0,0,0.0181566,0,0,0,0
"MtrElec",8,21,7,"",6.53551,0,0,0,0,0,0.0330909,0,0,0.756867,0,0,0,0.725307,3.93213,0.130548,1.56799,0,0,0,0.024641,0,0,0,-0.635071
"MtrElec",8,21,8,"",3.04552,0,0,0,0,0,0.0330909,0,0,0.756867,0,0,0,0.708038,4.24982,0.126818,1.65273,0,0,0,0.0324224,0,0,0,-4.51426
"MtrElec",8,21,9,"",-1.46966,0,0,0,0.0264844,0,0.0330909,0,0,0.756867,0,0,0,0.587154,4.01557,0.123088,1.61639,0,0,0.4939,0.0337193,0,0,0,-9.15592
"MtrElec",8,21,10,"",-13.5172,0,0,0,0.0264844,0,0.0330909,0,0,0.756867,0,0,0,0.500807,3.8262,0.104439,1.54148,0,0.208609,0.388234,0.0285317,0,0,0,-20.9319
"MtrElec",8,21,11,"",-21.1495,0,0,0,0.0264844,0,0.0330909,0,0,0.756867,0,0,0,0.466269,3.86045,0.082059,1.50995,0,0.163978,0,0.0272348,0,0,0,-28.0759
"MtrElec",8,21,12,"",-24.9406,0,0,0,0.0264844,0,0.0330909,0,0,0.756867,0,0,0,0.431731,3.86045,0.0559493,1.52999,0,0,0.458896,0.03761,0,0,0,-32.1317
"MtrElec",8,21,13,"",-24.3742,0,0,0,0.0264844,0,0.0330909,0,0,0.756867,0,0,0,0.362654,3.88662,0.0447594,1.55341,1.41802,0.193824,1.30516,0.0453914,0,0,0,-34.0005
"MtrElec",8,21,14,"",-25.3782,0,0,0,0.0264844,0,0.0330909,0,0,0.756867,0,0,0,0.362654,3.96745,0.0410295,1.54663,1.0564,0.551262,0,0.0415007,0,0,0,-33.7616
"MtrElec",8,21,15,"",-24.3495,0,0,0,0.0264844,0,0.0330909,0,0,0.756867,0,0,0,0.362654,4.09483,0.0410295,1.53972,0,0,0.336868,0.0440945,0,0,0,-31.5852
"MtrElec",8,21,16,"",-19.381,0,0,0,0.0264844,0,0.0330909,0,0,0.756867,0,0,0,0.449,4.19768,0.0447594,1.5711,0,0.142283,0.545039,0.0674386,0,0,0,-27.2147
"MtrElec",8,21,17,"",-11.9904,0,0,0,0.0264844,0,0.0330909,0,0,0.756867,0,0,0,0.535346,4.69409,0.0708691,1.67297,0,0.230208,0,0.149143,0,0,0,-20.1595
"MtrElec",8,21,18,"",7.10544,6.83384,0,0,0.0264844,0,0.0330909,1.90792,0,0.756867,0,0,0,0.759846,5.35218,0.138008,1.82557,0,0,0.440226,0.250301,0,0,0,-11.2189
"MtrElec",8,21,19,"",15.3539,4.88594,0,0,0.0264844,0,0.0330909,1.39798,0,0.756867,0,0,0,1.45061,5.81682,0.182768,1.92189,0,0.185938,1.32297,0.233441,0,0,0,-2.86091
"MtrElec",8,21,20,"",16.6414,3.87677,0,0,0,0,0.0330909,1.11313,0,0.756867,0,0,0,2.0205,6.13371,0.242447,1.87684,0,0.558784,0,0.127096,0,0,0,-0.0978512
"MtrElec",8,21,21,"",15.2757,2.61803,0,0,0,0,0.0330909,0.755924,0,0.756867,0,0,0,1.95142,6.40322,0.339426,1.82113,0.54211,0,0,0.0544696,0,0,0,0
"MtrElec",8,21,22,"",15.4167,1.75237,0,0,0,0,0.0330909,0.506546,0,0.756867,0,0,0,1.65785,6.38453,0.391645,1.76557,2.1423,0,0,0.0259379,0,0,0,0
"MtrElec",8,21,23,"",11.8575,0,0,0,0,0,0.0330909,0,0,0.756867,0,0,0,1.08796,5.68639,0.339426,1.67158,2.26663,0,0,0.0155628,0,0,0,0
"MtrElec",8,21,24,"",8.71753,0.416159,0,0,0,0,0.0330909,0.118414,0,0.756867,0,0,0,0.6735,4.87062,0.234987,1.60092,0,0,0,0.012969,0,0,0,0
"MtrElec",8,22,1,"",7.15651,0.243848,0,0,0,0,0.0330909,0.0695901,0,0.756867,0,0,0,0.397192,3.92086,0.171578,1.557,0,0,0,0.00648448,0,0,0,0
"MtrElec",8,22,2,"",6.39215,0.0183368,0,0,0,0,0.0330909,0.00523528,0,0.756867,0,0,0,0.328115,3.59257,0.171578,1.48117,0,0,0,0.00518759,0,0,0,0
"MtrElec",8,22,3,"",6.06981,0,0,0,0,0,0.0330909,0,0,0.756867,0,0,0,0.259038,3.39165,0.167848,1.45742,0,0,0,0.00389069,0,0,0,0
"MtrElec",8,22,4,"",6.0624,0,0,0,0,0,0.0330909,0,0,0.756867,0,0,0,0.293577,3.38105,0.167848,1.42607,0,0,0,0.00389069,0,0,0,0
"MtrElec",8,22,5,"",5.95432,0,0,0,0,0,0.0330909,0,0,0.756867,0,0,0,0.362654,3.21774,0.171578,1.4085,0,0,0,0.00389069,0,0,0,0
"MtrElec",8,22,6,"",6.3674,0,0,0,0,0,0.0330909,0,0,0.756867,0,0,0,0.535346,3.45857,0.167848,1.40919,0,0,0,0.00648448,0,0,0,0
"MtrElec",8,22,7,"",6.40175,0,0,0,0,0,0.0330909,0,0,0.756867,0,0,0,0.725307,3.84882,0.164118,1.47363,0,0,0,0.012969,0,0,0,-0.613059
"MtrElec",8,22,8,"",2.7748,0,0,0,0,0,0.0330909,0,0,0.756867,0,0,0,0.708038,4.15342,0.152928,1.55901,0,0,0,0.0350162,0,0,0,-4.62357
"MtrElec",8,22,9,"",1.92558,0,0,0,0.0264844,0,0.0330909,0,0,0.756867,0,0,0,0.587154,3.99273,0.134278,1.65826,0,0,0,0.062251,0,0,0,-5.32553
"MtrElec",8,22,10,"",-4.80959,0,0,0,0.0264844,0,0.0330909,0,0,0.756867,0,0,0,0.500807,3.91119,0.111899,1.6677,0,0,0,0.062251,0,0,0,-11.8799
"MtrElec",8,22,11,"",-18.4709,0,0,0,0.0264844,0,0.0330909,0,0,0.756867,0,0,0,0.466269,3.96914,0.0895189,1.63252,0,0,0.574555,0.0596572,0,0,0,-26.079
"MtrElec",8,22,12,"",-23.341,0,0,0,0.0264844,0,0.0330909,0,0,0.756867,0,0,0,0.431731,3.89723,0.0596792,1.67108,1.15919,0.242675,0.307569,0.0713293,0,0,0,-31.998
"MtrElec",8,22,13,"",-25.4302,0,0,0,0.0264844,0,0.0330909,0,0,0.756867,0,0,0,0.362654,3.87602,0.0447594,1.71322,1.31657,0.129908,0,0.0817045,0,0,0,-33.7715
"MtrElec",8,22,14,"",-26.7552,0,0,0,0.0264844,0,0.0330909,0,0,0.756867,0,0,0,0.362654,3.99278,0.0410295,1.73683,0,0,0,0.0765169,0,0,0,-33.7814
"MtrElec",8,22,15,"",-24.8124,0,0,0,0.0264844,0,0.0330909,0,0,0.756867,0,0,0,0.362654,4.17814,0.0410295,1.72635,0,0,0,0.0804076,0,0,0,-32.0174
"MtrElec",8,22,16,"",-19.9891,0,0,0,0.0264844,0,0.0330909,0,0,0.756867,0,0,0,0.449,4.38883,0.0447594,1.71872,0,0,0,0.088189,0,0,0,-27.495
"MtrElec",8,22,17,"",-12.1922,0,0,0,0.0264844,0,0.0330909,0,0,0.756867,0,0,0,0.535346,4.87216,0.0708691,1.75267,0,0,0,0.118018,0,0,0,-20.3577
"MtrElec",8,22,18,"",10.5817,7.86319,0,0,0.0264844,0,0.0330909,2.2195,0,0.756867,0,0,0,0.759846,5.42325,0.141738,1.82524,0,0,2.64662,0.180269,0,0,0,-11.2944
"MtrElec",8,22,19,"",19.0563,7.18795,0,0,0.0264844,0,0.0330909,2.0552,0,0.756867,0,0,0,1.45061,5.80458,0.179038,1.87835,0,1.11785,1.22673,0.1673,0,0,0,-2.82773
"MtrElec",8,22,20,"",19.1397,4.84755,0,0,0,0,0.0330909,1.39781,0,0.756867,0,0,0,2.0205,6.03731,0.223797,1.85844,0,0.518135,1.41941,0.0933765,0,0,0,-0.0665737
"MtrElec",8,22,21,"",15.8698,3.16244,0,0,0,0,0.0330909,0.921632,0,0.756867,0,0,0,1.95142,6.25945,0.309586,1.8343,0,0.599518,0,0.0415007,0,0,0,0
"MtrElec",8,22,22,"",11.8938,0.147366,0,0,0,0,0.0330909,0.0424203,0,0.756867,0,0,0,1.65785,6.22767,0.365535,1.76286,0,0,0.881966,0.0181566,0,0,0,0
"MtrElec",8,22,23,"",9.87192,0,0,0,0,0,0.0330909,0,0,0.756867,0,0,0,1.08796,5.60224,0.317046,1.69053,0,0.372516,0,0.0116721,0,0,0,0
"MtrElec",8,22,24,"",8.3274,0.194544,0,0,0,0,0.0330909,0.0550465,0,0.756867,0,0,0,0.6735,4.76841,0.220067,1.6194,0,0,0,0.00648448,0,0,0,0
"MtrElec",8,23,1,"",7.08834,0.19207,0,0,0,0,0.0330909,0.0543925,0,0.756867,0,0,0,0.397192,3.92086,0.171578,1.5558,0,0,0,0.00648448,0,0,0,0
"MtrElec",8,23,2,"",6.37686,0.00653552,0,0,0,0,0.0330909,0.00184841,0,0.756867,0,0,0,0.328115,3.59257,0.171578,1.48107,0,0,0,0.00518759,0,0,0,0
"MtrElec",8,23,3,"",7.53607,0,0,0,0,0,0.0330909,0,0,0.756867,0,0,0,0.259038,3.39165,0.167848,1.45756,1.46611,0,0,0.00389069,0,0,0,0
"MtrElec",8,23,4,"",7.07268,0,0,0,0,0,0.0330909,0,0,0.756867,0,0,0,0.293577,3.38105,0.167848,1.42698,1.00937,0,0,0.00389069,0,0,0,0
"MtrElec",8,23,5,"",5.95604,0,0,0,0,0,0.0330909,0,0,0.756867,0,0,0,0.362654,3.21774,0.171578,1.41022,0,0,0,0.00389069,0,0,0,0
"MtrElec",8,23,6,"",6.36897,0,0,0,0,0,0.0330909,0,0,0.756867,0,0,0,0.535346,3.45857,0.167848,1.41077,0,0,0,0.00648448,0,0,0,0
"MtrElec",8,23,7,"",6.55575,0,0,0,0,0,0.0330909,0,0,0.756867,0,0,0,0.725307,3.84882,0.164118,1.47521,0,0,0,0.012969,0,0,0,-0.460624
"MtrElec",8,23,8,"",3.06781,0,0,0,0,0,0.0330909,0,0,0.756867,0,0,0,0.708038,4.15342,0.152928,1.56282,0,0,0,0.0350162,0,0,0,-4.33437
"MtrElec",8,23,9,"",3.69399,0,0,0,0,0,0.0330909,0,0,0.756867,0,0,0,0.587154,3.99273,0.134278,1.66226,0,0,0,0.062251,0,0,0,-3.53464
"MtrElec",8,23,10,"",-0.850217,0,0,0,0.0264844,0,0.0330909,0,0,0.756867,0,0,0,0.500807,3.91119,0.111899,1.67281,0,0,0.882173,0.062251,0,0,0,-8.8078
"MtrElec",8,23,11,"",-16.898,0,0,0,0.0264844,0,0.0330909,0,0,0.756867,0,0,0,0.466269,3.96914,0.0895189,1.63563,0.853184,0.372603,0.882268,0.0596572,0,0,0,-26.0427
"MtrElec",8,23,12,"",-23.596,0,0,0,0.0264844,0,0.0330909,0,0,0.756867,0,0,0,0.431731,3.89723,0.0596792,1.67578,1.62204,0.372644,0,0.0713293,0,0,0,-32.5428
"MtrElec",8,23,13,"",-26.6948,0,0,0,0.0264844,0,0.0330909,0,0,0.756867,0,0,0,0.362654,3.87602,0.0447594,1.717,0.850869,0,0.588153,0.0817045,0,0,0,-35.0324
"MtrElec",8,23,14,"",-26.2382,0,0,0,0.0264844,0,0.0330909,0,0,0.756867,0,0,0,0.362654,3.99278,0.0410295,1.73452,1.62434,0.248418,1.17598,0.0765169,0,0,0,-36.3109
"MtrElec",8,23,15,"",-26.2823,0,0,0,0.0264844,0,0.0330909,0,0,0.756867,0,0,0,0.362654,4.17814,0.0410295,1.70562,0,0.496697,0,0.0804076,0,0,0,-33.9633
"MtrElec",8,23,16,"",-20.7628,0,0,0,0.0264844,0,0.0330909,0,0,0.756867,0,0,0,0.449,4.38883,0.0447594,1.68583,0,0,0,0.088189,0,0,0,-28.2359
"MtrElec",8,23,17,"",-12.6818,0,0,0,0.0264844,0,0.0330909,0,0,0.756867,0,0,0,0.535346,4.87216,0.0708691,1.71778,0,0,0,0.118018,0,0,0,-20.8124
"MtrElec",8,23,18,"",0.0770371,0,0,0,0.0264844,0,0.0330909,0,0,0.756867,0,0,0,0.759846,5.42325,0.141738,1.79532,2.47509,0,0,0.180269,0,0,0,-11.5149
"MtrElec",8,23,19,"",11.345,0.406702,0,0,0.0264844,0,0.0330909,0.112969,0,0.756867,0,0,0,1.45061,5.80458,0.179038,1.86282,0.670201,0,2.64622,0.1673,0,0,0,-2.77184
"MtrElec",8,23,20,"",15.4184,1.13066,0,0,0,0,0.0330909,0.316952,0,0.756867,0,0,0,2.0205,6.03731,0.223797,1.84588,1.80389,1.11769,0.102667,0.0933765,0,0,0,-0.0642974
"MtrElec",8,23,21,"",13.3385,0,0,0,0,0,0.0330909,0,0,0.756867,0,0,0,1.95142,6.25945,0.309586,1.82304,1.34073,0.0433635,0.779442,0.0415007,0,0,0,0
"MtrElec",8,23,22,"",12.4788,0,0,0,0,0,0.0330909,0,0,0.756867,0,0,0,1.65785,6.22767,0.365535,1.74549,1.13329,0.329213,0.211693,0.0181566,0,0,0,0
"MtrElec",8,23,23,"",12.9517,0,0,0,0,0,0.0330909,0,0,0.756867,0,0,0,1.08796,5.60224,0.317046,1.66508,2.71795,0.0894129,0.670362,0.0116721,0,0,0,0
"MtrElec",8,23,24,"",11.461,0,0,0,0,0,0.0330909,0,0,0.756867,0,0,0,0.6735,4.76841,0.220067,1.60416,2.23321,0.283141,0.882109,0.00648448,0,0,0,0
"MtrElec",8,24,1,"",7.16365,0,0,0,0,0,0.0330909,0,0,0.756867,0,0,0,0.397192,3.90778,0.171578,1.51808,0,0.372576,0,0.00648448,0,0,0,0
"MtrElec",8,24,2,"",6.30028,0,0,0,0,0,0.0330909,0,0,0.756867,0,0,0,0.328115,3.54355,0.171578,1.46189,0,0,0,0.00518759,0,0,0,0
"MtrElec",8,24,3,"",6.04899,0,0,0,0,0,0.0330909,0,0,0.756867,0,0,0,0.259038,3.4031,0.171578,1.42013,0,0,0,0.00518759,0,0,0,0
"MtrElec",8,24,4,"",6.0353,0,0,0,0,0,0.0330909,0,0,0.756867,0,0,0,0.293577,3.37941,0.171578,1.39559,0,0,0,0.00518759,0,0,0,0
"MtrElec",8,24,5,"",5.9368,0,0,0,0,0,0.0330909,0,0,0.756867,0,0,0,0.362654,3.22919,0.171578,1.37824,0,0,0,0.00518759,0,0,0,0
"MtrElec",8,24,6,"",6.4054,0,0,0,0,0,0.0330909,0,0,0.756867,0,0,0,0.535346,3.47001,0.138008,1.45392,0,0,0,0.0181566,0,0,0,0
"MtrElec",8,24,7,"",6.69669,0,0,0,0,0,0.0330909,0,0,0.756867,0,0,0,0.725307,3.93213,0.130548,1.56486,0,0,0,0.024641,0,0,0,-0.470747
"MtrElec",8,24,8,"",3.85768,0,0,0,0,0,0.0330909,0,0,0.756867,0,0,0,0.708038,4.24982,0.126818,1.64946,0,0,0.881945,0.0324224,0,0,0,-4.58078
"MtrElec",8,24,9,"",2.47945,0,0,0,0.0264844,0,0.0330909,0,0,0.756867,0,0,0,0.587154,4.01557,0.123088,1.61346,0,0.372507,0.4939,0.0337193,0,0,0,-5.5764
"MtrElec",8,24,10,"",-11.8704,0,0,0,0.0264844,0,0.0330909,0,0,0.756867,0,0,0,0.500807,3.8262,0.104439,1.53635,0,0.208609,1.74712,0.0285317,0,0,0,-20.6389
"MtrElec",8,24,11,"",-20.1682,0,0,0,0.0264844,0,0.0330909,0,0,0.756867,0,0,0,0.466269,3.86045,0.082059,1.49929,0,0.737933,1.28735,0.0272348,0,0,0,-28.9452
"MtrElec",8,24,12,"",-26.0329,0,0,0,0.0264844,0,0.0330909,0,0,0.756867,0,0,0,0.431731,3.86045,0.0559493,1.5152,0,0.543737,0,0.03761,0,0,0,-33.2941
"MtrElec",8,24,13,"",-27.3232,0,0,0,0.0264844,0,0.0330909,0,0,0.756867,0,0,0,0.362654,3.88662,0.0447594,1.53432,1.41802,0,0,0.0453914,0,0,0,-35.4314
"MtrElec",8,24,14,"",-27.5278,0,0,0,0.0264844,0,0.0330909,0,0,0.756867,0,0,0,0.362654,3.96745,0.0410295,1.51667,1.0564,0,0,0.0415007,0,0,0,-35.33
"MtrElec",8,24,15,"",-25.8156,0,0,0,0.0264844,0,0.0330909,0,0,0.756867,0,0,0,0.362654,4.09483,0.0410295,1.50829,0,0,0,0.0440945,0,0,0,-32.6829
"MtrElec",8,24,16,"",-20.2501,0,0,0,0.0264844,0,0.0330909,0,0,0.756867,0,0,0,0.449,4.19768,0.0447594,1.53253,0,0,0,0.0674386,0,0,0,-27.358
"MtrElec",8,24,17,"",-12.0361,0,0,0,0.0264844,0,0.0330909,0,0,0.756867,0,0,0,0.535346,4.69409,0.0708691,1.62054,0,0,0,0.149143,0,0,0,-19.9225
"MtrElec",8,24,18,"",-1.87036,0,0,0,0.0264844,0,0.0330909,0,0,0.756867,0,0,0,0.759846,5.35218,0.138008,1.77467,0,0,0,0.250301,0,0,0,-10.9618
"MtrElec",8,24,19,"",8.47671,0,0,0,0.0264844,0,0.0330909,0,0,0.756867,0,0,0,1.45061,5.81682,0.182768,1.88789,0,0,0.677641,0.233441,0,0,0,-2.58891
"MtrElec",8,24,20,"",11.6182,0,0,0,0,0,0.0330909,0,0,0.756867,0,0,0,2.0205,6.13371,0.242447,1.85381,0,0.286215,0.204201,0.127096,0,0,0,-0.0397
"MtrElec",8,24,21,"",11.4205,0,0,0,0,0,0.0330909,0,0,0.756867,0,0,0,1.95142,6.40322,0.339426,1.79575,0,0.0862486,0,0.0544696,0,0,0,0
"MtrElec",8,24,22,"",10.9877,0,0,0,0,0,0.0330909,0,0,0.756867,0,0,0,1.65785,6.38453,0.391645,1.7378,0,0,0,0.0259379,0,0,0,0
"MtrElec",8,24,23,"",9.5597,0,0,0,0,0,0.0330909,0,0,0.756867,0,0,0,1.08796,5.68639,0.339426,1.6404,0,0,0,0.0155628,0,0,0,0
"MtrElec",8,24,24,"",8.148,0,0,0,0,0,0.0330909,0,0,0.756867,0,0,0,0.6735,4.87062,0.234987,1.56597,0,0,0,0.012969,0,0,0,0
"MtrElec",8,25,1,"",6.78578,0,0,0,0,0,0.0330909,0,0,0.756867,0,0,0,0.397192,3.90778,0.171578,1.51279,0,0,0,0.00648448,0,0,0,0
"MtrElec",8,25,2,"",9.69043,0,0,0,0,0,0.0330909,0,0,0.756867,0,0,0,0.328115,3.54355,0.171578,1.45677,3.39527,0,0,0.00518759,0,0,0,0
"MtrElec",8,25,3,"",7.60275,0,0,0,0,0,0.0330909,0,0,0.756867,0,0,0,0.259038,3.4031,0.171578,1.41806,1.55582,0,0,0.00518759,0,0,0,0
"MtrElec",8,25,4,"",6.0352,0,0,0,0,0,0.0330909,0,0,0.756867,0,0,0,0.293577,3.37941,0.171578,1.39549,0,0,0,0.00518759,0,0,0,0
"MtrElec",8,25,5,"",5.93638,0,0,0,0,0,0.0330909,0,0,0.756867,0,0,0,0.362654,3.22919,0.171578,1.37782,0,0,0,0.00518759,0,0,0,0
"MtrElec",8,25,6,"",6.40446,0,0,0,0,0,0.0330909,0,0,0.756867,0,0,0,0.535346,3.47001,0.138008,1.45298,0,0,0,0.0181566,0,0,0,0
"MtrElec",8,25,7,"",6.9122,0,0,0,0,0,0.0330909,0,0,0.756867,0,0,0,0.725307,3.93213,0.130548,1.56392,0,0,0,0.024641,0,0,0,-0.254306
"MtrElec",8,25,8,"",4.02941,0,0,0,0,0,0.0330909,0,0,0.756867,0,0,0,0.708038,4.24982,0.126818,1.65128,0,0,0.881945,0.0324224,0,0,0,-4.41087
"MtrElec",8,25,9,"",-4.94015,0,0,0,0.0264844,0,0.0330909,0,0,0.756867,0,0,0,0.587154,4.01557,0.123088,1.62048,0,0.372507,0.287278,0.0337193,0,0,0,-12.7964
"MtrElec",8,25,10,"",-12.3205,0,0,0,0.0264844,0,0.0330909,0,0,0.756867,0,0,0,0.500807,3.8262,0.104439,1.55646,0.484958,0.121338,1.07154,0.0285317,0,0,0,-20.8312
"MtrElec",8,25,11,"",-17.1698,0,0,0,0.0264844,0,0.0330909,0,0,0.756867,0,0,0,0.466269,3.86045,0.082059,1.53123,1.69357,0.452587,1.28735,0.0272348,0,0,0,-27.387
"MtrElec",8,25,12,"",-24.282,0,0,0,0.0264844,0,0.0330909,0,0,0.756867,0,0,0,0.431731,3.86045,0.0559493,1.55278,0.296245,0.543737,0,0.03761,0,0,0,-31.8769
"MtrElec",8,25,13,"",-27.3764,0,0,0,0.0264844,0,0.0330909,0,0,0.756867,0,0,0,0.362654,3.88662,0.0447594,1.57045,0,0,0,0.0453914,0,0,0,-34.1027
"MtrElec",8,25,14,"",-27.1827,0,0,0,0.0264844,0,0.0330909,0,0,0.756867,0,0,0,0.362654,3.96745,0.0410295,1.55603,0,0,0,0.0415007,0,0,0,-33.9678
"MtrElec",8,25,15,"",-24.3709,0,0,0,0.0264844,0,0.0330909,0,0,0.756867,0,0,0,0.362654,4.09483,0.0410295,1.5414,0,0,0,0.0440945,0,0,0,-31.2713
"MtrElec",8,25,16,"",-18.3415,0,0,0,0.0264844,0,0.0330909,0,0,0.756867,0,0,0,0.449,4.19768,0.0447594,1.57011,0,0,0.882163,0.0674386,0,0,0,-26.369
"MtrElec",8,25,17,"",-9.13148,0.845561,0,0,0.0264844,0,0.0330909,0.221148,0,0.756867,0,0,0,0.535346,4.69409,0.0708691,1.67265,0,0.372599,0.881924,0.149143,0,0,0,-19.3913
"MtrElec",8,25,18,"",10.1693,8.22654,0,0,0.0264844,0,0.0330909,2.24085,0,0.756867,0,0,0,0.759846,5.35218,0.138008,1.83147,0,0.372498,0.882049,0.250301,0,0,0,-10.7009
"MtrElec",8,25,19,"",16.3712,6.36961,0,0,0.0264844,0,0.0330909,1.78953,0,0.756867,0,0,0,1.45061,5.81682,0.182768,1.92909,0,0.372551,0,0.233441,0,0,0,-2.5897
"MtrElec",8,25,20,"",17.5928,4.30913,0,0,0,0,0.0330909,1.22219,0,0.756867,0,0,0,2.0205,6.13371,0.242447,1.87899,0,0,0.882094,0.127096,0,0,0,-0.0132912
"MtrElec",8,25,21,"",17.1133,3.68883,0,0,0,0,0.0330909,1.05375,0,0.756867,0,0,0,1.95142,6.40322,0.339426,1.82287,0,0.37257,0.636767,0.0544696,0,0,0,0
"MtrElec",8,25,22,"",15.1401,2.80567,0,0,0,0,0.0330909,0.802254,0,0.756867,0,0,0,1.65785,6.38453,0.391645,1.76803,0,0.268951,0.245309,0.0259379,0,0,0,0
"MtrElec",8,25,23,"",15.3661,2.48289,0,0,0,0,0.0330909,0.71105,0,0.756867,0,0,0,1.08796,5.68639,0.339426,1.67411,2.47514,0.103611,0,0.0155628,0,0,0,0
"MtrElec",8,25,24,"",9.55711,1.06084,0,0,0,0,0.0330909,0.303885,0,0.756867,0,0,0,0.6735,4.87062,0.234987,1.61036,0,0,0,0.012969,0,0,0,0
"MtrElec",8,26,1,"",7.61245,0.615868,0,0,0,0,0.0330909,0.176217,0,0.756867,0,0,0,0.397192,3.90778,0.171578,1.54738,0,0,0,0.00648448,0,0,0,0
"MtrElec",8,26,2,"",6.72342,0.312182,0,0,0,0,0.0330909,0.0892576,0,0.756867,0,0,0,0.328115,3.54355,0.171578,1.48358,0,0,0,0.00518759,0,0,0,0
"MtrElec",8,26,3,"",6.15724,0.066173,0,0,0,0,0.0330909,0.0189148,0,0.756867,0,0,0,0.259038,3.4031,0.171578,1.44329,0,0,0,0.00518759,0,0,0,0
"MtrElec",8,26,4,"",6.05952,0,0,0,0,0,0.0330909,0,0,0.756867,0,0,0,0.293577,3.37941,0.171578,1.41981,0,0,0,0.00518759,0,0,0,0
"MtrElec",8,26,5,"",5.96502,0,0,0,0,0,0.0330909,0,0,0.756867,0,0,0,0.362654,3.22919,0.171578,1.40646,0,0,0,0.00518759,0,0,0,0
"MtrElec",8,26,6,"",6.44029,0,0,0,0,0,0.0330909,0,0,0.756867,0,0,0,0.535346,3.47001,0.138008,1.48881,0,0,0,0.0181566,0,0,0,0
"MtrElec",8,26,7,"",6.81057,0,0,0,0,0,0.0330909,0,0,0.756867,0,0,0,0.725307,3.93213,0.130548,1.59423,0,0,0,0.024641,0,0,0,-0.386242
"MtrElec",8,26,8,"",2.96214,0,0,0,0,0,0.0330909,0,0,0.756867,0,0,0,0.708038,4.24982,0.126818,1.67419,0,0,0,0.0324224,0,0,0,-4.61911
"MtrElec",8,26,9,"",-0.98791,0,0,0,0.0264844,0,0.0330909,0,0,0.756867,0,0,0,0.587154,4.01557,0.123088,1.64294,0,0,0,0.0337193,0,0,0,-8.20682
"MtrElec",8,26,10,"",-6.06854,0,0,0,0.0264844,0,0.0330909,0,0,0.756867,0,0,0,0.500807,3.8262,0.104439,1.57503,0.939524,0,1.42995,0.0285317,0,0,0,-15.2895
"MtrElec",8,26,11,"",-17.7865,0,0,0,0.0264844,0,0.0330909,0,0,0.756867,0,0,0,0.466269,3.86045,0.082059,1.54198,1.5359,0.603969,1.21609,0.0272348,0,0,0,-27.9368
"MtrElec",8,26,12,"",-24.3277,0,0,0,0.0264844,0,0.0330909,0,0,0.756867,0,0,0,0.431731,3.86045,0.0559493,1.56374,0,0.513638,0,0.03761,0,0,0,-31.6072
"MtrElec",8,26,13,"",-26.4547,0,0,0,0.0264844,0,0.0330909,0,0,0.756867,0,0,0,0.362654,3.88662,0.0447594,1.5838,0,0,0,0.0453914,0,0,0,-33.1944
"MtrElec",8,26,14,"",-26.8874,0,0,0,0.0264844,0,0.0330909,0,0,0.756867,0,0,0,0.362654,3.96745,0.0410295,1.57644,0,0,0,0.0415007,0,0,0,-33.6929
"MtrElec",8,26,15,"",-25.2812,0,0,0,0.0264844,0,0.0330909,0,0,0.756867,0,0,0,0.362654,4.09483,0.0410295,1.5618,0,0,0,0.0440945,0,0,0,-32.2021
"MtrElec",8,26,16,"",-20.3096,0,0,0,0.0264844,0,0.0330909,0,0,0.756867,0,0,0,0.449,4.19768,0.0447594,1.59336,0,0,0,0.0674386,0,0,0,-27.4783
"MtrElec",8,26,17,"",-6.56721,4.47528,0,0,0.0264844,0,0.0330909,1.25461,0,0.756867,0,0,0,0.535346,4.69409,0.0708691,1.69875,0,0,0,0.149143,0,0,0,-20.2617
"MtrElec",8,26,18,"",10.944,9.97702,0,0,0.0264844,0,0.0330909,2.8765,0,0.756867,0,0,0,0.759846,5.35218,0.138008,1.84498,0,0,0,0.250301,0,0,0,-11.0713
"MtrElec",8,26,19,"",16.9503,7.00443,0,0,0.0264844,0,0.0330909,2.06361,0,0.756867,0,0,0,1.45061,5.81682,0.182768,1.93223,0,0,0,0.233441,0,0,0,-2.55006
"MtrElec",8,26,20,"",16.8015,4.33128,0,0,0,0,0.0330909,1.2903,0,0.756867,0,0,0,2.0205,6.13371,0.242447,1.87912,0,0,0,0.127096,0,0,0,-0.0129617
"MtrElec",8,26,21,"",15.0797,2.85814,0,0,0,0,0.0330909,0.86017,0,0.756867,0,0,0,1.95142,6.40322,0.339426,1.82287,0,0,0,0.0544696,0,0,0,0
"MtrElec",8,26,22,"",13.232,1.70011,0,0,0,0,0.0330909,0.513738,0,0.756867,0,0,0,1.65785,6.38453,0.391645,1.76826,0,0,0,0.0259379,0,0,0,0
"MtrElec",8,26,23,"",9.59397,0,0,0,0,0,0.0330909,0,0,0.756867,0,0,0,1.08796,5.68639,0.339426,1.67467,0,0,0,0.0155628,0,0,0,0
"MtrElec",8,26,24,"",8.74737,0.430917,0,0,0,0,0.0330909,0.129969,0,0.756867,0,0,0,0.6735,4.87062,0.234987,1.60446,0,0,0,0.012969,0,0,0,0
"MtrElec",8,27,1,"",7.1631,0.266262,0,0,0,0,0.0330909,0.08056,0,0.756867,0,0,0,0.397192,3.90778,0.171578,1.54329,0,0,0,0.00648448,0,0,0,0
"MtrElec",8,27,2,"",6.38066,0.0464167,0,0,0,0,0.0330909,0.0140756,0,0.756867,0,0,0,0.328115,3.54355,0.171578,1.48178,0,0,0,0.00518759,0,0,0,0
"MtrElec",8,27,3,"",6.07084,0,0,0,0,0,0.0330909,0,0,0.756867,0,0,0,0.259038,3.4031,0.171578,1.44198,0,0,0,0.00518759,0,0,0,0
"MtrElec",8,27,4,"",6.05827,0,0,0,0,0,0.0330909,0,0,0.756867,0,0,0,0.293577,3.37941,0.171578,1.41856,0,0,0,0.00518759,0,0,0,0
"MtrElec",8,27,5,"",5.96348,0,0,0,0,0,0.0330909,0,0,0.756867,0,0,0,0.362654,3.22919,0.171578,1.40492,0,0,0,0.00518759,0,0,0,0
"MtrElec",8,27,6,"",6.43863,0,0,0,0,0,0.0330909,0,0,0.756867,0,0,0,0.535346,3.47001,0.138008,1.48715,0,0,0,0.0181566,0,0,0,0
"MtrElec",8,27,7,"",6.81208,0,0,0,0,0,0.0330909,0,0,0.756867,0,0,0,0.725307,3.93213,0.130548,1.59324,0,0,0,0.024641,0,0,0,-0.383743
"MtrElec",8,27,8,"",2.94208,0,0,0,0,0,0.0330909,0,0,0.756867,0,0,0,0.708038,4.24982,0.126818,1.67198,0,0,0,0.0324224,0,0,0,-4.63695
"MtrElec",8,27,9,"",1.86588,0,0,0,0.0264844,0,0.0330909,0,0,0.756867,0,0,0,0.587154,4.01557,0.123088,1.63819,0,0,0,0.0337193,0,0,0,-5.34828
"MtrElec",8,27,10,"",-11.2929,0,0,0,0.0264844,0,0.0330909,0,0,0.756867,0,0,0,0.500807,3.8262,0.104439,1.56791,0,0,1.35845,0.0285317,0,0,0,-19.4957
"MtrElec",8,27,11,"",-20.0898,0,0,0,0.0264844,0,0.0330909,0,0,0.756867,0,0,0,0.466269,3.86045,0.082059,1.5366,0,0.57377,0.405362,0.0272348,0,0,0,-27.858
"MtrElec",8,27,12,"",-25.8178,0,0,0,0.0264844,0,0.0330909,0,0,0.756867,0,0,0,0.431731,3.86045,0.0559493,1.55896,0,0.171213,0,0.03761,0,0,0,-32.7501
"MtrElec",8,27,13,"",-28.3445,0,0,0,0.0264844,0,0.0330909,0,0,0.756867,0,0,0,0.362654,3.88662,0.0447594,1.57675,0,0,0,0.0453914,0,0,0,-35.0771
"MtrElec",8,27,14,"",-28.0722,0,0,0,0.0264844,0,0.0330909,0,0,0.756867,0,0,0,0.362654,3.96745,0.0410295,1.56662,0,0,0,0.0415007,0,0,0,-34.8679
"MtrElec",8,27,15,"",-25.81,0,0,0,0.0264844,0,0.0330909,0,0,0.756867,0,0,0,0.362654,4.09483,0.0410295,1.55008,0,0,0,0.0440945,0,0,0,-32.7191
"MtrElec",8,27,16,"",-20.7439,0,0,0,0.0264844,0,0.0330909,0,0,0.756867,0,0,0,0.449,4.19768,0.0447594,1.57831,0,0,0,0.0674386,0,0,0,-27.8976
"MtrElec",8,27,17,"",-12.3486,0,0,0,0.0264844,0,0.0330909,0,0,0.756867,0,0,0,0.535346,4.69409,0.0708691,1.67567,0,0,0,0.149143,0,0,0,-20.2902
"MtrElec",8,27,18,"",7.33621,7.17516,0,0,0.0264844,0,0.0330909,2.00224,0,0.756867,0,0,0,0.759846,5.35218,0.138008,1.82733,0,0,0,0.250301,0,0,0,-10.9853
"MtrElec",8,27,19,"",13.9124,4.6565,0,0,0.0264844,0,0.0330909,1.33288,0,0.756867,0,0,0,1.45061,5.81682,0.182768,1.92476,0,0,0,0.233441,0,0,0,-2.50185
"MtrElec",8,27,20,"",15.1236,3.05212,0,0,0,0,0.0330909,0.878901,0,0.756867,0,0,0,2.0205,6.13371,0.242447,1.87891,0,0,0,0.127096,0,0,0,0
"MtrElec",8,27,21,"",11.3611,0,0,0,0,0,0.0330909,0,0,0.756867,0,0,0,1.95142,6.40322,0.339426,1.82265,0,0,0,0.0544696,0,0,0,0
"MtrElec",8,27,22,"",11.0107,0,0,0,0,0,0.0330909,0,0,0.756867,0,0,0,1.65785,6.38453,0.391645,1.76076,0,0,0,0.0259379,0,0,0,0
"MtrElec",8,27,23,"",9.57888,0,0,0,0,0,0.0330909,0,0,0.756867,0,0,0,1.08796,5.68639,0.339426,1.65958,0,0,0,0.0155628,0,0,0,0
"MtrElec",8,27,24,"",8.16763,0,0,0,0,0,0.0330909,0,0,0.756867,0,0,0,0.6735,4.87062,0.234987,1.5856,0,0,0,0.012969,0,0,0,0
"MtrElec",8,28,1,"",6.8027,0,0,0,0,0,0.0330909,0,0,0.756867,0,0,0,0.397192,3.90778,0.171578,1.52971,0,0,0,0.00648448,0,0,0,0
"MtrElec",8,28,2,"",6.31005,0,0,0,0,0,0.0330909,0,0,0.756867,0,0,0,0.328115,3.54355,0.171578,1.47166,0,0,0,0.00518759,0,0,0,0
"MtrElec",8,28,3,"",6.06017,0,0,0,0,0,0.0330909,0,0,0.756867,0,0,0,0.259038,3.4031,0.171578,1.43131,0,0,0,0.00518759,0,0,0,0
"MtrElec",8,28,4,"",6.04709,0,0,0,0,0,0.0330909,0,0,0.756867,0,0,0,0.293577,3.37941,0.171578,1.40738,0,0,0,0.00518759,0,0,0,0
"MtrElec",8,28,5,"",5.95036,0,0,0,0,0,0.0330909,0,0,0.756867,0,0,0,0.362654,3.22919,0.171578,1.3918,0,0,0,0.00518759,0,0,0,0
"MtrElec",8,28,6,"",6.42212,0,0,0,0,0,0.0330909,0,0,0.756867,0,0,0,0.535346,3.47001,0.138008,1.47064,0,0,0,0.0181566,0,0,0,0
"MtrElec",8,28,7,"",6.82988,0,0,0,0,0,0.0330909,0,0,0.756867,0,0,0,0.725307,3.93213,0.130548,1.57892,0,0,0,0.024641,0,0,0,-0.351623
"MtrElec",8,28,8,"",3.75281,0,0,0,0,0,0.0330909,0,0,0.756867,0,0,0,0.708038,4.24982,0.126818,1.66106,0,0,0,0.0324224,0,0,0,-3.8153
"MtrElec",8,28,9,"",5.01023,0,0,0,0,0,0.0330909,0,0,0.756867,0,0,0,0.587154,4.01557,0.123088,1.62575,0,0,0.9878,0.0337193,0,0,0,-3.15281
"MtrElec",8,28,10,"",0.352854,0,0,0,0.0264844,0,0.0330909,0,0,0.756867,0,0,0,0.500807,3.8262,0.104439,1.55026,0.484958,0.417217,0.776468,0.0285317,0,0,0,-8.15246
"MtrElec",8,28,11,"",-7.86092,0,0,0,0.0264844,0,0.0330909,0,0,0.756867,0,0,0,0.466269,3.86045,0.082059,1.51385,1.69357,0.327957,0,0.0272348,0,0,0,-16.6488
"MtrElec",8,28,12,"",-24.9668,0,0,0,0.0264844,0,0.0330909,0,0,0.756867,0,0,0,0.431731,3.86045,0.0559493,1.5311,0.296245,0,0,0.03761,0,0,0,-31.9964
"MtrElec",8,28,13,"",-24.4102,0,0,0,0.0264844,0,0.0330909,0,0,0.756867,0,0,0,0.362654,3.88662,0.0447594,1.55236,2.83604,0,0,0.0453914,0,0,0,-33.9545
"MtrElec",8,28,14,"",-24.6564,0,0,0,0.0264844,0,0.0330909,0,0,0.756867,0,0,0,0.362654,3.96745,0.0410295,1.54175,2.11281,0,0.400627,0.0415007,0,0,0,-33.9407
"MtrElec",8,28,15,"",-23.9635,0,0,0,0.0264844,0,0.0330909,0,0,0.756867,0,0,0,0.362654,4.09483,0.0410295,1.53181,0,0.169213,0.481249,0.0440945,0,0,0,-31.5048
"MtrElec",8,28,16,"",-18.4704,0,0,0,0.0264844,0,0.0330909,0,0,0.756867,0,0,0,0.449,4.19768,0.0447594,1.55864,0,0.203265,0.882163,0.0674386,0,0,0,-26.6898
"MtrElec",8,28,17,"",-10.3277,0,0,0,0.0264844,0,0.0330909,0,0,0.756867,0,0,0,0.535346,4.69409,0.0708691,1.65086,0,0.372599,0.881924,0.149143,0,0,0,-19.4989
"MtrElec",8,28,18,"",-0.11871,0,0,0,0.0264844,0,0.0330909,0,0,0.756867,0,0,0,0.759846,5.35218,0.138008,1.79972,0,0.372498,0.882049,0.250301,0,0,0,-10.4898
"MtrElec",8,28,19,"",8.27655,0,0,0,0.0264844,0,0.0330909,0,0,0.756867,0,0,0,1.45061,5.81682,0.182768,1.90238,0,0.372551,0,0.233441,0,0,0,-2.49847
"MtrElec",8,28,20,"",11.1727,0,0,0,0,0,0.0330909,0,0,0.756867,0,0,0,2.0205,6.13371,0.242447,1.85896,0,0,0,0.127096,0,0,0,0
"MtrElec",8,28,21,"",11.3299,0,0,0,0,0,0.0330909,0,0,0.756867,0,0,0,1.95142,6.40322,0.339426,1.79138,0,0,0,0.0544696,0,0,0,0
"MtrElec",8,28,22,"",10.9691,0,0,0,0,0,0.0330909,0,0,0.756867,0,0,0,1.65785,6.38453,0.391645,1.71919,0,0,0,0.0259379,0,0,0,0
"MtrElec",8,28,23,"",9.53346,0,0,0,0,0,0.0330909,0,0,0.756867,0,0,0,1.08796,5.68639,0.339426,1.61416,0,0,0,0.0155628,0,0,0,0
"MtrElec",8,28,24,"",8.11082,0,0,0,0,0,0.0330909,0,0,0.756867,0,0,0,0.6735,4.87062,0.234987,1.52879,0,0,0,0.012969,0,0,0,0
"MtrElec",8,29,1,"",6.79361,0,0,0,0,0,0.0330909,0,0,0.756867,0,0,0,0.397192,3.92086,0.171578,1.50754,0,0,0,0.00648448,0,0,0,0
"MtrElec",8,29,2,"",6.32677,0,0,0,0,0,0.0330909,0,0,0.756867,0,0,0,0.328115,3.59257,0.171578,1.43935,0,0,0,0.00518759,0,0,0,0
"MtrElec",8,29,3,"",6.02912,0,0,0,0,0,0.0330909,0,0,0.756867,0,0,0,0.259038,3.39165,0.167848,1.41673,0,0,0,0.00389069,0,0,0,0
"MtrElec",8,29,4,"",6.02262,0,0,0,0,0,0.0330909,0,0,0.756867,0,0,0,0.293577,3.38105,0.167848,1.38629,0,0,0,0.00389069,0,0,0,0
"MtrElec",8,29,5,"",5.90989,0,0,0,0,0,0.0330909,0,0,0.756867,0,0,0,0.362654,3.21774,0.171578,1.36407,0,0,0,0.00389069,0,0,0,0
"MtrElec",8,29,6,"",6.32226,0,0,0,0,0,0.0330909,0,0,0.756867,0,0,0,0.535346,3.45857,0.167848,1.36406,0,0,0,0.00648448,0,0,0,0
"MtrElec",8,29,7,"",7.77993,0,0,0,0,0,0.0330909,0,0,0.756867,0,0,0,0.725307,3.84882,0.164118,1.42175,0,0,1.0076,0.012969,0,0,0,-0.19059
"MtrElec",8,29,8,"",6.77483,0,0,0,0,0,0.0330909,0,0,0.756867,0,0,0,0.708038,4.15342,0.152928,1.51692,0,0.42558,1.53729,0.0350162,0,0,0,-2.54432
"MtrElec",8,29,9,"",-2.82091,0,0,0,0.0264844,0,0.0330909,0,0,0.756867,0,0,0,0.587154,3.99273,0.134278,1.63681,0,0.649304,1.46132,0.062251,0,0,0,-12.1612
"MtrElec",8,29,10,"",-12.718,0,0,0,0.0264844,0,0.0330909,0,0,0.756867,0,0,0,0.500807,3.91119,0.111899,1.64814,0,0.617219,0.40456,0.062251,0,0,0,-20.7905
"MtrElec",8,29,11,"",-18.8398,0,0,0,0.0264844,0,0.0330909,0,0,0.756867,0,0,0,0.466269,3.96914,0.0895189,1.62071,0,0.170874,0.882176,0.0596572,0,0,0,-26.9146
"MtrElec",8,29,12,"",-16.2701,0,0,0,0.0264844,0,0.0330909,0,0,0.756867,0,0,0,0.431731,3.89723,0.0596792,1.66009,3.63395,0.372605,0,0.0713293,0,0,0,-27.2131
"MtrElec",8,29,13,"",-15.9329,0,0,0,0.0264844,0,0.0330909,0,0,0.756867,0,0,0,0.362654,3.87602,0.0447594,1.70218,1.31657,0,0,0.0817045,0,0,0,-24.1332
"MtrElec",8,29,14,"",-15.1192,0,0,0,0.0264844,0,0.0330909,0,0,0.756867,0,0,0,0.362654,3.99278,0.0410295,1.71958,0,0,0,0.0765169,0,0,0,-22.1282
"MtrElec",8,29,15,"",-20.2437,0,0,0,0.0264844,0,0.0330909,0,0,0.756867,0,0,0,0.362654,4.17814,0.0410295,1.70436,0,0,0,0.0804076,0,0,0,-27.4267
"MtrElec",8,29,16,"",-15.5866,0,0,0,0.0264844,0,0.0330909,0,0,0.756867,0,0,0,0.449,4.38883,0.0447594,1.70055,0,0,0,0.088189,0,0,0,-23.0743
"MtrElec",8,29,17,"",-8.79093,0,0,0,0.0264844,0,0.0330909,0,0,0.756867,0,0,0,0.535346,4.87216,0.0708691,1.72694,0,0,0,0.118018,0,0,0,-16.9307
"MtrElec",8,29,18,"",-0.990522,0,0,0,0.0264844,0,0.0330909,0,0,0.756867,0,0,0,0.759846,5.42325,0.141738,1.79731,0,0,0,0.180269,0,0,0,-10.1094
"MtrElec",8,29,19,"",7.78913,0,0,0,0.0264844,0,0.0330909,0,0,0.756867,0,0,0,1.45061,5.80458,0.179038,1.86074,0,0,0,0.1673,0,0,0,-2.48958
"MtrElec",8,29,20,"",11.8878,0,0,0,0,0,0.0330909,0,0,0.756867,0,0,0,2.0205,6.03731,0.223797,1.84073,0,0,0.882142,0.0933765,0,0,0,0
"MtrElec",8,29,21,"",13.0356,0,0,0,0,0,0.0330909,0,0,0.756867,0,0,0,1.95142,6.25945,0.309586,1.8143,1.49682,0.37259,0,0.0415007,0,0,0,0
"MtrElec",8,29,22,"",11.7794,0,0,0,0,0,0.0330909,0,0,0.756867,0,0,0,1.65785,6.22767,0.365535,1.74141,0.978837,0,0,0.0181566,0,0,0,0
"MtrElec",8,29,23,"",9.47249,0,0,0,0,0,0.0330909,0,0,0.756867,0,0,0,1.08796,5.60224,0.317046,1.66361,0,0,0,0.0116721,0,0,0,0
"MtrElec",8,29,24,"",8.06239,0,0,0,0,0,0.0330909,0,0,0.756867,0,0,0,0.6735,4.76841,0.220067,1.60398,0,0,0,0.00648448,0,0,0,0
"MtrElec",8,30,1,"",9.29738,0,0,0,0,0,0.0330909,0,0,0.756867,0,0,0,0.397192,3.92086,0.171578,1.53561,2.4757,0,0,0.00648448,0,0,0,0
"MtrElec",8,30,2,"",6.35183,0,0,0,0,0,0.0330909,0,0,0.756867,0,0,0,0.328115,3.59257,0.171578,1.46441,0,0,0,0.00518759,0,0,0,0
"MtrElec",8,30,3,"",6.05352,0,0,0,0,0,0.0330909,0,0,0.756867,0,0,0,0.259038,3.39165,0.167848,1.44113,0,0,0,0.00389069,0,0,0,0
"MtrElec",8,30,4,"",6.0459,0,0,0,0,0,0.0330909,0,0,0.756867,0,0,0,0.293577,3.38105,0.167848,1.40957,0,0,0,0.00389069,0,0,0,0
"MtrElec",8,30,5,"",5.93576,0,0,0,0,0,0.0330909,0,0,0.756867,0,0,0,0.362654,3.21774,0.171578,1.38994,0,0,0,0.00389069,0,0,0,0
"MtrElec",8,30,6,"",6.3486,0,0,0,0,0,0.0330909,0,0,0.756867,0,0,0,0.535346,3.45857,0.167848,1.39039,0,0,0,0.00648448,0,0,0,0
"MtrElec",8,30,7,"",6.76108,0,0,0,0,0,0.0330909,0,0,0.756867,0,0,0,0.725307,3.84882,0.164118,1.45218,0,0,0,0.012969,0,0,0,-0.232269
"MtrElec",8,30,8,"",2.5974,0,0,0,0,0,0.0330909,0,0,0.756867,0,0,0,0.708038,4.15342,0.152928,1.54143,0,0,0,0.0350162,0,0,0,-4.78339
"MtrElec",8,30,9,"",-3.60864,0,0,0,0.0264844,0,0.0330909,0,0,0.756867,0,0,0,0.587154,3.99273,0.134278,1.64908,0,0,0,0.062251,0,0,0,-10.8506
"MtrElec",8,30,10,"",-5.00537,0,0,0,0.0264844,0,0.0330909,0,0,0.756867,0,0,0,0.500807,3.91119,0.111899,1.65858,0,0,0,0.062251,0,0,0,-12.0666
"MtrElec",8,30,11,"",-18.3139,0,0,0,0.0264844,0,0.0330909,0,0,0.756867,0,0,0,0.466269,3.96914,0.0895189,1.62439,0,0,1.18482,0.0596572,0,0,0,-26.5241
"MtrElec",8,30,12,"",-22.2999,0,0,0,0.0264844,0,0.0330909,0,0,0.756867,0,0,0,0.431731,3.89723,0.0596792,1.66297,0,0.500431,1.89556,0.0713293,0,0,0,-31.6353
"MtrElec",8,30,13,"",-24.4186,0,0,0,0.0264844,0,0.0330909,0,0,0.756867,0,0,0,0.362654,3.87602,0.0447594,1.70637,0,0.800629,1.33065,0.0817045,0,0,0,-33.4378
"MtrElec",8,30,14,"",-24.8685,0,0,0,0.0264844,0,0.0330909,0,0,0.756867,0,0,0,0.362654,3.99278,0.0410295,1.73262,0,0.562026,0.88202,0.0765169,0,0,0,-33.3346
"MtrElec",8,30,15,"",-23.4541,0,0,0,0.0264844,0,0.0330909,0,0,0.756867,0,0,0,0.362654,4.17814,0.0410295,1.72141,0,0.372539,0,0.0804076,0,0,0,-31.0267
"MtrElec",8,30,16,"",-17.6784,0,0,0,0.0264844,0,0.0330909,0,0,0.756867,0,0,0,0.449,4.38883,0.0447594,1.71299,0,0,0.88198,0.088189,0,0,0,-26.0606
"MtrElec",8,30,17,"",-10.2572,0,0,0,0.0264844,0,0.0330909,0,0,0.756867,0,0,0,0.535346,4.87216,0.0708691,1.74467,0,0.372522,0,0.118018,0,0,0,-18.7872
"MtrElec",8,30,18,"",8.51969,7.36264,0,0,0.0264844,0,0.0330909,2.03003,0,0.756867,0,0,0,0.759846,5.42325,0.141738,1.81848,0,0,0,0.180269,0,0,0,-10.013
"MtrElec",8,30,19,"",13.2184,4.08607,0,0,0.0264844,0,0.0330909,1.16804,0,0.756867,0,0,0,1.45061,5.80458,0.179038,1.87343,0,0,0,0.1673,0,0,0,-2.32715
"MtrElec",8,30,20,"",15.3949,1.47744,0,0,0,0,0.0330909,0.423584,0,0.756867,0,0,0,2.0205,6.03731,0.223797,1.85441,2.47456,0,0,0.0933765,0,0,0,0
"MtrElec",8,30,21,"",11.4487,0,0,0,0,0,0.0330909,0,0,0.756867,0,0,0,1.95142,6.25945,0.309586,1.8289,0,0,0.2679,0.0415007,0,0,0,0
"MtrElec",8,30,22,"",12.4191,0,0,0,0,0,0.0330909,0,0,0.756867,0,0,0,1.65785,6.22767,0.365535,1.7505,0,0.113153,1.49627,0.0181566,0,0,0,0
"MtrElec",8,30,23,"",10.1158,0,0,0,0,0,0.0330909,0,0,0.756867,0,0,0,1.08796,5.60224,0.317046,1.67499,0,0.631979,0,0.0116721,0,0,0,0
"MtrElec",8,30,24,"",8.07047,0,0,0,0,0,0.0330909,0,0,0.756867,0,0,0,0.6735,4.76841,0.220067,1.61206,0,0,0,0.00648448,0,0,0,0
"MtrElec",8,31,1,"",6.80114,0,0,0,0,0,0.0330909,0,0,0.756867,0,0,0,0.397192,3.90778,0.171578,1.52815,0,0,0,0.00648448,0,0,0,0
"MtrElec",8,31,2,"",6.30845,0,0,0,0,0,0.0330909,0,0,0.756867,0,0,0,0.328115,3.54355,0.171578,1.47006,0,0,0,0.00518759,0,0,0,0
"MtrElec",8,31,3,"",6.05909,0,0,0,0,0,0.0330909,0,0,0.756867,0,0,0,0.259038,3.4031,0.171578,1.43023,0,0,0,0.00518759,0,0,0,0
"MtrElec",8,31,4,"",6.04681,0,0,0,0,0,0.0330909,0,0,0.756867,0,0,0,0.293577,3.37941,0.171578,1.4071,0,0,0,0.00518759,0,0,0,0
"MtrElec",8,31,5,"",5.95105,0,0,0,0,0,0.0330909,0,0,0.756867,0,0,0,0.362654,3.22919,0.171578,1.39249,0,0,0,0.00518759,0,0,0,0
"MtrElec",8,31,6,"",6.42427,0,0,0,0,0,0.0330909,0,0,0.756867,0,0,0,0.535346,3.47001,0.138008,1.47279,0,0,0,0.0181566,0,0,0,0
"MtrElec",8,31,7,"",7.18445,0,0,0,0,0,0.0330909,0,0,0.756867,0,0,0,0.725307,3.93213,0.130548,1.58187,0,0,0,0.024641,0,0,0,0
"MtrElec",8,31,8,"",8.13209,0,0,0,0,0,0.0330909,0,0,0.756867,0,0,0,0.708038,4.24982,0.126818,1.66718,0,0,0.881945,0.0324224,0,0,0,-0.324094
"MtrElec",8,31,9,"",4.43632,0,0,0,0,0,0.0330909,0,0,0.756867,0,0,0,0.587154,4.01557,0.123088,1.63651,0,0.372507,0,0.0337193,0,0,0,-3.12219
"MtrElec",8,31,10,"",-4.71709,0,0,0,0.0264844,0,0.0330909,0,0,0.756867,0,0,0,0.500807,3.8262,0.104439,1.56573,0.484958,0,0,0.0285317,0,0,0,-12.0442
"MtrElec",8,31,11,"",-17.91,0,0,0,0.0264844,0,0.0330909,0,0,0.756867,0,0,0,0.466269,3.86045,0.082059,1.52859,1.69357,0,0.881985,0.0272348,0,0,0,-27.2666
"MtrElec",8,31,12,"",-23.8588,0,0,0,0.0264844,0,0.0330909,0,0,0.756867,0,0,0,0.431731,3.86045,0.0559493,1.54544,0.296245,0.372524,0,0.03761,0,0,0,-31.2752
"MtrElec",8,31,13,"",-25.7668,0,0,0,0.0264844,0,0.0330909,0,0,0.756867,0,0,0,0.362654,3.88662,0.0447594,1.56554,0,0,0.57195,0.0453914,0,0,0,-33.0601
"MtrElec",8,31,14,"",-24.6866,0,0,0,0.0264844,0,0.0330909,0,0,0.756867,0,0,0,0.362654,3.96745,0.0410295,1.55746,0,0.241574,1.1926,0.0415007,0,0,0,-32.9073
"MtrElec",8,31,15,"",-22.81,0,0,0,0.0264844,0,0.0330909,0,0,0.756867,0,0,0,0.362654,4.09483,0.0410295,1.54747,0,0.50372,0.336868,0.0440945,0,0,0,-30.5571
"MtrElec",8,31,16,"",-17.1875,0,0,0,0.0264844,0,0.0330909,0,0,0.756867,0,0,0,0.449,4.19768,0.0447594,1.57824,0,0.142283,1.4272,0.0674386,0,0,0,-25.9105
"MtrElec",8,31,17,"",-9.52689,0,0,0,0.0264844,0,0.0330909,0,0,0.756867,0,0,0,0.535346,4.69409,0.0708691,1.67685,0,0.602807,0.881924,0.149143,0,0,0,-18.9544
"MtrElec",8,31,18,"",9.17142,6.93136,0,0,0.0264844,0,0.0330909,1.97879,0,0.756867,0,0,0,0.759846,5.35218,0.138008,1.82926,0,0.372498,0.882049,0.250301,0,0,0,-10.1393
"MtrElec",8,31,19,"",13.4361,3.83857,0,0,0.0264844,0,0.0330909,1.13686,0,0.756867,0,0,0,1.45061,5.81682,0.182768,1.92485,0,0.372551,0,0.233441,0,0,0,-2.33681
"MtrElec",8,31,20,"",14.3822,2.46104,0,0,0,0,0.0330909,0.728838,0,0.756867,0,0,0,2.0205,6.13371,0.242447,1.87858,0,0,0,0.127096,0,0,0,0
"MtrElec",8,31,21,"",11.541,0.140408,0,0,0,0,0.0330909,0.0408805,0,0.756867,0,0,0,1.95142,6.40322,0.339426,1.82124,0,0,0,0.0544696,0,0,0,0
"MtrElec",8,31,22,"",14.335,0,0,0,0,0,0.0330909,0,0,0.756867,0,0,0,1.65785,6.38453,0.391645,1.75914,2.47431,0,0.851616,0.0259379,0,0,0,0
"MtrElec",8,31,23,"",9.96918,0,0,0,0,0,0.0330909,0,0,0.756867,0,0,0,1.08796,5.68639,0.339426,1.65967,0,0.359697,0.0305102,0.0155628,0,0,0,0
"MtrElec",8,31,24,"",8.18111,0,0,0,0,0,0.0330909,0,0,0.756867,0,0,0,0.6735,4.87062,0.234987,1.5862,0,0.0128866,0,0.012969,0,0,0,0
"MtrElec",9,1,1,"",7.08129,0,0,0,0,0,0.0330909,0,0,0.756867,0,0,0,0.442328,4.12214,0.191075,1.52929,0,0,0,0.00650563,0,0,0,0
"MtrElec",9,1,2,"",6.57024,0,0,0,0,0,0.0330909,0,0,0.756867,0,0,0,0.365401,3.7478,0.191075,1.4708,0,0,0,0.0052045,0,0,0,0
"MtrElec",9,1,3,"",6.30676,0,0,0,0,0,0.0330909,0,0,0.756867,0,0,0,0.288475,3.6018,0.191075,1.43024,0,0,0,0.0052045,0,0,0,0
"MtrElec",9,1,4,"",6.29749,0,0,0,0,0,0.0330909,0,0,0.756867,0,0,0,0.326938,3.57823,0.191075,1.40608,0,0,0,0.0052045,0,0,0,0
"MtrElec",9,1,5,"",6.19573,0,0,0,0,0,0.0330909,0,0,0.756867,0,0,0,0.403864,3.41574,0.191075,1.38988,0,0,0,0.0052045,0,0,0,0
"MtrElec",9,1,6,"",6.70736,0,0,0,0,0,0.0330909,0,0,0.756867,0,0,0,0.596181,3.68194,0.153691,1.46738,0,0,0,0.0182158,0,0,0,0
"MtrElec",9,1,7,"",7.35949,0,0,0,0,0,0.0330909,0,0,0.756867,0,0,0,0.807729,4.18134,0.145383,1.57545,0,0,0,0.0247214,0,0,0,-0.165095
"MtrElec",9,1,8,"",3.41771,0,0,0,0,0,0.0330909,0,0,0.756867,0,0,0,0.788497,4.50998,0.14123,1.65777,0,0,0,0.0325281,0,0,0,-4.50225
"MtrElec",9,1,9,"",-6.10895,0,0,0,0.0264844,0,0.0330909,0,0,0.756867,0,0,0,0.653876,4.22776,0.137076,1.6252,0,0,0,0.0338293,0,0,0,-13.6031
"MtrElec",9,1,10,"",-15.1946,0,0,0,0.0264844,0,0.0330909,0,0,0.756867,0,0,0,0.557717,4.00326,0.116307,1.55649,0,0,0,0.0286248,0,0,0,-22.2734
"MtrElec",9,1,11,"",-21.5657,0,0,0,0.0264844,0,0.0330909,0,0,0.756867,0,0,0,0.519254,4.04303,0.0913838,1.52475,0,0,0.580873,0.0273236,0,0,0,-29.1687
"MtrElec",9,1,12,"",-26.309,0,0,0,0.0264844,0,0.0330909,0,0,0.756867,0,0,0,0.480791,4.04303,0.0623072,1.54071,0,0.245343,0.301168,0.0377326,0,0,0,-33.8365
"MtrElec",9,1,13,"",-28.934,0,0,0,0.0264844,0,0.0330909,0,0,0.756867,0,0,0,0.403864,4.06174,0.0498457,1.55691,0,0.127204,0,0.0455394,0,0,0,-35.9955
"MtrElec",9,1,14,"",-28.7115,0,0,0,0.0264844,0,0.0330909,0,0,0.756867,0,0,0,0.403864,4.14895,0.0456919,1.54229,0,0,0,0.041636,0,0,0,-35.7103
"MtrElec",9,1,15,"",-25.3571,0,0,0,0.0264844,0,0.0330909,0,0,0.756867,0,0,0,0.403864,4.28932,0.0456919,1.52958,0,0,0.336868,0.0442383,0,0,0,-32.8231
"MtrElec",9,1,16,"",-19.0866,0,0,0,0.0264844,0,0.0330909,0,0,0.756867,0,0,0,0.500022,4.40467,0.0498457,1.5557,0,0.142283,0.545039,0.0676585,0,0,0,-27.1682
"MtrElec",9,1,17,"",-11.3322,0,0,0,0.0264844,0,0.0330909,0,0,0.756867,0,0,0,0.596181,4.94558,0.0789224,1.65245,0,0.230208,0,0.149629,0,0,0,-19.8016
"MtrElec",9,1,18,"",4.36244,4.24952,0,0,0.0264844,0,0.0330909,1.13932,0,0.756867,0,0,0,0.846192,5.66093,0.153691,1.81064,0,0,0,0.251117,0,0,0,-10.5654
"MtrElec",9,1,19,"",14.111,3.85375,0,0,0.0070625,0,0.0330909,1.04715,0,0.756867,0,0,0,1.61546,6.15722,0.203537,1.9165,0.412435,0,0,0.234203,0,0,0,-2.1263
"MtrElec",9,1,20,"",18.9941,4.04129,0,0,0,0,0.0330909,1.09095,0,0.756867,0,0,0,2.2501,6.48616,0.269998,1.87546,2.06263,0,0,0.12751,0,0,0,0
"MtrElec",9,1,21,"",16.0961,3.23862,0,0,0,0,0.0330909,0.872831,0,0.756867,0,0,0,2.17317,6.76796,0.377997,1.82091,0,0,0,0.0546473,0,0,0,0
"MtrElec",9,1,22,"",16.9311,3.19098,0,0,0,0,0.0330909,0.868249,0,0.756867,0,0,0,1.84624,6.73641,0.43615,1.76784,1.26921,0,0,0.0260225,0,0,0,0
"MtrElec",9,1,23,"",14.2808,2.36341,0,0,0,0,0.0330909,0.65128,0,0.756867,0,0,0,1.21159,5.98957,0.377997,1.67507,1.20634,0,0,0.0156135,0,0,0,0
"MtrElec",9,1,24,"",10.3854,1.42966,0,0,0,0,0.0330909,0.396271,0,0.756867,0,0,0,0.750034,5.13203,0.26169,1.61272,0,0,0,0.0130113,0,0,0,0
"MtrElec",9,2,1,"",8.36822,0.990627,0,0,0,0,0.0330909,0.275382,0,0.756867,0,0,0,0.442328,4.12214,0.191075,1.55021,0,0,0,0.00650563,0,0,0,0
"MtrElec",9,2,2,"",7.4689,0.690646,0,0,0,0,0.0330909,0.192334,0,0.756867,0,0,0,0.365401,3.7478,0.191075,1.48649,0,0,0,0.0052045,0,0,0,0
"MtrElec",9,2,3,"",6.85245,0.413801,0,0,0,0,0.0330909,0.115491,0,0.756867,0,0,0,0.288475,3.6018,0.191075,1.44664,0,0,0,0.0052045,0,0,0,0
"MtrElec",9,2,4,"",6.53378,0.17121,0,0,0,0,0.0330909,0.047871,0,0.756867,0,0,0,0.326938,3.57823,0.191075,1.42329,0,0,0,0.0052045,0,0,0,0
"MtrElec",9,2,5,"",6.2203,0.00299171,0,0,0,0,0.0330909,0.00083732,0,0.756867,0,0,0,0.403864,3.41574,0.191075,1.41063,0,0,0,0.0052045,0,0,0,0
"MtrElec",9,2,6,"",6.73433,0,0,0,0,0,0.0330909,0,0,0.756867,0,0,0,0.596181,3.68194,0.153691,1.49434,0,0,0,0.0182158,0,0,0,0
"MtrElec",9,2,7,"",7.38874,0,0,0,0,0,0.0330909,0,0,0.756867,0,0,0,0.807729,4.18134,0.145383,1.59898,0,0,0,0.0247214,0,0,0,-0.159368
"MtrElec",9,2,8,"",4.4014,0,0,0,0,0,0.0330909,0,0,0.756867,0,0,0,0.788497,4.50998,0.14123,1.67784,0,0,0.881945,0.0325281,0,0,0,-4.42059
"MtrElec",9,2,9,"",-5.4747,0,0,0,0.0264844,0,0.0330909,0,0,0.756867,0,0,0,0.653876,4.22776,0.137076,1.64791,0,0.372507,0,0.0338293,0,0,0,-13.3641
"MtrElec",9,2,10,"",-13.4549,0,0,0,0.0264844,0,0.0330909,0,0,0.756867,0,0,0,0.557717,4.00326,0.116307,1.58595,1.18923,0,0,0.0286248,0,0,0,-21.7524
"MtrElec",9,2,11,"",-18.5515,0,0,0,0.0264844,0,0.0330909,0,0,0.756867,0,0,0,0.519254,4.04303,0.0913838,1.55797,1.28607,0,1.48792,0.0273236,0,0,0,-28.3809
"MtrElec",9,2,12,"",-25.371,0,0,0,0.0264844,0,0.0330909,0,0,0.756867,0,0,0,0.480791,4.04303,0.0623072,1.57845,0,0.628453,0.276015,0.0377326,0,0,0,-33.2942
"MtrElec",9,2,13,"",-28.4791,0,0,0,0.0264844,0,0.0330909,0,0,0.756867,0,0,0,0.403864,4.06174,0.0498457,1.59411,0,0.116581,0,0.0455394,0,0,0,-35.5672
"MtrElec",9,2,14,"",-27.5324,0,0,0,0.0264844,0,0.0330909,0,0,0.756867,0,0,0,0.403864,4.14895,0.0456919,1.58099,0,0,0.449466,0.041636,0,0,0,-35.0195
"MtrElec",9,2,15,"",-23.9435,0,0,0,0.0264844,0,0.0330909,0,0,0.756867,0,0,0,0.403864,4.28932,0.0456919,1.56534,0,0.189841,0.868033,0.0442383,0,0,0,-32.1663
"MtrElec",9,2,16,"",-13.4468,1.51278,0,0,0.0264844,0,0.0330909,0.380777,0,0.756867,0,0,0,0.500022,4.40467,0.0498457,1.6015,2.52655,0.366631,0.665522,0.0676585,0,0,0,-26.3392
"MtrElec",9,2,17,"",4.30097,9.34691,0,0,0.0264844,0,0.0330909,2.42226,0,0.756867,0,0,0,0.596181,4.94558,0.0789224,1.71653,2.42423,0.281097,0.432205,0.149629,0,0,0,-18.909
"MtrElec",9,2,18,"",19.2301,13.6127,0,0,0.0264844,0,0.0330909,3.58538,0,0.756867,0,0,0,0.846192,5.66093,0.153691,1.86547,0,0.18255,0.230815,0.251117,0,0,0,-7.97517
"MtrElec",9,2,19,"",25.7115,13.0614,0,0,0.0264844,0,0.0330909,3.51358,0,0.756867,0,0,0,1.61546,6.15722,0.203537,1.94763,0,0.0974895,0,0.234203,0,0,0,-1.93546
"MtrElec",9,2,20,"",26.0539,11.189,0,0,0,0,0.0330909,3.05476,0,0.756867,0,0,0,2.2501,6.48616,0.269998,1.88642,0,0,0,0.12751,0,0,0,0
"MtrElec",9,2,21,"",22.3608,8.13164,0,0,0,0,0.0330909,2.24077,0,0.756867,0,0,0,2.17317,6.76796,0.377997,1.8247,0,0,0,0.0546473,0,0,0,0
"MtrElec",9,2,22,"",22.3636,6.73565,0,0,0,0,0.0330909,1.87349,0,0.756867,0,0,0,1.84624,6.73641,0.43615,1.76826,1.26921,0,0.882198,0.0260225,0,0,0,0
"MtrElec",9,2,23,"",18.0545,5.00983,0,0,0,0,0.0330909,1.40595,0,0.756867,0,0,0,1.21159,5.98957,0.377997,1.67507,1.20634,0.372614,0,0.0156135,0,0,0,0
"MtrElec",9,2,24,"",12.2269,2.85689,0,0,0,0,0.0330909,0.81017,0,0.756867,0,0,0,0.750034,5.13203,0.26169,1.61315,0,0,0,0.0130113,0,0,0,0
"MtrElec",9,3,1,"",9.37512,1.7657,0,0,0,0,0.0330909,0.505705,0,0.756867,0,0,0,0.442328,4.12214,0.191075,1.55171,0,0,0,0.00650563,0,0,0,0
"MtrElec",9,3,2,"",12.316,1.81169,0,0,0,0,0.0330909,0.520479,0,0.756867,0,0,0,0.365401,3.7478,0.191075,1.48916,3.39527,0,0,0.0052045,0,0,0,0
"MtrElec",9,3,3,"",9.24393,1.05595,0,0,0,0,0.0330909,0.304894,0,0.756867,0,0,0,0.288475,3.6018,0.191075,1.45074,1.55582,0,0,0.0052045,0,0,0,0
"MtrElec",9,3,4,"",7.01864,0.542469,0,0,0,0,0.0330909,0.156781,0,0.756867,0,0,0,0.326938,3.57823,0.191075,1.42798,0,0,0,0.0052045,0,0,0,0
"MtrElec",9,3,5,"",6.51207,0.225685,0,0,0,0,0.0330909,0.0651438,0,0.756867,0,0,0,0.403864,3.41574,0.191075,1.41539,0,0,0,0.0052045,0,0,0,0
"MtrElec",9,3,6,"",7.01078,0.210719,0,0,0,0,0.0330909,0.0606519,0,0.756867,0,0,0,0.596181,3.68194,0.153691,1.49942,0,0,0,0.0182158,0,0,0,0
"MtrElec",9,3,7,"",7.39003,0,0,0,0,0,0.0330909,0,0,0.756867,0,0,0,0.807729,4.18134,0.145383,1.60274,0,0,0,0.0247214,0,0,0,-0.161834
"MtrElec",9,3,8,"",3.51376,0,0,0,0,0,0.0330909,0,0,0.756867,0,0,0,0.788497,4.50998,0.14123,1.68024,0,0,0,0.0325281,0,0,0,-4.42868
"MtrElec",9,3,9,"",-5.87217,0,0,0,0.0264844,0,0.0330909,0,0,0.756867,0,0,0,0.653876,4.22776,0.137076,1.64959,0,0,0,0.0338293,0,0,0,-13.3908
"MtrElec",9,3,10,"",-13.7434,0,0,0,0.0264844,0,0.0330909,0,0,0.756867,0,0,0,0.557717,4.00326,0.116307,1.58707,0.484958,0,0.476651,0.0286248,0,0,0,-21.8144
"MtrElec",9,3,11,"",-18.9978,0,0,0,0.0264844,0,0.0330909,0,0,0.756867,0,0,0,0.519254,4.04303,0.0913838,1.55909,1.69357,0.201323,0.405362,0.0273236,0,0,0,-28.3546
"MtrElec",9,3,12,"",-24.6154,0,0,0,0.0264844,0,0.0330909,0,0,0.756867,0,0,0,0.480791,4.04303,0.0623072,1.58048,0.296245,0.171213,0.882056,0.0377326,0,0,0,-32.9857
"MtrElec",9,3,13,"",-27.7285,0,0,0,0.0264844,0,0.0330909,0,0,0.756867,0,0,0,0.403864,4.06174,0.0498457,1.59673,0,0.372554,0,0.0455394,0,0,0,-35.0752
"MtrElec",9,3,14,"",-27.699,0,0,0,0.0264844,0,0.0330909,0,0,0.756867,0,0,0,0.403864,4.14895,0.0456919,1.58925,0,0,0,0.041636,0,0,0,-34.7449
"MtrElec",9,3,15,"",-24.852,0,0,0,0.0264844,0,0.0330909,0,0,0.756867,0,0,0,0.403864,4.28932,0.0456919,1.57099,0,0,0,0.0442383,0,0,0,-32.0225
"MtrElec",9,3,16,"",-16.5483,1.39673,0,0,0.0264844,0,0.0330909,0.345405,0,0.756867,0,0,0,0.500022,4.40467,0.0498457,1.60479,0,0,0.882163,0.0676585,0,0,0,-26.616
"MtrElec",9,3,17,"",5.02094,11.1186,0,0,0.0264844,0,0.0330909,2.84419,0,0.756867,0,0,0,0.596181,4.94558,0.0789224,1.71918,0.530617,0.372599,0.881924,0.149629,0,0,0,-19.0329
"MtrElec",9,3,18,"",20.1413,13.7132,0,0,0.0264844,0,0.0330909,3.58538,0,0.756867,0,0,0,0.846192,5.66093,0.153691,1.86529,1.9438,0.372498,0.882049,0.251117,0,0,0,-9.94937
"MtrElec",9,3,19,"",26.5045,13.5374,0,0,0.0264844,0,0.0330909,3.58538,0,0.756867,0,0,0,1.61546,6.15722,0.203537,1.95166,0,0.372551,0,0.234203,0,0,0,-1.96929
"MtrElec",9,3,20,"",28.9446,13.5426,0,0,0,0,0.0330909,3.58538,0,0.756867,0,0,0,2.2501,6.48616,0.269998,1.89288,0,0,0,0.12751,0,0,0,0
"MtrElec",9,3,21,"",26.9932,11.8421,0,0,0,0,0.0330909,3.15706,0,0.756867,0,0,0,2.17317,6.76796,0.377997,1.83028,0,0,0,0.0546473,0,0,0,0
"MtrElec",9,3,22,"",21.886,8.08688,0,0,0,0,0.0330909,2.19505,0,0.756867,0,0,0,1.84624,6.73641,0.43615,1.76925,0,0,0,0.0260225,0,0,0,0
"MtrElec",9,3,23,"",17.5084,5.6598,0,0,0,0,0.0330909,1.5638,0,0.756867,0,0,0,1.21159,5.98957,0.377997,1.67507,0,0,0.225027,0.0156135,0,0,0,0
"MtrElec",9,3,24,"",14.4307,3.9965,0,0,0,0,0.0330909,1.12238,0,0.756867,0,0,0,0.750034,5.13203,0.26169,1.61315,0,0.0950445,0.656879,0.0130113,0,0,0,0
"MtrElec",9,4,1,"",10.8033,2.6639,0,0,0,0,0.0330909,0.758251,0,0.756867,0,0,0,0.442328,4.12214,0.191075,1.55171,0,0.277446,0,0.00650563,0,0,0,0
"MtrElec",9,4,2,"",8.43383,1.43231,0,0,0,0,0.0330909,0.412918,0,0.756867,0,0,0,0.365401,3.7478,0.191075,1.48916,0,0,0,0.0052045,0,0,0,0
"MtrElec",9,4,3,"",7.47641,0.889501,0,0,0,0,0.0330909,0.259663,0,0.756867,0,0,0,0.288475,3.6018,0.191075,1.45073,0,0,0,0.0052045,0,0,0,0
"MtrElec",9,4,4,"",6.96175,0.496221,0,0,0,0,0.0330909,0.146112,0,0.756867,0,0,0,0.326938,3.57823,0.191075,1.42801,0,0,0,0.0052045,0,0,0,0
"MtrElec",9,4,5,"",6.35608,0.10388,0,0,0,0,0.0330909,0.03073,0,0.756867,0,0,0,0.403864,3.41574,0.191075,1.41562,0,0,0,0.0052045,0,0,0,0
"MtrElec",9,4,6,"",6.7452,0.00435062,0,0,0,0,0.0330909,0.00129051,0,0.756867,0,0,0,0.596181,3.68194,0.153691,1.49957,0,0,0,0.0182158,0,0,0,0
"MtrElec",9,4,7,"",7.40493,0,0,0,0,0,0.0330909,0,0,0.756867,0,0,0,0.807729,4.18134,0.145383,1.60224,0,0,0,0.0247214,0,0,0,-0.146447
"MtrElec",9,4,8,"",4.39768,0,0,0,0,0,0.0330909,0,0,0.756867,0,0,0,0.788497,4.50998,0.14123,1.67958,0,0,0.881945,0.0325281,0,0,0,-4.42605
"MtrElec",9,4,9,"",-5.28782,0,0,0,0.0264844,0,0.0330909,0,0,0.756867,0,0,0,0.653876,4.22776,0.137076,1.65151,0,0.372507,0.287278,0.0338293,0,0,0,-13.4681
"MtrElec",9,4,10,"",-13.428,0,0,0,0.0264844,0,0.0330909,0,0,0.756867,0,0,0,0.557717,4.00326,0.116307,1.59487,0,0.121338,1.54819,0.0286248,0,0,0,-22.2147
"MtrElec",9,4,11,"",-19.3407,0,0,0,0.0264844,0,0.0330909,0,0,0.756867,0,0,0,0.519254,4.04303,0.0913838,1.56273,0,0.65391,1.69271,0.0273236,0,0,0,-28.7474
"MtrElec",9,4,12,"",-25.0304,0,0,0,0.0264844,0,0.0330909,0,0,0.756867,0,0,0,0.480791,4.04303,0.0623072,1.57692,0,0.71495,0,0.0377326,0,0,0,-32.7625
"MtrElec",9,4,13,"",-27.7055,0,0,0,0.0264844,0,0.0330909,0,0,0.756867,0,0,0,0.403864,4.06174,0.0498457,1.59347,0,0,0,0.0455394,0,0,0,-34.6764
"MtrElec",9,4,14,"",-27.5187,0,0,0,0.0264844,0,0.0330909,0,0,0.756867,0,0,0,0.403864,4.14895,0.0456919,1.58774,0,0,0,0.041636,0,0,0,-34.563
"MtrElec",9,4,15,"",-24.6447,0,0,0,0.0264844,0,0.0330909,0,0,0.756867,0,0,0,0.403864,4.28932,0.0456919,1.57075,0,0,0,0.0442383,0,0,0,-31.8151
"MtrElec",9,4,16,"",-17.8811,0.815462,0,0,0.0264844,0,0.0330909,0.2072,0,0.756867,0,0,0,0.500022,4.40467,0.0498457,1.60457,0,0,0,0.0676585,0,0,0,-26.347
"MtrElec",9,4,17,"",1.11173,9.17614,0,0,0.0264844,0,0.0330909,2.42199,0,0.756867,0,0,0,0.596181,4.94558,0.0789224,1.71817,0,0,0,0.149629,0,0,0,-18.7913
"MtrElec",9,4,18,"",16.9049,13.4555,0,0,0.0264844,0,0.0330909,3.58538,0,0.756867,0,0,0,0.846192,5.66093,0.153691,1.8631,0,0,0,0.251117,0,0,0,-9.72749
"MtrElec",9,4,19,"",26.0241,13.3729,0,0,0.0264844,0,0.0330909,3.58538,0,0.756867,0,0,0,1.61546,6.15722,0.203537,1.94613,0,0,0,0.234203,0,0,0,-1.9072
"MtrElec",9,4,20,"",28.2069,12.9415,0,0,0,0,0.0330909,3.45424,0,0.756867,0,0,0,2.2501,6.48616,0.269998,1.88749,0,0,0,0.12751,0,0,0,0
"MtrElec",9,4,21,"",24.4176,9.80733,0,0,0,0,0.0330909,2.6213,0,0.756867,0,0,0,2.17317,6.76796,0.377997,1.82524,0,0,0,0.0546473,0,0,0,0
"MtrElec",9,4,22,"",26.7368,8.59317,0,0,0,0,0.0330909,2.33251,0,0.756867,0,0,0,1.84624,6.73641,0.43615,1.76826,2.47431,0,1.73381,0.0260225,0,0,0,0
"MtrElec",9,4,23,"",18.5798,6.08496,0,0,0,0,0.0330909,1.67218,0,0.756867,0,0,0,1.21159,5.98957,0.377997,1.67507,0,0.732311,0.0305102,0.0156135,0,0,0,0
"MtrElec",9,4,24,"",13.1351,3.57013,0,0,0,0,0.0330909,0.992193,0,0.756867,0,0,0,0.750034,5.13203,0.26169,1.61315,0,0.0128866,0,0.0130113,0,0,0,0
"MtrElec",9,5,1,"",10.1331,2.3414,0,0,0,0,0.0330909,0.659547,0,0.756867,0,0,0,0.442328,4.13522,0.191075,1.56711,0,0,0,0.00650563,0,0,0,0
"MtrElec",9,5,2,"",8.55287,1.48995,0,0,0,0,0.0330909,0.424594,0,0.756867,0,0,0,0.365401,3.79609,0.191075,1.49059,0,0,0,0.0052045,0,0,0,0
"MtrElec",9,5,3,"",7.5554,0.954037,0,0,0,0,0.0330909,0.274352,0,0.756867,0,0,0,0.288475,3.58987,0.186921,1.46789,0,0,0,0.00390338,0,0,0,0
"MtrElec",9,5,4,"",7.10356,0.604191,0,0,0,0,0.0330909,0.174612,0,0.756867,0,0,0,0.326938,3.57939,0.186921,1.43765,0,0,0,0.00390338,0,0,0,0
"MtrElec",9,5,5,"",6.51121,0.229794,0,0,0,0,0.0330909,0.0665551,0,0.756867,0,0,0,0.403864,3.40381,0.191075,1.42225,0,0,0,0.00390338,0,0,0,0
"MtrElec",9,5,6,"",6.82864,0.120628,0,0,0,0,0.0330909,0.0349046,0,0.756867,0,0,0,0.596181,3.67,0.186921,1.42353,0,0,0,0.00650563,0,0,0,0
"MtrElec",9,5,7,"",7.2462,0,0,0,0,0,0.0330909,0,0,0.756867,0,0,0,0.807729,4.09899,0.182768,1.48979,0,0,0,0.0130113,0,0,0,-0.13605
"MtrElec",9,5,8,"",3.45772,0,0,0,0,0,0.0330909,0,0,0.756867,0,0,0,0.788497,4.41454,0.170306,1.57737,0,0,0,0.0351304,0,0,0,-4.31809
"MtrElec",9,5,9,"",-4.6629,0,0,0,0.0264844,0,0.0330909,0,0,0.756867,0,0,0,0.653876,4.20564,0.149537,1.67429,0,0,0.88205,0.062454,0,0,0,-13.1072
"MtrElec",9,5,10,"",-13.8625,0,0,0,0.0264844,0,0.0330909,0,0,0.756867,0,0,0,0.557717,4.08851,0.124614,1.70013,0,0.372551,0,0.062454,0,0,0,-21.585
"MtrElec",9,5,11,"",-19.6367,0,0,0,0.0264844,0,0.0330909,0,0,0.756867,0,0,0,0.519254,4.15186,0.0996915,1.6697,0,0,1.20344,0.0598518,0,0,0,-28.157
"MtrElec",9,5,12,"",-23.9858,0,0,0,0.0264844,0,0.0330909,0,0,0.756867,0,0,0,0.480791,4.07969,0.066461,1.71025,0,0.508297,0.560613,0.0715619,0,0,0,-32.2799
"MtrElec",9,5,13,"",-26.7126,0,0,0,0.0264844,0,0.0330909,0,0,0.756867,0,0,0,0.403864,4.05126,0.0498457,1.75383,0,0.236786,0,0.0819709,0,0,0,-34.1066
"MtrElec",9,5,14,"",-26.6716,0,0,0,0.0264844,0,0.0330909,0,0,0.756867,0,0,0,0.403864,4.17368,0.0456919,1.77579,0,0,0,0.0767664,0,0,0,-33.9638
"MtrElec",9,5,15,"",-23.789,0,0,0,0.0264844,0,0.0330909,0,0,0.756867,0,0,0,0.403864,4.37168,0.0456919,1.76502,0,0,0,0.0806698,0,0,0,-31.2724
"MtrElec",9,5,16,"",-13.5994,3.6713,0,0,0.0264844,0,0.0330909,0.909633,0,0.756867,0,0,0,0.500022,4.5944,0.0498457,1.7485,0,0,0,0.0884765,0,0,0,-25.9781
"MtrElec",9,5,17,"",3.59744,10.782,0,0,0.0264844,0,0.0330909,2.82308,0,0.756867,0,0,0,0.596181,5.12223,0.0789224,1.79595,0,0,0,0.118402,0,0,0,-18.5358
"MtrElec",9,5,18,"",16.9175,13.3033,0,0,0.0264844,0,0.0330909,3.58538,0,0.756867,0,0,0,0.846192,5.73164,0.157845,1.85467,0,0,0,0.180856,0,0,0,-9.55883
"MtrElec",9,5,19,"",25.6583,13.0709,0,0,0.0264844,0,0.0330909,3.58538,0,0.756867,0,0,0,1.61546,6.14558,0.199383,1.892,0,0,0,0.167845,0,0,0,-1.83468
"MtrElec",9,5,20,"",26.2905,11.4422,0,0,0,0,0.0330909,3.20745,0,0.756867,0,0,0,2.2501,6.39072,0.249229,1.86715,0,0,0,0.093681,0,0,0,0
"MtrElec",9,5,21,"",22.9869,7.65833,0,0,0,0,0.0330909,2.17692,0,0.756867,0,0,0,2.17317,6.62537,0.344766,1.83601,1.34073,0,0,0.041636,0,0,0,0
"MtrElec",9,5,22,"",19.8751,5.71306,0,0,0,0,0.0330909,1.62364,0,0.756867,0,0,0,1.84624,6.58074,0.407073,1.76286,1.13329,0,0,0.0182158,0,0,0,0
"MtrElec",9,5,23,"",14.6321,3.62846,0,0,0,0,0.0330909,1.03435,0,0.756867,0,0,0,1.21159,5.90577,0.353074,1.69714,0,0,0,0.0117101,0,0,0,0
"MtrElec",9,5,24,"",11.1656,2.11198,0,0,0,0,0.0330909,0.603445,0,0.756867,0,0,0,0.750034,5.02993,0.245075,1.62871,0,0,0,0.00650563,0,0,0,0
"MtrElec",9,6,1,"",8.67861,1.20211,0,0,0,0,0.0330909,0.344301,0,0.756867,0,0,0,0.442328,4.13522,0.191075,1.56711,0,0,0,0.00650563,0,0,0,0
"MtrElec",9,6,2,"",7.65705,0.792704,0,0,0,0,0.0330909,0.226238,0,0.756867,0,0,0,0.365401,3.79609,0.191075,1.49037,0,0,0,0.0052045,0,0,0,0
"MtrElec",9,6,3,"",6.89439,0.442663,0,0,0,0,0.0330909,0.125924,0,0.756867,0,0,0,0.288475,3.58987,0.186921,1.46668,0,0,0,0.00390338,0,0,0,0
"MtrElec",9,6,4,"",6.50043,0.138539,0,0,0,0,0.0330909,0.0393155,0,0.756867,0,0,0,0.326938,3.57939,0.186921,1.43547,0,0,0,0.00390338,0,0,0,0
"MtrElec",9,6,5,"",6.21206,0,0,0,0,0,0.0330909,0,0,0.756867,0,0,0,0.403864,3.40381,0.191075,1.41945,0,0,0,0.00390338,0,0,0,0
"MtrElec",9,6,6,"",6.67009,0,0,0,0,0,0.0330909,0,0,0.756867,0,0,0,0.596181,3.67,0.186921,1.42052,0,0,0,0.00650563,0,0,0,0
"MtrElec",9,6,7,"",7.27433,0,0,0,0,0,0.0330909,0,0,0.756867,0,0,0,0.807729,4.09899,0.182768,1.4862,0,0,0,0.0130113,0,0,0,-0.104326
"MtrElec",9,6,8,"",3.46304,0,0,0,0,0,0.0330909,0,0,0.756867,0,0,0,0.788497,4.41454,0.170306,1.57416,0,0,0,0.0351304,0,0,0,-4.30956
"MtrElec",9,6,9,"",-5.37403,0,0,0,0.0264844,0,0.0330909,0,0,0.756867,0,0,0,0.653876,4.20564,0.149537,1.67229,0,0,0,0.062454,0,0,0,-12.9343
"MtrElec",9,6,10,"",-13.7785,0,0,0,0.0264844,0,0.0330909,0,0,0.756867,0,0,0,0.557717,4.08851,0.124614,1.69649,0,0,0,0.062454,0,0,0,-21.1247
"MtrElec",9,6,11,"",-19.9287,0,0,0,0.0264844,0,0.0330909,0,0,0.756867,0,0,0,0.519254,4.15186,0.0996915,1.66713,0,0,0.426691,0.0598518,0,0,0,-27.6696
"MtrElec",9,6,12,"",-24.3683,0,0,0,0.0264844,0,0.0330909,0,0,0.756866,0,0,0,0.480791,4.07969,0.066461,1.71153,0,0.180221,0.455059,0.0715619,0,0,0,-32.2301
"MtrElec",9,6,13,"",-27.122,0,0,0,0.0264844,0,0.0330909,0,0,0.756867,0,0,0,0.403864,4.05126,0.0498457,1.7548,0,0.192203,0,0.0819709,0,0,0,-34.4724
"MtrElec",9,6,14,"",-27.1242,0,0,0,0.0264844,0,0.0330909,0,0,0.756867,0,0,0,0.403864,4.17368,0.0456919,1.77659,0,0,0,0.0767664,0,0,0,-34.4172
"MtrElec",9,6,15,"",-22.5957,0,0,0,0.0264844,0,0.0330909,0,0,0.756867,0,0,0,0.403864,4.37168,0.0456919,1.76426,0,0,1.76411,0.0806698,0,0,0,-31.8424
"MtrElec",9,6,16,"",-17.9859,0,0,0,0.0264844,0,0.0330909,0,0,0.756867,0,0,0,0.500022,4.5944,0.0498457,1.74399,0,0.745107,0,0.0884765,0,0,0,-26.5242
"MtrElec",9,6,17,"",1.64438,9.60194,0,0,0.0264844,0,0.0330909,2.51848,0,0.756867,0,0,0,0.596181,5.12223,0.0789224,1.78997,0,0,0,0.118402,0,0,0,-18.9982
"MtrElec",9,6,18,"",21.7814,13.2546,0,0,0.0264844,0,0.0330909,3.58538,0,0.756867,0,0,0,0.846192,5.73164,0.157845,1.85414,2.47509,0,2.64662,0.180856,0,0,0,-9.76744
"MtrElec",9,6,19,"",28.7757,12.9436,0,0,0.0264844,0,0.0330909,3.58538,0,0.756867,0,0,0,1.61546,6.14558,0.199383,1.89323,0,1.11785,2.10884,0.167845,0,0,0,-1.81795
"MtrElec",9,6,20,"",29.8979,12.3552,0,0,0,0,0.0330909,3.48571,0,0.756867,0,0,0,2.2501,6.39072,0.249229,1.87053,0,0.890711,1.52208,0.093681,0,0,0,0
"MtrElec",9,6,21,"",25.2093,9.31577,0,0,0,0,0.0330909,2.65624,0,0.756867,0,0,0,2.17317,6.62537,0.344766,1.84005,0,0.642882,0.779442,0.041636,0,0,0,0
"MtrElec",9,6,22,"",19.4137,5.98534,0,0,0,0,0.0330909,1.69373,0,0.756867,0,0,0,1.84624,6.58074,0.407073,1.76322,0,0.329213,0,0.0182158,0,0,0,0
"MtrElec",9,6,23,"",14.7106,3.70037,0,0,0,0,0.0330909,1.04101,0,0.756867,0,0,0,1.21159,5.90577,0.353074,1.69714,0,0,0,0.0117101,0,0,0,0
"MtrElec",9,6,24,"",11.0964,2.06566,0,0,0,0,0.0330909,0.580502,0,0.756867,0,0,0,0.750034,5.02993,0.245075,1.62871,0,0,0,0.00650563,0,0,0,0
"MtrElec",9,7,1,"",8.74006,1.25613,0,0,0,0,0.0330909,0.351723,0,0.756867,0,0,0,0.442328,4.13522,0.191075,1.56711,0,0,0,0.00650563,0,0,0,0
"MtrElec",9,7,2,"",7.74215,0.864184,0,0,0,0,0.0330909,0.240014,0,0.756867,0,0,0,0.365401,3.79609,0.191075,1.49022,0,0,0,0.0052045,0,0,0,0
"MtrElec",9,7,3,"",7.03318,0.554561,0,0,0,0,0.0330909,0.152947,0,0.756867,0,0,0,0.288475,3.58987,0.186921,1.46655,0,0,0,0.00390338,0,0,0,0
"MtrElec",9,7,4,"",6.72117,0.312728,0,0,0,0,0.0330909,0.0857688,0,0.756867,0,0,0,0.326938,3.57939,0.186921,1.43557,0,0,0,0.00390338,0,0,0,0
"MtrElec",9,7,5,"",6.29945,0.0681901,0,0,0,0,0.0330909,0.018638,0,0.756867,0,0,0,0.403864,3.40381,0.191075,1.42001,0,0,0,0.00390338,0,0,0,0
"MtrElec",9,7,6,"",6.90316,0.182082,0,0,0,0,0.0330909,0.0496119,0,0.756867,0,0,0,0.596181,3.67,0.186921,1.4219,0,0,0,0.00650563,0,0,0,0
"MtrElec",9,7,7,"",7.27295,0,0,0,0,0,0.0330909,0,0,0.756867,0,0,0,0.807729,4.09899,0.182768,1.48908,0,0,0,0.0130113,0,0,0,-0.108577
"MtrElec",9,7,8,"",3.44453,0,0,0,0,0,0.0330909,0,0,0.756867,0,0,0,0.788497,4.41454,0.170306,1.57518,0,0,0,0.0351304,0,0,0,-4.32908
"MtrElec",9,7,9,"",-3.82739,0,0,0,0.0264844,0,0.0330909,0,0,0.756867,0,0,0,0.653876,4.20564,0.149537,1.67054,0,0,1.76466,0.062454,0,0,0,-13.1505
"MtrElec",9,7,10,"",-13.2263,0,0,0,0.0264844,0,0.0330909,0,0,0.756867,0,0,0,0.557717,4.08851,0.124614,1.69099,0,0.745338,0,0.062454,0,0,0,-21.3124
"MtrElec",9,7,11,"",-20.4001,0,0,0,0.0264844,0,0.0330909,0,0,0.756867,0,0,0,0.519254,4.15186,0.0996915,1.66209,0,0,0,0.0598518,0,0,0,-27.7093
"MtrElec",9,7,12,"",-24.7506,0,0,0,0.0264844,0,0.0330909,0,0,0.756867,0,0,0,0.480791,4.07969,0.066461,1.70404,0,0,0,0.0715619,0,0,0,-31.9696
"MtrElec",9,7,13,"",-27.0362,0,0,0,0.0264844,0,0.0330909,0,0,0.756867,0,0,0,0.403864,4.05126,0.0498457,1.74548,0,0,0,0.0819709,0,0,0,-34.1851
"MtrElec",9,7,14,"",-26.642,0,0,0,0.0264844,0,0.0330909,0,0,0.756867,0,0,0,0.403864,4.17368,0.0456919,1.7675,0,0,0.503786,0.0767664,0,0,0,-34.4298
"MtrElec",9,7,15,"",-23.6408,0,0,0,0.0264844,0,0.0330909,0,0,0.756867,0,0,0,0.403864,4.37168,0.0456919,1.75182,0,0.212784,0.378652,0.0806698,0,0,0,-31.7024
"MtrElec",9,7,16,"",-18.3871,0,0,0,0.0264844,0,0.0330909,0,0,0.756867,0,0,0,0.500022,4.5944,0.0498457,1.7353,0,0.159931,0,0.0884765,0,0,0,-26.3315
"MtrElec",9,7,17,"",-2.44159,5.45116,0,0,0.0264844,0,0.0330909,1.47539,0,0.756867,0,0,0,0.596181,5.12223,0.0789224,1.7751,0,0,0.882215,0.118402,0,0,0,-18.7576
"MtrElec",9,7,18,"",21.9224,12.8214,0,0,0.0264844,0,0.0330909,3.58538,0,0.756867,0,0,0,0.846192,5.73164,0.157845,1.84361,2.47528,0.372621,2.64602,0.180856,0,0,0,-9.55494
"MtrElec",9,7,19,"",26.982,11.1895,0,0,0.0264844,0,0.0330909,3.22196,0,0.756867,0,0,0,1.61546,6.14558,0.199383,1.88792,2.4749,1.1176,0,0.167845,0,0,0,-1.85453
"MtrElec",9,7,20,"",20.3633,6.75937,0,0,0,0,0.0330909,1.96772,0,0.756867,0,0,0,2.2501,6.39072,0.249229,1.86249,0,0,0,0.093681,0,0,0,0
"MtrElec",9,7,21,"",17.5779,4.46502,0,0,0,0,0.0330909,1.30344,0,0.756867,0,0,0,2.17317,6.62537,0.344766,1.83458,0,0,0,0.041636,0,0,0,0
"MtrElec",9,7,22,"",16.9523,3.61751,0,0,0,0,0.0330909,1.04779,0,0.756867,0,0,0,1.84624,6.58074,0.407073,1.76286,0,0,0.881967,0.0182158,0,0,0,0
"MtrElec",9,7,23,"",11.8789,0.508614,0,0,0,0,0.0330909,0.146517,0,0.756867,0,0,0,1.21159,5.90577,0.353074,1.69714,0,0.372516,0.881989,0.0117101,0,0,0,0
"MtrElec",9,7,24,"",11.5108,1.40971,0,0,0,0,0.0330909,0.396912,0,0.756867,0,0,0,0.750034,5.02993,0.245075,1.62796,0,0.372526,0.882172,0.00650563,0,0,0,0
"MtrElec",9,8,1,"",8.85148,1.07339,0,0,0,0,0.0330909,0.303052,0,0.756867,0,0,0,0.442328,4.12214,0.191075,1.55043,0,0.372603,0,0.00650563,0,0,0,0
"MtrElec",9,8,2,"",6.98103,0.307856,0,0,0,0,0.0330909,0.0863932,0,0.756867,0,0,0,0.365401,3.7478,0.191075,1.48734,0,0,0,0.0052045,0,0,0,0
"MtrElec",9,8,3,"",6.42631,0.0801668,0,0,0,0,0.0330909,0.0223692,0,0.756867,0,0,0,0.288475,3.6018,0.191075,1.44726,0,0,0,0.0052045,0,0,0,0
"MtrElec",9,8,4,"",6.31539,0,0,0,0,0,0.0330909,0,0,0.756867,0,0,0,0.326938,3.57823,0.191075,1.42398,0,0,0,0.0052045,0,0,0,0
"MtrElec",9,8,5,"",6.21751,0,0,0,0,0,0.0330909,0,0,0.756867,0,0,0,0.403864,3.41574,0.191075,1.41167,0,0,0,0.0052045,0,0,0,0
"MtrElec",9,8,6,"",6.73582,0,0,0,0,0,0.0330909,0,0,0.756867,0,0,0,0.596181,3.68194,0.153691,1.49584,0,0,0,0.0182158,0,0,0,0
"MtrElec",9,8,7,"",7.55001,0,0,0,0,0,0.0330909,0,0,0.756867,0,0,0,0.807729,4.18134,0.145383,1.60088,0,0,0,0.0247214,0,0,0,0
"MtrElec",9,8,8,"",6.87379,0,0,0,0,0,0.0330909,0,0,0.756867,0,0,0,0.788497,4.50998,0.14123,1.67755,0,0,0,0.0325281,0,0,0,-1.06596
"MtrElec",9,8,9,"",3.63514,0,0,0,0,0,0.0330909,0,0,0.756867,0,0,0,0.653876,4.22776,0.137076,1.64319,0,0,0,0.0338293,0,0,0,-3.85056
"MtrElec",9,8,10,"",-9.8913,0,0,0,0.0264844,0,0.0330909,0,0,0.756867,0,0,0,0.557717,4.00326,0.116307,1.57153,0,0,0,0.0286248,0,0,0,-16.9852
"MtrElec",9,8,11,"",-21.8255,0,0,0,0.0264844,0,0.0330909,0,0,0.756867,0,0,0,0.519254,4.04303,0.0913838,1.53411,0,0,0,0.0273236,0,0,0,-28.8571
"MtrElec",9,8,12,"",-25.4253,0,0,0,0.0264844,0,0.0330909,0,0,0.756867,0,0,0,0.480791,4.04303,0.0623072,1.54927,0,0,0.458896,0.0377326,0,0,0,-32.8738
"MtrElec",9,8,13,"",-26.072,0,0,0,0.0264844,0,0.0330909,0,0,0.756867,0,0,0,0.403864,4.06174,0.0498457,1.56753,0,0.193824,1.59114,0.0455394,0,0,0,-34.8019
"MtrElec",9,8,14,"",-23.3116,0,0,0,0.0264844,0,0.0330909,0,0,0.756867,0,0,0,0.403864,4.14895,0.0456919,1.55795,2.06423,0.672049,1.47826,0.041636,0,0,0,-34.5407
"MtrElec",9,8,15,"",-23.7042,0,0,0,0.0264844,0,0.0330909,0,0,0.756867,0,0,0,0.403864,4.28932,0.0456919,1.54635,0.412812,0.624373,0,0.0442383,0,0,0,-31.8873
"MtrElec",9,8,16,"",-19.2588,0,0,0,0.0264844,0,0.0330909,0,0,0.756867,0,0,0,0.500022,4.40467,0.0498457,1.57525,0,0,0,0.0676585,0,0,0,-26.6727
"MtrElec",9,8,17,"",-10.9183,0,0,0,0.0264844,0,0.0330909,0,0,0.756867,0,0,0,0.596181,4.94558,0.0789224,1.67024,0,0,0,0.149629,0,0,0,-19.1753
"MtrElec",9,8,18,"",0.300409,0,0,0,0.0264844,0,0.0330909,0,0,0.756867,0,0,0,0.846192,5.66093,0.153691,1.81462,0,0,0.440226,0.251117,0,0,0,-9.6828
"MtrElec",9,8,19,"",12.2878,0,0,0,0,0,0.0330909,0,0,0.756867,0,0,0,1.61546,6.15722,0.203537,1.91218,1.71125,0.185938,1.32297,0.234203,0,0,0,-1.84487
"MtrElec",9,8,20,"",13.1119,0,0,0,0,0,0.0330909,0,0,0.756867,0,0,0,2.2501,6.48616,0.269998,1.86665,0.762762,0.558784,0,0.12751,0,0,0,0
"MtrElec",9,8,21,"",11.9672,0,0,0,0,0,0.0330909,0,0,0.756867,0,0,0,2.17317,6.76796,0.377997,1.80348,0,0,0,0.0546473,0,0,0,0
"MtrElec",9,8,22,"",11.5741,0,0,0,0,0,0.0330909,0,0,0.756867,0,0,0,1.84624,6.73641,0.43615,1.73928,0,0,0,0.0260225,0,0,0,0
"MtrElec",9,8,23,"",10.023,0,0,0,0,0,0.0330909,0,0,0.756867,0,0,0,1.21159,5.98957,0.377997,1.63832,0,0,0,0.0156135,0,0,0,0
"MtrElec",9,8,24,"",8.50601,0,0,0,0,0,0.0330909,0,0,0.756867,0,0,0,0.750034,5.13203,0.26169,1.55929,0,0,0,0.0130113,0,0,0,0
"MtrElec",9,9,1,"",7.06061,0,0,0,0,0,0.0330909,0,0,0.756867,0,0,0,0.442328,4.12214,0.191075,1.50861,0,0,0,0.00650563,0,0,0,0
"MtrElec",9,9,2,"",8.25163,0,0,0,0,0,0.0330909,0,0,0.756867,0,0,0,0.365401,3.7478,0.191075,1.45456,1.69764,0,0,0.0052045,0,0,0,0
"MtrElec",9,9,3,"",7.07012,0,0,0,0,0,0.0330909,0,0,0.756867,0,0,0,0.288475,3.6018,0.191075,1.41569,0.777912,0,0,0.0052045,0,0,0,0
"MtrElec",9,9,4,"",6.28491,0,0,0,0,0,0.0330909,0,0,0.756867,0,0,0,0.326938,3.57823,0.191075,1.3935,0,0,0,0.0052045,0,0,0,0
"MtrElec",9,9,5,"",6.18303,0,0,0,0,0,0.0330909,0,0,0.756867,0,0,0,0.403864,3.41574,0.191075,1.37718,0,0,0,0.0052045,0,0,0,0
"MtrElec",9,9,6,"",6.69436,0,0,0,0,0,0.0330909,0,0,0.756867,0,0,0,0.596181,3.68194,0.153691,1.45438,0,0,0,0.0182158,0,0,0,0
"MtrElec",9,9,7,"",7.32144,0,0,0,0,0,0.0330909,0,0,0.756867,0,0,0,0.807729,4.18134,0.145383,1.5671,0,0,0,0.0247214,0,0,0,-0.194797
"MtrElec",9,9,8,"",6.49083,0,0,0,0,0,0.0330909,0,0,0.756867,0,0,0,0.788497,4.50998,0.14123,1.65347,0,0,0,0.0325281,0,0,0,-1.42484
"MtrElec",9,9,9,"",3.80918,0,0,0,0,0,0.0330909,0,0,0.756867,0,0,0,0.653876,4.22776,0.137076,1.61866,0,0,0,0.0338293,0,0,0,-3.65199
"MtrElec",9,9,10,"",-1.40044,0,0,0,0.0264844,0,0.0330909,0,0,0.756867,0,0,0,0.557717,4.00326,0.116307,1.54293,1.18923,0,0.881802,0.0286248,0,0,0,-10.5368
"MtrElec",9,9,11,"",-12.1212,0,0,0,0.0264844,0,0.0330909,0,0,0.756867,0,0,0,0.519254,4.04303,0.0913838,1.50666,1.28607,0.372447,0.605934,0.0273236,0,0,0,-21.3897
"MtrElec",9,9,12,"",-26.0605,0,0,0,0.0264844,0,0.0330909,0,0,0.756867,0,0,0,0.480791,4.04303,0.0623072,1.52142,0,0.255928,0.276015,0.0377326,0,0,0,-33.5542
"MtrElec",9,9,13,"",-27.7667,0,0,0,0.0264844,0,0.0330909,0,0,0.756867,0,0,0,0.403864,4.06174,0.0498457,1.54318,0,0.116581,0,0.0455394,0,0,0,-34.8039
"MtrElec",9,9,14,"",-27.6263,0,0,0,0.0264844,0,0.0330909,0,0,0.756867,0,0,0,0.403864,4.14895,0.0456919,1.53329,0,0,0,0.041636,0,0,0,-34.6162
"MtrElec",9,9,15,"",-25.1395,0,0,0,0.0264844,0,0.0330909,0,0,0.756867,0,0,0,0.403864,4.28932,0.0456919,1.52767,0,0,0.336868,0.0442383,0,0,0,-32.6036
"MtrElec",9,9,16,"",-19.0133,0,0,0,0.0264844,0,0.0330909,0,0,0.756867,0,0,0,0.500022,4.40467,0.0498457,1.55445,0,0.142283,0.763951,0.0676585,0,0,0,-27.3126
"MtrElec",9,9,17,"",-10.4518,0,0,0,0.0264844,0,0.0330909,0,0,0.756867,0,0,0,0.596181,4.94558,0.0789224,1.64637,0,0.32267,0.432205,0.149629,0,0,0,-19.4398
"MtrElec",9,9,18,"",0.132186,0,0,0,0.0264844,0,0.0330909,0,0,0.756867,0,0,0,0.846192,5.66093,0.153691,1.79856,0,0.18255,0.230815,0.251117,0,0,0,-9.80811
"MtrElec",9,9,19,"",10.0153,0,0,0,0,0,0.0330909,0,0,0.756867,0,0,0,1.61546,6.15722,0.203537,1.90394,0,0.0974895,0.677641,0.234203,0,0,0,-1.66414
"MtrElec",9,9,20,"",12.2758,0,0,0,0,0,0.0330909,0,0,0.756867,0,0,0,2.2501,6.48616,0.269998,1.86169,0,0.286215,0.204201,0.12751,0,0,0,0
"MtrElec",9,9,21,"",12.0482,0,0,0,0,0,0.0330909,0,0,0.756867,0,0,0,2.17317,6.76796,0.377997,1.79826,0,0.0862486,0,0.0546473,0,0,0,0
"MtrElec",9,9,22,"",11.5671,0,0,0,0,0,0.0330909,0,0,0.756867,0,0,0,1.84624,6.73641,0.43615,1.73233,0,0,0,0.0260225,0,0,0,0
"MtrElec",9,9,23,"",10.0164,0,0,0,0,0,0.0330909,0,0,0.756867,0,0,0,1.21159,5.98957,0.377997,1.63167,0,0,0,0.0156135,0,0,0,0
"MtrElec",9,9,24,"",8.49971,0,0,0,0,0,0.0330909,0,0,0.756867,0,0,0,0.750034,5.13203,0.26169,1.55299,0,0,0,0.0130113,0,0,0,0
"MtrElec",9,10,1,"",7.05512,0,0,0,0,0,0.0330909,0,0,0.756867,0,0,0,0.442328,4.12214,0.191075,1.50311,0,0,0,0.00650563,0,0,0,0
"MtrElec",9,10,2,"",8.24658,0,0,0,0,0,0.0330909,0,0,0.756867,0,0,0,0.365401,3.7478,0.191075,1.4495,1.69764,0,0,0.0052045,0,0,0,0
"MtrElec",9,10,3,"",7.06501,0,0,0,0,0,0.0330909,0,0,0.756867,0,0,0,0.288475,3.6018,0.191075,1.41058,0.777912,0,0,0.0052045,0,0,0,0
"MtrElec",9,10,4,"",6.28,0,0,0,0,0,0.0330909,0,0,0.756867,0,0,0,0.326938,3.57823,0.191075,1.3886,0,0,0,0.0052045,0,0,0,0
"MtrElec",9,10,5,"",6.1778,0,0,0,0,0,0.0330909,0,0,0.756867,0,0,0,0.403864,3.41574,0.191075,1.37195,0,0,0,0.0052045,0,0,0,0
"MtrElec",9,10,6,"",6.6883,0,0,0,0,0,0.0330909,0,0,0.756867,0,0,0,0.596181,3.68194,0.153691,1.44832,0,0,0,0.0182158,0,0,0,0
"MtrElec",9,10,7,"",7.35226,0,0,0,0,0,0.0330909,0,0,0.756867,0,0,0,0.807729,4.18134,0.145383,1.56216,0,0,0,0.0247214,0,0,0,-0.159041
"MtrElec",9,10,8,"",7.73773,0,0,0,0,0,0.0330909,0,0,0.756867,0,0,0,0.788497,4.50998,0.14123,1.652,0,0,1.76389,0.0325281,0,0,0,-1.94035
"MtrElec",9,10,9,"",3.60819,0,0,0,0.0264844,0,0.0330909,0,0,0.756867,0,0,0,0.653876,4.22776,0.137076,1.6198,0,0.745014,0.287278,0.0338293,0,0,0,-4.91288
"MtrElec",9,10,10,"",1.38951,0,0,0,0.0264844,0,0.0330909,0,0,0.756867,0,0,0,0.557717,4.00326,0.116307,1.54742,0,0.121338,1.47712,0.0286248,0,0,0,-7.27872
"MtrElec",9,10,11,"",-16.1192,0,0,0,0.0264844,0,0.0330909,0,0,0.756867,0,0,0,0.519254,4.04303,0.0913838,1.51294,0,0.623892,1.76397,0.0273236,0,0,0,-25.5174
"MtrElec",9,10,12,"",-25.4767,0,0,0,0.0264844,0,0.0330909,0,0,0.756867,0,0,0,0.480791,4.04303,0.0623072,1.52975,0,0.745048,0.882056,0.0377326,0,0,0,-34.0738
"MtrElec",9,10,13,"",-28.7257,0,0,0,0.0264844,0,0.0330909,0,0,0.756867,0,0,0,0.403864,4.06174,0.0498457,1.5489,0,0.372554,0,0.0455394,0,0,0,-36.0246
"MtrElec",9,10,14,"",-28.4878,0,0,0,0.0264844,0,0.0330909,0,0,0.756867,0,0,0,0.403864,4.14895,0.0456919,1.5361,0,0,0,0.041636,0,0,0,-35.4805
"MtrElec",9,10,15,"",-25.3073,0,0,0,0.0264844,0,0.0330909,0,0,0.756867,0,0,0,0.403864,4.28932,0.0456919,1.52771,0,0,0,0.0442383,0,0,0,-32.4346
"MtrElec",9,10,16,"",-19.5726,0,0,0,0.0264844,0,0.0330909,0,0,0.756867,0,0,0,0.500022,4.40467,0.0498457,1.55623,0,0,0,0.0676585,0,0,0,-26.9674
"MtrElec",9,10,17,"",-11.0016,0,0,0,0.0264844,0,0.0330909,0,0,0.756867,0,0,0,0.596181,4.94558,0.0789224,1.65124,0,0,0,0.149629,0,0,0,-19.2396
"MtrElec",9,10,18,"",-0.100451,0,0,0,0.0264844,0,0.0330909,0,0,0.756867,0,0,0,0.846192,5.66093,0.153691,1.80184,0,0,0,0.251117,0,0,0,-9.63066
"MtrElec",9,10,19,"",9.30472,0,0,0,0,0,0.0330909,0,0,0.756867,0,0,0,1.61546,6.15722,0.203537,1.90575,0,0,0,0.234203,0,0,0,-1.6014
"MtrElec",9,10,20,"",12.6675,0,0,0,0,0,0.0330909,0,0,0.756867,0,0,0,2.2501,6.48616,0.269998,1.86167,0,0,0.882094,0.12751,0,0,0,0
"MtrElec",9,10,21,"",12.9696,0,0,0,0,0,0.0330909,0,0,0.756867,0,0,0,2.17317,6.76796,0.377997,1.7965,0,0.37257,0.636767,0.0546473,0,0,0,0
"MtrElec",9,10,22,"",14.755,0,0,0,0,0,0.0330909,0,0,0.756867,0,0,0,1.84624,6.73641,0.43615,1.73063,1.21359,0.268951,1.707,0.0260225,0,0,0,0
"MtrElec",9,10,23,"",15.3635,0,0,0,0,0,0.0330909,0,0,0.756867,0,0,0,1.21159,5.98957,0.377997,1.63196,3.73603,0.720988,0.889784,0.0156135,0,0,0,0
"MtrElec",9,10,24,"",9.17332,0,0,0,0,0,0.0330909,0,0,0.756867,0,0,0,0.750034,5.13203,0.26169,1.55589,0,0.375818,0.294889,0.0130113,0,0,0,0
"MtrElec",9,11,1,"",7.18195,0,0,0,0,0,0.0330909,0,0,0.756867,0,0,0,0.442328,4.12214,0.191075,1.5054,0,0.124552,0,0.00650563,0,0,0,0
"MtrElec",9,11,2,"",6.54934,0,0,0,0,0,0.0330909,0,0,0.756867,0,0,0,0.365401,3.7478,0.191075,1.44991,0,0,0,0.0052045,0,0,0,0
"MtrElec",9,11,3,"",6.28493,0,0,0,0,0,0.0330909,0,0,0.756867,0,0,0,0.288475,3.6018,0.191075,1.40841,0,0,0,0.0052045,0,0,0,0
"MtrElec",9,11,4,"",6.27593,0,0,0,0,0,0.0330909,0,0,0.756867,0,0,0,0.326938,3.57823,0.191075,1.38453,0,0,0,0.0052045,0,0,0,0
"MtrElec",9,11,5,"",6.17204,0,0,0,0,0,0.0330909,0,0,0.756867,0,0,0,0.403864,3.41574,0.191075,1.3662,0,0,0,0.0052045,0,0,0,0
"MtrElec",9,11,6,"",6.67969,0,0,0,0,0,0.0330909,0,0,0.756867,0,0,0,0.596181,3.68194,0.153691,1.43971,0,0,0,0.0182158,0,0,0,0
"MtrElec",9,11,7,"",7.43735,0,0,0,0,0,0.0330909,0,0,0.756867,0,0,0,0.807729,4.18134,0.145383,1.55337,0,0,0,0.0247214,0,0,0,-0.0651512
"MtrElec",9,11,8,"",3.52747,0,0,0,0,0,0.0330909,0,0,0.756867,0,0,0,0.788497,4.50998,0.14123,1.64272,0,0,0,0.0325281,0,0,0,-4.37744
"MtrElec",9,11,9,"",-3.94489,0,0,0,0.0264844,0,0.0330909,0,0,0.756867,0,0,0,0.653876,4.22776,0.137076,1.60942,1.26088,0,0.881806,0.0338293,0,0,0,-13.566
"MtrElec",9,11,10,"",-12.8719,0,0,0,0.0264844,0,0.0330909,0,0,0.756867,0,0,0,0.557717,4.00326,0.116307,1.53887,1.21459,0.372449,0.881802,0.0286248,0,0,0,-22.4019
"MtrElec",9,11,11,"",-22.0043,0,0,0,0.0264844,0,0.0330909,0,0,0.756867,0,0,0,0.519254,4.04303,0.0913838,1.5053,0,0.372447,0,0.0273236,0,0,0,-29.3795
"MtrElec",9,11,12,"",-26.8996,0,0,0,0.0264844,0,0.0330909,0,0,0.756867,0,0,0,0.480791,4.04303,0.0623072,1.5178,0,0,0,0.0377326,0,0,0,-33.8577
"MtrElec",9,11,13,"",-28.2846,0,0,0,0.0264844,0,0.0330909,0,0,0.756867,0,0,0,0.403864,4.06174,0.0498457,1.53689,0,0,0.412509,0.0455394,0,0,0,-35.6114
"MtrElec",9,11,14,"",-27.5662,0,0,0,0.0264844,0,0.0330909,0,0,0.756867,0,0,0,0.403864,4.14895,0.0456919,1.52277,0,0.174231,0.469537,0.041636,0,0,0,-35.1893
"MtrElec",9,11,15,"",-25.0528,0,0,0,0.0264844,0,0.0330909,0,0,0.756867,0,0,0,0.403864,4.28932,0.0456919,1.51615,0,0.198319,0,0.0442383,0,0,0,-32.3668
"MtrElec",9,11,16,"",-18.19,0,0,0,0.0264844,0,0.0330909,0,0,0.756867,0,0,0,0.500022,4.40467,0.0498457,1.54205,1.26327,0,0,0.0676585,0,0,0,-26.834
"MtrElec",9,11,17,"",-9.50435,0,0,0,0.0264844,0,0.0330909,0,0,0.756867,0,0,0,0.596181,4.94558,0.0789224,1.63023,1.21212,0,0,0.149629,0,0,0,-18.9335
"MtrElec",9,11,18,"",0.582662,0,0,0,0.0264844,0,0.0330909,0,0,0.756867,0,0,0,0.846192,5.66093,0.153691,1.77982,0,0,0.463257,0.251117,0,0,0,-9.38879
"MtrElec",9,11,19,"",10.0059,0,0,0,0.0264844,0,0.0330909,0,0,0.756867,0,0,0,1.61546,6.15722,0.203537,1.88724,0,0.195666,0.418981,0.234203,0,0,0,-1.52283
"MtrElec",9,11,20,"",11.9495,0,0,0,0,0,0.0330909,0,0,0.756867,0,0,0,2.2501,6.48616,0.269998,1.84876,0,0.176965,0,0.12751,0,0,0,0
"MtrElec",9,11,21,"",11.9487,0,0,0,0,0,0.0330909,0,0,0.756867,0,0,0,2.17317,6.76796,0.377997,1.78499,0,0,0,0.0546473,0,0,0,0
"MtrElec",9,11,22,"",18.2105,0,0,0,0,0,0.0330909,0,0,0.756867,0,0,0,1.84624,6.73641,0.43615,1.72386,4.94863,0,1.70323,0.0260225,0,0,0,0
"MtrElec",9,11,23,"",10.7946,0,0,0,0,0,0.0330909,0,0,0.756867,0,0,0,1.21159,5.98957,0.377997,1.62946,0,0.719394,0.0610203,0.0156135,0,0,0,0
"MtrElec",9,11,24,"",8.52506,0,0,0,0,0,0.0330909,0,0,0.756867,0,0,0,0.750034,5.13203,0.26169,1.55257,0,0.0257732,0,0.0130113,0,0,0,0
"MtrElec",9,12,1,"",7.08753,0,0,0,0,0,0.0330909,0,0,0.756867,0,0,0,0.442328,4.13522,0.191075,1.52244,0,0,0,0.00650563,0,0,0,0
"MtrElec",9,12,2,"",6.59831,0,0,0,0,0,0.0330909,0,0,0.756867,0,0,0,0.365401,3.79609,0.191075,1.45058,0,0,0,0.0052045,0,0,0,0
"MtrElec",9,12,3,"",6.28578,0,0,0,0,0,0.0330909,0,0,0.756867,0,0,0,0.288475,3.58987,0.186921,1.42665,0,0,0,0.00390338,0,0,0,0
"MtrElec",9,12,4,"",6.28223,0,0,0,0,0,0.0330909,0,0,0.756867,0,0,0,0.326938,3.57939,0.186921,1.39512,0,0,0,0.00390338,0,0,0,0
"MtrElec",9,12,5,"",6.16561,0,0,0,0,0,0.0330909,0,0,0.756867,0,0,0,0.403864,3.40381,0.191075,1.373,0,0,0,0.00390338,0,0,0,0
"MtrElec",9,12,6,"",6.62157,0,0,0,0,0,0.0330909,0,0,0.756867,0,0,0,0.596181,3.67,0.186921,1.372,0,0,0,0.00650563,0,0,0,0
"MtrElec",9,12,7,"",7.20095,0,0,0,0,0,0.0330909,0,0,0.756867,0,0,0,0.807729,4.09899,0.182768,1.42956,0,0,0,0.0130113,0,0,0,-0.121067
"MtrElec",9,12,8,"",3.83848,0,0,0,0,0,0.0330909,0,0,0.756867,0,0,0,0.788497,4.41454,0.170306,1.51779,0,0,0,0.0351304,0,0,0,-3.87774
"MtrElec",9,12,9,"",2.3868,0,0,0,0.0264844,0,0.0330909,0,0,0.756867,0,0,0,0.653876,4.20564,0.149537,1.63232,0,0,0.88205,0.062454,0,0,0,-6.01552
"MtrElec",9,12,10,"",-3.29422,0,0,0,0.0264844,0,0.0330909,0,0,0.756867,0,0,0,0.557717,4.08851,0.124614,1.63375,0,0.372551,1.48304,0.062454,0,0,0,-12.4333
"MtrElec",9,12,11,"",-15.2387,0,0,0,0.0264844,0,0.0330909,0,0,0.756867,0,0,0,0.519254,4.15186,0.0996915,1.59922,0,0.62639,4.13144,0.0598518,0,0,0,-27.2428
"MtrElec",9,12,12,"",-23.1395,0,0,0,0.0264844,0,0.0330909,0,0,0.756867,0,0,0,0.480791,4.07969,0.066461,1.63451,0,1.745,1.27117,0.0715619,0,0,0,-33.3051
"MtrElec",9,12,13,"",-25.2697,0,0,0,0.0264844,0,0.0330909,0,0,0.756867,0,0,0,0.403864,4.05126,0.0498457,1.67501,2.4544,0.536906,0.171384,0.0819709,0,0,0,-35.5108
"MtrElec",9,12,14,"",-22.7829,0,0,0,0.0264844,0,0.0330909,0,0,0.756867,0,0,0,0.403864,4.17368,0.0456919,1.69376,4.97077,0.0723874,0,0.0767664,0,0,0,-35.0363
"MtrElec",9,12,15,"",-24.415,0,0,0,0.0264844,0,0.0330909,0,0,0.756867,0,0,0,0.403864,4.37168,0.0456919,1.67418,0,0,0,0.0806698,0,0,0,-31.8075
"MtrElec",9,12,16,"",-18.5615,0,0,0,0.0264844,0,0.0330909,0,0,0.756867,0,0,0,0.500022,4.5944,0.0498457,1.67543,0,0,0,0.0884765,0,0,0,-26.2861
"MtrElec",9,12,17,"",-9.97711,0,0,0,0.0264844,0,0.0330909,0,0,0.756867,0,0,0,0.596181,5.12223,0.0789224,1.6921,0,0,0,0.118402,0,0,0,-18.4014
"MtrElec",9,12,18,"",0.538951,0,0,0,0.0264844,0,0.0330909,0,0,0.756867,0,0,0,0.846192,5.73164,0.157845,1.76618,0,0,0,0.180856,0,0,0,-8.9602
"MtrElec",9,12,19,"",9.27426,0,0,0,0.0264844,0,0.0330909,0,0,0.756867,0,0,0,1.61546,6.14558,0.199383,1.8388,0,0,0,0.167845,0,0,0,-1.50925
"MtrElec",9,12,20,"",11.5862,0,0,0,0,0,0.0330909,0,0,0.756867,0,0,0,2.2501,6.39072,0.249229,1.81254,0,0,0,0.093681,0,0,0,0
"MtrElec",9,12,21,"",11.7513,0,0,0,0,0,0.0330909,0,0,0.756867,0,0,0,2.17317,6.62537,0.344766,1.77642,0,0,0,0.041636,0,0,0,0
"MtrElec",9,12,22,"",11.7681,0,0,0,0,0,0.0330909,0,0,0.756867,0,0,0,1.84624,6.58074,0.407073,1.70246,0,0,0.423386,0.0182158,0,0,0,0
"MtrElec",9,12,23,"",11.4036,0,0,0,0,0,0.0330909,0,0,0.756867,0,0,0,1.21159,5.90577,0.353074,1.61193,0,0.178826,1.34072,0.0117101,0,0,0,0
"MtrElec",9,12,24,"",10.7244,0,0,0,0,0,0.0330909,0,0,0.756867,0,0,0,0.750034,5.02993,0.245075,1.57236,0,0.566281,1.76422,0.00650563,0,0,0,0
"MtrElec",9,13,1,"",7.80721,0,0,0,0,0,0.0330909,0,0,0.756867,0,0,0,0.442328,4.13522,0.191075,1.49697,0,0.745153,0,0.00650563,0,0,0,0
"MtrElec",9,13,2,"",6.57757,0,0,0,0,0,0.0330909,0,0,0.756867,0,0,0,0.365401,3.79609,0.191075,1.42984,0,0,0,0.0052045,0,0,0,0
"MtrElec",9,13,3,"",6.26506,0,0,0,0,0,0.0330909,0,0,0.756867,0,0,0,0.288475,3.58987,0.186921,1.40593,0,0,0,0.00390338,0,0,0,0
"MtrElec",9,13,4,"",6.26135,0,0,0,0,0,0.0330909,0,0,0.756867,0,0,0,0.326938,3.57939,0.186921,1.37424,0,0,0,0.00390338,0,0,0,0
"MtrElec",9,13,5,"",6.14223,0,0,0,0,0,0.0330909,0,0,0.756867,0,0,0,0.403864,3.40381,0.191075,1.34962,0,0,0,0.00390338,0,0,0,0
"MtrElec",9,13,6,"",6.59807,0,0,0,0,0,0.0330909,0,0,0.756867,0,0,0,0.596181,3.67,0.186921,1.3485,0,0,0,0.00650563,0,0,0,0
"MtrElec",9,13,7,"",7.75458,0,0,0,0,0,0.0330909,0,0,0.756867,0,0,0,0.807729,4.09899,0.182768,1.40304,0,0,0.503799,0.0130113,0,0,0,-0.0447119
"MtrElec",9,13,8,"",4.94877,0,0,0,0,0,0.0330909,0,0,0.756867,0,0,0,0.788497,4.41454,0.170306,1.49589,0,0.21279,0.768643,0.0351304,0,0,0,-3.72699
"MtrElec",9,13,9,"",-0.0182852,0,0,0,0.0264844,0,0.0330909,0,0,0.756867,0,0,0,0.653876,4.20564,0.149537,1.62051,0,0.324652,0.491988,0.062454,0,0,0,-8.34339
"MtrElec",9,13,10,"",-7.24785,0,0,0,0.0264844,0,0.0330909,0,0,0.756867,0,0,0,0.557717,4.08851,0.124614,1.62021,0,0.207801,0.393765,0.062454,0,0,0,-15.1194
"MtrElec",9,13,11,"",-16.7269,0,0,0,0.0264844,0,0.0330909,0,0,0.756867,0,0,0,0.519254,4.15186,0.0996915,1.58946,0.853184,0.166314,1.3705,0.0598518,0,0,0,-26.3535
"MtrElec",9,13,12,"",-23.0241,0,0,0,0.0264844,0,0.0330909,0,0,0.756867,0,0,0,0.480791,4.07969,0.066461,1.62815,1.62204,0.57886,0,0.0715619,0,0,0,-32.3681
"MtrElec",9,13,13,"",-27.5379,0,0,0,0.0264844,0,0.0330909,0,0,0.756867,0,0,0,0.403864,4.05126,0.0498457,1.66761,0,0,0,0.0819709,0,0,0,-34.6089
"MtrElec",9,13,14,"",-26.4189,0,0,0,0.0264844,0,0.0330909,0,0,0.756867,0,0,0,0.403864,4.17368,0.0456919,1.68608,0,0,0,0.0767664,0,0,0,-33.6215
"MtrElec",9,13,15,"",-22.8203,0,0,0,0.0264844,0,0.0330909,0,0,0.756867,0,0,0,0.403864,4.37168,0.0456919,1.67158,0,0,0,0.0806698,0,0,0,-30.2102
"MtrElec",9,13,16,"",-16.8463,0,0,0,0.0264844,0,0.0330909,0,0,0.756867,0,0,0,0.500022,4.5944,0.0498457,1.67957,0,0,0,0.0884765,0,0,0,-24.5751
"MtrElec",9,13,17,"",-8.60788,0,0,0,0.0264844,0,0.0330909,0,0,0.756867,0,0,0,0.596181,5.12223,0.0789224,1.71027,0,0,0,0.118402,0,0,0,-17.0503
"MtrElec",9,13,18,"",1.35265,0,0,0,0.0264844,0,0.0330909,0,0,0.756867,0,0,0,0.846192,5.73164,0.157845,1.79897,0,0,0,0.180856,0,0,0,-8.1793
"MtrElec",9,13,19,"",9.35415,0,0,0,0,0,0.0330909,0,0,0.756867,0,0,0,1.61546,6.14558,0.199383,1.86369,0,0,0,0.167845,0,0,0,-1.42776
"MtrElec",9,13,20,"",11.6086,0,0,0,0,0,0.0330909,0,0,0.756867,0,0,0,2.2501,6.39072,0.249229,1.83486,0,0,0,0.093681,0,0,0,0
"MtrElec",9,13,21,"",13.1157,0,0,0,0,0,0.0330909,0,0,0.756867,0,0,0,2.17317,6.62537,0.344766,1.80004,1.34073,0,0,0.041636,0,0,0,0
"MtrElec",9,13,22,"",12.498,0,0,0,0,0,0.0330909,0,0,0.756867,0,0,0,1.84624,6.58074,0.407073,1.72246,1.13329,0,0,0.0182158,0,0,0,0
"MtrElec",9,13,23,"",9.90558,0,0,0,0,0,0.0330909,0,0,0.756867,0,0,0,1.21159,5.90577,0.353074,1.63348,0,0,0,0.0117101,0,0,0,0
"MtrElec",9,13,24,"",8.40483,0,0,0,0,0,0.0330909,0,0,0.756867,0,0,0,0.750034,5.02993,0.245075,1.58332,0,0,0,0.00650563,0,0,0,0
"MtrElec",9,14,1,"",7.03793,0,0,0,0,0,0.0330909,0,0,0.756867,0,0,0,0.442328,4.12214,0.191075,1.48593,0,0,0,0.00650563,0,0,0,0
"MtrElec",9,14,2,"",8.2325,0,0,0,0,0,0.0330909,0,0,0.756867,0,0,0,0.365401,3.7478,0.191075,1.43543,1.69764,0,0,0.0052045,0,0,0,0
"MtrElec",9,14,3,"",7.05101,0,0,0,0,0,0.0330909,0,0,0.756867,0,0,0,0.288475,3.6018,0.191075,1.39658,0.777912,0,0,0.0052045,0,0,0,0
"MtrElec",9,14,4,"",6.26642,0,0,0,0,0,0.0330909,0,0,0.756867,0,0,0,0.326938,3.57823,0.191075,1.37501,0,0,0,0.0052045,0,0,0,0
"MtrElec",9,14,5,"",6.1628,0,0,0,0,0,0.0330909,0,0,0.756867,0,0,0,0.403864,3.41574,0.191075,1.35695,0,0,0,0.0052045,0,0,0,0
"MtrElec",9,14,6,"",6.67051,0,0,0,0,0,0.0330909,0,0,0.756867,0,0,0,0.596181,3.68194,0.153691,1.43052,0,0,0,0.0182158,0,0,0,0
"MtrElec",9,14,7,"",7.49689,0,0,0,0,0,0.0330909,0,0,0.756867,0,0,0,0.807729,4.18134,0.145383,1.54776,0,0,0,0.0247214,0,0,0,0
"MtrElec",9,14,8,"",8.75833,0,0,0,0,0,0.0330909,0,0,0.756867,0,0,0,0.788497,4.50998,0.14123,1.64451,0,0,0.881945,0.0325281,0,0,0,-0.0303207
"MtrElec",9,14,9,"",7.38421,0,0,0,0,0,0.0330909,0,0,0.756867,0,0,0,0.653876,4.22776,0.137076,1.60907,0,0.372507,0,0.0338293,0,0,0,-0.439869
"MtrElec",9,14,10,"",7.23099,0,0,0,0,0,0.0330909,0,0,0.756867,0,0,0,0.557717,4.00326,0.116307,1.52668,0,0,1.83554,0.0286248,0,0,0,-1.6271
"MtrElec",9,14,11,"",5.06333,0,0,0,0,0,0.0330909,0,0,0.756867,0,0,0,0.519254,4.04303,0.0913838,1.48504,0,0.775278,1.69271,0.0273236,0,0,0,-4.36065
"MtrElec",9,14,12,"",-1.36324,0,0,0,0.0264844,0,0.0330909,0,0,0.756867,0,0,0,0.480791,4.04303,0.0623072,1.4953,0,0.71495,0,0.0377326,0,0,0,-9.01379
"MtrElec",9,14,13,"",-7.7606,0,0,0,0.0264844,0,0.0330909,0,0,0.756867,0,0,0,0.403864,4.06174,0.0498457,1.51655,0,0,0,0.0455394,0,0,0,-14.6546
"MtrElec",9,14,14,"",-9.63477,0,0,0,0.0264844,0,0.0330909,0,0,0.756867,0,0,0,0.403864,4.14895,0.0456919,1.49934,0,0,0,0.041636,0,0,0,-16.5907
"MtrElec",9,14,15,"",-19.8401,0,0,0,0.0264844,0,0.0330909,0,0,0.756867,0,0,0,0.403864,4.28932,0.0456919,1.49622,0,0,0,0.0442383,0,0,0,-26.9359
"MtrElec",9,14,16,"",-17.7491,0,0,0,0.0264844,0,0.0330909,0,0,0.756867,0,0,0,0.500022,4.40467,0.0498457,1.52073,0,0,0,0.0676585,0,0,0,-25.1084
"MtrElec",9,14,17,"",-7.7244,0,0,0,0.0264844,0,0.0330909,0,0,0.756867,0,0,0,0.596181,4.94558,0.0789224,1.60138,0,0,0,0.149629,0,0,0,-15.9125
"MtrElec",9,14,18,"",5.27203,0,0,0,0.0264844,0,0.0330909,0,0,0.756867,0,0,0,0.846192,5.66093,0.153691,1.74645,0,0,0,0.251117,0,0,0,-4.20279
"MtrElec",9,14,19,"",10.4951,0,0,0,0,0,0.0330909,0,0,0.756867,0,0,0,1.61546,6.15722,0.203537,1.85612,0,0,0,0.234203,0,0,0,-0.361388
"MtrElec",9,14,20,"",11.7466,0,0,0,0,0,0.0330909,0,0,0.756867,0,0,0,2.2501,6.48616,0.269998,1.82287,0,0,0,0.12751,0,0,0,0
"MtrElec",9,14,21,"",11.9194,0,0,0,0,0,0.0330909,0,0,0.756867,0,0,0,2.17317,6.76796,0.377997,1.7557,0,0,0,0.0546473,0,0,0,0
"MtrElec",9,14,22,"",11.5258,0,0,0,0,0,0.0330909,0,0,0.756867,0,0,0,1.84624,6.73641,0.43615,1.69102,0,0,0,0.0260225,0,0,0,0
"MtrElec",9,14,23,"",9.97806,0,0,0,0,0,0.0330909,0,0,0.756867,0,0,0,1.21159,5.98957,0.377997,1.59333,0,0,0,0.0156135,0,0,0,0
"MtrElec",9,14,24,"",8.45499,0,0,0,0,0,0.0330909,0,0,0.756867,0,0,0,0.750034,5.13203,0.26169,1.50827,0,0,0,0.0130113,0,0,0,0
"MtrElec",9,15,1,"",7.01626,0,0,0,0,0,0.0330909,0,0,0.756867,0,0,0,0.442328,4.12214,0.191075,1.46426,0,0,0,0.00650563,0,0,0,0
"MtrElec",9,15,2,"",8.21277,0,0,0,0,0,0.0330909,0,0,0.756867,0,0,0,0.365401,3.7478,0.191075,1.4157,1.69764,0,0,0.0052045,0,0,0,0
"MtrElec",9,15,3,"",7.03069,0,0,0,0,0,0.0330909,0,0,0.756867,0,0,0,0.288475,3.6018,0.191075,1.37626,0.777912,0,0,0.0052045,0,0,0,0
"MtrElec",9,15,4,"",6.24641,0,0,0,0,0,0.0330909,0,0,0.756867,0,0,0,0.326938,3.57823,0.191075,1.355,0,0,0,0.0052045,0,0,0,0
"MtrElec",9,15,5,"",6.14039,0,0,0,0,0,0.0330909,0,0,0.756867,0,0,0,0.403864,3.41574,0.191075,1.33454,0,0,0,0.0052045,0,0,0,0
"MtrElec",9,15,6,"",6.64353,0,0,0,0,0,0.0330909,0,0,0.756867,0,0,0,0.596181,3.68194,0.153691,1.40355,0,0,0,0.0182158,0,0,0,0
"MtrElec",9,15,7,"",7.43365,0,0,0,0,0,0.0330909,0,0,0.756867,0,0,0,0.807729,4.18134,0.145383,1.52543,0,0,0,0.0247214,0,0,0,-0.0409042
"MtrElec",9,15,8,"",5.60885,0,0,0,0,0,0.0330909,0,0,0.756867,0,0,0,0.788497,4.50998,0.14123,1.62243,0,0,0.881945,0.0325281,0,0,0,-3.15773
"MtrElec",9,15,9,"",-2.17085,0,0,0,0.0264844,0,0.0330909,0,0,0.756867,0,0,0,0.653876,4.22776,0.137076,1.58648,0,0.372507,0,0.0338293,0,0,0,-9.99883
"MtrElec",9,15,10,"",-11.6042,0,0,0,0.0264844,0,0.0330909,0,0,0.756867,0,0,0,0.557717,4.00326,0.116307,1.50718,1.18923,0,1.35888,0.0286248,0,0,0,-21.1819
"MtrElec",9,15,11,"",-4.04923,0,0,0,0.0264844,0,0.0330909,0,0,0.756867,0,0,0,0.519254,4.04303,0.0913838,1.47451,1.28607,0.573951,1.89328,0.0273236,0,0,0,-14.7745
"MtrElec",9,15,12,"",-20.9813,0,0,0,0.0264844,0,0.0330909,0,0,0.756867,0,0,0,0.480791,4.04303,0.0623072,1.49029,0,0.799665,0.276015,0.0377326,0,0,0,-28.9876
"MtrElec",9,15,13,"",-29.3203,0,0,0,0.0264844,0,0.0330909,0,0,0.756867,0,0,0,0.403864,4.06174,0.0498457,1.51559,0,0.116581,0,0.0455394,0,0,0,-36.3299
"MtrElec",9,15,14,"",-26.9753,0,0,0,0.0264844,0,0.0330909,0,0,0.756867,0,0,0,0.403864,4.14895,0.0456919,1.49826,2.06423,0,0,0.041636,0,0,0,-35.9944
"MtrElec",9,15,15,"",-25.3233,0,0,0,0.0264844,0,0.0330909,0,0,0.756867,0,0,0,0.403864,4.28932,0.0456919,1.49602,0.412812,0,0,0.0442383,0,0,0,-32.8317
"MtrElec",9,15,16,"",-19.6246,0,0,0,0.0264844,0,0.0330909,0,0,0.756867,0,0,0,0.500022,4.40467,0.0498457,1.52294,0,0,0.218911,0.0676585,0,0,0,-27.2051
"MtrElec",9,15,17,"",-10.327,0,0,0,0.0264844,0,0.0330909,0,0,0.756867,0,0,0,0.596181,4.94558,0.0789224,1.60689,0,0.0924616,0.432205,0.149629,0,0,0,-19.0453
"MtrElec",9,15,18,"",0.679488,0,0,0,0.0264844,0,0.0330909,0,0,0.756867,0,0,0,0.846192,5.66093,0.153691,1.75424,0,0.18255,0.230815,0.251117,0,0,0,-9.21648
"MtrElec",9,15,19,"",9.59587,0,0,0,0,0,0.0330909,0,0,0.756867,0,0,0,1.61546,6.15722,0.203537,1.86436,0,0.0974895,0,0.234203,0,0,0,-1.36635
"MtrElec",9,15,20,"",11.7522,0,0,0,0,0,0.0330909,0,0,0.756867,0,0,0,2.2501,6.48616,0.269998,1.82852,0,0,0,0.12751,0,0,0,0
"MtrElec",9,15,21,"",11.9217,0,0,0,0,0,0.0330909,0,0,0.756867,0,0,0,2.17317,6.76796,0.377997,1.75801,0,0,0,0.0546473,0,0,0,0
"MtrElec",9,15,22,"",11.6871,0,0,0,0,0,0.0330909,0,0,0.756867,0,0,0,1.84624,6.73641,0.43615,1.6905,0,0,0.161806,0.0260225,0,0,0,0
"MtrElec",9,15,23,"",10.4714,0,0,0,0,0,0.0330909,0,0,0.756867,0,0,0,1.21159,5.98957,0.377997,1.59281,0,0.0683418,0.425533,0.0156135,0,0,0,0
"MtrElec",9,15,24,"",8.92681,0,0,0,0,0,0.0330909,0,0,0.756867,0,0,0,0.750034,5.13203,0.26169,1.50547,0,0.179732,0.294889,0.0130113,0,0,0,0
"MtrElec",9,16,1,"",7.13694,0,0,0,0,0,0.0330909,0,0,0.756867,0,0,0,0.442328,4.12214,0.191075,1.46038,0,0.124552,0,0.00650563,0,0,0,0
"MtrElec",9,16,2,"",6.51007,0,0,0,0,0,0.0330909,0,0,0.756867,0,0,0,0.365401,3.7478,0.191075,1.41064,0,0,0,0.0052045,0,0,0,0
"MtrElec",9,16,3,"",6.24443,0,0,0,0,0,0.0330909,0,0,0.756867,0,0,0,0.288475,3.6018,0.191075,1.36791,0,0,0,0.0052045,0,0,0,0
"MtrElec",9,16,4,"",6.23551,0,0,0,0,0,0.0330909,0,0,0.756867,0,0,0,0.326938,3.57823,0.191075,1.3441,0,0,0,0.0052045,0,0,0,0
"MtrElec",9,16,5,"",6.12599,0,0,0,0,0,0.0330909,0,0,0.756867,0,0,0,0.403864,3.41574,0.191075,1.32015,0,0,0,0.0052045,0,0,0,0
"MtrElec",9,16,6,"",6.62343,0,0,0,0,0,0.0330909,0,0,0.756867,0,0,0,0.596181,3.68194,0.153691,1.38344,0,0,0,0.0182158,0,0,0,0
"MtrElec",9,16,7,"",7.44253,0,0,0,0,0,0.0330909,0,0,0.756867,0,0,0,0.807729,4.18134,0.145383,1.5063,0,0,0,0.0247214,0,0,0,-0.0128981
"MtrElec",9,16,8,"",5.10061,0,0,0,0,0,0.0330909,0,0,0.756867,0,0,0,0.788497,4.50998,0.14123,1.6025,0,0,0,0.0325281,0,0,0,-2.76409
"MtrElec",9,16,9,"",-5.53421,0,0,0,0.0264844,0,0.0330909,0,0,0.756867,0,0,0,0.653876,4.22776,0.137076,1.55948,1.3606,0,0,0.0338293,0,0,0,-14.3233
"MtrElec",9,16,10,"",-14.4046,0,0,0,0.0264844,0,0.0330909,0,0,0.756867,0,0,0,0.557717,4.00326,0.116307,1.47711,1.11435,0,0,0.0286248,0,0,0,-22.5184
"MtrElec",9,16,11,"",-22.106,0,0,0,0.0264844,0,0.0330909,0,0,0.756867,0,0,0,0.519254,4.04303,0.0913838,1.45422,0,0,0.86176,0.0273236,0,0,0,-29.9194
"MtrElec",9,16,12,"",-27.6437,0,0,0,0.0264844,0,0.0330909,0,0,0.756867,0,0,0,0.480791,4.04303,0.0623072,1.47673,0,0.363982,0.020165,0.0377326,0,0,0,-34.9449
"MtrElec",9,16,13,"",-30.1385,0,0,0,0.0264844,0,0.0330909,0,0,0.756867,0,0,0,0.403864,4.06174,0.0498457,1.50437,0,0.00851711,0.285975,0.0455394,0,0,0,-37.3148
"MtrElec",9,16,14,"",-28.8539,0,0,0,0.0264844,0,0.0330909,0,0,0.756867,0,0,0,0.403864,4.14895,0.0456919,1.48558,0,0.120787,1.04577,0.041636,0,0,0,-36.9627
"MtrElec",9,16,15,"",-24.7863,0,0,0,0.0264844,0,0.0330909,0,0,0.756867,0,0,0,0.403864,4.28932,0.0456919,1.48567,0,0.441701,1.2049,0.0442383,0,0,0,-33.5181
"MtrElec",9,16,16,"",-18.6524,0,0,0,0.0264844,0,0.0330909,0,0,0.756867,0,0,0,0.500022,4.40467,0.0498457,1.50978,0,0.508914,0.99165,0.0676585,0,0,0,-27.5014
"MtrElec",9,16,17,"",-10.6557,0,0,0,0.0264844,0,0.0330909,0,0,0.756867,0,0,0,0.596181,4.94558,0.0789224,1.59262,0,0.418843,0,0.149629,0,0,0,-19.254
"MtrElec",9,16,18,"",0.215968,0,0,0,0.0264844,0,0.0330909,0,0,0.756867,0,0,0,0.846192,5.66093,0.153691,1.74276,0,0,0,0.251117,0,0,0,-9.25516
"MtrElec",9,16,19,"",9.60819,0,0,0,0.0264844,0,0.0330909,0,0,0.756867,0,0,0,1.61546,6.15722,0.203537,1.85685,0,0,0,0.234203,0,0,0,-1.27551
"MtrElec",9,16,20,"",11.7517,0,0,0,0,0,0.0330909,0,0,0.756867,0,0,0,2.2501,6.48616,0.269998,1.82802,0,0,0,0.12751,0,0,0,0
"MtrElec",9,16,21,"",11.9288,0,0,0,0,0,0.0330909,0,0,0.756867,0,0,0,2.17317,6.76796,0.377997,1.7651,0,0,0,0.0546473,0,0,0,0
"MtrElec",9,16,22,"",11.5396,0,0,0,0,0,0.0330909,0,0,0.756867,0,0,0,1.84624,6.73641,0.43615,1.70484,0,0,0,0.0260225,0,0,0,0
"MtrElec",9,16,23,"",9.99603,0,0,0,0,0,0.0330909,0,0,0.756867,0,0,0,1.21159,5.98957,0.377997,1.6113,0,0,0,0.0156135,0,0,0,0
"MtrElec",9,16,24,"",8.47827,0,0,0,0,0,0.0330909,0,0,0.756867,0,0,0,0.750034,5.13203,0.26169,1.53155,0,0,0,0.0130113,0,0,0,0
"MtrElec",9,17,1,"",7.03292,0,0,0,0,0,0.0330909,0,0,0.756867,0,0,0,0.442328,4.12214,0.191075,1.48092,0,0,0,0.00650563,0,0,0,0
"MtrElec",9,17,2,"",6.52631,0,0,0,0,0,0.0330909,0,0,0.756867,0,0,0,0.365401,3.7478,0.191075,1.42687,0,0,0,0.0052045,0,0,0,0
"MtrElec",9,17,3,"",6.26034,0,0,0,0,0,0.0330909,0,0,0.756867,0,0,0,0.288475,3.6018,0.191075,1.38382,0,0,0,0.0052045,0,0,0,0
"MtrElec",9,17,4,"",6.25029,0,0,0,0,0,0.0330909,0,0,0.756867,0,0,0,0.326938,3.57823,0.191075,1.35888,0,0,0,0.0052045,0,0,0,0
"MtrElec",9,17,5,"",6.14131,0,0,0,0,0,0.0330909,0,0,0.756867,0,0,0,0.403864,3.41574,0.191075,1.33546,0,0,0,0.0052045,0,0,0,0
"MtrElec",9,17,6,"",7.52176,0,0,0,0,0,0.0330909,0,0,0.756867,0,0,0,0.596181,3.68194,0.153691,1.39989,0,0,0.881881,0.0182158,0,0,0,0
"MtrElec",9,17,7,"",7.83035,0,0,0,0,0,0.0330909,0,0,0.756867,0,0,0,0.807729,4.18134,0.145383,1.51842,0,0.37248,0,0.0247214,0,0,0,-0.00968246
"MtrElec",9,17,8,"",3.15409,0,0,0,0,0,0.0330909,0,0,0.756867,0,0,0,0.788497,4.50998,0.14123,1.61136,0,0,0,0.0325281,0,0,0,-4.71947
"MtrElec",9,17,9,"",-6.19757,0,0,0,0.0264844,0,0.0330909,0,0,0.756867,0,0,0,0.653876,4.22776,0.137076,1.57128,0,0,0.574556,0.0338293,0,0,0,-14.2124
"MtrElec",9,17,10,"",-13.9242,0,0,0,0.0264844,0,0.0330909,0,0,0.756867,0,0,0,0.557717,4.00326,0.116307,1.49401,0,0.242675,1.66643,0.0286248,0,0,0,-22.8497
"MtrElec",9,17,11,"",-21.2495,0,0,0,0.0264844,0,0.0330909,0,0,0.756867,0,0,0,0.519254,4.04303,0.0913838,1.47321,0,0.703851,0.405362,0.0273236,0,0,0,-29.3293
"MtrElec",9,17,12,"",-26.384,0,0,0,0.0264844,0,0.0330909,0,0,0.756867,0,0,0,0.480791,4.04303,0.0623072,1.50167,0,0.171213,0,0.0377326,0,0,0,-33.4972
"MtrElec",9,17,13,"",-28.6907,0,0,0,0.0264844,0,0.0330909,0,0,0.756867,0,0,0,0.403864,4.06174,0.0498457,1.53077,0,0,0,0.0455394,0,0,0,-35.5989
"MtrElec",9,17,14,"",-28.5744,0,0,0,0.0264844,0,0.0330909,0,0,0.756867,0,0,0,0.403864,4.14895,0.0456919,1.51972,0,0,0,0.041636,0,0,0,-35.5507
"MtrElec",9,17,15,"",-25.5401,0,0,0,0.0264844,0,0.0330909,0,0,0.756867,0,0,0,0.403864,4.28932,0.0456919,1.5166,0,0,0,0.0442383,0,0,0,-32.6563
"MtrElec",9,17,16,"",-19.6089,0,0,0,0.0264844,0,0.0330909,0,0,0.756867,0,0,0,0.500022,4.40467,0.0498457,1.54657,0,0,0,0.0676585,0,0,0,-26.9941
"MtrElec",9,17,17,"",-10.5737,0,0,0,0.0264844,0,0.0330909,0,0,0.756867,0,0,0,0.596181,4.94558,0.0789224,1.64263,0,0,0,0.149629,0,0,0,-18.8031
"MtrElec",9,17,18,"",4.33133,2.98368,0,0,0.0264844,0,0.0330909,0.786257,0,0.756867,0,0,0,0.846192,5.66093,0.153691,1.80226,0,0,0,0.251117,0,0,0,-8.96923
"MtrElec",9,17,19,"",13.5001,2.98942,0,0,0,0,0.0330909,0.798458,0,0.756867,0,0,0,1.61546,6.15722,0.203537,1.91098,0,0,0,0.234203,0,0,0,-1.19917
"MtrElec",9,17,20,"",15.1266,2.61996,0,0,0,0,0.0330909,0.712372,0,0.756867,0,0,0,2.2501,6.48616,0.269998,1.8705,0,0,0,0.12751,0,0,0,0
"MtrElec",9,17,21,"",14.9115,2.29527,0,0,0,0,0.0330909,0.637747,0,0.756867,0,0,0,2.17317,6.76796,0.377997,1.81475,0,0,0,0.0546473,0,0,0,0
"MtrElec",9,17,22,"",13.9927,1.86826,0,0,0,0,0.0330909,0.529526,0,0.756867,0,0,0,1.84624,6.73641,0.43615,1.76013,0,0,0,0.0260225,0,0,0,0
"MtrElec",9,17,23,"",11.6568,1.24504,0,0,0,0,0.0330909,0.360089,0,0.756867,0,0,0,1.21159,5.98957,0.377997,1.6669,0,0,0,0.0156135,0,0,0,0
"MtrElec",9,17,24,"",9.38976,0.649722,0,0,0,0,0.0330909,0.191396,0,0.756867,0,0,0,0.750034,5.13203,0.26169,1.60192,0,0,0,0.0130113,0,0,0,0
"MtrElec",9,18,1,"",7.3274,0.181174,0,0,0,0,0.0330909,0.0542462,0,0.756867,0,0,0,0.442328,4.12214,0.191075,1.53998,0,0,0,0.00650563,0,0,0,0
"MtrElec",9,18,2,"",6.57621,0,0,0,0,0,0.0330909,0,0,0.756867,0,0,0,0.365401,3.7478,0.191075,1.47677,0,0,0,0.0052045,0,0,0,0
"MtrElec",9,18,3,"",6.3118,0,0,0,0,0,0.0330909,0,0,0.756867,0,0,0,0.288475,3.6018,0.191075,1.43528,0,0,0,0.0052045,0,0,0,0
"MtrElec",9,18,4,"",6.30106,0,0,0,0,0,0.0330909,0,0,0.756867,0,0,0,0.326938,3.57823,0.191075,1.40965,0,0,0,0.0052045,0,0,0,0
"MtrElec",9,18,5,"",6.19773,0,0,0,0,0,0.0330909,0,0,0.756867,0,0,0,0.403864,3.41574,0.191075,1.39188,0,0,0,0.0052045,0,0,0,0
"MtrElec",9,18,6,"",6.70717,0,0,0,0,0,0.0330909,0,0,0.756867,0,0,0,0.596181,3.68194,0.153691,1.46719,0,0,0,0.0182158,0,0,0,0
"MtrElec",9,18,7,"",7.52185,0,0,0,0,0,0.0330909,0,0,0.756867,0,0,0,0.807729,4.18134,0.145383,1.57272,0,0,0,0.0247214,0,0,0,0
"MtrElec",9,18,8,"",3.29631,0,0,0,0,0,0.0330909,0,0,0.756867,0,0,0,0.788497,4.50998,0.14123,1.6531,0,0,0,0.0325281,0,0,0,-4.61898
"MtrElec",9,18,9,"",-6.24399,0,0,0,0.0264844,0,0.0330909,0,0,0.756867,0,0,0,0.653876,4.22776,0.137076,1.61887,0,0,0.287278,0.0338293,0,0,0,-14.0191
"MtrElec",9,18,10,"",-13.6537,0,0,0,0.0264844,0,0.0330909,0,0,0.756867,0,0,0,0.557717,4.00326,0.116307,1.5548,0,0.121338,1.47712,0.0286248,0,0,0,-22.3293
"MtrElec",9,18,11,"",-21.2652,0,0,0,0.0264844,0,0.0330909,0,0,0.756867,0,0,0,0.519254,4.04303,0.0913838,1.53395,0,0.623892,0,0.0273236,0,0,0,-28.9205
"MtrElec",9,18,12,"",-24.67,0,0,0,0.0264844,0,0.0330909,0,0,0.756867,0,0,0,0.480791,4.04303,0.0623072,1.55817,0,0,1.76411,0.0377326,0,0,0,-33.4326
"MtrElec",9,18,13,"",-27.8936,0,0,0,0.0264844,0,0.0330909,0,0,0.756867,0,0,0,0.403864,4.06174,0.0498457,1.57735,0,0.745108,0,0.0455394,0,0,0,-35.5935
"MtrElec",9,18,14,"",-27.8328,0,0,0,0.0264844,0,0.0330909,0,0,0.756867,0,0,0,0.403864,4.14895,0.0456919,1.56932,0,0,0.449466,0.041636,0,0,0,-35.3082
"MtrElec",9,18,15,"",-24.0056,0,0,0,0.0264844,0,0.0330909,0,0,0.756867,0,0,0,0.403864,4.28932,0.0456919,1.55551,0,0.189841,0.868033,0.0442383,0,0,0,-32.2186
"MtrElec",9,18,16,"",-15.1341,0.394013,0,0,0.0264844,0,0.0330909,0.098223,0,0.756867,0,0,0,0.500022,4.40467,0.0498457,1.58939,2.52655,0.366631,0.446611,0.0676585,0,0,0,-26.3941
"MtrElec",9,18,17,"",2.8086,8.09252,0,0,0.0264844,0,0.0330909,2.11737,0,0.756867,0,0,0,0.596181,4.94558,0.0789224,1.7028,2.42423,0.188635,0,0.149629,0,0,0,-18.3037
"MtrElec",9,18,18,"",14.9997,11.0626,0,0,0.0264844,0,0.0330909,3.01198,0,0.756867,0,0,0,0.846192,5.66093,0.153691,1.84969,0,0,0,0.251117,0,0,0,-8.65294
"MtrElec",9,18,19,"",21.4786,9.12017,0,0,0.0264844,0,0.0330909,2.54767,0,0.756867,0,0,0,1.61546,6.15722,0.203537,1.93482,0,0,0,0.234203,0,0,0,-1.15087
"MtrElec",9,18,20,"",19.2964,5.83539,0,0,0,0,0.0330909,1.65714,0,0.756867,0,0,0,2.2501,6.48616,0.269998,1.88013,0,0,0,0.12751,0,0,0,0
"MtrElec",9,18,21,"",17.2014,4.03591,0,0,0,0,0.0330909,1.17893,0,0.756867,0,0,0,2.17317,6.76796,0.377997,1.82287,0,0,0,0.0546473,0,0,0,0
"MtrElec",9,18,22,"",15.343,2.7561,0,0,0,0,0.0330909,0.822067,0,0.756867,0,0,0,1.84624,6.73641,0.43615,1.76826,0,0,0.161806,0.0260225,0,0,0,0
"MtrElec",9,18,23,"",12.0967,1.18356,0,0,0,0,0.0330909,0.359462,0,0.756867,0,0,0,1.21159,5.98957,0.377997,1.67507,0,0.0683418,0.425533,0.0156135,0,0,0,0
"MtrElec",9,18,24,"",10.1879,0.881327,0,0,0,0,0.0330909,0.273019,0,0.756867,0,0,0,0.750034,5.13203,0.26169,1.61223,0,0.179732,0.294889,0.0130113,0,0,0,0
"MtrElec",9,19,1,"",7.69727,0.33763,0,0,0,0,0.0330909,0.106161,0,0.756867,0,0,0,0.442328,4.13522,0.191075,1.56383,0,0.124552,0,0.00650563,0,0,0,0
"MtrElec",9,19,2,"",6.66409,0.0229981,0,0,0,0,0.0330909,0.00730541,0,0.756867,0,0,0,0.365401,3.79609,0.191075,1.48605,0,0,0,0.0052045,0,0,0,0
"MtrElec",9,19,3,"",6.31961,0,0,0,0,0,0.0330909,0,0,0.756867,0,0,0,0.288475,3.58987,0.186921,1.46048,0,0,0,0.00390338,0,0,0,0
"MtrElec",9,19,4,"",6.31401,0,0,0,0,0,0.0330909,0,0,0.756867,0,0,0,0.326938,3.57939,0.186921,1.42691,0,0,0,0.00390338,0,0,0,0
"MtrElec",9,19,5,"",6.19903,0,0,0,0,0,0.0330909,0,0,0.756867,0,0,0,0.403864,3.40381,0.191075,1.40642,0,0,0,0.00390338,0,0,0,0
"MtrElec",9,19,6,"",6.65302,0,0,0,0,0,0.0330909,0,0,0.756867,0,0,0,0.596181,3.67,0.186921,1.40345,0,0,0,0.00650563,0,0,0,0
"MtrElec",9,19,7,"",7.35474,0,0,0,0,0,0.0330909,0,0,0.756867,0,0,0,0.807729,4.09899,0.182768,1.46229,0,0,0,0.0130113,0,0,0,0
"MtrElec",9,19,8,"",4.52868,0,0,0,0,0,0.0330909,0,0,0.756867,0,0,0,0.788497,4.41454,0.170306,1.54132,1.15916,0,0,0.0351304,0,0,0,-4.37023
"MtrElec",9,19,9,"",-4.45786,0,0,0,0.0264844,0,0.0330909,0,0,0.756867,0,0,0,0.653876,4.20564,0.149537,1.64744,1.31639,0,0,0.062454,0,0,0,-13.3096
"MtrElec",9,19,10,"",-14.1424,0,0,0,0.0264844,0,0.0330909,0,0,0.756867,0,0,0,0.557717,4.08851,0.124614,1.6613,0,0,0.364414,0.062454,0,0,0,-21.8179
"MtrElec",9,19,11,"",-20.5978,0,0,0,0.0264844,0,0.0330909,0,0,0.756867,0,0,0,0.519254,4.15186,0.0996915,1.63359,0,0.153917,0.761541,0.0598518,0,0,0,-28.794
"MtrElec",9,19,12,"",-25.5899,0,0,0,0.0264844,0,0.0330909,0,0,0.756867,0,0,0,0.480791,4.07969,0.066461,1.67404,0,0.321652,0.638484,0.0715619,0,0,0,-33.739
"MtrElec",9,19,13,"",-28.878,0,0,0,0.0264844,0,0.0330909,0,0,0.756867,0,0,0,0.403864,4.05126,0.0498457,1.71229,0,0.269676,0,0.0819709,0,0,0,-36.2634
"MtrElec",9,19,14,"",-28.4905,0,0,0,0.0264844,0,0.0330909,0,0,0.756867,0,0,0,0.403864,4.17368,0.0456919,1.73048,0,0,0,0.0767664,0,0,0,-35.7374
"MtrElec",9,19,15,"",-24.9534,0,0,0,0.0264844,0,0.0330909,0,0,0.756867,0,0,0,0.403864,4.37168,0.0456919,1.71566,0,0,0,0.0806698,0,0,0,-32.3874
"MtrElec",9,19,16,"",-18.4241,0,0,0,0.0264844,0,0.0330909,0,0,0.756867,0,0,0,0.500022,4.5944,0.0498457,1.71009,0,0,0.410019,0.0884765,0,0,0,-26.5934
"MtrElec",9,19,17,"",-9.24378,0,0,0,0.0264844,0,0.0330909,0,0,0.756867,0,0,0,0.596181,5.12223,0.0789224,1.74443,0,0.17318,0.472187,0.118402,0,0,0,-18.3657
"MtrElec",9,19,18,"",12.5589,9.03405,0,0,0.0264844,0,0.0330909,2.36913,0,0.756867,0,0,0,0.846192,5.73164,0.157845,1.82447,0,0.199438,0,0.180856,0,0,0,-8.60115
"MtrElec",9,19,19,"",17.7415,5.75101,0,0,0.0264844,0,0.0330909,1.59175,0,0.756867,0,0,0,1.61546,6.14558,0.199383,1.87989,0.670201,0,0,0.167845,0,0,0,-1.09607
"MtrElec",9,19,20,"",19.7179,2.67752,0,0,0,0,0.0330909,0.767955,0,0.756867,0,0,0,2.2501,6.39072,0.249229,1.85844,4.27845,0,0.361887,0.093681,0,0,0,0
"MtrElec",9,19,21,"",12.4803,0,0,0,0,0,0.0330909,0,0,0.756867,0,0,0,2.17317,6.62537,0.344766,1.83251,0,0.15285,0.520064,0.041636,0,0,0,0
"MtrElec",9,19,22,"",12.4946,0,0,0,0,0,0.0330909,0,0,0.756867,0,0,0,1.84624,6.58074,0.407073,1.75075,0,0.219659,0.881966,0.0182158,0,0,0,0
"MtrElec",9,19,23,"",11.2003,0,0,0,0,0,0.0330909,0,0,0.756867,0,0,0,1.21159,5.90577,0.353074,1.67368,0,0.372516,0.882053,0.0117101,0,0,0,0
"MtrElec",9,19,24,"",8.80355,0,0,0,0,0,0.0330909,0,0,0.756867,0,0,0,0.750034,5.02993,0.245075,1.60949,0,0.372553,0,0.00650563,0,0,0,0
"MtrElec",9,20,1,"",7.10839,0,0,0,0,0,0.0330909,0,0,0.756867,0,0,0,0.442328,4.13522,0.191075,1.5433,0,0,0,0.00650563,0,0,0,0
"MtrElec",9,20,2,"",6.61703,0,0,0,0,0,0.0330909,0,0,0.756867,0,0,0,0.365401,3.79609,0.191075,1.4693,0,0,0,0.0052045,0,0,0,0
"MtrElec",9,20,3,"",6.30343,0,0,0,0,0,0.0330909,0,0,0.756867,0,0,0,0.288475,3.58987,0.186921,1.4443,0,0,0,0.00390338,0,0,0,0
"MtrElec",9,20,4,"",6.29899,0,0,0,0,0,0.0330909,0,0,0.756867,0,0,0,0.326938,3.57939,0.186921,1.41188,0,0,0,0.00390338,0,0,0,0
"MtrElec",9,20,5,"",6.1837,0,0,0,0,0,0.0330909,0,0,0.756867,0,0,0,0.403864,3.40381,0.191075,1.39109,0,0,0,0.00390338,0,0,0,0
"MtrElec",9,20,6,"",6.63936,0,0,0,0,0,0.0330909,0,0,0.756867,0,0,0,0.596181,3.67,0.186921,1.38979,0,0,0,0.00650563,0,0,0,0
"MtrElec",9,20,7,"",8.72768,0,0,0,0,0,0.0330909,0,0,0.756867,0,0,0,0.807729,4.09899,0.182768,1.44944,0,0,1.38578,0.0130113,0,0,0,0
"MtrElec",9,20,8,"",8.45556,0,0,0,0,0,0.0330909,0,0,0.756867,0,0,0,0.788497,4.41454,0.170306,1.53801,0,0.585314,1.45432,0.0351304,0,0,0,-1.32052
"MtrElec",9,20,9,"",4.2114,0,0,0,0.0264844,0,0.0330909,0,0,0.756867,0,0,0,0.653876,4.20564,0.149537,1.64666,0,0.614262,2.45266,0.062454,0,0,0,-6.39013
"MtrElec",9,20,10,"",-12.51,0,0,0,0.0264844,0,0.0330909,0,0,0.756867,0,0,0,0.557717,4.08851,0.124614,1.65415,0,1.03593,0,0.062454,0,0,0,-20.8499
"MtrElec",9,20,11,"",-20.7468,0,0,0,0.0264844,0,0.0330909,0,0,0.756867,0,0,0,0.519254,4.15186,0.0996915,1.62169,0,0,1.14911,0.0598518,0,0,0,-29.1647
"MtrElec",9,20,12,"",-24.9976,0,0,0,0.0264844,0,0.0330909,0,0,0.756867,0,0,0,0.480791,4.07969,0.066461,1.66088,0,0.485349,0.615137,0.0715619,0,0,0,-33.2739
"MtrElec",9,20,13,"",-26.5259,0,0,0,0.0264844,0,0.0330909,0,0,0.756867,0,0,0,0.403864,4.05126,0.0498457,1.70029,1.21676,0.259816,0,0.0819709,0,0,0,-35.1062
"MtrElec",9,20,14,"",-26.3174,0,0,0,0.0264844,0,0.0330909,0,0,0.756867,0,0,0,0.403864,4.17368,0.0456919,1.72055,1.25715,0,0,0.0767664,0,0,0,-34.8115
"MtrElec",9,20,15,"",-24.1776,0,0,0,0.0264844,0,0.0330909,0,0,0.756867,0,0,0,0.403864,4.37168,0.0456919,1.70754,0,0,0.504077,0.0806698,0,0,0,-32.1076
"MtrElec",9,20,16,"",-17.5301,0,0,0,0.0264844,0,0.0330909,0,0,0.756867,0,0,0,0.500022,4.5944,0.0498457,1.70256,0,0.212907,0.867945,0.0884765,0,0,0,-26.3627
"MtrElec",9,20,17,"",-8.46472,0,0,0,0.0264844,0,0.0330909,0,0,0.756867,0,0,0,0.596181,5.12223,0.0789224,1.73181,0,0.366594,0.875203,0.118402,0,0,0,-18.1705
"MtrElec",9,20,18,"",10.0689,5.73594,0,0,0.0264844,0,0.0330909,1.60102,0,0.756867,0,0,0,0.846192,5.73164,0.157845,1.80655,0,0.36966,1.28077,0.180856,0,0,0,-8.45806
"MtrElec",9,20,19,"",12.1309,1.42303,0,0,0,0,0.0330909,0.411526,0,0.756867,0,0,0,1.61546,6.14558,0.199383,1.86801,0,0.540961,0,0.167845,0,0,0,-1.0308
"MtrElec",9,20,20,"",12.8633,0,0,0,0,0,0.0330909,0,0,0.756867,0,0,0,2.2501,6.39072,0.249229,1.84827,1.24133,0,0,0.093681,0,0,0,0
"MtrElec",9,20,21,"",13.0214,0,0,0,0,0,0.0330909,0,0,0.756867,0,0,0,2.17317,6.62537,0.344766,1.81395,1.23252,0,0,0.041636,0,0,0,0
"MtrElec",9,20,22,"",13.141,0,0,0,0,0,0.0330909,0,0,0.756867,0,0,0,1.84624,6.58074,0.407073,1.73487,0,0,1.76393,0.0182158,0,0,0,0
"MtrElec",9,20,23,"",10.6683,0,0,0,0,0,0.0330909,0,0,0.756867,0,0,0,1.21159,5.90577,0.353074,1.65119,0,0.745033,0,0.0117101,0,0,0,0
"MtrElec",9,20,24,"",8.41567,0,0,0,0,0,0.0330909,0,0,0.756867,0,0,0,0.750034,5.02993,0.245075,1.59417,0,0,0,0.00650563,0,0,0,0
"MtrElec",9,21,1,"",7.05165,0,0,0,0,0,0.0330909,0,0,0.756867,0,0,0,0.442328,4.12214,0.191075,1.49965,0,0,0,0.00650563,0,0,0,0
"MtrElec",9,21,2,"",6.54394,0,0,0,0,0,0.0330909,0,0,0.756867,0,0,0,0.365401,3.7478,0.191075,1.4445,0,0,0,0.0052045,0,0,0,0
"MtrElec",9,21,3,"",6.27886,0,0,0,0,0,0.0330909,0,0,0.756867,0,0,0,0.288475,3.6018,0.191075,1.40235,0,0,0,0.0052045,0,0,0,0
"MtrElec",9,21,4,"",6.269,0,0,0,0,0,0.0330909,0,0,0.756867,0,0,0,0.326938,3.57823,0.191075,1.3776,0,0,0,0.0052045,0,0,0,0
"MtrElec",9,21,5,"",6.16299,0,0,0,0,0,0.0330909,0,0,0.756867,0,0,0,0.403864,3.41574,0.191075,1.35714,0,0,0,0.0052045,0,0,0,0
"MtrElec",9,21,6,"",6.66726,0,0,0,0,0,0.0330909,0,0,0.756867,0,0,0,0.596181,3.68194,0.153691,1.42728,0,0,0,0.0182158,0,0,0,0
"MtrElec",9,21,7,"",7.47541,0,0,0,0,0,0.0330909,0,0,0.756867,0,0,0,0.807729,4.18134,0.145383,1.54174,0,0,0,0.0247214,0,0,0,-0.0154653
"MtrElec",9,21,8,"",4.53586,0,0,0,0,0,0.0330909,0,0,0.756867,0,0,0,0.788497,4.50998,0.14123,1.62849,0,0,0,0.0325281,0,0,0,-3.35482
"MtrElec",9,21,9,"",-1.52329,0,0,0,0.0264844,0,0.0330909,0,0,0.756867,0,0,0,0.653876,4.22776,0.137076,1.58732,0,0,0,0.0338293,0,0,0,-8.9796
"MtrElec",9,21,10,"",-15.6735,0,0,0,0.0264844,0,0.0330909,0,0,0.756867,0,0,0,0.557717,4.00326,0.116307,1.50563,0,0,0,0.0286248,0,0,0,-22.7015
"MtrElec",9,21,11,"",-21.7498,0,0,0,0.0264844,0,0.0330909,0,0,0.756867,0,0,0,0.519254,4.04303,0.0913838,1.47511,0,0,0,0.0273236,0,0,0,-28.7223
"MtrElec",9,21,12,"",-25.3118,0,0,0,0.0264844,0,0.0330909,0,0,0.756867,0,0,0,0.480791,4.04303,0.0623072,1.49837,0,0,0.882064,0.0377326,0,0,0,-33.1326
"MtrElec",9,21,13,"",-28.0472,0,0,0,0.0264844,0,0.0330909,0,0,0.756867,0,0,0,0.403864,4.06174,0.0498457,1.52552,0,0.372558,0,0.0455394,0,0,0,-35.3227
"MtrElec",9,21,14,"",-27.1925,0,0,0,0.0264844,0,0.0330909,0,0,0.756867,0,0,0,0.403864,4.14895,0.0456919,1.50765,0,0,0,0.041636,0,0,0,-34.1567
"MtrElec",9,21,15,"",-23.8265,0,0,0,0.0264844,0,0.0330909,0,0,0.756867,0,0,0,0.403864,4.28932,0.0456919,1.50441,0,0,0,0.0442383,0,0,0,-30.9305
"MtrElec",9,21,16,"",-16.6167,0,0,0,0.0264844,0,0.0330909,0,0,0.756867,0,0,0,0.500022,4.40467,0.0498457,1.53046,1.26327,0,0,0.0676585,0,0,0,-25.2491
"MtrElec",9,21,17,"",-7.68264,0,0,0,0.0264844,0,0.0330909,0,0,0.756867,0,0,0,0.596181,4.94558,0.0789224,1.61571,1.21212,0,0,0.149629,0,0,0,-17.0972
"MtrElec",9,21,18,"",1.76277,0,0,0,0.0264844,0,0.0330909,0,0,0.756867,0,0,0,0.846192,5.66093,0.153691,1.76504,0,0,0,0.251117,0,0,0,-7.73064
"MtrElec",9,21,19,"",9.86546,0,0,0,0,0,0.0330909,0,0,0.756867,0,0,0,1.61546,6.15722,0.203537,1.87544,0,0,0,0.234203,0,0,0,-1.01035
"MtrElec",9,21,20,"",12.7419,0,0,0,0,0,0.0330909,0,0,0.756867,0,0,0,2.2501,6.48616,0.269998,1.83877,0.979429,0,0,0.12751,0,0,0,0
"MtrElec",9,21,21,"",13.4327,0,0,0,0,0,0.0330909,0,0,0.756867,0,0,0,2.17317,6.76796,0.377997,1.77295,1.49601,0,0,0.0546473,0,0,0,0
"MtrElec",9,21,22,"",11.5443,0,0,0,0,0,0.0330909,0,0,0.756867,0,0,0,1.84624,6.73641,0.43615,1.7095,0,0,0,0.0260225,0,0,0,0
"MtrElec",9,21,23,"",9.99518,0,0,0,0,0,0.0330909,0,0,0.756867,0,0,0,1.21159,5.98957,0.377997,1.61045,0,0,0,0.0156135,0,0,0,0
"MtrElec",9,21,24,"",8.47417,0,0,0,0,0,0.0330909,0,0,0.756867,0,0,0,0.750034,5.13203,0.26169,1.52745,0,0,0,0.0130113,0,0,0,0
"MtrElec",9,22,1,"",7.03205,0,0,0,0,0,0.0330909,0,0,0.756867,0,0,0,0.442328,4.12214,0.191075,1.48005,0,0,0,0.00650563,0,0,0,0
"MtrElec",9,22,2,"",8.22596,0,0,0,0,0,0.0330909,0,0,0.756867,0,0,0,0.365401,3.7478,0.191075,1.42889,1.69764,0,0,0.0052045,0,0,0,0
"MtrElec",9,22,3,"",7.04369,0,0,0,0,0,0.0330909,0,0,0.756867,0,0,0,0.288475,3.6018,0.191075,1.38926,0.777912,0,0,0.0052045,0,0,0,0
"MtrElec",9,22,4,"",6.25871,0,0,0,0,0,0.0330909,0,0,0.756867,0,0,0,0.326938,3.57823,0.191075,1.36731,0,0,0,0.0052045,0,0,0,0
"MtrElec",9,22,5,"",6.15357,0,0,0,0,0,0.0330909,0,0,0.756867,0,0,0,0.403864,3.41574,0.191075,1.34772,0,0,0,0.0052045,0,0,0,0
"MtrElec",9,22,6,"",6.65878,0,0,0,0,0,0.0330909,0,0,0.756867,0,0,0,0.596181,3.68194,0.153691,1.41879,0,0,0,0.0182158,0,0,0,0
"MtrElec",9,22,7,"",7.48674,0,0,0,0,0,0.0330909,0,0,0.756867,0,0,0,0.807729,4.18134,0.145383,1.5376,0,0,0,0.0247214,0,0,0,0
"MtrElec",9,22,8,"",7.11646,0,0,0,0,0,0.0330909,0,0,0.756867,0,0,0,0.788497,4.50998,0.14123,1.63093,0,0,0,0.0325281,0,0,0,-0.776665
"MtrElec",9,22,9,"",4.04766,0,0,0,0,0,0.0330909,0,0,0.756867,0,0,0,0.653876,4.22776,0.137076,1.59255,0,0,0,0.0338293,0,0,0,-3.38739
"MtrElec",9,22,10,"",2.54965,0,0,0,0.0264844,0,0.0330909,0,0,0.756867,0,0,0,0.557717,4.00326,0.116307,1.50656,1.18923,0,0,0.0286248,0,0,0,-5.66849
"MtrElec",9,22,11,"",1.00463,0,0,0,0.0264844,0,0.0330909,0,0,0.756867,0,0,0,0.519254,4.04303,0.0913838,1.46473,1.28607,0,0.605934,0.0273236,0,0,0,-7.84954
"MtrElec",9,22,12,"",-0.690735,0,0,0,0.0264844,0,0.0330909,0,0,0.756867,0,0,0,0.480791,4.04303,0.0623072,1.47575,0,0.255928,0.276015,0.0377326,0,0,0,-8.13873
"MtrElec",9,22,13,"",-3.74588,0,0,0,0.0264844,0,0.0330909,0,0,0.756867,0,0,0,0.403864,4.06174,0.0498457,1.49873,0,0.116581,0.57195,0.0455394,0,0,0,-11.3106
"MtrElec",9,22,14,"",-20.7588,0,0,0,0.0264844,0,0.0330909,0,0,0.756867,0,0,0,0.403864,4.14895,0.0456919,1.47934,0,0.241574,1.1926,0.041636,0,0,0,-29.1289
"MtrElec",9,22,15,"",-22.9603,0,0,0,0.0264844,0,0.0330909,0,0,0.756867,0,0,0,0.403864,4.28932,0.0456919,1.48118,0,0.50372,0.336868,0.0442383,0,0,0,-30.8817
"MtrElec",9,22,16,"",-14.2392,0,0,0,0.0264844,0,0.0330909,0,0,0.756867,0,0,0,0.500022,4.40467,0.0498457,1.50622,2.52655,0.142283,0.763951,0.0676585,0,0,0,-25.0168
"MtrElec",9,22,17,"",-5.65709,0,0,0,0.0264844,0,0.0330909,0,0,0.756867,0,0,0,0.596181,4.94558,0.0789224,1.58739,2.42423,0.32267,0.432205,0.149629,0,0,0,-17.0103
"MtrElec",9,22,18,"",2.27874,0,0,0,0.0264844,0,0.0330909,0,0,0.756867,0,0,0,0.846192,5.66093,0.153691,1.74051,0,0.18255,0.230815,0.251117,0,0,0,-7.6035
"MtrElec",9,22,19,"",9.9549,0,0,0,0,0,0.0330909,0,0,0.756867,0,0,0,1.61546,6.15722,0.203537,1.85523,0,0.0974895,0,0.234203,0,0,0,-0.998187
"MtrElec",9,22,20,"",11.7477,0,0,0,0,0,0.0330909,0,0,0.756867,0,0,0,2.2501,6.48616,0.269998,1.82398,0,0,0,0.12751,0,0,0,0
"MtrElec",9,22,21,"",11.9201,0,0,0,0,0,0.0330909,0,0,0.756867,0,0,0,2.17317,6.76796,0.377997,1.75637,0,0,0,0.0546473,0,0,0,0
"MtrElec",9,22,22,"",11.525,0,0,0,0,0,0.0330909,0,0,0.756867,0,0,0,1.84624,6.73641,0.43615,1.69026,0,0,0,0.0260225,0,0,0,0
"MtrElec",9,22,23,"",9.9759,0,0,0,0,0,0.0330909,0,0,0.756867,0,0,0,1.21159,5.98957,0.377997,1.59117,0,0,0,0.0156135,0,0,0,0
"MtrElec",9,22,24,"",8.45177,0,0,0,0,0,0.0330909,0,0,0.756867,0,0,0,0.750034,5.13203,0.26169,1.50504,0,0,0,0.0130113,0,0,0,0
"MtrElec",9,23,1,"",7.01387,0,0,0,0,0,0.0330909,0,0,0.756867,0,0,0,0.442328,4.12214,0.191075,1.46187,0,0,0,0.00650563,0,0,0,0
"MtrElec",9,23,2,"",6.5133,0,0,0,0,0,0.0330909,0,0,0.756867,0,0,0,0.365401,3.7478,0.191075,1.41387,0,0,0,0.0052045,0,0,0,0
"MtrElec",9,23,3,"",6.24997,0,0,0,0,0,0.0330909,0,0,0.756867,0,0,0,0.288475,3.6018,0.191075,1.37345,0,0,0,0.0052045,0,0,0,0
"MtrElec",9,23,4,"",6.24295,0,0,0,0,0,0.0330909,0,0,0.756867,0,0,0,0.326938,3.57823,0.191075,1.35154,0,0,0,0.0052045,0,0,0,0
"MtrElec",9,23,5,"",6.13648,0,0,0,0,0,0.0330909,0,0,0.756867,0,0,0,0.403864,3.41574,0.191075,1.33064,0,0,0,0.0052045,0,0,0,0
"MtrElec",9,23,6,"",6.63851,0,0,0,0,0,0.0330909,0,0,0.756867,0,0,0,0.596181,3.68194,0.153691,1.39852,0,0,0,0.0182158,0,0,0,0
"MtrElec",9,23,7,"",7.46981,0,0,0,0,0,0.0330909,0,0,0.756867,0,0,0,0.807729,4.18134,0.145383,1.52068,0,0,0,0.0247214,0,0,0,0
"MtrElec",9,23,8,"",3.47569,0,0,0,0,0,0.0330909,0,0,0.756867,0,0,0,0.788497,4.50998,0.14123,1.61865,0,0,0,0.0325281,0,0,0,-4.40516
"MtrElec",9,23,9,"",-4.00025,0,0,0,0.0264844,0,0.0330909,0,0,0.756867,0,0,0,0.653876,4.22776,0.137076,1.58259,1.26088,0,0.881806,0.0338293,0,0,0,-13.5945
"MtrElec",9,23,10,"",-12.8965,0,0,0,0.0264844,0,0.0330909,0,0,0.756867,0,0,0,0.557717,4.00326,0.116307,1.50659,1.21459,0.372449,0.881802,0.0286248,0,0,0,-22.3943
"MtrElec",9,23,11,"",-21.8545,0,0,0,0.0264844,0,0.0330909,0,0,0.756867,0,0,0,0.519254,4.04303,0.0913838,1.48127,0,0.372447,0,0.0273236,0,0,0,-29.2056
"MtrElec",9,23,12,"",-26.4168,0,0,0,0.0264844,0,0.0330909,0,0,0.756867,0,0,0,0.480791,4.04303,0.0623072,1.50247,0,0,0,0.0377326,0,0,0,-33.3596
"MtrElec",9,23,13,"",-27.5917,0,0,0,0.0264844,0,0.0330909,0,0,0.756867,0,0,0,0.403864,4.06174,0.0498457,1.52907,0,0,0.412509,0.0455394,0,0,0,-34.9107
"MtrElec",9,23,14,"",-25.5058,0,0,0,0.0264844,0,0.0330909,0,0,0.756867,0,0,0,0.403864,4.14895,0.0456919,1.51731,0,0.174231,1.3515,0.041636,0,0,0,-34.0054
"MtrElec",9,23,15,"",-23.0912,0,0,0,0.0264844,0,0.0330909,0,0,0.756867,0,0,0,0.403864,4.28932,0.0456919,1.5149,0,0.570831,0,0.0442383,0,0,0,-30.7765
"MtrElec",9,23,16,"",-17.9187,0,0,0,0.0264844,0,0.0330909,0,0,0.756867,0,0,0,0.500022,4.40467,0.0498457,1.54602,0,0,0,0.0676585,0,0,0,-25.3034
"MtrElec",9,23,17,"",-9.12236,0,0,0,0.0264844,0,0.0330909,0,0,0.756867,0,0,0,0.596181,4.94558,0.0789224,1.64255,0,0,0,0.149629,0,0,0,-17.3517
"MtrElec",9,23,18,"",4.85776,2.17242,0,0,0.0264844,0,0.0330909,0.574606,0,0.756867,0,0,0,0.846192,5.66093,0.153691,1.80108,0,0,0.463257,0.251117,0,0,0,-7.88197
"MtrElec",9,23,19,"",14.3999,1.62269,0,0,0.0264844,0,0.0330909,0.439577,0,0.756867,0,0,0,1.61546,6.15722,0.203537,1.90944,1.71125,0.195666,0.418981,0.234203,0,0,0,-0.92457
"MtrElec",9,23,20,"",12.7316,0,0,0,0,0,0.0330909,0,0,0.756867,0,0,0,2.2501,6.48616,0.269998,1.86811,0.762762,0.176965,0,0.12751,0,0,0,0
"MtrElec",9,23,21,"",11.9667,0,0,0,0,0,0.0330909,0,0,0.756867,0,0,0,2.17317,6.76796,0.377997,1.803,0,0,0,0.0546473,0,0,0,0
"MtrElec",9,23,22,"",14.897,0,0,0,0,0,0.0330909,0,0,0.756867,0,0,0,1.84624,6.73641,0.43615,1.73629,2.47431,0,0.851616,0.0260225,0,0,0,0
"MtrElec",9,23,23,"",10.4107,0,0,0,0,0,0.0330909,0,0,0.756867,0,0,0,1.21159,5.98957,0.377997,1.63573,0,0.359697,0.0305102,0.0156135,0,0,0,0
"MtrElec",9,23,24,"",8.51553,0,0,0,0,0,0.0330909,0,0,0.756867,0,0,0,0.750034,5.13203,0.26169,1.55593,0,0.0128866,0,0.0130113,0,0,0,0
"MtrElec",9,24,1,"",7.05527,0,0,0,0,0,0.0330909,0,0,0.756867,0,0,0,0.442328,4.12214,0.191075,1.50327,0,0,0,0.00650563,0,0,0,0
"MtrElec",9,24,2,"",6.54717,0,0,0,0,0,0.0330909,0,0,0.756867,0,0,0,0.365401,3.7478,0.191075,1.44773,0,0,0,0.0052045,0,0,0,0
"MtrElec",9,24,3,"",6.28229,0,0,0,0,0,0.0330909,0,0,0.756867,0,0,0,0.288475,3.6018,0.191075,1.40577,0,0,0,0.0052045,0,0,0,0
"MtrElec",9,24,4,"",6.27246,0,0,0,0,0,0.0330909,0,0,0.756867,0,0,0,0.326938,3.57823,0.191075,1.38105,0,0,0,0.0052045,0,0,0,0
"MtrElec",9,24,5,"",6.16685,0,0,0,0,0,0.0330909,0,0,0.756867,0,0,0,0.403864,3.41574,0.191075,1.36101,0,0,0,0.0052045,0,0,0,0
"MtrElec",9,24,6,"",6.67157,0,0,0,0,0,0.0330909,0,0,0.756867,0,0,0,0.596181,3.68194,0.153691,1.43158,0,0,0,0.0182158,0,0,0,0
"MtrElec",9,24,7,"",7.48549,0,0,0,0,0,0.0330909,0,0,0.756867,0,0,0,0.807729,4.18134,0.145383,1.54495,0,0,0,0.0247214,0,0,0,-0.00858476
"MtrElec",9,24,8,"",3.54857,0,0,0,0,0,0.0330909,0,0,0.756867,0,0,0,0.788497,4.50998,0.14123,1.6332,0,0,0,0.0325281,0,0,0,-4.34682
"MtrElec",9,24,9,"",-4.31208,0,0,0,0.0264844,0,0.0330909,0,0,0.756867,0,0,0,0.653876,4.22776,0.137076,1.59722,1.3606,0,0.287278,0.0338293,0,0,0,-13.4262
"MtrElec",9,24,10,"",-11.8041,0,0,0,0.0264844,0,0.0330909,0,0,0.756867,0,0,0,0.557717,4.00326,0.116307,1.52844,2.78853,0.121338,0.594891,0.0286248,0,0,0,-22.3596
"MtrElec",9,24,11,"",-17.7697,0,0,0,0.0264844,0,0.0330909,0,0,0.756867,0,0,0,0.519254,4.04303,0.0913838,1.50411,2.97964,0.251264,1.46769,0.0273236,0,0,0,-29.4699
"MtrElec",9,24,12,"",-25.5088,0,0,0,0.0264844,0,0.0330909,0,0,0.756867,0,0,0,0.480791,4.04303,0.0623072,1.52007,0.296245,0.61991,0.29618,0.0377326,0,0,0,-33.6815
"MtrElec",9,24,13,"",-28.3468,0,0,0,0.0264844,0,0.0330909,0,0,0.756867,0,0,0,0.403864,4.06174,0.0498457,1.54113,0,0.125098,0,0.0455394,0,0,0,-35.3904
"MtrElec",9,24,14,"",-27.5166,0,0,0,0.0264844,0,0.0330909,0,0,0.756867,0,0,0,0.403864,4.14895,0.0456919,1.52678,0,0,0.449466,0.041636,0,0,0,-34.9494
"MtrElec",9,24,15,"",-23.7926,0,0,0,0.0264844,0,0.0330909,0,0,0.756867,0,0,0,0.403864,4.28932,0.0456919,1.51938,0,0.189841,0.868033,0.0442383,0,0,0,-31.9694
"MtrElec",9,24,16,"",-16.7176,0,0,0,0.0264844,0,0.0330909,0,0,0.756867,0,0,0,0.500022,4.40467,0.0498457,1.54613,0,0.366631,1.54768,0.0676585,0,0,0,-26.0167
"MtrElec",9,24,17,"",-7.49246,0,0,0,0.0264844,0,0.0330909,0,0,0.756867,0,0,0,0.596181,4.94558,0.0789224,1.63751,0,0.653696,1.31413,0.149629,0,0,0,-17.6846
"MtrElec",9,24,18,"",3.30596,0,0,0,0.0264844,0,0.0330909,0,0,0.756867,0,0,0,0.846192,5.66093,0.153691,1.79013,0,0.555049,1.11286,0.251117,0,0,0,-7.88045
"MtrElec",9,24,19,"",10.4728,0,0,0,0,0,0.0330909,0,0,0.756867,0,0,0,1.61546,6.15722,0.203537,1.89613,0,0.47004,0,0.234203,0,0,0,-0.893761
"MtrElec",9,24,20,"",11.7767,0,0,0,0,0,0.0330909,0,0,0.756867,0,0,0,2.2501,6.48616,0.269998,1.85296,0,0,0,0.12751,0,0,0,0
"MtrElec",9,24,21,"",11.9485,0,0,0,0,0,0.0330909,0,0,0.756867,0,0,0,2.17317,6.76796,0.377997,1.78475,0,0,0,0.0546473,0,0,0,0
"MtrElec",9,24,22,"",12.4318,0,0,0,0,0,0.0330909,0,0,0.756867,0,0,0,1.84624,6.73641,0.43615,1.71484,0,0,0.882198,0.0260225,0,0,0,0
"MtrElec",9,24,23,"",10.3693,0,0,0,0,0,0.0330909,0,0,0.756867,0,0,0,1.21159,5.98957,0.377997,1.61192,0,0.372614,0,0.0156135,0,0,0,0
"MtrElec",9,24,24,"",8.47215,0,0,0,0,0,0.0330909,0,0,0.756867,0,0,0,0.750034,5.13203,0.26169,1.52543,0,0,0,0.0130113,0,0,0,0
"MtrElec",9,25,1,"",7.03066,0,0,0,0,0,0.0330909,0,0,0.756867,0,0,0,0.442328,4.12214,0.191075,1.47866,0,0,0,0.00650563,0,0,0,0
"MtrElec",9,25,2,"",8.22492,0,0,0,0,0,0.0330909,0,0,0.756867,0,0,0,0.365401,3.7478,0.191075,1.42785,1.69764,0,0,0.0052045,0,0,0,0
"MtrElec",9,25,3,"",7.04161,0,0,0,0,0,0.0330909,0,0,0.756867,0,0,0,0.288475,3.6018,0.191075,1.38718,0.777912,0,0,0.0052045,0,0,0,0
"MtrElec",9,25,4,"",6.25528,0,0,0,0,0,0.0330909,0,0,0.756867,0,0,0,0.326938,3.57823,0.191075,1.36387,0,0,0,0.0052045,0,0,0,0
"MtrElec",9,25,5,"",6.1478,0,0,0,0,0,0.0330909,0,0,0.756867,0,0,0,0.403864,3.41574,0.191075,1.34195,0,0,0,0.0052045,0,0,0,0
"MtrElec",9,25,6,"",6.64924,0,0,0,0,0,0.0330909,0,0,0.756867,0,0,0,0.596181,3.68194,0.153691,1.40926,0,0,0,0.0182158,0,0,0,0
"MtrElec",9,25,7,"",7.47239,0,0,0,0,0,0.0330909,0,0,0.756867,0,0,0,0.807729,4.18134,0.145383,1.52732,0,0,0,0.0247214,0,0,0,-0.00406212
"MtrElec",9,25,8,"",3.45986,0,0,0,0,0,0.0330909,0,0,0.756867,0,0,0,0.788497,4.50998,0.14123,1.62053,0,0,0,0.0325281,0,0,0,-4.42287
"MtrElec",9,25,9,"",-6.19251,0,0,0,0.0264844,0,0.0330909,0,0,0.756867,0,0,0,0.653876,4.22776,0.137076,1.58285,0,0,0,0.0338293,0,0,0,-13.6443
"MtrElec",9,25,10,"",-14.0548,0,0,0,0.0264844,0,0.0330909,0,0,0.756867,0,0,0,0.557717,4.00326,0.116307,1.50713,0.484958,0,0,0.0286248,0,0,0,-21.5692
"MtrElec",9,25,11,"",-18.735,0,0,0,0.0264844,0,0.0330909,0,0,0.756867,0,0,0,0.519254,4.04303,0.0913838,1.48272,1.69357,0,0,0.0273236,0,0,0,-27.4087
"MtrElec",9,25,12,"",-24.5877,0,0,0,0.0264844,0,0.0330909,0,0,0.756867,0,0,0,0.480791,4.04303,0.0623072,1.50731,0.296245,0,0.882056,0.0377326,0,0,0,-32.7136
"MtrElec",9,25,13,"",-27.8781,0,0,0,0.0264844,0,0.0330909,0,0,0.756867,0,0,0,0.403864,4.06174,0.0498457,1.53462,0,0.372554,0,0.0455394,0,0,0,-35.1627
"MtrElec",9,25,14,"",-26.7307,0,0,0,0.0264844,0,0.0330909,0,0,0.756867,0,0,0,0.403864,4.14895,0.0456919,1.52127,0,0,0.881958,0.041636,0,0,0,-34.5905
"MtrElec",9,25,15,"",-23.7563,0,0,0,0.0264844,0,0.0330909,0,0,0.756867,0,0,0,0.403864,4.28932,0.0456919,1.51748,0,0.372513,0.336868,0.0442383,0,0,0,-31.5827
"MtrElec",9,25,16,"",-16.6897,0,0,0,0.0264844,0,0.0330909,0,0,0.756867,0,0,0,0.500022,4.40467,0.0498457,1.54494,0,0.142283,1.4272,0.0676585,0,0,0,-25.6427
"MtrElec",9,25,17,"",-7.61602,0,0,0,0.0264844,0,0.0330909,0,0,0.756867,0,0,0,0.596181,4.94558,0.0789224,1.63494,0,0.602807,0.881924,0.149629,0,0,0,-17.3225
"MtrElec",9,25,18,"",3.14089,0,0,0,0.0264844,0,0.0330909,0,0,0.756867,0,0,0,0.846192,5.66093,0.153691,1.7879,0,0.372498,0.882049,0.251117,0,0,0,-7.62993
"MtrElec",9,25,19,"",12.1255,0,0,0,0,0,0.0330909,0,0,0.756867,0,0,0,1.61546,6.15722,0.203537,1.89557,1.71125,0.372551,0,0.234203,0,0,0,-0.854278
"MtrElec",9,25,20,"",12.5415,0,0,0,0,0,0.0330909,0,0,0.756867,0,0,0,2.2501,6.48616,0.269998,1.855,0.762762,0,0,0.12751,0,0,0,0
"MtrElec",9,25,21,"",11.9554,0,0,0,0,0,0.0330909,0,0,0.756867,0,0,0,2.17317,6.76796,0.377997,1.79166,0,0,0,0.0546473,0,0,0,0
"MtrElec",9,25,22,"",11.5654,0,0,0,0,0,0.0330909,0,0,0.756867,0,0,0,1.84624,6.73641,0.43615,1.73062,0,0,0,0.0260225,0,0,0,0
"MtrElec",9,25,23,"",10.0176,0,0,0,0,0,0.0330909,0,0,0.756867,0,0,0,1.21159,5.98957,0.377997,1.63283,0,0,0,0.0156135,0,0,0,0
"MtrElec",9,25,24,"",8.50156,0,0,0,0,0,0.0330909,0,0,0.756867,0,0,0,0.750034,5.13203,0.26169,1.55484,0,0,0,0.0130113,0,0,0,0
"MtrElec",9,26,1,"",7.08927,0,0,0,0,0,0.0330909,0,0,0.756867,0,0,0,0.442328,4.13522,0.191075,1.52418,0,0,0,0.00650563,0,0,0,0
"MtrElec",9,26,2,"",6.59966,0,0,0,0,0,0.0330909,0,0,0.756867,0,0,0,0.365401,3.79609,0.191075,1.45192,0,0,0,0.0052045,0,0,0,0
"MtrElec",9,26,3,"",7.2642,0,0,0,0,0,0.0330909,0,0,0.756867,0,0,0,0.288475,3.58987,0.186921,1.42782,0.977253,0,0,0.00390338,0,0,0,0
"MtrElec",9,26,4,"",7.27087,0,0,0,0,0,0.0330909,0,0,0.756867,0,0,0,0.326938,3.57939,0.186921,1.39662,0.987138,0,0,0.00390338,0,0,0,0
"MtrElec",9,26,5,"",6.67854,0,0,0,0,0,0.0330909,0,0,0.756867,0,0,0,0.403864,3.40381,0.191075,1.37513,0.510808,0,0,0.00390338,0,0,0,0
"MtrElec",9,26,6,"",6.62386,0,0,0,0,0,0.0330909,0,0,0.756867,0,0,0,0.596181,3.67,0.186921,1.37428,0,0,0,0.00650563,0,0,0,0
"MtrElec",9,26,7,"",7.32459,0,0,0,0,0,0.0330909,0,0,0.756867,0,0,0,0.807729,4.09899,0.182768,1.43214,0,0,0,0.0130113,0,0,0,0
"MtrElec",9,26,8,"",6.28281,0,0,0,0,0,0.0330909,0,0,0.756867,0,0,0,0.788497,4.41454,0.170306,1.51844,1.15916,0,0,0.0351304,0,0,0,-2.59322
"MtrElec",9,26,9,"",4.88789,0,0,0,0,0,0.0330909,0,0,0.756867,0,0,0,0.653876,4.20564,0.149537,1.63167,1.31639,0,0,0.062454,0,0,0,-3.92164
"MtrElec",9,26,10,"",-3.70551,0,0,0,0.0264844,0,0.0330909,0,0,0.756867,0,0,0,0.557717,4.08851,0.124614,1.63148,0,0,0,0.062454,0,0,0,-10.9867
"MtrElec",9,26,11,"",-15.198,0,0,0,0.0264844,0,0.0330909,0,0,0.756867,0,0,0,0.519254,4.15186,0.0996915,1.59354,0,0,0.882176,0.0598518,0,0,0,-23.3208
"MtrElec",9,26,12,"",-23.6945,0,0,0,0.0264844,0,0.0330909,0,0,0.756867,0,0,0,0.480791,4.07969,0.066461,1.62261,1.15919,0.372605,0,0.0715619,0,0,0,-32.3638
"MtrElec",9,26,13,"",-27.3822,0,0,0,0.0264844,0,0.0330909,0,0,0.756867,0,0,0,0.403864,4.05126,0.0498457,1.65706,1.31657,0,0,0.0819709,0,0,0,-35.7592
"MtrElec",9,26,14,"",-28.0059,0,0,0,0.0264844,0,0.0330909,0,0,0.756867,0,0,0,0.403864,4.17368,0.0456919,1.67587,0,0,0,0.0767664,0,0,0,-35.1982
"MtrElec",9,26,15,"",-24.5602,0,0,0,0.0264844,0,0.0330909,0,0,0.756867,0,0,0,0.403864,4.37168,0.0456919,1.65793,0,0,0.287418,0.0806698,0,0,0,-32.2239
"MtrElec",9,26,16,"",-17.919,0,0,0,0.0264844,0,0.0330909,0,0,0.756867,0,0,0,0.500022,4.5944,0.0498457,1.66285,0,0.121397,0.5946,0.0884765,0,0,0,-26.3471
"MtrElec",9,26,17,"",-8.30014,0,0,0,0.0264844,0,0.0330909,0,0,0.756867,0,0,0,0.596181,5.12223,0.0789224,1.67192,0,0.251141,0.882238,0.118402,0,0,0,-17.8376
"MtrElec",9,26,18,"",2.09213,0,0,0,0.0264844,0,0.0330909,0,0,0.756867,0,0,0,0.846192,5.73164,0.157845,1.75201,0,0.372631,0,0.180856,0,0,0,-7.76549
"MtrElec",9,26,19,"",9.95557,0,0,0,0,0,0.0330909,0,0,0.756867,0,0,0,1.61546,6.14558,0.199383,1.83236,0,0,0,0.167845,0,0,0,-0.795013
"MtrElec",9,26,20,"",11.5811,0,0,0,0,0,0.0330909,0,0,0.756867,0,0,0,2.2501,6.39072,0.249229,1.80744,0,0,0,0.093681,0,0,0,0
"MtrElec",9,26,21,"",13.0878,0,0,0,0,0,0.0330909,0,0,0.756867,0,0,0,2.17317,6.62537,0.344766,1.77213,1.34073,0,0,0.041636,0,0,0,0
"MtrElec",9,26,22,"",12.4737,0,0,0,0,0,0.0330909,0,0,0.756867,0,0,0,1.84624,6.58074,0.407073,1.69815,1.13329,0,0,0.0182158,0,0,0,0
"MtrElec",9,26,23,"",10.7564,0,0,0,0,0,0.0330909,0,0,0.756867,0,0,0,1.21159,5.90577,0.353074,1.60221,0,0,0.882053,0.0117101,0,0,0,0
"MtrElec",9,26,24,"",8.75813,0,0,0,0,0,0.0330909,0,0,0.756867,0,0,0,0.750034,5.02993,0.245075,1.56407,0,0.372553,0,0.00650563,0,0,0,0
"MtrElec",9,27,1,"",7.0486,0,0,0,0,0,0.0330909,0,0,0.756867,0,0,0,0.442328,4.13522,0.191075,1.48351,0,0,0,0.00650563,0,0,0,0
"MtrElec",9,27,2,"",6.56315,0,0,0,0,0,0.0330909,0,0,0.756867,0,0,0,0.365401,3.79609,0.191075,1.41541,0,0,0,0.0052045,0,0,0,0
"MtrElec",9,27,3,"",7.7163,0,0,0,0,0,0.0330909,0,0,0.756867,0,0,0,0.288475,3.58987,0.186921,1.39106,1.46611,0,0,0.00390338,0,0,0,0
"MtrElec",9,27,4,"",7.25625,0,0,0,0,0,0.0330909,0,0,0.756867,0,0,0,0.326938,3.57939,0.186921,1.35977,1.00937,0,0,0.00390338,0,0,0,0
"MtrElec",9,27,5,"",6.12524,0,0,0,0,0,0.0330909,0,0,0.756867,0,0,0,0.403864,3.40381,0.191075,1.33263,0,0,0,0.00390338,0,0,0,0
"MtrElec",9,27,6,"",6.57866,0,0,0,0,0,0.0330909,0,0,0.756867,0,0,0,0.596181,3.67,0.186921,1.32909,0,0,0,0.00650563,0,0,0,0
"MtrElec",9,27,7,"",7.7741,0,0,0,0,0,0.0330909,0,0,0.756867,0,0,0,0.807729,4.09899,0.182768,1.37784,0,0,0.503799,0.0130113,0,0,0,0
"MtrElec",9,27,8,"",4.85103,0,0,0,0,0,0.0330909,0,0,0.756867,0,0,0,0.788497,4.41454,0.170306,1.46817,0,0.21279,0.768643,0.0351304,0,0,0,-3.79701
"MtrElec",9,27,9,"",3.08527,0,0,0,0.0264844,0,0.0330909,0,0,0.756867,0,0,0,0.653876,4.20564,0.149537,1.60055,0,0.324652,0.491988,0.062454,0,0,0,-5.21988
"MtrElec",9,27,10,"",-12.0628,0,0,0,0.0264844,0,0.0330909,0,0,0.756867,0,0,0,0.557717,4.08851,0.124614,1.59305,0,0.207801,0.882173,0.062454,0,0,0,-20.3955
"MtrElec",9,27,11,"",-21.1358,0,0,0,0.0264844,0,0.0330909,0,0,0.756867,0,0,0,0.519254,4.15186,0.0996915,1.56567,0,0.372603,0.574555,0.0598518,0,0,0,-29.2957
"MtrElec",9,27,12,"",-26.5932,0,0,0,0.0264844,0,0.0330909,0,0,0.756867,0,0,0,0.480791,4.07969,0.066461,1.60541,0,0.242675,0.307569,0.0715619,0,0,0,-34.2638
"MtrElec",9,27,13,"",-29.2825,0,0,0,0.0264844,0,0.0330909,0,0,0.756867,0,0,0,0.403864,4.05126,0.0498457,1.63995,0,0.129908,0,0.0819709,0,0,0,-36.4558
"MtrElec",9,27,14,"",-28.7797,0,0,0,0.0264844,0,0.0330909,0,0,0.756867,0,0,0,0.403864,4.17368,0.0456919,1.6576,0,0,0,0.0767664,0,0,0,-35.9538
"MtrElec",9,27,15,"",-24.2572,0,0,0,0.0264844,0,0.0330909,0,0,0.756867,0,0,0,0.403864,4.37168,0.0456919,1.63899,0,0,0.882055,0.0806698,0,0,0,-32.4966
"MtrElec",9,27,16,"",-18.2078,0,0,0,0.0264844,0,0.0330909,0,0,0.756867,0,0,0,0.500022,4.5944,0.0498457,1.65055,0,0.372554,0,0.0884765,0,0,0,-26.2801
"MtrElec",9,27,17,"",-9.38923,0,0,0,0.0264844,0,0.0330909,0,0,0.756867,0,0,0,0.596181,5.12223,0.0789224,1.66053,0,0,0,0.118402,0,0,0,-17.7819
"MtrElec",9,27,18,"",2.61816,0,0,0,0.0264844,0,0.0330909,0,0,0.756867,0,0,0,0.846192,5.73164,0.157845,1.74331,0,0,0.882206,0.180856,0,0,0,-7.74033
"MtrElec",9,27,19,"",10.7388,0,0,0,0,0,0.0330909,0,0,0.756867,0,0,0,1.61546,6.14558,0.199383,1.82788,0,0.372617,0.408911,0.167845,0,0,0,-0.788802
"MtrElec",9,27,20,"",12.2246,0,0,0,0,0,0.0330909,0,0,0.756867,0,0,0,2.2501,6.39072,0.249229,1.8051,0,0.172712,0.473138,0.093681,0,0,0,0
"MtrElec",9,27,21,"",11.9462,0,0,0,0,0,0.0330909,0,0,0.756867,0,0,0,2.17317,6.62537,0.344766,1.77148,0,0.199839,0,0.041636,0,0,0,0
"MtrElec",9,27,22,"",12.2219,0,0,0,0,0,0.0330909,0,0,0.756867,0,0,0,1.84624,6.58074,0.407073,1.69776,0,0,0.881966,0.0182158,0,0,0,0
"MtrElec",9,27,23,"",10.2491,0,0,0,0,0,0.0330909,0,0,0.756867,0,0,0,1.21159,5.90577,0.353074,1.60445,0,0.372516,0,0.0117101,0,0,0,0
"MtrElec",9,27,24,"",8.38848,0,0,0,0,0,0.0330909,0,0,0.756867,0,0,0,0.750034,5.02993,0.245075,1.56698,0,0,0,0.00650563,0,0,0,0
"MtrElec",9,28,1,"",7.00986,0,0,0,0,0,0.0330909,0,0,0.756867,0,0,0,0.442328,4.12214,0.191075,1.45786,0,0,0,0.00650563,0,0,0,0
"MtrElec",9,28,2,"",6.50728,0,0,0,0,0,0.0330909,0,0,0.756867,0,0,0,0.365401,3.7478,0.191075,1.40785,0,0,0,0.0052045,0,0,0,0
"MtrElec",9,28,3,"",6.24187,0,0,0,0,0,0.0330909,0,0,0.756867,0,0,0,0.288475,3.6018,0.191075,1.36535,0,0,0,0.0052045,0,0,0,0
"MtrElec",9,28,4,"",6.23326,0,0,0,0,0,0.0330909,0,0,0.756867,0,0,0,0.326938,3.57823,0.191075,1.34185,0,0,0,0.0052045,0,0,0,0
"MtrElec",9,28,5,"",6.12375,0,0,0,0,0,0.0330909,0,0,0.756867,0,0,0,0.403864,3.41574,0.191075,1.3179,0,0,0,0.0052045,0,0,0,0
"MtrElec",9,28,6,"",6.6209,0,0,0,0,0,0.0330909,0,0,0.756867,0,0,0,0.596181,3.68194,0.153691,1.38091,0,0,0,0.0182158,0,0,0,0
"MtrElec",9,28,7,"",8.33569,0,0,0,0,0,0.0330909,0,0,0.756867,0,0,0,0.807729,4.18134,0.145383,1.50432,0,0,0.882236,0.0247214,0,0,0,0
"MtrElec",9,28,8,"",6.10758,0,0,0,0,0,0.0330909,0,0,0.756867,0,0,0,0.788497,4.50998,0.14123,1.60258,0,0.37263,0.881945,0.0325281,0,0,0,-3.01177
"MtrElec",9,28,9,"",-4.50023,0,0,0,0.0264844,0,0.0330909,0,0,0.756867,0,0,0,0.653876,4.22776,0.137076,1.56139,1.26088,0.372507,0.881806,0.0338293,0,0,0,-14.4458
"MtrElec",9,28,10,"",-14.5298,0,0,0,0.0264844,0,0.0330909,0,0,0.756867,0,0,0,0.557717,4.00326,0.116307,1.47824,1.21459,0.372449,0,0.0286248,0,0,0,-23.1175
"MtrElec",9,28,11,"",-22.0373,0,0,0,0.0264844,0,0.0330909,0,0,0.756867,0,0,0,0.519254,4.04303,0.0913838,1.4553,0,0,0.881985,0.0273236,0,0,0,-29.872
"MtrElec",9,28,12,"",-25.4016,0,0,0,0.0264844,0,0.0330909,0,0,0.756867,0,0,0,0.480791,4.04303,0.0623072,1.47803,0,0.372524,0.882056,0.0377326,0,0,0,-33.5745
"MtrElec",9,28,13,"",-21.3073,0,0,0,0.0264844,0,0.0330909,0,0,0.756867,0,0,0,0.403864,4.06174,0.0498457,1.50405,0,0.372554,0.412509,0.0455394,0,0,0,-28.9739
"MtrElec",9,28,14,"",-20.5634,0,0,0,0.0264844,0,0.0330909,0,0,0.756867,0,0,0,0.403864,4.14895,0.0456919,1.48641,0,0.174231,0.469537,0.041636,0,0,0,-28.1501
"MtrElec",9,28,15,"",-13.2586,0,0,0,0.0264844,0,0.0330909,0,0,0.756867,0,0,0,0.403864,4.28932,0.0456919,1.48822,0,0.198319,0.43918,0.0442383,0,0,0,-20.9839
"MtrElec",9,28,16,"",-15.8092,0,0,0,0.0264844,0,0.0330909,0,0,0.756867,0,0,0,0.500022,4.40467,0.0498457,1.51442,1.26327,0.185496,0.442728,0.0676585,0,0,0,-25.0538
"MtrElec",9,28,17,"",-8.06993,0,0,0,0.0264844,0,0.0330909,0,0,0.756867,0,0,0,0.596181,4.94558,0.0789224,1.60032,1.21212,0.186995,0,0.149629,0,0,0,-17.6561
"MtrElec",9,28,18,"",2.38736,0,0,0,0.0264844,0,0.0330909,0,0,0.756867,0,0,0,0.846192,5.66093,0.153691,1.75712,0,0,0.463257,0.251117,0,0,0,-7.56139
"MtrElec",9,28,19,"",11.6832,0,0,0,0.0264844,0,0.0330909,0,0,0.756867,0,0,0,1.61546,6.15722,0.203537,1.87156,0,0.195666,1.30095,0.234203,0,0,0,-0.711806
"MtrElec",9,28,20,"",12.3115,0,0,0,0,0,0.0330909,0,0,0.756867,0,0,0,2.2501,6.48616,0.269998,1.8383,0,0.549482,0,0.12751,0,0,0,0
"MtrElec",9,28,21,"",12.4795,0,0,0,0,0,0.0330909,0,0,0.756867,0,0,0,2.17317,6.76796,0.377997,1.77364,0.54211,0,0,0.0546473,0,0,0,0
"MtrElec",9,28,22,"",15.7418,0,0,0,0,0,0.0330909,0,0,0.756867,0,0,0,1.84624,6.73641,0.43615,1.70805,3.3474,0,0.851616,0.0260225,0,0,0,0
"MtrElec",9,28,23,"",11.4452,0,0,0,0,0,0.0330909,0,0,0.756867,0,0,0,1.21159,5.98957,0.377997,1.61,1.06029,0.359697,0.0305102,0.0156135,0,0,0,0
"MtrElec",9,28,24,"",8.48694,0,0,0,0,0,0.0330909,0,0,0.756867,0,0,0,0.750034,5.13203,0.26169,1.52733,0,0.0128866,0,0.0130113,0,0,0,0
"MtrElec",9,29,1,"",7.03012,0,0,0,0,0,0.0330909,0,0,0.756867,0,0,0,0.442328,4.12214,0.191075,1.47812,0,0,0,0.00650563,0,0,0,0
"MtrElec",9,29,2,"",6.52467,0,0,0,0,0,0.0330909,0,0,0.756867,0,0,0,0.365401,3.7478,0.191075,1.42523,0,0,0,0.0052045,0,0,0,0
"MtrElec",9,29,3,"",6.2593,0,0,0,0,0,0.0330909,0,0,0.756867,0,0,0,0.288475,3.6018,0.191075,1.38278,0,0,0,0.0052045,0,0,0,0
"MtrElec",9,29,4,"",6.25002,0,0,0,0,0,0.0330909,0,0,0.756867,0,0,0,0.326938,3.57823,0.191075,1.35861,0,0,0,0.0052045,0,0,0,0
"MtrElec",9,29,5,"",6.1418,0,0,0,0,0,0.0330909,0,0,0.756867,0,0,0,0.403864,3.41574,0.191075,1.33595,0,0,0,0.0052045,0,0,0,0
"MtrElec",9,29,6,"",6.64168,0,0,0,0,0,0.0330909,0,0,0.756867,0,0,0,0.596181,3.68194,0.153691,1.4017,0,0,0,0.0182158,0,0,0,0
"MtrElec",9,29,7,"",7.46975,0,0,0,0,0,0.0330909,0,0,0.756867,0,0,0,0.807729,4.18134,0.145383,1.52061,0,0,0,0.0247214,0,0,0,0
"MtrElec",9,29,8,"",4.92321,0,0,0,0,0,0.0330909,0,0,0.756867,0,0,0,0.788497,4.50998,0.14123,1.6141,0,0,0.881945,0.0325281,0,0,0,-3.83502
"MtrElec",9,29,9,"",-3.0941,0,0,0,0.0264844,0,0.0330909,0,0,0.756867,0,0,0,0.653876,4.22776,0.137076,1.5747,1.3606,0.372507,0,0.0338293,0,0,0,-12.2709
"MtrElec",9,29,10,"",-13.2567,0,0,0,0.0264844,0,0.0330909,0,0,0.756867,0,0,0,0.557717,4.00326,0.116307,1.49527,1.11435,0,0,0.0286248,0,0,0,-21.3887
"MtrElec",9,29,11,"",-19.238,0,0,0,0.0264844,0,0.0330909,0,0,0.756867,0,0,0,0.519254,4.04303,0.0913838,1.46768,0,0,1.74375,0.0273236,0,0,0,-27.9469
"MtrElec",9,29,12,"",-22.2312,0,0,0,0.0264844,0,0.0330909,0,0,0.756867,0,0,0,0.480791,4.04303,0.0623072,1.48605,0,0.736506,0.902221,0.0377326,0,0,0,-30.7963
"MtrElec",9,29,13,"",-25.1395,0,0,0,0.0264844,0,0.0330909,0,0,0.756867,0,0,0,0.403864,4.06174,0.0498457,1.51371,0,0.381071,0,0.0455394,0,0,0,-32.4117
"MtrElec",9,29,14,"",-23.235,0,0,0,0.0264844,0,0.0330909,0,0,0.756867,0,0,0,0.403864,4.14895,0.0456919,1.49896,0,0,0.881958,0.041636,0,0,0,-31.0725
"MtrElec",9,29,15,"",-18.66,0,0,0,0.0264844,0,0.0330909,0,0,0.756867,0,0,0,0.403864,4.28932,0.0456919,1.49783,0,0.372513,0,0.0442383,0,0,0,-26.1299
"MtrElec",9,29,16,"",-13.941,0,0,0,0.0264844,0,0.0330909,0,0,0.756867,0,0,0,0.500022,4.40467,0.0498457,1.52471,0,0,0,0.0676585,0,0,0,-21.3043
"MtrElec",9,29,17,"",-6.25696,0,0,0,0.0264844,0,0.0330909,0,0,0.756867,0,0,0,0.596181,4.94558,0.0789224,1.60928,0.530617,0,0,0.149629,0,0,0,-14.9836
"MtrElec",9,29,18,"",6.32606,0,0,0,0.0264844,0,0.0330909,0,0,0.756867,0,0,0,0.846192,5.66093,0.153691,1.76048,1.9438,0,0,0.251117,0,0,0,-5.1066
"MtrElec",9,29,19,"",12.1647,0,0,0,0,0,0.0330909,0,0,0.756867,0,0,0,1.61546,6.15722,0.203537,1.87048,1.71125,0,0,0.234203,0,0,0,-0.4174
"MtrElec",9,29,20,"",12.5203,0,0,0,0,0,0.0330909,0,0,0.756867,0,0,0,2.2501,6.48616,0.269998,1.83386,0.762762,0,0,0.12751,0,0,0,0
"MtrElec",9,29,21,"",11.9315,0,0,0,0,0,0.0330909,0,0,0.756867,0,0,0,2.17317,6.76796,0.377997,1.76781,0,0,0,0.0546473,0,0,0,0
"MtrElec",9,29,22,"",11.5384,0,0,0,0,0,0.0330909,0,0,0.756867,0,0,0,1.84624,6.73641,0.43615,1.7036,0,0,0,0.0260225,0,0,0,0
"MtrElec",9,29,23,"",10.2135,0,0,0,0,0,0.0330909,0,0,0.756867,0,0,0,1.21159,5.98957,0.377997,1.60371,0,0,0.225027,0.0156135,0,0,0,0
"MtrElec",9,29,24,"",9.21626,0,0,0,0,0,0.0330909,0,0,0.756867,0,0,0,0.750034,5.13203,0.26169,1.51762,0,0.0950445,0.656879,0.0130113,0,0,0,0
"MtrElec",9,30,1,"",7.30172,0,0,0,0,0,0.0330909,0,0,0.756867,0,0,0,0.442328,4.12214,0.191075,1.47228,0,0.277446,0,0.00650563,0,0,0,0
"MtrElec",9,30,2,"",6.52214,0,0,0,0,0,0.0330909,0,0,0.756867,0,0,0,0.365401,3.7478,0.191075,1.42271,0,0,0,0.0052045,0,0,0,0
"MtrElec",9,30,3,"",6.25752,0,0,0,0,0,0.0330909,0,0,0.756867,0,0,0,0.288475,3.6018,0.191075,1.38101,0,0,0,0.0052045,0,0,0,0
"MtrElec",9,30,4,"",6.24862,0,0,0,0,0,0.0330909,0,0,0.756867,0,0,0,0.326938,3.57823,0.191075,1.35721,0,0,0,0.0052045,0,0,0,0
"MtrElec",9,30,5,"",6.14104,0,0,0,0,0,0.0330909,0,0,0.756867,0,0,0,0.403864,3.41574,0.191075,1.33519,0,0,0,0.0052045,0,0,0,0
"MtrElec",9,30,6,"",6.64183,0,0,0,0,0,0.0330909,0,0,0.756867,0,0,0,0.596181,3.68194,0.153691,1.40184,0,0,0,0.0182158,0,0,0,0
"MtrElec",9,30,7,"",7.47062,0,0,0,0,0,0.0330909,0,0,0.756867,0,0,0,0.807729,4.18134,0.145383,1.52148,0,0,0,0.0247214,0,0,0,0
"MtrElec",9,30,8,"",3.57643,0,0,0,0,0,0.0330909,0,0,0.756867,0,0,0,0.788497,4.50998,0.14123,1.61473,0,0,0,0.0325281,0,0,0,-4.3005
"MtrElec",9,30,9,"",-3.86144,0,0,0,0.0264844,0,0.0330909,0,0,0.756867,0,0,0,0.653876,4.22776,0.137076,1.57514,0,0,0,0.0338293,0,0,0,-11.3056
"MtrElec",9,30,10,"",-8.85187,0,0,0,0.0264844,0,0.0330909,0,0,0.756867,0,0,0,0.557717,4.00326,0.116307,1.49223,0.484958,0,0,0.0286248,0,0,0,-16.3514
"MtrElec",9,30,11,"",-14.6766,0,0,0,0.0264844,0,0.0330909,0,0,0.756867,0,0,0,0.519254,4.04303,0.0913838,1.45884,1.69357,0,0,0.0273236,0,0,0,-23.3265
"MtrElec",9,30,12,"",-18.5848,0,0,0,0.0264844,0,0.0330909,0,0,0.756867,0,0,0,0.480791,4.04303,0.0623072,1.47998,0.296245,0,1.13935,0.0377326,0,0,0,-26.9407
"MtrElec",9,30,13,"",-18.4894,0,0,0,0.0264844,0,0.0330909,0,0,0.756867,0,0,0,0.403864,4.06174,0.0498457,1.5126,0,0.481228,0.624927,0.0455394,0,0,0,-26.4856
"MtrElec",9,30,14,"",-16.8586,0,0,0,0.0264844,0,0.0330909,0,0,0.756867,0,0,0,0.403864,4.14895,0.0456919,1.5021,0,0.263951,0,0.041636,0,0,0,-24.0812
"MtrElec",9,30,15,"",-11.0484,0,0,0,0.0264844,0,0.0330909,0,0,0.756867,0,0,0,0.403864,4.28932,0.0456919,1.4999,0,0,0,0.0442383,0,0,0,-18.1478
"MtrElec",9,30,16,"",-4.22801,0,0,0,0.0264844,0,0.0330909,0,0,0.756867,0,0,0,0.500022,4.40467,0.0498457,1.52292,0,0,0.882163,0.0676585,0,0,0,-12.4717
"MtrElec",9,30,17,"",-0.580209,0,0,0,0.0264844,0,0.0330909,0,0,0.756867,0,0,0,0.596181,4.94558,0.0789224,1.60124,0,0.372599,0.881924,0.149629,0,0,0,-10.0227
"MtrElec",9,30,18,"",6.5527,0,0,0,0.0264844,0,0.0330909,0,0,0.756867,0,0,0,0.846192,5.66093,0.153691,1.74681,0,0.372498,0.882049,0.251117,0,0,0,-4.17702
"MtrElec",9,30,19,"",11.0546,0,0,0,0,0,0.0330909,0,0,0.756867,0,0,0,1.61546,6.15722,0.203537,1.85628,0,0.372551,0,0.234203,0,0,0,-0.174606
"MtrElec",9,30,20,"",13.1044,0,0,0,0,0,0.0330909,0,0,0.756867,0,0,0,2.2501,6.48616,0.269998,1.82159,1.35903,0,0,0.12751,0,0,0,0
"MtrElec",9,30,21,"",13.0315,0,0,0,0,0,0.0330909,0,0,0.756867,0,0,0,2.17317,6.76796,0.377997,1.75131,1.1165,0,0,0.0546473,0,0,0,0
"MtrElec",9,30,22,"",13.2835,0,0,0,0,0,0.0330909,0,0,0.756867,0,0,0,1.84624,6.73641,0.43615,1.68435,0,0,1.7644,0.0260225,0,0,0,0
"MtrElec",9,30,23,"",10.7163,0,0,0,0,0,0.0330909,0,0,0.756867,0,0,0,1.21159,5.98957,0.377997,1.58634,0,0.745228,0,0.0156135,0,0,0,0
"MtrElec",9,30,24,"",8.44701,0,0,0,0,0,0.0330909,0,0,0.756867,0,0,0,0.750034,5.13203,0.26169,1.50029,0,0,0,0.0130113,0,0,0,0
"MtrElec",10,1,1,"",7.32822,0,0,0,0,0,0.0330909,0,0,0.756867,0,0,0,0.482949,4.38225,0.208623,1.45795,0,0,0,0.00648448,0,0,0,0
"MtrElec",10,1,2,"",6.8093,0,0,0,0,0,0.0330909,0,0,0.756867,0,0,0,0.398958,3.99586,0.208623,1.41071,0,0,0,0.00518759,0,0,0,0
"MtrElec",10,1,3,"",6.53354,0,0,0,0,0,0.0330909,0,0,0.756867,0,0,0,0.314967,3.8439,0.208623,1.3709,0,0,0,0.00518759,0,0,0,0
"MtrElec",10,1,4,"",6.53105,0,0,0,0,0,0.0330909,0,0,0.756867,0,0,0,0.356963,3.82033,0.208623,1.34998,0,0,0,0.00518759,0,0,0,0
"MtrElec",10,1,5,"",6.42024,0,0,0,0,0,0.0330909,0,0,0.756867,0,0,0,0.440954,3.64603,0.208623,1.32948,0,0,0,0.00518759,0,0,0,0
"MtrElec",10,1,6,"",6.96014,0,0,0,0,0,0.0330909,0,0,0.756867,0,0,0,0.650932,3.93573,0.167805,1.39755,0,0,0,0.0181566,0,0,0,0
"MtrElec",10,1,7,"",7.84587,0,0,0,0,0,0.0330909,0,0,0.756867,0,0,0,0.881908,4.47044,0.158735,1.52019,0,0,0,0.024641,0,0,0,0
"MtrElec",10,1,8,"",4.13061,0,0,0,0,0,0.0330909,0,0,0.756867,0,0,0,0.86091,4.812,0.1542,1.61921,0,0,0,0.0324224,0,0,0,-4.13809
"MtrElec",10,1,9,"",-5.19239,0,0,0,0.0264844,0,0.0330909,0,0,0.756867,0,0,0,0.713925,4.48825,0.149664,1.58457,0,0,0,0.0337193,0,0,0,-12.979
"MtrElec",10,1,10,"",-12.5688,0,0,0,0.0264844,0,0.0330909,0,0,0.756867,0,0,0,0.608936,4.235,0.126988,1.51225,0,0,0.882232,0.0285317,0,0,0,-20.7792
"MtrElec",10,1,11,"",-19.9408,0,0,0,0.0264844,0,0.0330909,0,0,0.756867,0,0,0,0.566941,4.28086,0.0997762,1.49136,0,0.372628,0,0.0272348,0,0,0,-27.596
"MtrElec",10,1,12,"",-24.9918,0,0,0,0.0264844,0,0.0330909,0,0,0.756867,0,0,0,0.524945,4.28086,0.0680293,1.51764,0,0,0.257295,0.03761,0,0,0,-32.4946
"MtrElec",10,1,13,"",-26.3511,0,0,0,0.0264844,0,0.0330909,0,0,0.756867,0,0,0,0.440954,4.29385,0.0544234,1.54374,0,0.108674,0.910902,0.0453914,0,0,0,-34.5655
"MtrElec",10,1,14,"",-24.7573,0,0,0,0.0264844,0,0.0330909,0,0,0.756867,0,0,0,0.440954,4.38691,0.0498881,1.5345,0,0.384738,1.47826,0.0415007,0,0,0,-33.8905
"MtrElec",10,1,15,"",-22.2871,0,0,0,0.0264844,0,0.0330909,0,0,0.756867,0,0,0,0.440954,4.53995,0.0498881,1.53028,0,0.624373,0,0.0440945,0,0,0,-30.3331
"MtrElec",10,1,16,"",-16.1908,0,0,0,0.0264844,0,0.0330909,0,0,0.756867,0,0,0,0.545943,4.66711,0.0544234,1.56414,0,0,0,0.0674386,0,0,0,-23.9063
"MtrElec",10,1,17,"",-4.21951,2.3387,0,0,0.0264844,0,0.0330909,0.570094,0,0.756867,0,0,0,0.650932,5.25005,0.0861704,1.6691,0,0,0,0.149143,0,0,0,-15.7501
"MtrElec",10,1,18,"",14.5939,8.85776,0,0,0.0264844,0,0.0330909,2.24085,0,0.756867,0,0,0,0.923903,6.0191,0.167805,1.83018,0,0,0,0.250301,0,0,0,-6.51247
"MtrElec",10,1,19,"",22.6991,7.84688,0,0,0,0,0.0330909,2.03387,0,0.756867,0,0,0,1.76382,6.54559,0.222229,1.92838,1.71125,0,0,0.233441,0,0,0,-0.376284
"MtrElec",10,1,20,"",23.238,6.88058,0,0,0,0,0.0330909,1.80093,0,0.756867,0,0,0,2.45674,6.88721,0.294793,1.87885,2.1218,0,0,0.127096,0,0,0,0
"MtrElec",10,1,21,"",20.6578,5.44498,0,0,0,0,0.0330909,1.46188,0,0.756867,0,0,0,2.37275,7.18169,0.412711,1.82287,1.1165,0,0,0.0544696,0,0,0,0
"MtrElec",10,1,22,"",17.2201,3.79221,0,0,0,0,0.0330909,1.05061,0,0.756867,0,0,0,2.01579,7.13932,0.476205,1.76826,0,0,0.161806,0.0259379,0,0,0,0
"MtrElec",10,1,23,"",14.422,2.62378,0,0,0,0,0.0330909,0.744883,0,0.756867,0,0,0,1.32286,6.34326,0.412711,1.67507,0,0.0683418,0.425533,0.0155628,0,0,0,0
"MtrElec",10,1,24,"",11.9701,1.96384,0,0,0,0,0.0330909,0.56653,0,0.756867,0,0,0,0.818914,5.44445,0.285723,1.6131,0,0.179732,0.294889,0.012969,0,0,0,0
"MtrElec",10,2,1,"",9.20501,1.28411,0,0,0,0,0.0330909,0.375622,0,0.756867,0,0,0,0.482949,4.38225,0.208623,1.55046,0,0.124552,0,0.00648448,0,0,0,0
"MtrElec",10,2,2,"",7.8973,0.780914,0,0,0,0,0.0330909,0.231568,0,0.756867,0,0,0,0.398958,3.99586,0.208623,1.48623,0,0,0,0.00518759,0,0,0,0
"MtrElec",10,2,3,"",7.18564,0.443932,0,0,0,0,0.0330909,0.133366,0,0.756867,0,0,0,0.314967,3.8439,0.208623,1.4457,0,0,0,0.00518759,0,0,0,0
"MtrElec",10,2,4,"",6.78716,0.141525,0,0,0,0,0.0330909,0.0429828,0,0.756867,0,0,0,0.356963,3.82033,0.208623,1.42159,0,0,0,0.00518759,0,0,0,0
"MtrElec",10,2,5,"",6.49852,0,0,0,0,0,0.0330909,0,0,0.756867,0,0,0,0.440954,3.64603,0.208623,1.40776,0,0,0,0.00518759,0,0,0,0
"MtrElec",10,2,6,"",7.0519,0,0,0,0,0,0.0330909,0,0,0.756867,0,0,0,0.650932,3.93573,0.167805,1.48932,0,0,0,0.0181566,0,0,0,0
"MtrElec",10,2,7,"",7.91876,0,0,0,0,0,0.0330909,0,0,0.756867,0,0,0,0.881908,4.47044,0.158735,1.59308,0,0,0,0.024641,0,0,0,0
"MtrElec",10,2,8,"",4.16362,0,0,0,0.0264844,0,0.0330909,0,0,0.756867,0,0,0,0.86091,4.812,0.1542,1.67278,0,0,0,0.0324224,0,0,0,-4.18514
"MtrElec",10,2,9,"",-4.61616,0,0,0,0.0264844,0,0.0330909,0,0,0.756867,0,0,0,0.713925,4.48825,0.149664,1.64471,0,0,0.628229,0.0337193,0,0,0,-13.0911
"MtrElec",10,2,10,"",-12.5023,0,0,0,0.0264844,0,0.0330909,0,0,0.756867,0,0,0,0.608936,4.235,0.126988,1.58805,0.484958,0.265345,0.730632,0.0285317,0,0,0,-21.3872
"MtrElec",10,2,11,"",-17.3337,0,0,0,0.0264844,0,0.0330909,0,0,0.756867,0,0,0,0.566941,4.28086,0.0997762,1.56515,1.69357,0.308597,0.405362,0.0272348,0,0,0,-27.0977
"MtrElec",10,2,12,"",-23.4201,0,0,0,0.0264844,0,0.0330909,0,0,0.756867,0,0,0,0.524945,4.28086,0.0680293,1.58836,0.296245,0.171213,0,0.03761,0,0,0,-31.2038
"MtrElec",10,2,13,"",-26.2104,0,0,0,0.0264844,0,0.0330909,0,0,0.756867,0,0,0,0.440954,4.29385,0.0544234,1.60424,0,0,0,0.0453914,0,0,0,-33.4657
"MtrElec",10,2,14,"",-25.3274,0,0,0,0.0264844,0,0.0330909,0,0,0.756867,0,0,0,0.440954,4.38691,0.0498881,1.59878,0,0,0,0.0415007,0,0,0,-32.6618
"MtrElec",10,2,15,"",-21.2296,0,0,0,0.0264844,0,0.0330909,0,0,0.756867,0,0,0,0.440954,4.53995,0.0498881,1.581,0,0,0.336868,0.0440945,0,0,0,-29.0388
"MtrElec",10,2,16,"",-2.91079,8.96135,0,0,0.0264844,0,0.0330909,2.20511,0,0.756867,0,0,0,0.545943,4.66711,0.0544234,1.61928,0,0.142283,1.4272,0.0674386,0,0,0,-23.4174
"MtrElec",10,2,17,"",10.3408,12.5641,0,0,0.0264844,0,0.0330909,3.14312,0,0.756867,0,0,0,0.650932,5.25005,0.0861704,1.72852,0,0.602807,0.881924,0.149143,0,0,0,-15.5324
"MtrElec",10,2,18,"",22.9599,14.336,0,0,0.0264844,0,0.0330909,3.58538,0,0.756867,0,0,0,0.923903,6.0191,0.167805,1.87299,0,0.372498,0.882049,0.250301,0,0,0,-6.2665
"MtrElec",10,2,19,"",29.2908,14.1544,0,0,0,0,0.0330909,3.58538,0,0.756867,0,0,0,1.76382,6.54559,0.222229,1.96308,0,0.372551,0,0.233441,0,0,0,-0.339684
"MtrElec",10,2,20,"",29.8205,13.7765,0,0,0,0,0.0330909,3.58538,0,0.756867,0,0,0,2.45674,6.88721,0.294793,1.90285,0,0,0,0.127096,0,0,0,0
"MtrElec",10,2,21,"",27.902,12.0083,0,0,0,0,0.0330909,3.24003,0,0.756867,0,0,0,2.37275,7.18169,0.412711,1.84205,0,0,0,0.0544696,0,0,0,0
"MtrElec",10,2,22,"",26.6014,10.2377,0,0,0,0,0.0330909,2.86697,0,0.756867,0,0,0,2.01579,7.13932,0.476205,1.78035,1.26921,0,0,0.0259379,0,0,0,0
"MtrElec",10,2,23,"",20.4218,6.72775,0,0,0,0,0.0330909,1.92357,0,0.756867,0,0,0,1.32286,6.34326,0.412711,1.67982,1.20634,0,0,0.0155628,0,0,0,0
"MtrElec",10,2,24,"",13.6093,3.60324,0,0,0,0,0.0330909,1.0408,0,0.756867,0,0,0,0.818914,5.44445,0.285723,1.6132,0,0,0,0.012969,0,0,0,0
"MtrElec",10,3,1,"",10.2258,2.14724,0,0,0,0,0.0330909,0.62708,0,0.756867,0,0,0,0.482949,4.39633,0.208623,1.56711,0,0,0,0.00648448,0,0,0,0
"MtrElec",10,3,2,"",8.83404,1.46569,0,0,0,0,0.0330909,0.430019,0,0.756867,0,0,0,0.398958,4.04527,0.208623,1.49034,0,0,0,0.00518759,0,0,0,0
"MtrElec",10,3,3,"",7.78553,0.907145,0,0,0,0,0.0330909,0.267071,0,0.756867,0,0,0,0.314967,3.83209,0.204088,1.46632,0,0,0,0.00389069,0,0,0,0
"MtrElec",10,3,4,"",7.18279,0.440717,0,0,0,0,0.0330909,0.130065,0,0.756867,0,0,0,0.356963,3.82259,0.204088,1.43451,0,0,0,0.00389069,0,0,0,0
"MtrElec",10,3,5,"",6.55626,0.0471174,0,0,0,0,0.0330909,0.0139253,0,0.756867,0,0,0,0.440954,3.63422,0.208623,1.41757,0,0,0,0.00389069,0,0,0,0
"MtrElec",10,3,6,"",6.99321,0,0,0,0,0,0.0330909,0,0,0.756867,0,0,0,0.650932,3.92392,0.204088,1.41783,0,0,0,0.00648448,0,0,0,0
"MtrElec",10,3,7,"",8.25811,0,0,0,0,0,0.0330909,0,0,0.756867,0,0,0,0.881908,4.38796,0.199552,1.48196,0,0,0.503799,0.012969,0,0,0,0
"MtrElec",10,3,8,"",4.83737,0,0,0,0,0,0.0330909,0,0,0.756867,0,0,0,0.86091,4.71545,0.185947,1.56695,0,0.21279,0.768643,0.0350162,0,0,0,-4.2983
"MtrElec",10,3,9,"",2.5679,0,0,0,0.0264844,0,0.0330909,0,0,0.756867,0,0,0,0.713925,4.46699,0.16327,1.66553,0,0.324652,0.969334,0.062251,0,0,0,-6.6145
"MtrElec",10,3,10,"",-10.3563,0,0,0,0.0264844,0,0.0330909,0,0,0.756867,0,0,0,0.608936,4.32211,0.136059,1.68203,0,0.409418,1.16274,0.062251,0,0,0,-19.5563
"MtrElec",10,3,11,"",-18.0175,0,0,0,0.0264844,0,0.0330909,0,0,0.756867,0,0,0,0.566941,4.39154,0.108847,1.65214,0,0.491106,1.55749,0.0596572,0,0,0,-27.6617
"MtrElec",10,3,12,"",-20.2594,0,0,0,0.0264844,0,0.0330909,0,0,0.756867,0,0,0,0.524945,4.31851,0.0725645,1.69874,2.47476,0.657838,1.21295,0.0713293,0,0,0,-32.1075
"MtrElec",10,3,13,"",-25.0082,0,0,0,0.0264844,0,0.0330909,0,0,0.756867,0,0,0,0.440954,4.28436,0.0544234,1.74602,0.752665,0.512315,0.295645,0.0817045,0,0,0,-33.9927
"MtrElec",10,3,14,"",-23.6765,0,0,0,0.0264844,0,0.0330909,0,0,0.756867,0,0,0,0.440954,4.41274,0.0498881,1.76904,1.7221,0.124872,0.586333,0.0765169,0,0,0,-33.6754
"MtrElec",10,3,15,"",-22.5745,0,0,0,0.0264844,0,0.0330909,0,0,0.756867,0,0,0,0.440954,4.62243,0.0498881,1.75565,0,0.24765,0,0.0804076,0,0,0,-30.5879
"MtrElec",10,3,16,"",-15.9994,0,0,0,0.0264844,0,0.0330909,0,0,0.756867,0,0,0,0.545943,4.85794,0.0544234,1.73746,0,0,0.410019,0.088189,0,0,0,-24.5098
"MtrElec",10,3,17,"",3.46884,8.0499,0,0,0.0264844,0,0.0330909,2.19691,0,0.756867,0,0,0,0.650932,5.42681,0.0861704,1.78224,0,0.17318,0.472187,0.118018,0,0,0,-16.304
"MtrElec",10,3,18,"",21.0422,12.1666,0,0,0.0264844,0,0.0330909,3.41555,0,0.756867,0,0,0,0.923903,6.08981,0.172341,1.84669,0,0.199438,0,0.180269,0,0,0,-4.76877
"MtrElec",10,3,19,"",22.1933,8.48208,0,0,0,0,0.0330909,2.46286,0,0.756867,0,0,0,1.76382,6.53384,0.217694,1.88505,0,0,0,0.1673,0,0,0,-0.109347
"MtrElec",10,3,20,"",20.6554,5.51836,0,0,0,0,0.0330909,1.63079,0,0.756867,0,0,0,2.45674,6.79066,0.272117,1.85937,0,0,1.24403,0.0933765,0,0,0,0
"MtrElec",10,3,21,"",15.8929,1.84055,0,0,0,0,0.0330909,0.553884,0,0.756867,0,0,0,2.37275,7.03799,0.376429,1.8343,0,0.525441,0.520064,0.0415007,0,0,0,0
"MtrElec",10,3,22,"",12.2307,0,0,0,0,0,0.0330909,0,0,0.756867,0,0,0,2.01579,6.98155,0.444458,1.76111,0,0.219659,0,0.0181566,0,0,0,0
"MtrElec",10,3,23,"",10.4519,0,0,0,0,0,0.0330909,0,0,0.756867,0,0,0,1.32286,6.25847,0.385499,1.68345,0,0,0,0.0116721,0,0,0,0
"MtrElec",10,3,24,"",8.83314,0,0,0,0,0,0.0330909,0,0,0.756867,0,0,0,0.818914,5.33642,0.267582,1.61377,0,0,0,0.00648448,0,0,0,0
"MtrElec",10,4,1,"",8.96465,0,0,0,0,0,0.0330909,0,0,0.756867,0,0,0,0.482949,4.39633,0.208623,1.54868,1.53163,0,0,0.00648448,0,0,0,0
"MtrElec",10,4,2,"",7.8672,0,0,0,0,0,0.0330909,0,0,0.756867,0,0,0,0.398958,4.04527,0.208623,1.47577,0.94343,0,0,0.00518759,0,0,0,0
"MtrElec",10,4,3,"",8.06328,0,0,0,0,0,0.0330909,0,0,0.756867,0,0,0,0.314967,3.83209,0.204088,1.45217,1.46611,0,0,0.00389069,0,0,0,0
"MtrElec",10,4,4,"",7.6077,0,0,0,0,0,0.0330909,0,0,0.756867,0,0,0,0.356963,3.82259,0.204088,1.42083,1.00937,0,0,0.00389069,0,0,0,0
"MtrElec",10,4,5,"",6.48024,0,0,0,0,0,0.0330909,0,0,0.756867,0,0,0,0.440954,3.63422,0.208623,1.4026,0,0,0,0.00389069,0,0,0,0
"MtrElec",10,4,6,"",6.97794,0,0,0,0,0,0.0330909,0,0,0.756867,0,0,0,0.650932,3.92392,0.204088,1.40257,0,0,0,0.00648448,0,0,0,0
"MtrElec",10,4,7,"",8.24193,0,0,0,0,0,0.0330909,0,0,0.756867,0,0,0,0.881908,4.38796,0.199552,1.46577,0,0,0.503799,0.012969,0,0,0,0
"MtrElec",10,4,8,"",6.24889,0,0,0,0,0,0.0330909,0,0,0.756867,0,0,0,0.86091,4.71545,0.185947,1.55638,0,0.21279,0.768643,0.0350162,0,0,0,-2.87621
"MtrElec",10,4,9,"",2.811,0,0,0,0.0264844,0,0.0330909,0,0,0.756867,0,0,0,0.713925,4.46699,0.16327,1.65959,0,0.324652,0.491988,0.062251,0,0,0,-5.88811
"MtrElec",10,4,10,"",-11.6666,0,0,0,0.0264844,0,0.0330909,0,0,0.756867,0,0,0,0.608936,4.32211,0.136059,1.6719,0,0.207801,1.27594,0.062251,0,0,0,-20.768
"MtrElec",10,4,11,"",-17.7242,0,0,0,0.0264844,0,0.0330909,0,0,0.756867,0,0,0,0.566941,4.39154,0.108847,1.63765,0.853184,0.538918,1.7972,0.0596572,0,0,0,-28.4946
"MtrElec",10,4,12,"",-21.6961,0,0,0,0.0264844,0,0.0330909,0,0,0.756867,0,0,0,0.524945,4.31851,0.0725645,1.67743,1.62204,0.759082,1.33707,0.0713293,0,0,0,-32.8955
"MtrElec",10,4,13,"",-26.858,0,0,0,0.0264844,0,0.0330909,0,0,0.756867,0,0,0,0.440954,4.28436,0.0544234,1.71604,0,0.564737,0,0.0817045,0,0,0,-34.8167
"MtrElec",10,4,14,"",-26.5675,0,0,0,0.0264844,0,0.0330909,0,0,0.756867,0,0,0,0.440954,4.41274,0.0498881,1.73357,0,0,0,0.0765169,0,0,0,-34.0977
"MtrElec",10,4,15,"",-23.1174,0,0,0,0.0264844,0,0.0330909,0,0,0.756867,0,0,0,0.440954,4.62243,0.0498881,1.71649,0,0,0,0.0804076,0,0,0,-30.844
"MtrElec",10,4,16,"",-16.6777,0,0,0,0.0264844,0,0.0330909,0,0,0.756867,0,0,0,0.545943,4.85794,0.0544234,1.70792,0,0,0,0.088189,0,0,0,-24.7486
"MtrElec",10,4,17,"",-7.46542,0,0,0,0.0264844,0,0.0330909,0,0,0.756867,0,0,0,0.650932,5.42681,0.0861704,1.73813,0,0,0,0.118018,0,0,0,-16.3019
"MtrElec",10,4,18,"",10.6381,4.82898,0,0,0.0264844,0,0.0330909,1.40996,0,0.756867,0,0,0,0.923903,6.08981,0.172341,1.81138,0,0,0.882188,0.180269,0,0,0,-6.47722
"MtrElec",10,4,19,"",12.2256,0.647705,0,0,0,0,0.0330909,0.192184,0,0.756867,0,0,0,1.76382,6.53384,0.217694,1.87073,0,0.37261,0,0.1673,0,0,0,-0.330252
"MtrElec",10,4,20,"",12.5807,0,0,0,0,0,0.0330909,0,0,0.756867,0,0,0,2.45674,6.79066,0.272117,1.8494,0,0,0.328491,0.0933765,0,0,0,0
"MtrElec",10,4,21,"",13.1257,0,0,0,0,0,0.0330909,0,0,0.756867,0,0,0,2.37275,7.03799,0.376429,1.81474,0,0.138745,0.553615,0.0415007,0,0,0,0
"MtrElec",10,4,22,"",12.2213,0,0,0,0,0,0.0330909,0,0,0.756867,0,0,0,2.01579,6.98155,0.444458,1.73755,0,0.233831,0,0.0181566,0,0,0,0
"MtrElec",10,4,23,"",10.4241,0,0,0,0,0,0.0330909,0,0,0.756867,0,0,0,1.32286,6.25847,0.385499,1.65563,0,0,0,0.0116721,0,0,0,0
"MtrElec",10,4,24,"",11.2919,0,0,0,0,0,0.0330909,0,0,0.756867,0,0,0,0.818914,5.33642,0.267582,1.59744,2.47507,0,0,0.00648448,0,0,0,0
"MtrElec",10,5,1,"",7.37737,0,0,0,0,0,0.0330909,0,0,0.756867,0,0,0,0.482949,4.38225,0.208623,1.5071,0,0,0,0.00648448,0,0,0,0
"MtrElec",10,5,2,"",6.85063,0,0,0,0,0,0.0330909,0,0,0.756867,0,0,0,0.398958,3.99586,0.208623,1.45204,0,0,0,0.00518759,0,0,0,0
"MtrElec",10,5,3,"",6.57352,0,0,0,0,0,0.0330909,0,0,0.756867,0,0,0,0.314967,3.8439,0.208623,1.41088,0,0,0,0.00518759,0,0,0,0
"MtrElec",10,5,4,"",6.56846,0,0,0,0,0,0.0330909,0,0,0.756867,0,0,0,0.356963,3.82033,0.208623,1.38739,0,0,0,0.00518759,0,0,0,0
"MtrElec",10,5,5,"",6.46068,0,0,0,0,0,0.0330909,0,0,0.756867,0,0,0,0.440954,3.64603,0.208623,1.36993,0,0,0,0.00518759,0,0,0,0
"MtrElec",10,5,6,"",7.00764,0,0,0,0,0,0.0330909,0,0,0.756867,0,0,0,0.650932,3.93573,0.167805,1.44506,0,0,0,0.0181566,0,0,0,0
"MtrElec",10,5,7,"",7.88454,0,0,0,0,0,0.0330909,0,0,0.756867,0,0,0,0.881908,4.47044,0.158735,1.55886,0,0,0,0.024641,0,0,0,0
"MtrElec",10,5,8,"",6.89068,0,0,0,0,0,0.0330909,0,0,0.756867,0,0,0,0.86091,4.812,0.1542,1.64811,0,0,0.881945,0.0324224,0,0,0,-2.28887
"MtrElec",10,5,9,"",5.35463,0,0,0,0,0,0.0330909,0,0,0.756867,0,0,0,0.713925,4.48825,0.149664,1.61426,0,0.372507,0.574556,0.0337193,0,0,0,-3.38221
"MtrElec",10,5,10,"",-7.00448,0,0,0,0.0264844,0,0.0330909,0,0,0.756867,0,0,0,0.608936,4.235,0.126988,1.54052,0,0.242675,1.18978,0.0285317,0,0,0,-15.7934
"MtrElec",10,5,11,"",-17.9102,0,0,0,0.0264844,0,0.0330909,0,0,0.756867,0,0,0,0.566941,4.28086,0.0997762,1.50897,0,0.502528,1.32544,0.0272348,0,0,0,-27.0384
"MtrElec",10,5,12,"",-21.6768,0,0,0,0.0264844,0,0.0330909,0,0,0.756867,0,0,0,0.524945,4.28086,0.0680293,1.5315,0,0.559827,0.438232,0.03761,0,0,0,-29.9343
"MtrElec",10,5,13,"",-25.1465,0,0,0,0.0264844,0,0.0330909,0,0,0.756867,0,0,0,0.440954,4.29385,0.0544234,1.55528,0,0.185096,0,0.0453914,0,0,0,-32.538
"MtrElec",10,5,14,"",-22.8599,0,0,0,0.0264844,0,0.0330909,0,0,0.756867,0,0,0,0.440954,4.38691,0.0498881,1.54309,0,0,1.76392,0.0415007,0,0,0,-31.9026
"MtrElec",10,5,15,"",-22.0632,0,0,0,0.0264844,0,0.0330909,0,0,0.756867,0,0,0,0.440954,4.53995,0.0498881,1.53276,0,0.745026,0,0.0440945,0,0,0,-30.2323
"MtrElec",10,5,16,"",-15.0605,0,0,0,0.0264844,0,0.0330909,0,0,0.756867,0,0,0,0.545943,4.66711,0.0544234,1.56145,1.26327,0,0,0.0674386,0,0,0,-24.0366
"MtrElec",10,5,17,"",-5.76997,0,0,0,0.0264844,0,0.0330909,0,0,0.756867,0,0,0,0.650932,5.25005,0.0861704,1.65774,1.21212,0,0,0.149143,0,0,0,-15.5926
"MtrElec",10,5,18,"",12.4294,5.50793,0,0,0.0264844,0,0.0330909,1.51926,0,0.756867,0,0,0,0.923903,6.0191,0.167805,1.81646,1.49164,0,0,0.250301,0,0,0,-6.08346
"MtrElec",10,5,19,"",20.8327,4.08367,0,0,0,0,0.0330909,1.15091,0,0.756867,0,0,0,1.76382,6.54559,0.222229,1.91883,4.40627,0,0,0.233441,0,0,0,-0.282048
"MtrElec",10,5,20,"",17.9753,3.1295,0,0,0,0,0.0330909,0.88886,0,0.756867,0,0,0,2.45674,6.88721,0.294793,1.87566,1.52552,0,0,0.127096,0,0,0,0
"MtrElec",10,5,21,"",15.5268,2.24878,0,0,0,0,0.0330909,0.647042,0,0.756867,0,0,0,2.37275,7.18169,0.412711,1.81936,0,0,0,0.0544696,0,0,0,0
"MtrElec",10,5,22,"",13.5458,1.03327,0,0,0,0,0.0330909,0.301236,0,0.756867,0,0,0,2.01579,7.13932,0.476205,1.76406,0,0,0,0.0259379,0,0,0,0
"MtrElec",10,5,23,"",10.5532,0,0,0,0,0,0.0330909,0,0,0.756867,0,0,0,1.32286,6.34326,0.412711,1.66887,0,0,0,0.0155628,0,0,0,0
"MtrElec",10,5,24,"",9.08683,0.106716,0,0,0,0,0.0330909,0.030953,0,0.756867,0,0,0,0.818914,5.44445,0.285723,1.59715,0,0,0,0.012969,0,0,0,0
"MtrElec",10,6,1,"",7.41012,0.00208928,0,0,0,0,0.0330909,0.000606519,0,0.756867,0,0,0,0.482949,4.38225,0.208623,1.53716,0,0,0,0.00648448,0,0,0,0
"MtrElec",10,6,2,"",6.87472,0,0,0,0,0,0.0330909,0,0,0.756867,0,0,0,0.398958,3.99586,0.208623,1.47613,0,0,0,0.00518759,0,0,0,0
"MtrElec",10,6,3,"",6.598,0,0,0,0,0,0.0330909,0,0,0.756867,0,0,0,0.314967,3.8439,0.208623,1.43536,0,0,0,0.00518759,0,0,0,0
"MtrElec",10,6,4,"",6.59214,0,0,0,0,0,0.0330909,0,0,0.756867,0,0,0,0.356963,3.82033,0.208623,1.41107,0,0,0,0.00518759,0,0,0,0
"MtrElec",10,6,5,"",6.48646,0,0,0,0,0,0.0330909,0,0,0.756867,0,0,0,0.440954,3.64603,0.208623,1.39571,0,0,0,0.00518759,0,0,0,0
"MtrElec",10,6,6,"",7.03771,0,0,0,0,0,0.0330909,0,0,0.756867,0,0,0,0.650932,3.93573,0.167805,1.47513,0,0,0,0.0181566,0,0,0,0
"MtrElec",10,6,7,"",8.79059,0,0,0,0,0,0.0330909,0,0,0.756867,0,0,0,0.881908,4.47044,0.158735,1.58268,0,0,0.882236,0.024641,0,0,0,0
"MtrElec",10,6,8,"",5.42834,0,0,0,0,0,0.0330909,0,0,0.756867,0,0,0,0.86091,4.812,0.1542,1.67049,0,0.37263,0,0.0324224,0,0,0,-3.26427
"MtrElec",10,6,9,"",-1.77414,0,0,0,0.0264844,0,0.0330909,0,0,0.756867,0,0,0,0.713925,4.48825,0.149664,1.63784,0,0,0,0.0337193,0,0,0,-9.61397
"MtrElec",10,6,10,"",-7.32186,0,0,0,0.0264844,0,0.0330909,0,0,0.756867,0,0,0,0.608936,4.235,0.126988,1.5675,0,0,0.882232,0.0285317,0,0,0,-15.5875
"MtrElec",10,6,11,"",-12.5217,0,0,0,0.0264844,0,0.0330909,0,0,0.756867,0,0,0,0.566941,4.28086,0.0997762,1.53824,0,0.372628,0,0.0272348,0,0,0,-20.2238
"MtrElec",10,6,12,"",-17.2783,0,0,0,0.0264844,0,0.0330909,0,0,0.756867,0,0,0,0.524945,4.28086,0.0680293,1.55941,0,0,0,0.03761,0,0,0,-24.5656
"MtrElec",10,6,13,"",-20.099,0,0,0,0.0264844,0,0.0330909,0,0,0.756867,0,0,0,0.440954,4.29385,0.0544234,1.57625,0,0,0,0.0453914,0,0,0,-27.3263
"MtrElec",10,6,14,"",-17.619,0,0,0,0.0264844,0,0.0330909,0,0,0.756867,0,0,0,0.440954,4.38691,0.0498881,1.56802,0,0,0,0.0415007,0,0,0,-24.9227
"MtrElec",10,6,15,"",-17.356,0,0,0,0.0264844,0,0.0330909,0,0,0.756867,0,0,0,0.440954,4.53995,0.0498881,1.55639,0,0,0.43918,0.0440945,0,0,0,-25.2429
"MtrElec",10,6,16,"",-10.5275,0,0,0,0.0264844,0,0.0330909,0,0,0.756867,0,0,0,0.545943,4.66711,0.0544234,1.58953,0,0.185496,0.442728,0.0674386,0,0,0,-18.8966
"MtrElec",10,6,17,"",4.58306,5.25006,0,0,0.0264844,0,0.0330909,1.42848,0,0.756867,0,0,0,0.650932,5.25005,0.0861704,1.6958,0,0.186995,0,0.149143,0,0,0,-10.931
"MtrElec",10,6,18,"",18.8699,9.98558,0,0,0.0264844,0,0.0330909,2.76283,0,0.756867,0,0,0,0.923903,6.0191,0.167805,1.84389,0,0,0,0.250301,0,0,0,-3.89995
"MtrElec",10,6,19,"",21.9097,7.53666,0,0,0,0,0.0330909,2.11723,0,0.756867,0,0,0,1.76382,6.54559,0.222229,1.93226,0,0,0.881967,0.233441,0,0,0,-0.113452
"MtrElec",10,6,20,"",20.3701,5.88968,0,0,0,0,0.0330909,1.6729,0,0.756867,0,0,0,2.45674,6.88721,0.294793,1.87915,0,0.372517,0,0.127096,0,0,0,0
"MtrElec",10,6,21,"",17.7694,3.9789,0,0,0,0,0.0330909,1.15605,0,0.756867,0,0,0,2.37275,7.18169,0.412711,1.82287,0,0,0,0.0544696,0,0,0,0
"MtrElec",10,6,22,"",19.0717,3.20891,0,0,0,0,0.0330909,0.947102,0,0.756867,0,0,0,2.01579,7.13932,0.476205,1.76826,2.53842,0,0.161806,0.0259379,0,0,0,0
"MtrElec",10,6,23,"",16.0206,1.96663,0,0,0,0,0.0330909,0.587984,0,0.756867,0,0,0,1.32286,6.34326,0.412711,1.67507,2.41268,0.0683418,0.425533,0.0155628,0,0,0,0
"MtrElec",10,6,24,"",11.0614,1.24767,0,0,0,0,0.0330909,0.37397,0,0.756867,0,0,0,0.818914,5.44445,0.285723,1.61315,0,0.179732,0.294889,0.012969,0,0,0,0
"MtrElec",10,7,1,"",8.3431,0.614992,0,0,0,0,0.0330909,0.183784,0,0.756867,0,0,0,0.482949,4.38225,0.208623,1.5495,0,0.124552,0,0.00648448,0,0,0,0
"MtrElec",10,7,2,"",7.06051,0.136792,0,0,0,0,0.0330909,0.0407348,0,0.756867,0,0,0,0.398958,3.99586,0.208623,1.48439,0,0,0,0.00518759,0,0,0,0
"MtrElec",10,7,3,"",6.60606,0,0,0,0,0,0.0330909,0,0,0.756867,0,0,0,0.314967,3.8439,0.208623,1.44342,0,0,0,0.00518759,0,0,0,0
"MtrElec",10,7,4,"",6.60014,0,0,0,0,0,0.0330909,0,0,0.756867,0,0,0,0.356963,3.82033,0.208623,1.41908,0,0,0,0.00518759,0,0,0,0
"MtrElec",10,7,5,"",6.49504,0,0,0,0,0,0.0330909,0,0,0.756867,0,0,0,0.440954,3.64603,0.208623,1.40429,0,0,0,0.00518759,0,0,0,0
"MtrElec",10,7,6,"",7.04714,0,0,0,0,0,0.0330909,0,0,0.756867,0,0,0,0.650932,3.93573,0.167805,1.48456,0,0,0,0.0181566,0,0,0,0
"MtrElec",10,7,7,"",7.91531,0,0,0,0,0,0.0330909,0,0,0.756867,0,0,0,0.881908,4.47044,0.158735,1.58963,0,0,0,0.024641,0,0,0,0
"MtrElec",10,7,8,"",4.32029,0,0,0,0,0,0.0330909,0,0,0.756867,0,0,0,0.86091,4.812,0.1542,1.67481,0,0,0,0.0324224,0,0,0,-4.004
"MtrElec",10,7,9,"",-4.94354,0,0,0,0.0264844,0,0.0330909,0,0,0.756867,0,0,0,0.713925,4.48825,0.149664,1.64321,0,0,0,0.0337193,0,0,0,-12.7887
"MtrElec",10,7,10,"",-12.8801,0,0,0,0.0264844,0,0.0330909,0,0,0.756867,0,0,0,0.608936,4.235,0.126988,1.57891,0.484958,0,0,0.0285317,0,0,0,-20.7598
"MtrElec",10,7,11,"",-17.4599,0,0,0,0.0264844,0,0.0330909,0,0,0.756867,0,0,0,0.566941,4.28086,0.0997762,1.5506,1.69357,0,0,0.0272348,0,0,0,-26.4953
"MtrElec",10,7,12,"",-22.6188,0,0,0,0.0264844,0,0.0330909,0,0,0.756867,0,0,0,0.524945,4.28086,0.0680293,1.5714,0.296245,0,0.882056,0.03761,0,0,0,-31.0964
"MtrElec",10,7,13,"",-26.1553,0,0,0,0.0264844,0,0.0330909,0,0,0.756867,0,0,0,0.440954,4.29385,0.0544234,1.58881,0,0.372554,0,0.0453914,0,0,0,-33.7677
"MtrElec",10,7,14,"",-25.287,0,0,0,0.0264844,0,0.0330909,0,0,0.756867,0,0,0,0.440954,4.38691,0.0498881,1.58095,0,0,0.881958,0.0415007,0,0,0,-33.4856
"MtrElec",10,7,15,"",-21.9877,0,0,0,0.0264844,0,0.0330909,0,0,0.756867,0,0,0,0.440954,4.53995,0.0498881,1.56147,0,0.372513,0.336868,0.0440945,0,0,0,-30.1498
"MtrElec",10,7,16,"",-13.6709,0,0,0,0.0264844,0,0.0330909,0,0,0.756867,0,0,0,0.545943,4.66711,0.0544234,1.59276,1.26327,0.142283,1.4272,0.0674386,0,0,0,-24.2477
"MtrElec",10,7,17,"",4.55125,6.61736,0,0,0.0264844,0,0.0330909,1.81069,0,0.756867,0,0,0,0.650932,5.25005,0.0861704,1.69721,1.74273,0.602807,0.881924,0.149143,0,0,0,-15.7542
"MtrElec",10,7,18,"",21.5486,11.1725,0,0,0.0264844,0,0.0330909,3.14981,0,0.756867,0,0,0,0.923903,6.0191,0.167805,1.84739,1.9438,0.372498,0.882049,0.250301,0,0,0,-5.99694
"MtrElec",10,7,19,"",23.9874,8.21578,0,0,0,0,0.0330909,2.41039,0,0.756867,0,0,0,1.76382,6.54559,0.222229,1.93661,1.71125,0.372551,0,0.233441,0,0,0,-0.214238
"MtrElec",10,7,20,"",19.3947,4.78881,0,0,0,0,0.0330909,1.40665,0,0.756867,0,0,0,2.45674,6.88721,0.294793,1.88062,0.762762,0,0,0.127096,0,0,0,0
"MtrElec",10,7,21,"",16.6311,3.08376,0,0,0,0,0.0330909,0.912885,0,0.756867,0,0,0,2.37275,7.18169,0.412711,1.82287,0,0,0,0.0544696,0,0,0,0
"MtrElec",10,7,22,"",13.8312,1.24314,0,0,0,0,0.0330909,0.372603,0,0.756867,0,0,0,2.01579,7.13932,0.476205,1.76826,0,0,0,0.0259379,0,0,0,0
"MtrElec",10,7,23,"",10.7826,0,0,0,0,0,0.0330909,0,0,0.756867,0,0,0,1.32286,6.34326,0.412711,1.67321,0,0,0.225027,0.0155628,0,0,0,0
"MtrElec",10,7,24,"",10.1214,0.32277,0,0,0,0,0.0330909,0.0942146,0,0.756867,0,0,0,0.818914,5.44445,0.285723,1.60044,0,0.0950445,0.656879,0.012969,0,0,0,0
"MtrElec",10,8,1,"",7.81318,0.0971071,0,0,0,0,0.0330909,0.0283323,0,0.756867,0,0,0,0.482949,4.38225,0.208623,1.54003,0,0.277446,0,0.00648448,0,0,0,0
"MtrElec",10,8,2,"",6.87718,0,0,0,0,0,0.0330909,0,0,0.756867,0,0,0,0.398958,3.99586,0.208623,1.47859,0,0,0,0.00518759,0,0,0,0
"MtrElec",10,8,3,"",6.59999,0,0,0,0,0,0.0330909,0,0,0.756867,0,0,0,0.314967,3.8439,0.208623,1.43735,0,0,0,0.00518759,0,0,0,0
"MtrElec",10,8,4,"",6.59338,0,0,0,0,0,0.0330909,0,0,0.756867,0,0,0,0.356963,3.82033,0.208623,1.41231,0,0,0,0.00518759,0,0,0,0
"MtrElec",10,8,5,"",6.48738,0,0,0,0,0,0.0330909,0,0,0.756867,0,0,0,0.440954,3.64603,0.208623,1.39663,0,0,0,0.00518759,0,0,0,0
"MtrElec",10,8,6,"",7.03836,0,0,0,0,0,0.0330909,0,0,0.756867,0,0,0,0.650932,3.93573,0.167805,1.47578,0,0,0,0.0181566,0,0,0,0
"MtrElec",10,8,7,"",7.90866,0,0,0,0,0,0.0330909,0,0,0.756867,0,0,0,0.881908,4.47044,0.158735,1.58298,0,0,0,0.024641,0,0,0,0
"MtrElec",10,8,8,"",4.51193,0,0,0,0,0,0.0330909,0,0,0.756867,0,0,0,0.86091,4.812,0.1542,1.67026,0,0,0,0.0324224,0,0,0,-3.80783
"MtrElec",10,8,9,"",-1.1235,0,0,0,0.0264844,0,0.0330909,0,0,0.756867,0,0,0,0.713925,4.48825,0.149664,1.63944,0,0,0,0.0337193,0,0,0,-8.96493
"MtrElec",10,8,10,"",-5.57635,0,0,0,0.0264844,0,0.0330909,0,0,0.756867,0,0,0,0.608936,4.235,0.126988,1.57277,0,0,0,0.0285317,0,0,0,-12.965
"MtrElec",10,8,11,"",-5.95589,0,0,0,0.0264844,0,0.0330909,0,0,0.756867,0,0,0,0.566941,4.28086,0.0997762,1.53837,0,0,0,0.0272348,0,0,0,-13.2855
"MtrElec",10,8,12,"",-17.1177,0,0,0,0.0264844,0,0.0330909,0,0,0.756867,0,0,0,0.524945,4.28086,0.0680293,1.55156,0,0,0,0.03761,0,0,0,-24.3971
"MtrElec",10,8,13,"",-25.9919,0,0,0,0.0264844,0,0.0330909,0,0,0.756867,0,0,0,0.440954,4.29385,0.0544234,1.56894,0,0,0,0.0453914,0,0,0,-33.2119
"MtrElec",10,8,14,"",-24.5486,0,0,0,0.0264844,0,0.0330909,0,0,0.756867,0,0,0,0.440954,4.38691,0.0498881,1.56173,0,0,0.881958,0.0415007,0,0,0,-32.7279
"MtrElec",10,8,15,"",-21.6813,0,0,0,0.0264844,0,0.0330909,0,0,0.756867,0,0,0,0.440954,4.53995,0.0498881,1.55082,0,0.372513,0.336868,0.0440945,0,0,0,-29.8329
"MtrElec",10,8,16,"",-14.2431,0,0,0,0.0264844,0,0.0330909,0,0,0.756867,0,0,0,0.545943,4.66711,0.0544234,1.58191,1.26327,0.142283,0.545039,0.0674386,0,0,0,-23.927
"MtrElec",10,8,17,"",-2.13843,2.65993,0,0,0.0264844,0,0.0330909,0.719425,0,0.756867,0,0,0,0.650932,5.25005,0.0861704,1.68657,1.21212,0.230208,0,0.149143,0,0,0,-15.5994
"MtrElec",10,8,18,"",16.7256,9.82761,0,0,0.0264844,0,0.0330909,2.76455,0,0.756867,0,0,0,0.923903,6.0191,0.167805,1.84264,0,0,0,0.250301,0,0,0,-5.88672
"MtrElec",10,8,19,"",20.1172,5.53168,0,0,0,0,0.0330909,1.59983,0,0.756867,0,0,0,1.76382,6.54559,0.222229,1.93126,1.71125,0,0,0.233441,0,0,0,-0.211913
"MtrElec",10,8,20,"",17.9903,3.70801,0,0,0,0,0.0330909,1.08464,0,0.756867,0,0,0,2.45674,6.88721,0.294793,1.87907,0.762762,0,0,0.127096,0,0,0,0
"MtrElec",10,8,21,"",15.6197,2.29644,0,0,0,0,0.0330909,0.688858,0,0.756867,0,0,0,2.37275,7.18169,0.412711,1.82287,0,0,0,0.0544696,0,0,0,0
"MtrElec",10,8,22,"",15.5412,0,0,0,0,0,0.0330909,0,0,0.756867,0,0,0,2.01579,7.13932,0.476205,1.7681,2.47431,0,0.851616,0.0259379,0,0,0,0
"MtrElec",10,8,23,"",10.9447,0,0,0,0,0,0.0330909,0,0,0.756867,0,0,0,1.32286,6.34326,0.412711,1.67018,0,0.359697,0.0305102,0.0155628,0,0,0,0
"MtrElec",10,8,24,"",8.96201,0,0,0,0,0,0.0330909,0,0,0.756867,0,0,0,0.818914,5.44445,0.285723,1.59711,0,0.0128866,0,0.012969,0,0,0,0
"MtrElec",10,9,1,"",7.40648,0,0,0,0,0,0.0330909,0,0,0.756867,0,0,0,0.482949,4.38225,0.208623,1.53621,0,0,0,0.00648448,0,0,0,0
"MtrElec",10,9,2,"",6.87296,0,0,0,0,0,0.0330909,0,0,0.756867,0,0,0,0.398958,3.99586,0.208623,1.47437,0,0,0,0.00518759,0,0,0,0
"MtrElec",10,9,3,"",6.5948,0,0,0,0,0,0.0330909,0,0,0.756867,0,0,0,0.314967,3.8439,0.208623,1.43216,0,0,0,0.00518759,0,0,0,0
"MtrElec",10,9,4,"",6.58771,0,0,0,0,0,0.0330909,0,0,0.756867,0,0,0,0.356963,3.82033,0.208623,1.40664,0,0,0,0.00518759,0,0,0,0
"MtrElec",10,9,5,"",6.48009,0,0,0,0,0,0.0330909,0,0,0.756867,0,0,0,0.440954,3.64603,0.208623,1.38934,0,0,0,0.00518759,0,0,0,0
"MtrElec",10,9,6,"",7.02836,0,0,0,0,0,0.0330909,0,0,0.756867,0,0,0,0.650932,3.93573,0.167805,1.46578,0,0,0,0.0181566,0,0,0,0
"MtrElec",10,9,7,"",7.89923,0,0,0,0,0,0.0330909,0,0,0.756867,0,0,0,0.881908,4.47044,0.158735,1.57355,0,0,0,0.024641,0,0,0,0
"MtrElec",10,9,8,"",4.61908,0,0,0,0,0,0.0330909,0,0,0.756867,0,0,0,0.86091,4.812,0.1542,1.66214,0,0,0,0.0324224,0,0,0,-3.69255
"MtrElec",10,9,9,"",-4.34234,0,0,0,0.0264844,0,0.0330909,0,0,0.756867,0,0,0,0.713925,4.48825,0.149664,1.62837,0,0,0.4939,0.0337193,0,0,0,-12.6666
"MtrElec",10,9,10,"",-13.0915,0,0,0,0.0264844,0,0.0330909,0,0,0.756867,0,0,0,0.608936,4.235,0.126988,1.55769,0,0.208609,0.388234,0.0285317,0,0,0,-21.062
"MtrElec",10,9,11,"",-20.0156,0,0,0,0.0264844,0,0.0330909,0,0,0.756867,0,0,0,0.566941,4.28086,0.0997762,1.52631,0,0.163978,0,0.0272348,0,0,0,-27.4972
"MtrElec",10,9,12,"",-24.6792,0,0,0,0.0264844,0,0.0330909,0,0,0.756867,0,0,0,0.524945,4.28086,0.0680293,1.54357,0,0,0,0.03761,0,0,0,-31.9507
"MtrElec",10,9,13,"",-24.8005,0,0,0,0.0264844,0,0.0330909,0,0,0.756867,0,0,0,0.440954,4.29385,0.0544234,1.56014,1.41802,0,0,0.0453914,0,0,0,-33.4298
"MtrElec",10,9,14,"",-24.0905,0,0,0,0.0264844,0,0.0330909,0,0,0.756867,0,0,0,0.440954,4.38691,0.0498881,1.54697,1.0564,0,0,0.0415007,0,0,0,-32.4296
"MtrElec",10,9,15,"",-21.34,0,0,0,0.0264844,0,0.0330909,0,0,0.756867,0,0,0,0.440954,4.53995,0.0498881,1.53596,0,0,0.336868,0.0440945,0,0,0,-29.1042
"MtrElec",10,9,16,"",-11.5149,0,0,0,0.0264844,0,0.0330909,0,0,0.756867,0,0,0,0.545943,4.66711,0.0544234,1.56793,2.52655,0.142283,0.545039,0.0674386,0,0,0,-22.4481
"MtrElec",10,9,17,"",-0.178813,0,0,0,0.0264844,0,0.0330909,0,0,0.756867,0,0,0,0.650932,5.25005,0.0861704,1.66922,2.42423,0.230208,0,0.149143,0,0,0,-11.4552
"MtrElec",10,9,18,"",12.0647,4.25081,0,0,0.0264844,0,0.0330909,1.20503,0,0.756867,0,0,0,0.923903,6.0191,0.167805,1.81982,0,0,0,0.250301,0,0,0,-3.38853
"MtrElec",10,9,19,"",14.702,2.5059,0,0,0,0,0.0330909,0.722718,0,0.756867,0,0,0,1.76382,6.54559,0.222229,1.91838,0,0,0,0.233441,0,0,0,0
"MtrElec",10,9,20,"",13.8054,1.06713,0,0,0,0,0.0330909,0.308106,0,0.756867,0,0,0,2.45674,6.88721,0.294793,1.8744,0,0,0,0.127096,0,0,0,0
"MtrElec",10,9,21,"",12.6281,0,0,0,0,0,0.0330909,0,0,0.756867,0,0,0,2.37275,7.18169,0.412711,1.81652,0,0,0,0.0544696,0,0,0,0
"MtrElec",10,9,22,"",13.4699,0,0,0,0,0,0.0330909,0,0,0.756867,0,0,0,2.01579,7.13932,0.476205,1.75348,1.26921,0,0,0.0259379,0,0,0,0
"MtrElec",10,9,23,"",11.7414,0,0,0,0,0,0.0330909,0,0,0.756867,0,0,0,1.32286,6.34326,0.412711,1.65075,1.20634,0,0,0.0155628,0,0,0,0
"MtrElec",10,9,24,"",8.92497,0,0,0,0,0,0.0330909,0,0,0.756867,0,0,0,0.818914,5.44445,0.285723,1.57296,0,0,0,0.012969,0,0,0,0
"MtrElec",10,10,1,"",7.42162,0,0,0,0,0,0.0330909,0,0,0.756867,0,0,0,0.482949,4.39633,0.208623,1.53727,0,0,0,0.00648448,0,0,0,0
"MtrElec",10,10,2,"",6.91124,0,0,0,0,0,0.0330909,0,0,0.756867,0,0,0,0.398958,4.04527,0.208623,1.46325,0,0,0,0.00518759,0,0,0,0
"MtrElec",10,10,3,"",6.58291,0,0,0,0,0,0.0330909,0,0,0.756867,0,0,0,0.314967,3.83209,0.204088,1.43792,0,0,0,0.00389069,0,0,0,0
"MtrElec",10,10,4,"",6.58235,0,0,0,0,0,0.0330909,0,0,0.756867,0,0,0,0.356963,3.82259,0.204088,1.40485,0,0,0,0.00389069,0,0,0,0
"MtrElec",10,10,5,"",6.45986,0,0,0,0,0,0.0330909,0,0,0.756867,0,0,0,0.440954,3.63422,0.208623,1.38221,0,0,0,0.00389069,0,0,0,0
"MtrElec",10,10,6,"",6.95502,0,0,0,0,0,0.0330909,0,0,0.756867,0,0,0,0.650932,3.92392,0.204088,1.37964,0,0,0,0.00648448,0,0,0,0
"MtrElec",10,10,7,"",7.70862,0,0,0,0,0,0.0330909,0,0,0.756867,0,0,0,0.881908,4.38796,0.199552,1.43627,0,0,0,0.012969,0,0,0,0
"MtrElec",10,10,8,"",4.01417,0,0,0,0,0,0.0330909,0,0,0.756867,0,0,0,0.86091,4.71545,0.185947,1.53077,0,0,0,0.0350162,0,0,0,-4.10388
"MtrElec",10,10,9,"",-5.27357,0,0,0,0.0264844,0,0.0330909,0,0,0.756867,0,0,0,0.713925,4.46699,0.16327,1.64014,0,0,0,0.062251,0,0,0,-13.1366
"MtrElec",10,10,10,"",-13.6008,0,0,0,0.0264844,0,0.0330909,0,0,0.756867,0,0,0,0.608936,4.32211,0.136059,1.64811,0,0,0.882149,0.062251,0,0,0,-22.0769
"MtrElec",10,10,11,"",-18.3159,0,0,0,0.0264844,0,0.0330909,0,0,0.756867,0,0,0,0.566941,4.39154,0.108847,1.62016,0.853184,0.372593,1.66795,0.0596572,0,0,0,-28.7732
"MtrElec",10,10,12,"",-21.0456,0,0,0,0.0264844,0,0.0330909,0,0,0.756867,0,0,0,0.524945,4.31851,0.0725645,1.65726,1.62204,0.704492,1.68882,0.0713293,0,0,0,-32.522
"MtrElec",10,10,13,"",-23.5356,0,0,0,0.0264844,0,0.0330909,0,0,0.756867,0,0,0,0.440954,4.28436,0.0544234,1.69664,0.850869,0.713309,1.34752,0.0817045,0,0,0,-33.8218
"MtrElec",10,10,14,"",-22.8884,0,0,0,0.0264844,0,0.0330909,0,0,0.756867,0,0,0,0.440954,4.41274,0.0498881,1.72007,1.62434,0.56915,0.587988,0.0765169,0,0,0,-33.1865
"MtrElec",10,10,15,"",-22.1477,0,0,0,0.0264844,0,0.0330909,0,0,0.756867,0,0,0,0.440954,4.62243,0.0498881,1.7091,0,0.248348,0,0.0804076,0,0,0,-30.1153
"MtrElec",10,10,16,"",-16.0283,0,0,0,0.0264844,0,0.0330909,0,0,0.756867,0,0,0,0.545943,4.85794,0.0544234,1.70257,0,0,0,0.088189,0,0,0,-24.0939
"MtrElec",10,10,17,"",-6.82323,0,0,0,0.0264844,0,0.0330909,0,0,0.756867,0,0,0,0.650932,5.42681,0.0861704,1.73039,0,0,0,0.118018,0,0,0,-15.652
"MtrElec",10,10,18,"",5.68074,1.17141,0,0,0.0264844,0,0.0330909,0.343039,0,0.756867,0,0,0,0.923903,6.08981,0.172341,1.804,0,0,0,0.180269,0,0,0,-5.82048
"MtrElec",10,10,19,"",12.0377,0,0,0,0,0,0.0330909,0,0,0.756867,0,0,0,1.76382,6.53384,0.217694,1.86754,0,0,0.882059,0.1673,0,0,0,-0.184478
"MtrElec",10,10,20,"",12.6214,0,0,0,0,0,0.0330909,0,0,0.756867,0,0,0,2.45674,6.79066,0.272117,1.84594,0,0.372555,0,0.0933765,0,0,0,0
"MtrElec",10,10,21,"",15.1193,0,0,0,0,0,0.0330909,0,0,0.756867,0,0,0,2.37275,7.03799,0.376429,1.81919,2.68147,0,0,0.0415007,0,0,0,0
"MtrElec",10,10,22,"",14.4738,0,0,0,0,0,0.0330909,0,0,0.756867,0,0,0,2.01579,6.98155,0.444458,1.74559,2.26658,0,0.211693,0.0181566,0,0,0,0
"MtrElec",10,10,23,"",12.5459,0,0,0,0,0,0.0330909,0,0,0.756867,0,0,0,1.32286,6.25847,0.385499,1.65868,1.35898,0.0894129,0.670362,0.0116721,0,0,0,0
"MtrElec",10,10,24,"",11.0972,0,0,0,0,0,0.0330909,0,0,0.756867,0,0,0,0.818914,5.33642,0.267582,1.59596,1.11661,0.283141,0.882109,0.00648448,0,0,0,0
"MtrElec",10,11,1,"",7.78146,0,0,0,0,0,0.0330909,0,0,0.756867,0,0,0,0.482949,4.39633,0.208623,1.52454,0,0.372576,0,0.00648448,0,0,0,0
"MtrElec",10,11,2,"",6.90005,0,0,0,0,0,0.0330909,0,0,0.756867,0,0,0,0.398958,4.04527,0.208623,1.45206,0,0,0,0.00518759,0,0,0,0
"MtrElec",10,11,3,"",6.57053,0,0,0,0,0,0.0330909,0,0,0.756867,0,0,0,0.314967,3.83209,0.204088,1.42554,0,0,0,0.00389069,0,0,0,0
"MtrElec",10,11,4,"",6.56895,0,0,0,0,0,0.0330909,0,0,0.756867,0,0,0,0.356963,3.82259,0.204088,1.39146,0,0,0,0.00389069,0,0,0,0
"MtrElec",10,11,5,"",6.44379,0,0,0,0,0,0.0330909,0,0,0.756867,0,0,0,0.440954,3.63422,0.208623,1.36614,0,0,0,0.00389069,0,0,0,0
"MtrElec",10,11,6,"",6.93766,0,0,0,0,0,0.0330909,0,0,0.756867,0,0,0,0.650932,3.92392,0.204088,1.36228,0,0,0,0.00648448,0,0,0,0
"MtrElec",10,11,7,"",7.68752,0,0,0,0,0,0.0330909,0,0,0.756867,0,0,0,0.881908,4.38796,0.199552,1.41516,0,0,0,0.012969,0,0,0,0
"MtrElec",10,11,8,"",8.09732,0,0,0,0,0,0.0330909,0,0,0.756867,0,0,0,0.86091,4.71545,0.185947,1.51003,0,0,0,0.0350162,0,0,0,0
"MtrElec",10,11,9,"",2.31265,0,0,0,0.0264844,0,0.0330909,0,0,0.756867,0,0,0,0.713925,4.46699,0.16327,1.6229,0,0,0,0.062251,0,0,0,-5.53313
"MtrElec",10,11,10,"",-7.86777,0,0,0,0.0264844,0,0.0330909,0,0,0.756867,0,0,0,0.608936,4.32211,0.136059,1.61698,0,0,0,0.062251,0,0,0,-15.4305
"MtrElec",10,11,11,"",-13.5106,0,0,0,0.0264844,0,0.0330909,0,0,0.756867,0,0,0,0.566941,4.39154,0.108847,1.5858,0,0,2.45811,0.0596572,0,0,0,-23.4979
"MtrElec",10,11,12,"",-9.62971,0,0,0,0.0264844,0,0.0330909,0,0,0.756867,0,0,0,0.524945,4.31851,0.0725645,1.62363,1.15919,1.03823,1.0702,0.0713293,0,0,0,-20.3248
"MtrElec",10,11,13,"",-12.8395,0,0,0,0.0264844,0,0.0330909,0,0,0.756867,0,0,0,0.440954,4.28436,0.0544234,1.66036,2.53333,0.452019,0.428339,0.0817045,0,0,0,-23.5915
"MtrElec",10,11,14,"",-4.73867,0,0,0,0.0264844,0,0.0330909,0,0,0.756867,0,0,0,0.440954,4.41274,0.0498881,1.68062,1.25715,0.180918,0.453551,0.0765169,0,0,0,-14.1075
"MtrElec",10,11,15,"",-11.2491,0,0,0,0.0264844,0,0.0330909,0,0,0.756867,0,0,0,0.440954,4.62243,0.0498881,1.66323,0,0.191566,0.504077,0.0804076,0,0,0,-19.618
"MtrElec",10,11,16,"",-9.73061,0,0,0,0.0264844,0,0.0330909,0,0,0.756867,0,0,0,0.545943,4.85794,0.0544234,1.66856,0,0.212907,0.867945,0.088189,0,0,0,-18.843
"MtrElec",10,11,17,"",-0.192978,0,0,0,0.0264844,0,0.0330909,0,0,0.756867,0,0,0,0.650932,5.42681,0.0861704,1.68314,0,0.366594,0.875203,0.118018,0,0,0,-10.2163
"MtrElec",10,11,18,"",10.7901,0,0,0,0,0,0.0330909,0,0,0.756867,0,0,0,0.923903,6.08981,0.172341,1.76145,0,0.36966,2.16298,0.180269,0,0,0,-1.66024
"MtrElec",10,11,19,"",12.6342,0,0,0,0,0,0.0330909,0,0,0.756867,0,0,0,1.76382,6.53384,0.217694,1.83906,0,0.913578,0.408911,0.1673,0,0,0,0
"MtrElec",10,11,20,"",14.1075,0,0,0,0,0,0.0330909,0,0,0.756867,0,0,0,2.45674,6.79066,0.272117,1.81741,1.24133,0.172712,0.473138,0.0933765,0,0,0,0
"MtrElec",10,11,21,"",13.8381,0,0,0,0,0,0.0330909,0,0,0.756867,0,0,0,2.37275,7.03799,0.376429,1.78707,1.23252,0.199839,0,0.0415007,0,0,0,0
"MtrElec",10,11,22,"",13.7268,0,0,0,0,0,0.0330909,0,0,0.756867,0,0,0,2.01579,6.98155,0.444458,1.71291,0,0,1.76393,0.0181566,0,0,0,0
"MtrElec",10,11,23,"",11.1341,0,0,0,0,0,0.0330909,0,0,0.756867,0,0,0,1.32286,6.25847,0.385499,1.62065,0,0.745033,0,0.0116721,0,0,0,0
"MtrElec",10,11,24,"",8.79451,0,0,0,0,0,0.0330909,0,0,0.756867,0,0,0,0.818914,5.33642,0.267582,1.57515,0,0,0,0.00648448,0,0,0,0
"MtrElec",10,12,1,"",8.22191,0,0,0,0,0,0.0330909,0,0,0.756867,0,0,0,0.482949,4.38225,0.208623,1.46957,0,0,0.882062,0.00648448,0,0,0,0
"MtrElec",10,12,2,"",8.88669,0,0,0,0,0,0.0330909,0,0,0.756867,0,0,0,0.398958,3.99586,0.208623,1.41791,1.69764,0.372557,0,0.00518759,0,0,0,0
"MtrElec",10,12,3,"",7.31678,0,0,0,0,0,0.0330909,0,0,0.756867,0,0,0,0.314967,3.8439,0.208623,1.37623,0.777912,0,0,0.00518759,0,0,0,0
"MtrElec",10,12,4,"",6.53262,0,0,0,0,0,0.0330909,0,0,0.756867,0,0,0,0.356963,3.82033,0.208623,1.35156,0,0,0,0.00518759,0,0,0,0
"MtrElec",10,12,5,"",6.41735,0,0,0,0,0,0.0330909,0,0,0.756867,0,0,0,0.440954,3.64603,0.208623,1.32659,0,0,0,0.00518759,0,0,0,0
"MtrElec",10,12,6,"",6.95191,0,0,0,0,0,0.0330909,0,0,0.756867,0,0,0,0.650932,3.93573,0.167805,1.38933,0,0,0,0.0181566,0,0,0,0
"MtrElec",10,12,7,"",7.83548,0,0,0,0,0,0.0330909,0,0,0.756867,0,0,0,0.881908,4.47044,0.158735,1.5098,0,0,0,0.024641,0,0,0,0
"MtrElec",10,12,8,"",4.72978,0,0,0,0,0,0.0330909,0,0,0.756867,0,0,0,0.86091,4.812,0.1542,1.61224,0,0,0,0.0324224,0,0,0,-3.53196
"MtrElec",10,12,9,"",-0.836939,0,0,0,0.0264844,0,0.0330909,0,0,0.756867,0,0,0,0.713925,4.48825,0.149664,1.56817,0,0,0,0.0337193,0,0,0,-8.6071
"MtrElec",10,12,10,"",-1.68199,0,0,0,0.0264844,0,0.0330909,0,0,0.756867,0,0,0,0.608936,4.235,0.126988,1.47927,0,0,2.24111,0.0285317,0,0,0,-11.2183
"MtrElec",10,12,11,"",-15.4701,0,0,0,0.0264844,0,0.0330909,0,0,0.756867,0,0,0,0.566941,4.28086,0.0997762,1.44909,0,0.94658,0.405362,0.0272348,0,0,0,-24.0624
"MtrElec",10,12,12,"",-24.0997,0,0,0,0.0264844,0,0.0330909,0,0,0.756867,0,0,0,0.524945,4.28086,0.0680293,1.46905,0,0.171213,0,0.03761,0,0,0,-31.4678
"MtrElec",10,12,13,"",-24.8762,0,0,0,0.0264844,0,0.0330909,0,0,0.756867,0,0,0,0.440954,4.29385,0.0544234,1.49969,0,0,0,0.0453914,0,0,0,-32.0269
"MtrElec",10,12,14,"",-23.7064,0,0,0,0.0264844,0,0.0330909,0,0,0.756867,0,0,0,0.440954,4.38691,0.0498881,1.48428,0,0,0.400627,0.0415007,0,0,0,-31.327
"MtrElec",10,12,15,"",-20.0821,0,0,0,0.0264844,0,0.0330909,0,0,0.756867,0,0,0,0.440954,4.53995,0.0498881,1.48745,0,0.169213,0.818117,0.0440945,0,0,0,-28.4482
"MtrElec",10,12,16,"",-14.0248,0,0,0,0.0264844,0,0.0330909,0,0,0.756867,0,0,0,0.545943,4.66711,0.0544234,1.51333,0,0.345548,0.545039,0.0674386,0,0,0,-22.5801
"MtrElec",10,12,17,"",-5.59391,0,0,0,0.0264844,0,0.0330909,0,0,0.756867,0,0,0,0.650932,5.25005,0.0861704,1.59532,0,0.230208,0,0.149143,0,0,0,-14.3722
"MtrElec",10,12,18,"",4.81507,0,0,0,0.0264844,0,0.0330909,0,0,0.756867,0,0,0,0.923903,6.0191,0.167805,1.74634,0,0,0,0.250301,0,0,0,-5.10882
"MtrElec",10,12,19,"",11.3196,0,0,0,0,0,0.0330909,0,0,0.756867,0,0,0,1.76382,6.54559,0.222229,1.85815,0,0,0,0.233441,0,0,0,-0.0935909
"MtrElec",10,12,20,"",12.3823,0,0,0,0,0,0.0330909,0,0,0.756867,0,0,0,2.45674,6.88721,0.294793,1.82654,0,0,0,0.127096,0,0,0,0
"MtrElec",10,12,21,"",12.5729,0,0,0,0,0,0.0330909,0,0,0.756867,0,0,0,2.37275,7.18169,0.412711,1.76132,0,0,0,0.0544696,0,0,0,0
"MtrElec",10,12,22,"",14.6182,0,0,0,0,0,0.0330909,0,0,0.756867,0,0,0,2.01579,7.13932,0.476205,1.69612,1.26921,0,1.20567,0.0259379,0,0,0,0
"MtrElec",10,12,23,"",13.0471,0,0,0,0,0,0.0330909,0,0,0.756867,0,0,0,1.32286,6.34326,0.412711,1.59606,1.20634,0.50924,0.851065,0.0155628,0,0,0,0
"MtrElec",10,12,24,"",9.81094,0,0,0,0,0,0.0330909,0,0,0.756867,0,0,0,0.818914,5.44445,0.285723,1.50968,0,0.359465,0.589777,0.012969,0,0,0,0
"MtrElec",10,13,1,"",7.58307,0,0,0,0,0,0.0330909,0,0,0.756867,0,0,0,0.482949,4.38225,0.208623,1.4637,0,0.249104,0,0.00648448,0,0,0,0
"MtrElec",10,13,2,"",6.81119,0,0,0,0,0,0.0330909,0,0,0.756867,0,0,0,0.398958,3.99586,0.208623,1.41261,0,0,0,0.00518759,0,0,0,0
"MtrElec",10,13,3,"",6.53157,0,0,0,0,0,0.0330909,0,0,0.756867,0,0,0,0.314967,3.8439,0.208623,1.36893,0,0,0,0.00518759,0,0,0,0
"MtrElec",10,13,4,"",6.52528,0,0,0,0,0,0.0330909,0,0,0.756867,0,0,0,0.356963,3.82033,0.208623,1.34421,0,0,0,0.00518759,0,0,0,0
"MtrElec",10,13,5,"",6.41019,0,0,0,0,0,0.0330909,0,0,0.756867,0,0,0,0.440954,3.64603,0.208623,1.31943,0,0,0,0.00518759,0,0,0,0
"MtrElec",10,13,6,"",7.82604,0,0,0,0,0,0.0330909,0,0,0.756867,0,0,0,0.650932,3.93573,0.167805,1.38158,0,0,0.881881,0.0181566,0,0,0,0
"MtrElec",10,13,7,"",8.20264,0,0,0,0,0,0.0330909,0,0,0.756867,0,0,0,0.881908,4.47044,0.158735,1.50448,0,0.37248,0,0.024641,0,0,0,0
"MtrElec",10,13,8,"",4.42689,0,0,0,0,0,0.0330909,0,0,0.756867,0,0,0,0.86091,4.812,0.1542,1.6091,0,0,0,0.0324224,0,0,0,-3.8317
"MtrElec",10,13,9,"",-4.60442,0,0,0,0.0264844,0,0.0330909,0,0,0.756867,0,0,0,0.713925,4.48825,0.149664,1.56659,0,0,0.287278,0.0337193,0,0,0,-12.6603
"MtrElec",10,13,10,"",-11.3264,0,0,0,0.0264844,0,0.0330909,0,0,0.756867,0,0,0,0.608936,4.235,0.126988,1.48157,0,0.121338,1.95377,0.0285317,0,0,0,-20.699
"MtrElec",10,13,11,"",-18.8948,0,0,0,0.0264844,0,0.0330909,0,0,0.756867,0,0,0,0.566941,4.28086,0.0997762,1.45713,0,0.825215,0.405362,0.0272348,0,0,0,-27.3738
"MtrElec",10,13,12,"",-24.4368,0,0,0,0.0264844,0,0.0330909,0,0,0.756867,0,0,0,0.524945,4.28086,0.0680293,1.48234,0,0.171213,0,0.03761,0,0,0,-31.8182
"MtrElec",10,13,13,"",-26.2319,0,0,0,0.0264844,0,0.0330909,0,0,0.756867,0,0,0,0.440954,4.29385,0.0544234,1.51169,0,0,0,0.0453914,0,0,0,-33.3946
"MtrElec",10,13,14,"",-25.3865,0,0,0,0.0264844,0,0.0330909,0,0,0.756867,0,0,0,0.440954,4.38691,0.0498881,1.49901,0,0,0,0.0415007,0,0,0,-32.6212
"MtrElec",10,13,15,"",-17.7852,0,0,0,0.0264844,0,0.0330909,0,0,0.756867,0,0,0,0.440954,4.53995,0.0498881,1.49867,0,0,0,0.0440945,0,0,0,-25.1752
"MtrElec",10,13,16,"",-12.2371,0,0,0,0.0264844,0,0.0330909,0,0,0.756867,0,0,0,0.545943,4.66711,0.0544234,1.5254,0,0,0,0.0674386,0,0,0,-19.9139
"MtrElec",10,13,17,"",-6.41701,0,0,0,0.0264844,0,0.0330909,0,0,0.756867,0,0,0,0.650932,5.25005,0.0861704,1.61014,0,0,0,0.149143,0,0,0,-14.9799
"MtrElec",10,13,18,"",4.63574,0,0,0,0.0264844,0,0.0330909,0,0,0.756867,0,0,0,0.923903,6.0191,0.167805,1.75984,0,0,0,0.250301,0,0,0,-5.30165
"MtrElec",10,13,19,"",11.3588,0,0,0,0,0,0.0330909,0,0,0.756867,0,0,0,1.76382,6.54559,0.222229,1.87091,0,0,0,0.233441,0,0,0,-0.0671196
"MtrElec",10,13,20,"",12.3912,0,0,0,0,0,0.0330909,0,0,0.756867,0,0,0,2.45674,6.88721,0.294793,1.83543,0,0,0,0.127096,0,0,0,0
"MtrElec",10,13,21,"",12.5814,0,0,0,0,0,0.0330909,0,0,0.756867,0,0,0,2.37275,7.18169,0.412711,1.76986,0,0,0,0.0544696,0,0,0,0
"MtrElec",10,13,22,"",12.3153,0,0,0,0,0,0.0330909,0,0,0.756867,0,0,0,2.01579,7.13932,0.476205,1.70626,0,0,0.161806,0.0259379,0,0,0,0
"MtrElec",10,13,23,"",10.9856,0,0,0,0,0,0.0330909,0,0,0.756867,0,0,0,1.32286,6.34326,0.412711,1.60733,0,0.0683418,0.425533,0.0155628,0,0,0,0
"MtrElec",10,13,24,"",9.35067,0,0,0,0,0,0.0330909,0,0,0.756867,0,0,0,0.818914,5.44445,0.285723,1.52404,0,0.179732,0.294889,0.012969,0,0,0,0
"MtrElec",10,14,1,"",7.4717,0,0,0,0,0,0.0330909,0,0,0.756867,0,0,0,0.482949,4.38225,0.208623,1.47688,0,0.124552,0,0.00648448,0,0,0,0
"MtrElec",10,14,2,"",6.824,0,0,0,0,0,0.0330909,0,0,0.756867,0,0,0,0.398958,3.99586,0.208623,1.42541,0,0,0,0.00518759,0,0,0,0
"MtrElec",10,14,3,"",6.54646,0,0,0,0,0,0.0330909,0,0,0.756867,0,0,0,0.314967,3.8439,0.208623,1.38382,0,0,0,0.00518759,0,0,0,0
"MtrElec",10,14,4,"",6.54178,0,0,0,0,0,0.0330909,0,0,0.756867,0,0,0,0.356963,3.82033,0.208623,1.36072,0,0,0,0.00518759,0,0,0,0
"MtrElec",10,14,5,"",6.43074,0,0,0,0,0,0.0330909,0,0,0.756867,0,0,0,0.440954,3.64603,0.208623,1.33999,0,0,0,0.00518759,0,0,0,0
"MtrElec",10,14,6,"",6.97147,0,0,0,0,0,0.0330909,0,0,0.756867,0,0,0,0.650932,3.93573,0.167805,1.40889,0,0,0,0.0181566,0,0,0,0
"MtrElec",10,14,7,"",7.85437,0,0,0,0,0,0.0330909,0,0,0.756867,0,0,0,0.881908,4.47044,0.158735,1.52869,0,0,0,0.024641,0,0,0,0
"MtrElec",10,14,8,"",5.37546,0,0,0,0.0264844,0,0.0330909,0,0,0.756867,0,0,0,0.86091,4.812,0.1542,1.62902,0,0,0.881945,0.0324224,0,0,0,-3.81148
"MtrElec",10,14,9,"",-4.0091,0,0,0,0.0264844,0,0.0330909,0,0,0.756867,0,0,0,0.713925,4.48825,0.149664,1.59436,0,0.372507,0.574556,0.0337193,0,0,0,-12.7525
"MtrElec",10,14,10,"",-11.6999,0,0,0,0.0264844,0,0.0330909,0,0,0.756867,0,0,0,0.608936,4.235,0.126988,1.51932,0,0.242675,1.66643,0.0285317,0,0,0,-20.9442
"MtrElec",10,14,11,"",-17.9066,0,0,0,0.0264844,0,0.0330909,0,0,0.756867,0,0,0,0.566941,4.28086,0.0997762,1.4952,0,0.703851,1.28735,0.0272348,0,0,0,-27.1843
"MtrElec",10,14,12,"",-22.5597,0,0,0,0.0264844,0,0.0330909,0,0,0.756867,0,0,0,0.524945,4.28086,0.0680293,1.52152,0,0.543737,0.882056,0.03761,0,0,0,-31.2349
"MtrElec",10,14,13,"",-25.4458,0,0,0,0.0264844,0,0.0330909,0,0,0.756867,0,0,0,0.440954,4.29385,0.0544234,1.5484,0,0.372554,0,0.0453914,0,0,0,-33.0178
"MtrElec",10,14,14,"",-25.3395,0,0,0,0.0264844,0,0.0330909,0,0,0.756867,0,0,0,0.440954,4.38691,0.0498881,1.54003,0,0,0,0.0415007,0,0,0,-32.6152
"MtrElec",10,14,15,"",-22.1952,0,0,0,0.0264844,0,0.0330909,0,0,0.756867,0,0,0,0.440954,4.53995,0.0498881,1.53265,0,0,0,0.0440945,0,0,0,-29.6192
"MtrElec",10,14,16,"",-15.7499,0,0,0,0.0264844,0,0.0330909,0,0,0.756867,0,0,0,0.545943,4.66711,0.0544234,1.56317,0,0,0,0.0674386,0,0,0,-23.4644
"MtrElec",10,14,17,"",-6.14531,0,0,0,0.0264844,0,0.0330909,0,0,0.756867,0,0,0,0.650932,5.25005,0.0861704,1.66374,0,0,0,0.149143,0,0,0,-14.7618
"MtrElec",10,14,18,"",13.3676,6.69407,0,0,0.0264844,0,0.0330909,1.79315,0,0.756867,0,0,0,0.923903,6.0191,0.167805,1.82417,0,0,0,0.250301,0,0,0,-5.1213
"MtrElec",10,14,19,"",16.1747,3.73082,0,0,0,0,0.0330909,1.02251,0,0.756867,0,0,0,1.76382,6.54559,0.222229,1.92198,0,0,0,0.233441,0,0,0,-0.0556788
"MtrElec",10,14,20,"",16.6838,3.33107,0,0,0,0,0.0330909,0.920771,0,0.756867,0,0,0,2.45674,6.88721,0.294793,1.87614,0,0,0,0.127096,0,0,0,0
"MtrElec",10,14,21,"",16.2276,2.8038,0,0,0,0,0.0330909,0.791258,0,0.756867,0,0,0,2.37275,7.18169,0.412711,1.82097,0,0,0,0.0544696,0,0,0,0
"MtrElec",10,14,22,"",14.9557,2.1235,0,0,0,0,0.0330909,0.617674,0,0.756867,0,0,0,2.01579,7.13932,0.476205,1.76736,0,0,0,0.0259379,0,0,0,0
"MtrElec",10,14,23,"",12.4694,1.47428,0,0,0,0,0.0330909,0.436763,0,0.756867,0,0,0,1.32286,6.34326,0.412711,1.67401,0,0,0,0.0155628,0,0,0,0
"MtrElec",10,14,24,"",10.1446,0.908967,0,0,0,0,0.0330909,0.273232,0,0.756867,0,0,0,0.818914,5.44445,0.285723,1.61034,0,0,0,0.012969,0,0,0,0
"MtrElec",10,15,1,"",8.06042,0.492764,0,0,0,0,0.0330909,0.15018,0,0.756867,0,0,0,0.482949,4.38225,0.208623,1.5472,0,0,0,0.00648448,0,0,0,0
"MtrElec",10,15,2,"",9.2785,0.534483,0,0,0,0,0.0330909,0.164676,0,0.756867,0,0,0,0.398958,3.99586,0.208623,1.48312,1.69764,0,0,0.00518759,0,0,0,0
"MtrElec",10,15,3,"",7.53137,0.11322,0,0,0,0,0.0330909,0.0352031,0,0.756867,0,0,0,0.314967,3.8439,0.208623,1.4424,0.777912,0,0,0.00518759,0,0,0,0
"MtrElec",10,15,4,"",6.59941,0,0,0,0,0,0.0330909,0,0,0.756867,0,0,0,0.356963,3.82033,0.208623,1.41835,0,0,0,0.00518759,0,0,0,0
"MtrElec",10,15,5,"",6.49433,0,0,0,0,0,0.0330909,0,0,0.756867,0,0,0,0.440954,3.64603,0.208623,1.40357,0,0,0,0.00518759,0,0,0,0
"MtrElec",10,15,6,"",7.04576,0,0,0,0,0,0.0330909,0,0,0.756867,0,0,0,0.650932,3.93573,0.167805,1.48318,0,0,0,0.0181566,0,0,0,0
"MtrElec",10,15,7,"",7.91343,0,0,0,0,0,0.0330909,0,0,0.756867,0,0,0,0.881908,4.47044,0.158735,1.58775,0,0,0,0.024641,0,0,0,0
"MtrElec",10,15,8,"",5.75807,0,0,0,0,0,0.0330909,0,0,0.756867,0,0,0,0.86091,4.812,0.1542,1.67276,0,0,0.881945,0.0324224,0,0,0,-3.44613
"MtrElec",10,15,9,"",-3.60079,0,0,0,0.0264844,0,0.0330909,0,0,0.756867,0,0,0,0.713925,4.48825,0.149664,1.64158,0,0.372507,0,0.0337193,0,0,0,-11.8169
"MtrElec",10,15,10,"",-12.5588,0,0,0,0.0264844,0,0.0330909,0,0,0.756867,0,0,0,0.608936,4.235,0.126988,1.58134,0,0,0,0.0285317,0,0,0,-19.9561
"MtrElec",10,15,11,"",-16.4311,0,0,0,0.0264844,0,0.0330909,0,0,0.756867,0,0,0,0.566941,4.28086,0.0997762,1.559,0,0,0.881985,0.0272348,0,0,0,-24.6634
"MtrElec",10,15,12,"",-20.0487,0,0,0,0.0264844,0,0.0330909,0,0,0.756867,0,0,0,0.524945,4.28086,0.0680293,1.58283,0,0.372524,0,0.03761,0,0,0,-27.732
"MtrElec",10,15,13,"",-25.9733,0,0,0,0.0264844,0,0.0330909,0,0,0.756867,0,0,0,0.440954,4.29385,0.0544234,1.60017,0,0,0,0.0453914,0,0,0,-33.2245
"MtrElec",10,15,14,"",-25.1701,0,0,0,0.0264844,0,0.0330909,0,0,0.756867,0,0,0,0.440954,4.38691,0.0498881,1.59388,0,0,0,0.0415007,0,0,0,-32.4996
"MtrElec",10,15,15,"",-21.3331,0,0,0,0.0264844,0,0.0330909,0,0,0.756867,0,0,0,0.440954,4.53995,0.0498881,1.57591,0,0,0.336868,0.0440945,0,0,0,-29.1372
"MtrElec",10,15,16,"",-8.76627,4.71002,0,0,0.0264844,0,0.0330909,1.23601,0,0.756867,0,0,0,0.545943,4.66711,0.0544234,1.61133,0,0.142283,0.545039,0.0674386,0,0,0,-23.1623
"MtrElec",10,15,17,"",5.00666,8.50301,0,0,0.0264844,0,0.0330909,2.30927,0,0.756867,0,0,0,0.650932,5.25005,0.0861704,1.71842,0,0.230208,0,0.149143,0,0,0,-14.707
"MtrElec",10,15,18,"",21.5401,12.9893,0,0,0.0264844,0,0.0330909,3.58538,0,0.756867,0,0,0,0.923903,6.0191,0.167805,1.86481,0,0,0,0.250301,0,0,0,-5.07693
"MtrElec",10,15,19,"",26.9383,11.3506,0,0,0,0,0.0330909,3.22982,0,0.756867,0,0,0,1.76382,6.54559,0.222229,1.94546,0,0,0.881937,0.233441,0,0,0,-0.0244634
"MtrElec",10,15,20,"",23.634,8.38788,0,0,0,0,0.0330909,2.43428,0,0.756867,0,0,0,2.45674,6.88721,0.294793,1.88357,0,0.372504,0,0.127096,0,0,0,0
"MtrElec",10,15,21,"",19.2745,5.12193,0,0,0,0,0.0330909,1.51797,0,0.756867,0,0,0,2.37275,7.18169,0.412711,1.82304,0,0,0,0.0544696,0,0,0,0
"MtrElec",10,15,22,"",21.9302,4.2317,0,0,0,0,0.0330909,1.27521,0,0.756867,0,0,0,2.01579,7.13932,0.476205,1.76826,2.47431,0,1.73353,0.0259379,0,0,0,0
"MtrElec",10,15,23,"",14.3862,2.34977,0,0,0,0,0.0330909,0.714304,0,0.756867,0,0,0,1.32286,6.34326,0.412711,1.67507,0,0.73219,0.0305102,0.0155628,0,0,0,0
"MtrElec",10,15,24,"",10.3674,1.06381,0,0,0,0,0.0330909,0.325566,0,0.756867,0,0,0,0.818914,5.44445,0.285723,1.61315,0,0.0128866,0,0.012969,0,0,0,0
"MtrElec",10,16,1,"",8.13311,0.545777,0,0,0,0,0.0330909,0.16694,0,0.756867,0,0,0,0.482949,4.38225,0.208623,1.55013,0,0,0,0.00648448,0,0,0,0
"MtrElec",10,16,2,"",8.84188,0.199428,0,0,0,0,0.0330909,0.0609108,0,0.756867,0,0,0,0.398958,3.99586,0.208623,1.48532,1.69764,0,0,0.00518759,0,0,0,0
"MtrElec",10,16,3,"",7.39026,0.00340882,0,0,0,0,0.0330909,0.0010396,0,0.756867,0,0,0,0.314967,3.8439,0.208623,1.44525,0.777912,0,0,0.00518759,0,0,0,0
"MtrElec",10,16,4,"",6.60245,0,0,0,0,0,0.0330909,0,0,0.756867,0,0,0,0.356963,3.82033,0.208623,1.42139,0,0,0,0.00518759,0,0,0,0
"MtrElec",10,16,5,"",6.49729,0,0,0,0,0,0.0330909,0,0,0.756867,0,0,0,0.440954,3.64603,0.208623,1.40654,0,0,0,0.00518759,0,0,0,0
"MtrElec",10,16,6,"",7.04957,0,0,0,0,0,0.0330909,0,0,0.756867,0,0,0,0.650932,3.93573,0.167805,1.48699,0,0,0,0.0181566,0,0,0,0
"MtrElec",10,16,7,"",7.91728,0,0,0,0,0,0.0330909,0,0,0.756867,0,0,0,0.881908,4.47044,0.158735,1.5916,0,0,0,0.024641,0,0,0,0
"MtrElec",10,16,8,"",4.55944,0,0,0,0.0264844,0,0.0330909,0,0,0.756867,0,0,0,0.86091,4.812,0.1542,1.6764,0,0,0,0.0324224,0,0,0,-3.79294
"MtrElec",10,16,9,"",-4.41478,0,0,0,0.0264844,0,0.0330909,0,0,0.756867,0,0,0,0.713925,4.48825,0.149664,1.64545,0,0,0.4939,0.0337193,0,0,0,-12.7561
"MtrElec",10,16,10,"",-11.4445,0,0,0,0.0264844,0,0.0330909,0,0,0.756867,0,0,0,0.608936,4.235,0.126988,1.58083,0,0.208609,1.74712,0.0285317,0,0,0,-20.797
"MtrElec",10,16,11,"",-18.3214,0,0,0,0.0264844,0,0.0330909,0,0,0.756867,0,0,0,0.566941,4.28086,0.0997762,1.55578,0,0.73793,0.405362,0.0272348,0,0,0,-26.8117
"MtrElec",10,16,12,"",-22.5207,0,0,0,0.0264844,0,0.0330909,0,0,0.756867,0,0,0,0.524945,4.28086,0.0680293,1.57971,0,0.171213,0,0.03761,0,0,0,-29.9995
"MtrElec",10,16,13,"",-21.6481,0,0,0,0.0264844,0,0.0330909,0,0,0.756867,0,0,0,0.440954,4.29385,0.0544234,1.5969,1.41802,0,1.32501,0.0453914,0,0,0,-31.6391
"MtrElec",10,16,14,"",-22.4727,0,0,0,0.0264844,0,0.0330909,0,0,0.756867,0,0,0,0.440954,4.38691,0.0498881,1.5929,1.0564,0.559643,0.439085,0.0415007,0,0,0,-31.8565
"MtrElec",10,16,15,"",-21.2521,0,0,0,0.0264844,0,0.0330909,0,0,0.756867,0,0,0,0.440954,4.53995,0.0498881,1.57716,0,0.185457,0,0.0440945,0,0,0,-28.9061
"MtrElec",10,16,16,"",-11.9635,2.56321,0,0,0.0264844,0,0.0330909,0.674403,0,0.756867,0,0,0,0.545943,4.66711,0.0544234,1.61137,0,0,0,0.0674386,0,0,0,-22.9639
"MtrElec",10,16,17,"",6.1213,9.33366,0,0,0.0264844,0,0.0330909,2.52099,0,0.756867,0,0,0,0.650932,5.25005,0.0861704,1.72041,0,0,0,0.149143,0,0,0,-14.4065
"MtrElec",10,16,18,"",21.841,13.1055,0,0,0.0264844,0,0.0330909,3.58538,0,0.756867,0,0,0,0.923903,6.0191,0.167805,1.86379,0,0,0,0.250301,0,0,0,-4.8913
"MtrElec",10,16,19,"",28.6176,12.3949,0,0,0,0,0.0330909,3.4506,0,0.756867,0,0,0,1.76382,6.54559,0.222229,1.94469,1.27235,0,0,0.233441,0,0,0,0
"MtrElec",10,16,20,"",24.3731,8.34084,0,0,0,0,0.0330909,2.39058,0,0.756867,0,0,0,2.45674,6.88721,0.294793,1.88312,1.2028,0,0,0.127096,0,0,0,0
"MtrElec",10,16,21,"",21.72,5.64373,0,0,0,0,0.0330909,1.67742,0,0.756867,0,0,0,2.37275,7.18169,0.412711,1.82289,0,0,1.76438,0.0544696,0,0,0,0
"MtrElec",10,16,22,"",18.3229,3.98878,0,0,0,0,0.0330909,1.21163,0,0.756867,0,0,0,2.01579,7.13932,0.476205,1.76826,0,0.74522,0.161806,0.0259379,0,0,0,0
"MtrElec",10,16,23,"",13.5492,1.90658,0,0,0,0,0.0330909,0.5893,0,0.756867,0,0,0,1.32286,6.34326,0.412711,1.67507,0,0.0683418,0.425533,0.0155628,0,0,0,0
"MtrElec",10,16,24,"",10.9876,1.18067,0,0,0,0,0.0330909,0.367178,0,0.756867,0,0,0,0.818914,5.44445,0.285723,1.61313,0,0.179732,0.294889,0.012969,0,0,0,0
"MtrElec",10,17,1,"",8.26344,0.524854,0,0,0,0,0.0330909,0.163844,0,0.756867,0,0,0,0.482949,4.39633,0.208623,1.56584,0,0.124552,0,0.00648448,0,0,0,0
"MtrElec",10,17,2,"",7.01231,0.0587767,0,0,0,0,0.0330909,0.0183909,0,0.756867,0,0,0,0.398958,4.04527,0.208623,1.48715,0,0,0,0.00518759,0,0,0,0
"MtrElec",10,17,3,"",9.89022,0.267075,0,0,0,0,0.0330909,0.0839042,0,0.756867,0,0,0,0.314967,3.83209,0.204088,1.46202,2.93223,0,0,0.00389069,0,0,0,0
"MtrElec",10,17,4,"",8.62604,0,0,0,0,0,0.0330909,0,0,0.756867,0,0,0,0.356963,3.82259,0.204088,1.4298,2.01875,0,0,0.00389069,0,0,0,0
"MtrElec",10,17,5,"",6.48921,0,0,0,0,0,0.0330909,0,0,0.756867,0,0,0,0.440954,3.63422,0.208623,1.41156,0,0,0,0.00389069,0,0,0,0
"MtrElec",10,17,6,"",6.98458,0,0,0,0,0,0.0330909,0,0,0.756867,0,0,0,0.650932,3.92392,0.204088,1.4092,0,0,0,0.00648448,0,0,0,0
"MtrElec",10,17,7,"",8.24572,0,0,0,0,0,0.0330909,0,0,0.756867,0,0,0,0.881908,4.38796,0.199552,1.46957,0,0,0.503799,0.012969,0,0,0,0
"MtrElec",10,17,8,"",5.25081,0,0,0,0.0264844,0,0.0330909,0,0,0.756867,0,0,0,0.86091,4.71545,0.185947,1.56211,0,0.21279,0.768643,0.0350162,0,0,0,-3.90651
"MtrElec",10,17,9,"",-4.04842,0,0,0,0.0264844,0,0.0330909,0,0,0.756867,0,0,0,0.713925,4.46699,0.16327,1.66121,0,0.324652,0.491988,0.062251,0,0,0,-12.7491
"MtrElec",10,17,10,"",-11.086,0,0,0,0.0264844,0,0.0330909,0,0,0.756867,0,0,0,0.608936,4.32211,0.136059,1.67629,0,0.207801,1.76435,0.062251,0,0,0,-20.6802
"MtrElec",10,17,11,"",-17.8978,0,0,0,0.0264844,0,0.0330909,0,0,0.756867,0,0,0,0.566941,4.39154,0.108847,1.6512,0,0.745207,0.358991,0.0596572,0,0,0,-26.5966
"MtrElec",10,17,12,"",-21.8316,0,0,0,0.0264844,0,0.0330909,0,0,0.756867,0,0,0,0.524945,4.31851,0.0725645,1.70001,0,0.151627,0.523204,0.0713293,0,0,0,-30.0102
"MtrElec",10,17,13,"",-22.5194,0,0,0,0.0264844,0,0.0330909,0,0,0.756867,0,0,0,0.440954,4.28436,0.0544234,1.74714,0,0.220986,0.882055,0.0817045,0,0,0,-31.0474
"MtrElec",10,17,14,"",-22.4423,0,0,0,0.0264844,0,0.0330909,0,0,0.756867,0,0,0,0.440954,4.41274,0.0498881,1.77555,0,0.372554,0,0.0765169,0,0,0,-30.3869
"MtrElec",10,17,15,"",-18.8992,0,0,0,0.0264844,0,0.0330909,0,0,0.756867,0,0,0,0.440954,4.62243,0.0498881,1.77219,0,0,0.882055,0.0804076,0,0,0,-27.5635
"MtrElec",10,17,16,"",-4.12478,7.58796,0,0,0.0264844,0,0.0330909,1.9158,0,0.756867,0,0,0,0.545943,4.85794,0.0544234,1.75876,0,0.372554,0,0.088189,0,0,0,-22.1228
"MtrElec",10,17,17,"",10.8559,12.7711,0,0,0.0264844,0,0.0330909,3.30133,0,0.756867,0,0,0,0.650932,5.42681,0.0861704,1.8051,0,0,0,0.118018,0,0,0,-14.12
"MtrElec",10,17,18,"",23.255,13.5052,0,0,0.0264844,0,0.0330909,3.58538,0,0.756867,0,0,0,0.923903,6.08981,0.172341,1.85947,0,0,0.882206,0.180269,0,0,0,-4.76002
"MtrElec",10,17,19,"",28.858,13.122,0,0,0,0,0.0330909,3.58538,0,0.756867,0,0,0,1.76382,6.53384,0.217694,1.89644,0,0.372617,0.408911,0.1673,0,0,0,0
"MtrElec",10,17,20,"",31.0438,12.214,0,0,0,0,0.0330909,3.43495,0,0.756867,0,0,0,2.45674,6.79066,0.272117,1.87159,2.47456,0.172712,0.473138,0.0933765,0,0,0,0
"MtrElec",10,17,21,"",24.1163,8.88873,0,0,0,0,0.0330909,2.56873,0,0.756867,0,0,0,2.37275,7.03799,0.376429,1.84033,0,0.199839,0,0.0415007,0,0,0,0
"MtrElec",10,17,22,"",19.1605,5.52543,0,0,0,0,0.0330909,1.62179,0,0.756867,0,0,0,2.01579,6.98155,0.444458,1.76338,0,0,0,0.0181566,0,0,0,0
"MtrElec",10,17,23,"",15.4367,3.8426,0,0,0,0,0.0330909,1.12845,0,0.756867,0,0,0,1.32286,6.25847,0.385499,1.69714,0,0,0,0.0116721,0,0,0,0
"MtrElec",10,17,24,"",12.1702,2.57056,0,0,0,0,0.0330909,0.751577,0,0.756867,0,0,0,0.818914,5.33642,0.267582,1.62871,0,0,0,0.00648448,0,0,0,0
"MtrElec",10,18,1,"",9.77892,1.8036,0,0,0,0,0.0330909,0.523862,0,0.756867,0,0,0,0.482949,4.39633,0.208623,1.56711,0,0,0,0.00648448,0,0,0,0
"MtrElec",10,18,2,"",8.74405,1.40214,0,0,0,0,0.0330909,0.403327,0,0.756867,0,0,0,0.398958,4.04527,0.208623,1.49059,0,0,0,0.00518759,0,0,0,0
"MtrElec",10,18,3,"",8.1755,1.21674,0,0,0,0,0.0330909,0.345935,0,0.756867,0,0,0,0.314967,3.83209,0.204088,1.46783,0,0,0,0.00389069,0,0,0,0
"MtrElec",10,18,4,"",8.04582,1.11732,0,0,0,0,0.0330909,0.313444,0,0.756867,0,0,0,0.356963,3.82259,0.204088,1.43757,0,0,0,0.00389069,0,0,0,0
"MtrElec",10,18,5,"",7.81754,1.03177,0,0,0,0,0.0330909,0.285248,0,0.756867,0,0,0,0.440954,3.63422,0.208623,1.42288,0,0,0,0.00389069,0,0,0,0
"MtrElec",10,18,6,"",8.69113,1.32867,0,0,0,0,0.0330909,0.361583,0,0.756867,0,0,0,0.650932,3.92392,0.204088,1.4255,0,0,0,0.00648448,0,0,0,0
"MtrElec",10,18,7,"",10.0297,1.78452,0,0,0,0,0.0330909,0.478678,0,0.756867,0,0,0,0.881908,4.38796,0.199552,1.49411,0,0,0,0.012969,0,0,0,0
"MtrElec",10,18,8,"",7.14751,0,0,0,0,0,0.0330909,0,0,0.756867,0,0,0,0.86091,4.71545,0.185947,1.58865,0,0,0,0.0350162,0,0,0,-1.02842
"MtrElec",10,18,9,"",4.442,0,0,0,0.0264844,0,0.0330909,0,0,0.756867,0,0,0,0.713925,4.46699,0.16327,1.68142,0,0,0,0.062251,0,0,0,-3.4623
"MtrElec",10,18,10,"",2.18997,0,0,0,0.0264844,0,0.0330909,0,0,0.756867,0,0,0,0.608936,4.32211,0.136059,1.7002,0,0,0.787529,0.062251,0,0,0,-6.24356
"MtrElec",10,18,11,"",-1.88022,0,0,0,0.0264844,0,0.0330909,0,0,0.756867,0,0,0,0.566941,4.39154,0.108847,1.66069,0.853184,0.332629,3.52669,0.0596572,0,0,0,-14.1968
"MtrElec",10,18,12,"",-4.42071,0,0,0,0.0264844,0,0.0330909,0,0,0.756867,0,0,0,0.524945,4.31851,0.0725645,1.69829,2.78123,1.48957,0.978263,0.0713293,0,0,0,-17.1719
"MtrElec",10,18,13,"",-13.5791,0,0,0,0.0264844,0,0.0330909,0,0,0.756867,0,0,0,0.440954,4.28436,0.0544234,1.74243,1.31657,0.413189,0.882055,0.0817045,0,0,0,-23.6113
"MtrElec",10,18,14,"",-22.7974,0,0,0,0.0264844,0,0.0330909,0,0,0.756867,0,0,0,0.440954,4.41274,0.0498881,1.76522,0,0.372554,0,0.0765169,0,0,0,-30.7318
"MtrElec",10,18,15,"",-19.6688,0,0,0,0.0264844,0,0.0330909,0,0,0.756867,0,0,0,0.440954,4.62243,0.0498881,1.75765,0,0,0,0.0804076,0,0,0,-27.4366
"MtrElec",10,18,16,"",-9.41695,1.07849,0,0,0.0264844,0,0.0330909,0.274024,0,0.756867,0,0,0,0.545943,4.85794,0.0544234,1.74431,0,0,0,0.088189,0,0,0,-18.8767
"MtrElec",10,18,17,"",8.55903,9.62986,0,0,0.0264844,0,0.0330909,2.53968,0,0.756867,0,0,0,0.650932,5.42681,0.0861704,1.79452,0,0,0,0.118018,0,0,0,-12.5034
"MtrElec",10,18,18,"",22.5874,13.1976,0,0,0.0264844,0,0.0330909,3.58538,0,0.756867,0,0,0,0.923903,6.08981,0.172341,1.85262,0,0,0,0.180269,0,0,0,-4.23102
"MtrElec",10,18,19,"",26.665,11.9639,0,0,0,0,0.0330909,3.33981,0,0.756867,0,0,0,1.76382,6.53384,0.217694,1.88876,0,0,0,0.1673,0,0,0,0
"MtrElec",10,18,20,"",22.2474,7.77455,0,0,0,0,0.0330909,2.20915,0,0.756867,0,0,0,2.45674,6.79066,0.272117,1.86088,0,0,0,0.0933765,0,0,0,0
"MtrElec",10,18,21,"",19.3553,5.34202,0,0,0,0,0.0330909,1.56037,0,0.756867,0,0,0,2.37275,7.03799,0.376429,1.8343,0,0,0,0.0415007,0,0,0,0
"MtrElec",10,18,22,"",16.5091,3.46073,0,0,0,0,0.0330909,1.03555,0,0.756867,0,0,0,2.01579,6.98155,0.444458,1.76286,0,0,0,0.0181566,0,0,0,0
"MtrElec",10,18,23,"",12.9963,1.94258,0,0,0,0,0.0330909,0.588167,0,0.756867,0,0,0,1.32286,6.25847,0.385499,1.69714,0,0,0,0.0116721,0,0,0,0
"MtrElec",10,18,24,"",10.1456,0.994535,0,0,0,0,0.0330909,0.302974,0,0.756867,0,0,0,0.818914,5.33642,0.267582,1.62871,0,0,0,0.00648448,0,0,0,0
"MtrElec",10,19,1,"",8.09566,0.516944,0,0,0,0,0.0330909,0.157543,0,0.756867,0,0,0,0.482949,4.38225,0.208623,1.55091,0,0,0,0.00648448,0,0,0,0
"MtrElec",10,19,2,"",9.30454,0.553285,0,0,0,0,0.0330909,0.168395,0,0.756867,0,0,0,0.398958,3.99586,0.208623,1.48664,1.69764,0,0,0.00518759,0,0,0,0
"MtrElec",10,19,3,"",7.46117,0.0571846,0,0,0,0,0.0330909,0.0173857,0,0.756867,0,0,0,0.314967,3.8439,0.208623,1.44604,0.777912,0,0,0.00518759,0,0,0,0
"MtrElec",10,19,4,"",6.603,0,0,0,0,0,0.0330909,0,0,0.756867,0,0,0,0.356963,3.82033,0.208623,1.42193,0,0,0,0.00518759,0,0,0,0
"MtrElec",10,19,5,"",6.49821,0,0,0,0,0,0.0330909,0,0,0.756867,0,0,0,0.440954,3.64603,0.208623,1.40746,0,0,0,0.00518759,0,0,0,0
"MtrElec",10,19,6,"",7.05055,0,0,0,0,0,0.0330909,0,0,0.756867,0,0,0,0.650932,3.93573,0.167805,1.48796,0,0,0,0.0181566,0,0,0,0
"MtrElec",10,19,7,"",7.91784,0,0,0,0,0,0.0330909,0,0,0.756867,0,0,0,0.881908,4.47044,0.158735,1.59216,0,0,0,0.024641,0,0,0,0
"MtrElec",10,19,8,"",5.04782,0,0,0,0,0,0.0330909,0,0,0.756867,0,0,0,0.86091,4.812,0.1542,1.67649,0,0,0,0.0324224,0,0,0,-3.27816
"MtrElec",10,19,9,"",-4.19386,0,0,0,0.0264844,0,0.0330909,0,0,0.756867,0,0,0,0.713925,4.48825,0.149664,1.64511,0,0,0,0.0337193,0,0,0,-12.041
"MtrElec",10,19,10,"",-12.53,0,0,0,0.0264844,0,0.0330909,0,0,0.756867,0,0,0,0.608936,4.235,0.126988,1.58277,0.484958,0,0,0.0285317,0,0,0,-20.4136
"MtrElec",10,19,11,"",-18.4095,0,0,0,0.0264844,0,0.0330909,0,0,0.756867,0,0,0,0.566941,4.28086,0.0997762,1.55563,1.69357,0,0,0.0272348,0,0,0,-27.45
"MtrElec",10,19,12,"",-20.4404,0,0,0,0.0264844,0,0.0330909,0,0,0.756867,0,0,0,0.524945,4.28086,0.0680293,1.57091,0.296245,0,0,0.03761,0,0,0,-28.0355
"MtrElec",10,19,13,"",-3.80121,0,0,0,0.0264844,0,0.0330909,0,0,0.756867,0,0,0,0.440954,4.29385,0.0544234,1.578,0,0,0.57195,0.0453914,0,0,0,-11.6022
"MtrElec",10,19,14,"",-5.128,0,0,0,0.0264844,0,0.0330909,0,0,0.756867,0,0,0,0.440954,4.38691,0.0498881,1.55759,0,0.241574,1.1926,0.0415007,0,0,0,-13.8555
"MtrElec",10,19,15,"",-4.01054,0,0,0,0.0264844,0,0.0330909,0,0,0.756867,0,0,0,0.440954,4.53995,0.0498881,1.53982,0,0.50372,0,0.0440945,0,0,0,-11.9454
"MtrElec",10,19,16,"",1.37563,0,0,0,0.0264844,0,0.0330909,0,0,0.756867,0,0,0,0.545943,4.66711,0.0544234,1.56676,0,0,0.882163,0.0674386,0,0,0,-7.22465
"MtrElec",10,19,17,"",6.34892,0,0,0,0.0264844,0,0.0330909,0,0,0.756867,0,0,0,0.650932,5.25005,0.0861704,1.66256,0,0.372599,0.881924,0.149143,0,0,0,-3.5209
"MtrElec",10,19,18,"",11.7954,2.73985,0,0,0.0264844,0,0.0330909,0.766004,0,0.756867,0,0,0,0.923903,6.0191,0.167805,1.81453,0,0.372498,0.882049,0.250301,0,0,0,-2.95712
"MtrElec",10,19,19,"",11.8458,0,0,0,0,0,0.0330909,0,0,0.756867,0,0,0,1.76382,6.54559,0.222229,1.91824,0,0.372551,0,0.233441,0,0,0,0
"MtrElec",10,19,20,"",12.4271,0,0,0,0,0,0.0330909,0,0,0.756867,0,0,0,2.45674,6.88721,0.294793,1.87129,0,0,0,0.127096,0,0,0,0
"MtrElec",10,19,21,"",12.6216,0,0,0,0,0,0.0330909,0,0,0.756867,0,0,0,2.37275,7.18169,0.412711,1.81005,0,0,0,0.0544696,0,0,0,0
"MtrElec",10,19,22,"",12.1998,0,0,0,0,0,0.0330909,0,0,0.756867,0,0,0,2.01579,7.13932,0.476205,1.75258,0,0,0,0.0259379,0,0,0,0
"MtrElec",10,19,23,"",10.5388,0,0,0,0,0,0.0330909,0,0,0.756867,0,0,0,1.32286,6.34326,0.412711,1.6544,0,0,0,0.0155628,0,0,0,0
"MtrElec",10,19,24,"",8.93288,0,0,0,0,0,0.0330909,0,0,0.756867,0,0,0,0.818914,5.44445,0.285723,1.58087,0,0,0,0.012969,0,0,0,0
"MtrElec",10,20,1,"",7.39538,0,0,0,0,0,0.0330909,0,0,0.756867,0,0,0,0.482949,4.38225,0.208623,1.52511,0,0,0,0.00648448,0,0,0,0
"MtrElec",10,20,2,"",6.86576,0,0,0,0,0,0.0330909,0,0,0.756867,0,0,0,0.398958,3.99586,0.208623,1.46717,0,0,0,0.00518759,0,0,0,0
"MtrElec",10,20,3,"",6.58987,0,0,0,0,0,0.0330909,0,0,0.756867,0,0,0,0.314967,3.8439,0.208623,1.42723,0,0,0,0.00518759,0,0,0,0
"MtrElec",10,20,4,"",6.58533,0,0,0,0,0,0.0330909,0,0,0.756867,0,0,0,0.356963,3.82033,0.208623,1.40427,0,0,0,0.00518759,0,0,0,0
"MtrElec",10,20,5,"",6.48037,0,0,0,0,0,0.0330909,0,0,0.756867,0,0,0,0.440954,3.64603,0.208623,1.38961,0,0,0,0.00518759,0,0,0,0
"MtrElec",10,20,6,"",7.0324,0,0,0,0,0,0.0330909,0,0,0.756867,0,0,0,0.650932,3.93573,0.167805,1.46982,0,0,0,0.0181566,0,0,0,0
"MtrElec",10,20,7,"",7.90582,0,0,0,0,0,0.0330909,0,0,0.756867,0,0,0,0.881908,4.47044,0.158735,1.58014,0,0,0,0.024641,0,0,0,0
"MtrElec",10,20,8,"",8.31901,0,0,0,0,0,0.0330909,0,0,0.756867,0,0,0,0.86091,4.812,0.1542,1.66952,0,0,0,0.0324224,0,0,0,0
"MtrElec",10,20,9,"",8.33546,0,0,0,0,0,0.0330909,0,0,0.756867,0,0,0,0.713925,4.48825,0.149664,1.63531,0,0,0.628229,0.0337193,0,0,0,-0.10359
"MtrElec",10,20,10,"",7.36456,0,0,0,0,0,0.0330909,0,0,0.756867,0,0,0,0.608936,4.235,0.126988,1.55834,0.484958,0.265345,0.253982,0.0285317,0,0,0,-0.987482
"MtrElec",10,20,11,"",2.97314,0,0,0,0.0264844,0,0.0330909,0,0,0.756867,0,0,0,0.566941,4.28086,0.0997762,1.51921,1.69357,0.107274,0,0.0272348,0,0,0,-6.13817
"MtrElec",10,20,12,"",-7.22511,0,0,0,0.0264844,0,0.0330909,0,0,0.756867,0,0,0,0.524945,4.28086,0.0680293,1.53044,0.296245,0,0,0.03761,0,0,0,-14.7797
"MtrElec",10,20,13,"",-4.74551,0,0,0,0.0264844,0,0.0330909,0,0,0.756867,0,0,0,0.440954,4.29385,0.0544234,1.54676,0,0,0,0.0453914,0,0,0,-11.9433
"MtrElec",10,20,14,"",-2.63265,0,0,0,0.0264844,0,0.0330909,0,0,0.756867,0,0,0,0.440954,4.38691,0.0498881,1.53025,0,0,1.33142,0.0415007,0,0,0,-11.23
"MtrElec",10,20,15,"",-2.05317,0,0,0,0.0264844,0,0.0330909,0,0,0.756867,0,0,0,0.440954,4.53995,0.0498881,1.52036,0,0.562354,0.868033,0.0440945,0,0,0,-10.8952
"MtrElec",10,20,16,"",-4.98566,0,0,0,0.0264844,0,0.0330909,0,0,0.756867,0,0,0,0.545943,4.66711,0.0544234,1.54517,0,0.366631,1.32877,0.0674386,0,0,0,-14.3776
"MtrElec",10,20,17,"",-3.4822,0,0,0,0.0264844,0,0.0330909,0,0,0.756867,0,0,0,0.650932,5.25005,0.0861704,1.63425,0,0.561234,0.881924,0.149143,0,0,0,-13.5123
"MtrElec",10,20,18,"",7.06075,0,0,0,0.0264844,0,0.0330909,0,0,0.756867,0,0,0,0.923903,6.0191,0.167805,1.78828,0,0.372498,0.882049,0.250301,0,0,0,-4.15962
"MtrElec",10,20,19,"",13.5361,0,0,0,0,0,0.0330909,0,0,0.756867,0,0,0,1.76382,6.54559,0.222229,1.8973,1.71125,0.372551,0,0.233441,0,0,0,0
"MtrElec",10,20,20,"",13.1752,0,0,0,0,0,0.0330909,0,0,0.756867,0,0,0,2.45674,6.88721,0.294793,1.85662,0.762762,0,0,0.127096,0,0,0,0
"MtrElec",10,20,21,"",12.6051,0,0,0,0,0,0.0330909,0,0,0.756867,0,0,0,2.37275,7.18169,0.412711,1.79354,0,0,0,0.0544696,0,0,0,0
"MtrElec",10,20,22,"",12.1793,0,0,0,0,0,0.0330909,0,0,0.756867,0,0,0,2.01579,7.13932,0.476205,1.73212,0,0,0,0.0259379,0,0,0,0
"MtrElec",10,20,23,"",10.517,0,0,0,0,0,0.0330909,0,0,0.756867,0,0,0,1.32286,6.34326,0.412711,1.63269,0,0,0,0.0155628,0,0,0,0
"MtrElec",10,20,24,"",8.9066,0,0,0,0,0,0.0330909,0,0,0.756867,0,0,0,0.818914,5.44445,0.285723,1.55459,0,0,0,0.012969,0,0,0,0
"MtrElec",10,21,1,"",8.25456,0,0,0,0,0,0.0330909,0,0,0.756867,0,0,0,0.482949,4.38225,0.208623,1.50223,0,0,0.882062,0.00648448,0,0,0,0
"MtrElec",10,21,2,"",7.21844,0,0,0,0,0,0.0330909,0,0,0.756867,0,0,0,0.398958,3.99586,0.208623,1.44729,0,0.372557,0,0.00518759,0,0,0,0
"MtrElec",10,21,3,"",6.56988,0,0,0,0,0,0.0330909,0,0,0.756867,0,0,0,0.314967,3.8439,0.208623,1.40724,0,0,0,0.00518759,0,0,0,0
"MtrElec",10,21,4,"",6.56494,0,0,0,0,0,0.0330909,0,0,0.756867,0,0,0,0.356963,3.82033,0.208623,1.38387,0,0,0,0.00518759,0,0,0,0
"MtrElec",10,21,5,"",6.45651,0,0,0,0,0,0.0330909,0,0,0.756867,0,0,0,0.440954,3.64603,0.208623,1.36575,0,0,0,0.00518759,0,0,0,0
"MtrElec",10,21,6,"",7.00286,0,0,0,0,0,0.0330909,0,0,0.756867,0,0,0,0.650932,3.93573,0.167805,1.44028,0,0,0,0.0181566,0,0,0,0
"MtrElec",10,21,7,"",8.76302,0,0,0,0,0,0.0330909,0,0,0.756867,0,0,0,0.881908,4.47044,0.158735,1.5551,0,0,0.882236,0.024641,0,0,0,0
"MtrElec",10,21,8,"",9.78829,0,0,0,0,0,0.0330909,0,0,0.756867,0,0,0,0.86091,4.812,0.1542,1.65018,0,0.37263,1.76389,0.0324224,0,0,0,-0.647911
"MtrElec",10,21,9,"",7.53794,0,0,0,0,0,0.0330909,0,0,0.756867,0,0,0,0.713925,4.48825,0.149664,1.6167,0,0.745014,0.915507,0.0337193,0,0,0,-1.9148
"MtrElec",10,21,10,"",6.02614,0,0,0,0,0,0.0330909,0,0,0.756867,0,0,0,0.608936,4.235,0.126988,1.53949,0,0.386683,0.848872,0.0285317,0,0,0,-2.53832
"MtrElec",10,21,11,"",4.81143,0,0,0,0.0264844,0,0.0330909,0,0,0.756867,0,0,0,0.566941,4.28086,0.0997762,1.50244,0,0.358538,1.76397,0.0272348,0,0,0,-4.60478
"MtrElec",10,21,12,"",0.050416,0,0,0,0.0264844,0,0.0330909,0,0,0.756867,0,0,0,0.524945,4.28086,0.0680293,1.51617,0,0.745048,0,0.03761,0,0,0,-7.93869
"MtrElec",10,21,13,"",2.11766,0,0,0,0.0264844,0,0.0330909,0,0,0.756867,0,0,0,0.440954,4.29385,0.0544234,1.53506,0,0,0,0.0453914,0,0,0,-5.06846
"MtrElec",10,21,14,"",-17.0584,0,0,0,0.0264844,0,0.0330909,0,0,0.756867,0,0,0,0.440954,4.38691,0.0498881,1.51648,0,0,0,0.0415007,0,0,0,-24.3106
"MtrElec",10,21,15,"",-16.5246,0,0,0,0.0264844,0,0.0330909,0,0,0.756867,0,0,0,0.440954,4.53995,0.0498881,1.50982,0,0,0.43918,0.0440945,0,0,0,-24.3649
"MtrElec",10,21,16,"",-13.4981,0,0,0,0.0264844,0,0.0330909,0,0,0.756867,0,0,0,0.545943,4.66711,0.0544234,1.53791,0,0.185496,0.442728,0.0674386,0,0,0,-21.8156
"MtrElec",10,21,17,"",-4.496,0,0,0,0.0264844,0,0.0330909,0,0,0.756867,0,0,0,0.650932,5.25005,0.0861704,1.62364,0,0.186995,0,0.149143,0,0,0,-13.2594
"MtrElec",10,21,18,"",6.03644,0,0,0,0.0264844,0,0.0330909,0,0,0.756867,0,0,0,0.923903,6.0191,0.167805,1.77632,0,0,0,0.250301,0,0,0,-3.91743
"MtrElec",10,21,19,"",12.321,0,0,0,0,0,0.0330909,0,0,0.756867,0,0,0,1.76382,6.54559,0.222229,1.88399,0,0,0.881967,0.233441,0,0,0,0
"MtrElec",10,21,20,"",12.7712,0,0,0,0,0,0.0330909,0,0,0.756867,0,0,0,2.45674,6.88721,0.294793,1.84286,0,0.372517,0,0.127096,0,0,0,0
"MtrElec",10,21,21,"",12.5884,0,0,0,0,0,0.0330909,0,0,0.756867,0,0,0,2.37275,7.18169,0.412711,1.77687,0,0,0,0.0544696,0,0,0,0
"MtrElec",10,21,22,"",13.0428,0,0,0,0,0,0.0330909,0,0,0.756867,0,0,0,2.01579,7.13932,0.476205,1.71352,0,0,0.882062,0.0259379,0,0,0,0
"MtrElec",10,21,23,"",10.8717,0,0,0,0,0,0.0330909,0,0,0.756867,0,0,0,1.32286,6.34326,0.412711,1.61479,0,0.372557,0,0.0155628,0,0,0,0
"MtrElec",10,21,24,"",8.88485,0,0,0,0,0,0.0330909,0,0,0.756867,0,0,0,0.818914,5.44445,0.285723,1.53284,0,0,0,0.012969,0,0,0,0
"MtrElec",10,22,1,"",7.35322,0,0,0,0,0,0.0330909,0,0,0.756867,0,0,0,0.482949,4.38225,0.208623,1.48295,0,0,0,0.00648448,0,0,0,0
"MtrElec",10,22,2,"",6.82844,0,0,0,0,0,0.0330909,0,0,0.756867,0,0,0,0.398958,3.99586,0.208623,1.42985,0,0,0,0.00518759,0,0,0,0
"MtrElec",10,22,3,"",6.55116,0,0,0,0,0,0.0330909,0,0,0.756867,0,0,0,0.314967,3.8439,0.208623,1.38852,0,0,0,0.00518759,0,0,0,0
"MtrElec",10,22,4,"",6.54678,0,0,0,0,0,0.0330909,0,0,0.756867,0,0,0,0.356963,3.82033,0.208623,1.36572,0,0,0,0.00518759,0,0,0,0
"MtrElec",10,22,5,"",6.43687,0,0,0,0,0,0.0330909,0,0,0.756867,0,0,0,0.440954,3.64603,0.208623,1.34611,0,0,0,0.00518759,0,0,0,0
"MtrElec",10,22,6,"",6.97969,0,0,0,0,0,0.0330909,0,0,0.756867,0,0,0,0.650932,3.93573,0.167805,1.41711,0,0,0,0.0181566,0,0,0,0
"MtrElec",10,22,7,"",7.86216,0,0,0,0,0,0.0330909,0,0,0.756867,0,0,0,0.881908,4.47044,0.158735,1.53648,0,0,0,0.024641,0,0,0,0
"MtrElec",10,22,8,"",6.67498,0,0,0,0,0,0.0330909,0,0,0.756867,0,0,0,0.86091,4.812,0.1542,1.63575,0,0,0.881945,0.0324224,0,0,0,-2.4922
"MtrElec",10,22,9,"",-1.92396,0,0,0,0.0264844,0,0.0330909,0,0,0.756867,0,0,0,0.713925,4.48825,0.149664,1.60054,0,0.372507,0.4939,0.0337193,0,0,0,-10.5929
"MtrElec",10,22,10,"",-8.08247,0,0,0,0.0264844,0,0.0330909,0,0,0.756867,0,0,0,0.608936,4.235,0.126988,1.52196,0.484958,0.208609,0.864884,0.0285317,0,0,0,-16.9788
"MtrElec",10,22,11,"",-5.29378,0,0,0,0.0264844,0,0.0330909,0,0,0.756867,0,0,0,0.566941,4.28086,0.0997762,1.48927,1.69357,0.365301,1.28735,0.0272348,0,0,0,-15.9205
"MtrElec",10,22,12,"",-15.4799,0,0,0,0.0264844,0,0.0330909,0,0,0.756867,0,0,0,0.524945,4.28086,0.0680293,1.50575,0.296245,0.543737,0,0.03761,0,0,0,-23.5535
"MtrElec",10,22,13,"",-18.8047,0,0,0,0.0264844,0,0.0330909,0,0,0.756867,0,0,0,0.440954,4.29385,0.0544234,1.52642,1.41802,0,0,0.0453914,0,0,0,-27.4002
"MtrElec",10,22,14,"",-23.5193,0,0,0,0.0264844,0,0.0330909,0,0,0.756867,0,0,0,0.440954,4.38691,0.0498881,1.51004,1.0564,0,0,0.0415007,0,0,0,-31.8214
"MtrElec",10,22,15,"",-20.9688,0,0,0,0.0264844,0,0.0330909,0,0,0.756867,0,0,0,0.440954,4.53995,0.0498881,1.506,0,0,0,0.0440945,0,0,0,-28.3661
"MtrElec",10,22,16,"",-11.1585,0,0,0,0.0264844,0,0.0330909,0,0,0.756867,0,0,0,0.545943,4.66711,0.0544234,1.53063,2.52655,0,0.882163,0.0674386,0,0,0,-22.2492
"MtrElec",10,22,17,"",-0.918403,0,0,0,0.0264844,0,0.0330909,0,0,0.756867,0,0,0,0.650932,5.25005,0.0861704,1.61457,2.95485,0.372599,0.881924,0.149143,0,0,0,-13.6951
"MtrElec",10,22,18,"",8.95075,0,0,0,0.0264844,0,0.0330909,0,0,0.756867,0,0,0,0.923903,6.0191,0.167805,1.76363,1.9438,0.372498,0.882049,0.250301,0,0,0,-4.18878
"MtrElec",10,22,19,"",11.7977,0,0,0,0,0,0.0330909,0,0,0.756867,0,0,0,1.76382,6.54559,0.222229,1.87007,0,0.372551,0,0.233441,0,0,0,0
"MtrElec",10,22,20,"",13.2684,0,0,0,0,0,0.0330909,0,0,0.756867,0,0,0,2.45674,6.88721,0.294793,1.83049,0,0,0.882094,0.127096,0,0,0,0
"MtrElec",10,22,21,"",13.583,0,0,0,0,0,0.0330909,0,0,0.756867,0,0,0,2.37275,7.18169,0.412711,1.76212,0,0.37257,0.636767,0.0544696,0,0,0,0
"MtrElec",10,22,22,"",12.6602,0,0,0,0,0,0.0330909,0,0,0.756867,0,0,0,2.01579,7.13932,0.476205,1.6987,0,0.268951,0.245309,0.0259379,0,0,0,0
"MtrElec",10,22,23,"",13.2874,0,0,0,0,0,0.0330909,0,0,0.756867,0,0,0,1.32286,6.34326,0.412711,1.59927,2.47514,0.103611,0.225027,0.0155628,0,0,0,0
"MtrElec",10,22,24,"",9.61704,0,0,0,0,0,0.0330909,0,0,0.756867,0,0,0,0.818914,5.44445,0.285723,1.5131,0,0.0950445,0.656879,0.012969,0,0,0,0
"MtrElec",10,23,1,"",7.6152,0,0,0,0,0,0.0330909,0,0,0.756867,0,0,0,0.482949,4.38225,0.208623,1.46748,0,0.277446,0,0.00648448,0,0,0,0
"MtrElec",10,23,2,"",6.81616,0,0,0,0,0,0.0330909,0,0,0.756867,0,0,0,0.398958,3.99586,0.208623,1.41757,0,0,0,0.00518759,0,0,0,0
"MtrElec",10,23,3,"",6.53834,0,0,0,0,0,0.0330909,0,0,0.756867,0,0,0,0.314967,3.8439,0.208623,1.3757,0,0,0,0.00518759,0,0,0,0
"MtrElec",10,23,4,"",6.53346,0,0,0,0,0,0.0330909,0,0,0.756867,0,0,0,0.356963,3.82033,0.208623,1.3524,0,0,0,0.00518759,0,0,0,0
"MtrElec",10,23,5,"",6.42121,0,0,0,0,0,0.0330909,0,0,0.756867,0,0,0,0.440954,3.64603,0.208623,1.33046,0,0,0,0.00518759,0,0,0,0
"MtrElec",10,23,6,"",6.95988,0,0,0,0,0,0.0330909,0,0,0.756867,0,0,0,0.650932,3.93573,0.167805,1.3973,0,0,0,0.0181566,0,0,0,0
"MtrElec",10,23,7,"",7.84478,0,0,0,0,0,0.0330909,0,0,0.756867,0,0,0,0.881908,4.47044,0.158735,1.5191,0,0,0,0.024641,0,0,0,0
"MtrElec",10,23,8,"",4.83996,0,0,0,0,0,0.0330909,0,0,0.756867,0,0,0,0.86091,4.812,0.1542,1.62142,0,0,0,0.0324224,0,0,0,-3.43095
"MtrElec",10,23,9,"",-1.44937,0,0,0,0.0264844,0,0.0330909,0,0,0.756867,0,0,0,0.713925,4.48825,0.149664,1.58118,2.62148,0,0.881806,0.0337193,0,0,0,-12.7358
"MtrElec",10,23,10,"",-10.489,0,0,0,0.0264844,0,0.0330909,0,0,0.756867,0,0,0,0.608936,4.235,0.126988,1.49598,2.32894,0.372449,1.35845,0.0285317,0,0,0,-21.8607
"MtrElec",10,23,11,"",-19.4814,0,0,0,0.0264844,0,0.0330909,0,0,0.756867,0,0,0,0.566941,4.28086,0.0997762,1.46238,0,0.57377,1.26712,0.0272348,0,0,0,-28.576
"MtrElec",10,23,12,"",-25.1215,0,0,0,0.0264844,0,0.0330909,0,0,0.756867,0,0,0,0.524945,4.28086,0.0680293,1.47965,0,0.535195,0.020165,0.03761,0,0,0,-32.8844
"MtrElec",10,23,13,"",-26.6645,0,0,0,0.0264844,0,0.0330909,0,0,0.756867,0,0,0,0.440954,4.29385,0.0544234,1.50355,0,0.00851711,0.412509,0.0453914,0,0,0,-34.2401
"MtrElec",10,23,14,"",-24.8819,0,0,0,0.0264844,0,0.0330909,0,0,0.756867,0,0,0,0.440954,4.38691,0.0498881,1.48272,0,0.174231,0.469537,0.0415007,0,0,0,-32.7441
"MtrElec",10,23,15,"",-20.8259,0,0,0,0.0264844,0,0.0330909,0,0,0.756867,0,0,0,0.440954,4.53995,0.0498881,1.48375,0,0.198319,0.673737,0.0440945,0,0,0,-29.073
"MtrElec",10,23,16,"",-13.8697,0,0,0,0.0264844,0,0.0330909,0,0,0.756867,0,0,0,0.545943,4.66711,0.0544234,1.50847,0,0.284566,1.09008,0.0674386,0,0,0,-22.9042
"MtrElec",10,23,17,"",-5.15503,0,0,0,0.0264844,0,0.0330909,0,0,0.756867,0,0,0,0.650932,5.25005,0.0861704,1.58706,0,0.460417,0,0.149143,0,0,0,-14.1552
"MtrElec",10,23,18,"",6.01751,0,0,0,0.0264844,0,0.0330909,0,0,0.756867,0,0,0,0.923903,6.0191,0.167805,1.73472,0,0,0.463257,0.250301,0,0,0,-4.35802
"MtrElec",10,23,19,"",12.0153,0,0,0,0,0,0.0330909,0,0,0.756867,0,0,0,1.76382,6.54559,0.222229,1.84566,0,0.195666,0.418981,0.233441,0,0,0,0
"MtrElec",10,23,20,"",12.5464,0,0,0,0,0,0.0330909,0,0,0.756867,0,0,0,2.45674,6.88721,0.294793,1.81361,0,0.176965,0,0.127096,0,0,0,0
"MtrElec",10,23,21,"",12.5545,0,0,0,0,0,0.0330909,0,0,0.756867,0,0,0,2.37275,7.18169,0.412711,1.74292,0,0,0,0.0544696,0,0,0,0
"MtrElec",10,23,22,"",12.1197,0,0,0,0,0,0.0330909,0,0,0.756867,0,0,0,2.01579,7.13932,0.476205,1.67253,0,0,0,0.0259379,0,0,0,0
"MtrElec",10,23,23,"",10.4514,0,0,0,0,0,0.0330909,0,0,0.756867,0,0,0,1.32286,6.34326,0.412711,1.56708,0,0,0,0.0155628,0,0,0,0
"MtrElec",10,23,24,"",8.82168,0,0,0,0,0,0.0330909,0,0,0.756867,0,0,0,0.818914,5.44445,0.285723,1.46966,0,0,0,0.012969,0,0,0,0
"MtrElec",10,24,1,"",7.34577,0,0,0,0,0,0.0330909,0,0,0.756867,0,0,0,0.482949,4.39633,0.208623,1.46142,0,0,0,0.00648448,0,0,0,0
"MtrElec",10,24,2,"",6.84329,0,0,0,0,0,0.0330909,0,0,0.756867,0,0,0,0.398958,4.04527,0.208623,1.3953,0,0,0,0.00518759,0,0,0,0
"MtrElec",10,24,3,"",6.51615,0,0,0,0,0,0.0330909,0,0,0.756867,0,0,0,0.314967,3.83209,0.204088,1.37115,0,0,0,0.00389069,0,0,0,0
"MtrElec",10,24,4,"",6.51657,0,0,0,0,0,0.0330909,0,0,0.756867,0,0,0,0.356963,3.82259,0.204088,1.33907,0,0,0,0.00389069,0,0,0,0
"MtrElec",10,24,5,"",6.38576,0,0,0,0,0,0.0330909,0,0,0.756867,0,0,0,0.440954,3.63422,0.208623,1.30811,0,0,0,0.00389069,0,0,0,0
"MtrElec",10,24,6,"",6.87909,0,0,0,0,0,0.0330909,0,0,0.756867,0,0,0,0.650932,3.92392,0.204088,1.30372,0,0,0,0.00648448,0,0,0,0
"MtrElec",10,24,7,"",7.6206,0,0,0,0,0,0.0330909,0,0,0.756867,0,0,0,0.881908,4.38796,0.199552,1.34825,0,0,0,0.012969,0,0,0,0
"MtrElec",10,24,8,"",5.40734,0,0,0,0,0,0.0330909,0,0,0.756867,0,0,0,0.86091,4.71545,0.185947,1.44793,1.15916,0,0,0.0350162,0,0,0,-3.78703
"MtrElec",10,24,9,"",-4.11682,0,0,0,0.0264844,0,0.0330909,0,0,0.756867,0,0,0,0.713925,4.46699,0.16327,1.58597,1.31639,0,0,0.062251,0,0,0,-13.2421
"MtrElec",10,24,10,"",-14.2097,0,0,0,0.0264844,0,0.0330909,0,0,0.756867,0,0,0,0.608936,4.32211,0.136059,1.56979,0,0,0.393765,0.062251,0,0,0,-22.119
"MtrElec",10,24,11,"",-19.3371,0,0,0,0.0264844,0,0.0330909,0,0,0.756867,0,0,0,0.566941,4.39154,0.108847,1.54439,0,0.166314,1.7295,0.0596572,0,0,0,-28.7208
"MtrElec",10,24,12,"",-24.1899,0,0,0,0.0264844,0,0.0330909,0,0,0.756867,0,0,0,0.524945,4.31851,0.0725645,1.58254,0,0.730487,0.523204,0.0713293,0,0,0,-32.8299
"MtrElec",10,24,13,"",-25.7745,0,0,0,0.0264844,0,0.0330909,0,0,0.756867,0,0,0,0.440954,4.28436,0.0544234,1.61942,0,0.220986,0.882055,0.0817045,0,0,0,-34.1749
"MtrElec",10,24,14,"",-25.2865,0,0,0,0.0264844,0,0.0330909,0,0,0.756867,0,0,0,0.440954,4.41274,0.0498881,1.64074,0,0.372554,0,0.0765169,0,0,0,-33.0963
"MtrElec",10,24,15,"",-20.9985,0,0,0,0.0264844,0,0.0330909,0,0,0.756867,0,0,0,0.440954,4.62243,0.0498881,1.62456,0,0,0.882055,0.0804076,0,0,0,-29.5152
"MtrElec",10,24,16,"",-14.9377,0,0,0,0.0264844,0,0.0330909,0,0,0.756867,0,0,0,0.545943,4.85794,0.0544234,1.64073,0,0.372554,0,0.088189,0,0,0,-23.314
"MtrElec",10,24,17,"",-5.62486,0,0,0,0.0264844,0,0.0330909,0,0,0.756867,0,0,0,0.650932,5.42681,0.0861704,1.64487,0,0,0,0.118018,0,0,0,-14.3681
"MtrElec",10,24,18,"",5.69808,0,0,0,0.0264844,0,0.0330909,0,0,0.756867,0,0,0,0.923903,6.08981,0.172341,1.72691,0,0,0,0.180269,0,0,0,-4.21159
"MtrElec",10,24,19,"",11.2875,0,0,0,0,0,0.0330909,0,0,0.756867,0,0,0,1.76382,6.53384,0.217694,1.81494,0,0,0,0.1673,0,0,0,0
"MtrElec",10,24,20,"",12.1896,0,0,0,0,0,0.0330909,0,0,0.756867,0,0,0,2.45674,6.79066,0.272117,1.7867,0,0,0,0.0933765,0,0,0,0
"MtrElec",10,24,21,"",12.3672,0,0,0,0,0,0.0330909,0,0,0.756867,0,0,0,2.37275,7.03799,0.376429,1.7486,0,0,0,0.0415007,0,0,0,0
"MtrElec",10,24,22,"",11.9254,0,0,0,0,0,0.0330909,0,0,0.756867,0,0,0,2.01579,6.98155,0.444458,1.67549,0,0,0,0.0181566,0,0,0,0
"MtrElec",10,24,23,"",11.2228,0,0,0,0,0,0.0330909,0,0,0.756867,0,0,0,1.32286,6.25847,0.385499,1.57224,0,0,0.882053,0.0116721,0,0,0,0
"MtrElec",10,24,24,"",9.13796,0,0,0,0,0,0.0330909,0,0,0.756867,0,0,0,0.818914,5.33642,0.267582,1.54605,0,0.372553,0,0.00648448,0,0,0,0
"MtrElec",10,25,1,"",12.2957,0,0,0,0,0,0.0330909,0,0,0.756867,0,0,0,0.482949,4.39633,0.208623,1.45998,4.95139,0,0,0.00648448,0,0,0,0
"MtrElec",10,25,2,"",6.84463,0,0,0,0,0,0.0330909,0,0,0.756867,0,0,0,0.398958,4.04527,0.208623,1.39664,0,0,0,0.00518759,0,0,0,0
"MtrElec",10,25,3,"",6.51849,0,0,0,0,0,0.0330909,0,0,0.756867,0,0,0,0.314967,3.83209,0.204088,1.37349,0,0,0,0.00389069,0,0,0,0
"MtrElec",10,25,4,"",6.51924,0,0,0,0,0,0.0330909,0,0,0.756867,0,0,0,0.356963,3.82259,0.204088,1.34174,0,0,0,0.00389069,0,0,0,0
"MtrElec",10,25,5,"",6.39027,0,0,0,0,0,0.0330909,0,0,0.756867,0,0,0,0.440954,3.63422,0.208623,1.31263,0,0,0,0.00389069,0,0,0,0
"MtrElec",10,25,6,"",6.8857,0,0,0,0,0,0.0330909,0,0,0.756867,0,0,0,0.650932,3.92392,0.204088,1.31033,0,0,0,0.00648448,0,0,0,0
"MtrElec",10,25,7,"",7.63091,0,0,0,0,0,0.0330909,0,0,0.756867,0,0,0,0.881908,4.38796,0.199552,1.35856,0,0,0,0.012969,0,0,0,0
"MtrElec",10,25,8,"",4.57735,0,0,0,0.0264844,0,0.0330909,0,0,0.756867,0,0,0,0.86091,4.71545,0.185947,1.46056,0,0,0,0.0350162,0,0,0,-3.49697
"MtrElec",10,25,9,"",-4.73454,0,0,0,0.0264844,0,0.0330909,0,0,0.756867,0,0,0,0.713925,4.46699,0.16327,1.59611,0,0,0,0.062251,0,0,0,-12.5535
"MtrElec",10,25,10,"",-13.7521,0,0,0,0.0264844,0,0.0330909,0,0,0.756867,0,0,0,0.608936,4.32211,0.136059,1.58813,0,0,0,0.062251,0,0,0,-21.286
"MtrElec",10,25,11,"",-20.3996,0,0,0,0.0264844,0,0.0330909,0,0,0.756867,0,0,0,0.566941,4.39154,0.108847,1.5647,0,0,0,0.0596572,0,0,0,-27.9077
"MtrElec",10,25,12,"",-24.4973,0,0,0,0.0264844,0,0.0330909,0,0,0.756867,0,0,0,0.524945,4.31851,0.0725645,1.6067,0,0,0,0.0713293,0,0,0,-31.9078
"MtrElec",10,25,13,"",-25.2798,0,0,0,0.0264844,0,0.0330909,0,0,0.756867,0,0,0,0.440954,4.28436,0.0544234,1.64755,0,0,0.882003,0.0817045,0,0,0,-33.4872
"MtrElec",10,25,14,"",-24.7572,0,0,0,0.0264844,0,0.0330909,0,0,0.756867,0,0,0,0.440954,4.41274,0.0498881,1.6716,0,0.372532,0,0.0765169,0,0,0,-32.5979
"MtrElec",10,25,15,"",-21.1341,0,0,0,0.0264844,0,0.0330909,0,0,0.756867,0,0,0,0.440954,4.62243,0.0498881,1.65842,0,0,0,0.0804076,0,0,0,-28.8027
"MtrElec",10,25,16,"",-13.891,0,0,0,0.0264844,0,0.0330909,0,0,0.756867,0,0,0,0.545943,4.85794,0.0544234,1.66373,0,0,0.614468,0.088189,0,0,0,-22.5322
"MtrElec",10,25,17,"",-1.99682,0,0,0,0.0264844,0,0.0330909,0,0,0.756867,0,0,0,0.650932,5.42681,0.0861704,1.67676,2.47485,0.259533,0.267453,0.118018,0,0,0,-13.7738
"MtrElec",10,25,18,"",6.96342,0,0,0,0.0264844,0,0.0330909,0,0,0.756867,0,0,0,0.923903,6.08981,0.172341,1.75829,0,0.112964,0.882206,0.180269,0,0,0,-3.97281
"MtrElec",10,25,19,"",12.0901,0,0,0,0,0,0.0330909,0,0,0.756867,0,0,0,1.76382,6.53384,0.217694,1.83602,0,0.372617,0.408911,0.1673,0,0,0,0
"MtrElec",10,25,20,"",12.8597,0,0,0,0,0,0.0330909,0,0,0.756867,0,0,0,2.45674,6.79066,0.272117,1.81099,0,0.172712,0.473138,0.0933765,0,0,0,0
"MtrElec",10,25,21,"",13.1316,0,0,0,0,0,0.0330909,0,0,0.756867,0,0,0,2.37275,7.03799,0.376429,1.77728,0,0.199839,0.5358,0.0415007,0,0,0,0
"MtrElec",10,25,22,"",13.4075,0,0,0,0,0,0.0330909,0,0,0.756867,0,0,0,2.01579,6.98155,0.444458,1.70271,0,0.226306,1.2286,0.0181566,0,0,0,0
"MtrElec",10,25,23,"",10.8946,0,0,0,0,0,0.0330909,0,0,0.756867,0,0,0,1.32286,6.25847,0.385499,1.60719,0,0.518924,0,0.0116721,0,0,0,0
"MtrElec",10,25,24,"",8.78575,0,0,0,0,0,0.0330909,0,0,0.756867,0,0,0,0.818914,5.33642,0.267582,1.56639,0,0,0,0.00648448,0,0,0,0
"MtrElec",10,26,1,"",7.32849,0,0,0,0,0,0.0330909,0,0,0.756867,0,0,0,0.482949,4.38225,0.208623,1.45822,0,0,0,0.00648448,0,0,0,0
"MtrElec",10,26,2,"",6.80847,0,0,0,0,0,0.0330909,0,0,0.756867,0,0,0,0.398958,3.99586,0.208623,1.40988,0,0,0,0.00518759,0,0,0,0
"MtrElec",10,26,3,"",6.53086,0,0,0,0,0,0.0330909,0,0,0.756867,0,0,0,0.314967,3.8439,0.208623,1.36822,0,0,0,0.00518759,0,0,0,0
"MtrElec",10,26,4,"",6.52626,0,0,0,0,0,0.0330909,0,0,0.756867,0,0,0,0.356963,3.82033,0.208623,1.3452,0,0,0,0.00518759,0,0,0,0
"MtrElec",10,26,5,"",6.41298,0,0,0,0,0,0.0330909,0,0,0.756867,0,0,0,0.440954,3.64603,0.208623,1.32223,0,0,0,0.00518759,0,0,0,0
"MtrElec",10,26,6,"",6.94952,0,0,0,0,0,0.0330909,0,0,0.756867,0,0,0,0.650932,3.93573,0.167805,1.38694,0,0,0,0.0181566,0,0,0,0
"MtrElec",10,26,7,"",7.8358,0,0,0,0,0,0.0330909,0,0,0.756867,0,0,0,0.881908,4.47044,0.158735,1.51012,0,0,0,0.024641,0,0,0,0
"MtrElec",10,26,8,"",4.91163,0,0,0,0,0,0.0330909,0,0,0.756867,0,0,0,0.86091,4.812,0.1542,1.6142,0,0,0,0.0324224,0,0,0,-3.35206
"MtrElec",10,26,9,"",-4.9628,0,0,0,0.0264844,0,0.0330909,0,0,0.756867,0,0,0,0.713925,4.48825,0.149664,1.57393,0,0,0,0.0337193,0,0,0,-12.7387
"MtrElec",10,26,10,"",-12.1473,0,0,0,0.0264844,0,0.0330909,0,0,0.756867,0,0,0,0.608936,4.235,0.126988,1.49153,0,0,1.76447,0.0285317,0,0,0,-21.2192
"MtrElec",10,26,11,"",-19.2079,0,0,0,0.0264844,0,0.0330909,0,0,0.756867,0,0,0,0.566941,4.28086,0.0997762,1.47052,0,0.74526,0,0.0272348,0,0,0,-27.215
"MtrElec",10,26,12,"",-23.5909,0,0,0,0.0264844,0,0.0330909,0,0,0.756867,0,0,0,0.524945,4.28086,0.0680293,1.49858,0,0,0,0.03761,0,0,0,-30.8174
"MtrElec",10,26,13,"",-24.8719,0,0,0,0.0264844,0,0.0330909,0,0,0.756867,0,0,0,0.440954,4.29385,0.0544234,1.52811,0,0,0,0.0453914,0,0,0,-32.0511
"MtrElec",10,26,14,"",-24.0922,0,0,0,0.0264844,0,0.0330909,0,0,0.756867,0,0,0,0.440954,4.38691,0.0498881,1.51854,0,0,0,0.0415007,0,0,0,-31.3464
"MtrElec",10,26,15,"",-20.3928,0,0,0,0.0264844,0,0.0330909,0,0,0.756867,0,0,0,0.440954,4.53995,0.0498881,1.5179,0,0,0.336868,0.0440945,0,0,0,-28.1389
"MtrElec",10,26,16,"",-13.4227,0,0,0,0.0264844,0,0.0330909,0,0,0.756867,0,0,0,0.545943,4.66711,0.0544234,1.5506,0,0.142283,0.545039,0.0674386,0,0,0,-21.812
"MtrElec",10,26,17,"",-4.44036,0,0,0,0.0264844,0,0.0330909,0,0,0.756867,0,0,0,0.650932,5.25005,0.0861704,1.65264,0,0.230208,0,0.149143,0,0,0,-13.2759
"MtrElec",10,26,18,"",10.8202,3.60629,0,0,0,0,0.0330909,1.03052,0,0.756867,0,0,0,0.923903,6.0191,0.167805,1.8157,0,0,0,0.250301,0,0,0,-3.7834
"MtrElec",10,26,19,"",14.1513,2.08294,0,0,0,0,0.0330909,0.597321,0,0.756867,0,0,0,1.76382,6.54559,0.222229,1.91597,0,0,0,0.233441,0,0,0,0
"MtrElec",10,26,20,"",14.7297,1.77914,0,0,0,0,0.0330909,0.522702,0,0.756867,0,0,0,2.45674,6.88721,0.294793,1.87209,0,0,0,0.127096,0,0,0,0
"MtrElec",10,26,21,"",14.4059,1.36278,0,0,0,0,0.0330909,0.416152,0,0.756867,0,0,0,2.37275,7.18169,0.412711,1.81535,0,0,0,0.0544696,0,0,0,0
"MtrElec",10,26,22,"",15.2097,1.19639,0,0,0,0,0.0330909,0.375788,0,0.756867,0,0,0,2.01579,7.13932,0.476205,1.75933,1.26921,0,0.161806,0.0259379,0,0,0,0
"MtrElec",10,26,23,"",12.3692,0.0911857,0,0,0,0,0.0330909,0.0290119,0,0.756867,0,0,0,1.32286,6.34326,0.412711,1.66441,1.20634,0.0683418,0.425533,0.0155628,0,0,0,0
"MtrElec",10,26,24,"",9.58212,0.120461,0,0,0,0,0.0330909,0.040876,0,0.756867,0,0,0,0.818914,5.44445,0.285723,1.59416,0,0.179732,0.294889,0.012969,0,0,0,0
"MtrElec",10,27,1,"",7.52701,0,0,0,0,0,0.0330909,0,0,0.756867,0,0,0,0.482949,4.38225,0.208623,1.53219,0,0.124552,0,0.00648448,0,0,0,0
"MtrElec",10,27,2,"",10.2641,0,0,0,0,0,0.0330909,0,0,0.756867,0,0,0,0.398958,3.99586,0.208623,1.47024,3.39527,0,0,0.00518759,0,0,0,0
"MtrElec",10,27,3,"",8.14763,0,0,0,0,0,0.0330909,0,0,0.756867,0,0,0,0.314967,3.8439,0.208623,1.42917,1.55582,0,0,0.00518759,0,0,0,0
"MtrElec",10,27,4,"",6.58502,0,0,0,0,0,0.0330909,0,0,0.756867,0,0,0,0.356963,3.82033,0.208623,1.40396,0,0,0,0.00518759,0,0,0,0
"MtrElec",10,27,5,"",6.47557,0,0,0,0,0,0.0330909,0,0,0.756867,0,0,0,0.440954,3.64603,0.208623,1.38481,0,0,0,0.00518759,0,0,0,0
"MtrElec",10,27,6,"",7.02113,0,0,0,0,0,0.0330909,0,0,0.756867,0,0,0,0.650932,3.93573,0.167805,1.45855,0,0,0,0.0181566,0,0,0,0
"MtrElec",10,27,7,"",8.77437,0,0,0,0,0,0.0330909,0,0,0.756867,0,0,0,0.881908,4.47044,0.158735,1.56645,0,0,0.882236,0.024641,0,0,0,0
"MtrElec",10,27,8,"",5.23771,0,0,0,0,0,0.0330909,0,0,0.756867,0,0,0,0.86091,4.812,0.1542,1.65606,0,0.37263,0,0.0324224,0,0,0,-3.44047
"MtrElec",10,27,9,"",-2.54735,0,0,0,0.0264844,0,0.0330909,0,0,0.756867,0,0,0,0.713925,4.48825,0.149664,1.61829,1.26088,0,0.881806,0.0337193,0,0,0,-12.5103
"MtrElec",10,27,10,"",-10.9942,0,0,0,0.0264844,0,0.0330909,0,0,0.756867,0,0,0,0.608936,4.235,0.126988,1.54655,1.69955,0.372449,0.476651,0.0285317,0,0,0,-20.9053
"MtrElec",10,27,11,"",-17.639,0,0,0,0.0264844,0,0.0330909,0,0,0.756867,0,0,0,0.566941,4.28086,0.0997762,1.52457,1.69357,0.201323,0.405362,0.0272348,0,0,0,-27.2551
"MtrElec",10,27,12,"",-22.0962,0,0,0,0.0264844,0,0.0330909,0,0,0.756867,0,0,0,0.524945,4.28086,0.0680293,1.54894,0.296245,0.171213,0.882056,0.03761,0,0,0,-30.7225
"MtrElec",10,27,13,"",-24.1607,0,0,0,0.0264844,0,0.0330909,0,0,0.756867,0,0,0,0.440954,4.29385,0.0544234,1.5713,0,0.372554,0.412509,0.0453914,0,0,0,-32.1681
"MtrElec",10,27,14,"",-23.9514,0,0,0,0.0264844,0,0.0330909,0,0,0.756867,0,0,0,0.440954,4.38691,0.0498881,1.56522,0,0.174231,0.469537,0.0415007,0,0,0,-31.8961
"MtrElec",10,27,15,"",-20.8834,0,0,0,0.0264844,0,0.0330909,0,0,0.756867,0,0,0,0.440954,4.53995,0.0498881,1.55207,0,0.198319,0.43918,0.0440945,0,0,0,-28.9643
"MtrElec",10,27,16,"",-13.2854,0,0,0,0.0264844,0,0.0330909,0,0,0.756867,0,0,0,0.545943,4.66711,0.0544234,1.57588,0,0.185496,1.32489,0.0674386,0,0,0,-22.523
"MtrElec",10,27,17,"",-0.0977158,2.60464,0,0,0.0264844,0,0.0330909,0.769877,0,0.756867,0,0,0,0.650932,5.25005,0.0861704,1.67325,0,0.559594,0.881924,0.149143,0,0,0,-13.5397
"MtrElec",10,27,18,"",16.9316,6.99114,0,0,0.0264844,0,0.0330909,2.03365,0,0.756867,0,0,0,0.923903,6.0191,0.167805,1.83466,0,0.372498,1.34531,0.250301,0,0,0,-3.82319
"MtrElec",10,27,19,"",18.9951,4.35946,0,0,0,0,0.0330909,1.28349,0,0.756867,0,0,0,1.76382,6.54559,0.222229,1.92797,0,0.568217,1.30095,0.233441,0,0,0,0
"MtrElec",10,27,20,"",17.6686,3.62011,0,0,0,0,0.0330909,1.06411,0,0.756867,0,0,0,2.45674,6.88721,0.294793,1.87907,0,0.549482,0,0.127096,0,0,0,0
"MtrElec",10,27,21,"",15.8467,2.47319,0,0,0,0,0.0330909,0.739104,0,0.756867,0,0,0,2.37275,7.18169,0.412711,1.82287,0,0,0,0.0544696,0,0,0,0
"MtrElec",10,27,22,"",14.3342,1.61592,0,0,0,0,0.0330909,0.502845,0,0.756867,0,0,0,2.01579,7.13932,0.476205,1.76823,0,0,0,0.0259379,0,0,0,0
"MtrElec",10,27,23,"",10.5583,0,0,0,0,0,0.0330909,0,0,0.756867,0,0,0,1.32286,6.34326,0.412711,1.67395,0,0,0,0.0155628,0,0,0,0
"MtrElec",10,27,24,"",8.98076,0.0198881,0,0,0,0,0.0330909,0.00686874,0,0.756867,0,0,0,0.818914,5.44445,0.285723,1.602,0,0,0,0.012969,0,0,0,0
"MtrElec",10,28,1,"",7.40912,0,0,0,0,0,0.0330909,0,0,0.756867,0,0,0,0.482949,4.38225,0.208623,1.53886,0,0,0,0.00648448,0,0,0,0
"MtrElec",10,28,2,"",6.87506,0,0,0,0,0,0.0330909,0,0,0.756867,0,0,0,0.398958,3.99586,0.208623,1.47647,0,0,0,0.00518759,0,0,0,0
"MtrElec",10,28,3,"",6.59587,0,0,0,0,0,0.0330909,0,0,0.756867,0,0,0,0.314967,3.8439,0.208623,1.43322,0,0,0,0.00518759,0,0,0,0
"MtrElec",10,28,4,"",6.58715,0,0,0,0,0,0.0330909,0,0,0.756867,0,0,0,0.356963,3.82033,0.208623,1.40609,0,0,0,0.00518759,0,0,0,0
"MtrElec",10,28,5,"",6.47727,0,0,0,0,0,0.0330909,0,0,0.756867,0,0,0,0.440954,3.64603,0.208623,1.38651,0,0,0,0.00518759,0,0,0,0
"MtrElec",10,28,6,"",7.0217,0,0,0,0,0,0.0330909,0,0,0.756867,0,0,0,0.650932,3.93573,0.167805,1.45912,0,0,0,0.0181566,0,0,0,0
"MtrElec",10,28,7,"",7.8907,0,0,0,0,0,0.0330909,0,0,0.756867,0,0,0,0.881908,4.47044,0.158735,1.56502,0,0,0,0.024641,0,0,0,0
"MtrElec",10,28,8,"",4.89931,0,0,0,0,0,0.0330909,0,0,0.756867,0,0,0,0.86091,4.812,0.1542,1.65302,0,0,0,0.0324224,0,0,0,-3.4032
"MtrElec",10,28,9,"",-4.25558,0,0,0,0.0264844,0,0.0330909,0,0,0.756867,0,0,0,0.713925,4.48825,0.149664,1.61122,0,0,0.628229,0.0337193,0,0,0,-12.697
"MtrElec",10,28,10,"",-13.1096,0,0,0,0.0264844,0,0.0330909,0,0,0.756867,0,0,0,0.608936,4.235,0.126988,1.53437,0,0.265345,0.253982,0.0285317,0,0,0,-20.9792
"MtrElec",10,28,11,"",-18.5507,0,0,0,0.0264844,0,0.0330909,0,0,0.756867,0,0,0,0.566941,4.28086,0.0997762,1.5107,0,0.107274,0,0.0272348,0,0,0,-25.9599
"MtrElec",10,28,12,"",-21.9388,0,0,0,0.0264844,0,0.0330909,0,0,0.756867,0,0,0,0.524945,4.28086,0.0680293,1.53698,0,0,0,0.03761,0,0,0,-29.2037
"MtrElec",10,28,13,"",-23.8052,0,0,0,0.0264844,0,0.0330909,0,0,0.756867,0,0,0,0.440954,4.29385,0.0544234,1.56165,0,0,0.285975,0.0453914,0,0,0,-31.3039
"MtrElec",10,28,14,"",-22.7362,0,0,0,0.0264844,0,0.0330909,0,0,0.756867,0,0,0,0.440954,4.38691,0.0498881,1.55502,0,0.120787,1.04577,0.0415007,0,0,0,-31.1935
"MtrElec",10,28,15,"",-18.7944,0,0,0,0.0264844,0,0.0330909,0,0,0.756867,0,0,0,0.440954,4.53995,0.0498881,1.54711,0,0.441701,1.2049,0.0440945,0,0,0,-27.8795
"MtrElec",10,28,16,"",-12.6848,0,0,0,0.0264844,0,0.0330909,0,0,0.756867,0,0,0,0.545943,4.66711,0.0544234,1.58279,0,0.508914,0.99165,0.0674386,0,0,0,-21.9195
"MtrElec",10,28,17,"",1.09986,4.30206,0,0,0.0264844,0,0.0330909,1.20329,0,0.756867,0,0,0,0.650932,5.25005,0.0861704,1.69314,0,0.418843,0,0.149143,0,0,0,-13.4702
"MtrElec",10,28,18,"",15.2911,7.00245,0,0,0.0264844,0,0.0330909,2.06303,0,0.756867,0,0,0,0.923903,6.0191,0.167805,1.8407,0,0,0,0.250301,0,0,0,-3.79267
"MtrElec",10,28,19,"",16.0225,3.48049,0,0,0,0,0.0330909,1.05732,0,0.756867,0,0,0,1.76382,6.54559,0.222229,1.92963,0,0,0,0.233441,0,0,0,0
"MtrElec",10,28,20,"",16.0895,2.52842,0,0,0,0,0.0330909,0.785818,0,0.756867,0,0,0,2.45674,6.88721,0.294793,1.8787,0,0,0.340795,0.127096,0,0,0,0
"MtrElec",10,28,21,"",15.4354,1.60178,0,0,0,0,0.0330909,0.515111,0,0.756867,0,0,0,2.37275,7.18169,0.412711,1.82177,0,0.143941,0.541242,0.0544696,0,0,0,0
"MtrElec",10,28,22,"",17.2861,0,0,0,0,0,0.0330909,0,0,0.756867,0,0,0,2.01579,7.13932,0.476205,1.76578,3.28043,0.228605,1.56403,0.0259379,0,0,0,0
"MtrElec",10,28,23,"",13.0797,0,0,0,0,0,0.0330909,0,0,0.756867,0,0,0,1.32286,6.34326,0.412711,1.66648,1.66837,0.6606,0.199916,0.0155628,0,0,0,0
"MtrElec",10,28,24,"",9.02785,0,0,0,0,0,0.0330909,0,0,0.756867,0,0,0,0.818914,5.44445,0.285723,1.5914,0,0.0844386,0,0.012969,0,0,0,0
"MtrElec",10,29,1,"",7.39899,0,0,0,0,0,0.0330909,0,0,0.756867,0,0,0,0.482949,4.38225,0.208623,1.52872,0,0,0,0.00648448,0,0,0,0
"MtrElec",10,29,2,"",8.56169,0,0,0,0,0,0.0330909,0,0,0.756867,0,0,0,0.398958,3.99586,0.208623,1.46546,1.69764,0,0,0.00518759,0,0,0,0
"MtrElec",10,29,3,"",7.36204,0,0,0,0,0,0.0330909,0,0,0.756867,0,0,0,0.314967,3.8439,0.208623,1.42148,0.777912,0,0,0.00518759,0,0,0,0
"MtrElec",10,29,4,"",6.57518,0,0,0,0,0,0.0330909,0,0,0.756867,0,0,0,0.356963,3.82033,0.208623,1.39412,0,0,0,0.00518759,0,0,0,0
"MtrElec",10,29,5,"",6.46294,0,0,0,0,0,0.0330909,0,0,0.756867,0,0,0,0.440954,3.64603,0.208623,1.37218,0,0,0,0.00518759,0,0,0,0
"MtrElec",10,29,6,"",7.00382,0,0,0,0,0,0.0330909,0,0,0.756867,0,0,0,0.650932,3.93573,0.167805,1.44124,0,0,0,0.0181566,0,0,0,0
"MtrElec",10,29,7,"",7.87591,0,0,0,0,0,0.0330909,0,0,0.756867,0,0,0,0.881908,4.47044,0.158735,1.55023,0,0,0,0.024641,0,0,0,0
"MtrElec",10,29,8,"",4.90463,0,0,0,0,0,0.0330909,0,0,0.756867,0,0,0,0.86091,4.812,0.1542,1.64165,0,0,0,0.0324224,0,0,0,-3.38651
"MtrElec",10,29,9,"",-4.43554,0,0,0,0.0264844,0,0.0330909,0,0,0.756867,0,0,0,0.713925,4.48825,0.149664,1.59861,0,0,0,0.0337193,0,0,0,-12.2361
"MtrElec",10,29,10,"",-13.6159,0,0,0,0.0264844,0,0.0330909,0,0,0.756867,0,0,0,0.608936,4.235,0.126988,1.51785,0,0,0,0.0285317,0,0,0,-20.9496
"MtrElec",10,29,11,"",-20.2749,0,0,0,0.0264844,0,0.0330909,0,0,0.756867,0,0,0,0.566941,4.28086,0.0997762,1.49289,0,0,0,0.0272348,0,0,0,-27.559
"MtrElec",10,29,12,"",-23.2401,0,0,0,0.0264844,0,0.0330909,0,0,0.756867,0,0,0,0.524945,4.28086,0.0680293,1.51238,0,0,0.882056,0.03761,0,0,0,-31.3625
"MtrElec",10,29,13,"",-25.139,0,0,0,0.0264844,0,0.0330909,0,0,0.756867,0,0,0,0.440954,4.29385,0.0544234,1.53729,0,0.372554,0,0.0453914,0,0,0,-32.6999
"MtrElec",10,29,14,"",-22.8291,0,0,0,0.0264844,0,0.0330909,0,0,0.756867,0,0,0,0.440954,4.38691,0.0498881,1.52802,2.06423,0,0,0.0415007,0,0,0,-32.1571
"MtrElec",10,29,15,"",-21.3018,0,0,0,0.0264844,0,0.0330909,0,0,0.756867,0,0,0,0.440954,4.53995,0.0498881,1.52246,0.412812,0,0,0.0440945,0,0,0,-29.1284
"MtrElec",10,29,16,"",-15.0502,0,0,0,0.0264844,0,0.0330909,0,0,0.756867,0,0,0,0.545943,4.66711,0.0544234,1.54487,0,0,0,0.0674386,0,0,0,-22.7464
"MtrElec",10,29,17,"",-5.20004,0,0,0,0.0264844,0,0.0330909,0,0,0.756867,0,0,0,0.650932,5.25005,0.0861704,1.62868,0,0,0,0.149143,0,0,0,-13.7815
"MtrElec",10,29,18,"",6.12695,0,0,0,0.0264844,0,0.0330909,0,0,0.756867,0,0,0,0.923903,6.0191,0.167805,1.775,0,0,0,0.250301,0,0,0,-3.8256
"MtrElec",10,29,19,"",11.432,0,0,0,0,0,0.0330909,0,0,0.756867,0,0,0,1.76382,6.54559,0.222229,1.87695,0,0,0,0.233441,0,0,0,0
"MtrElec",10,29,20,"",14.8655,0,0,0,0,0,0.0330909,0,0,0.756867,0,0,0,2.45674,6.88721,0.294793,1.83431,2.47539,0,0,0.127096,0,0,0,0
"MtrElec",10,29,21,"",12.5768,0,0,0,0,0,0.0330909,0,0,0.756867,0,0,0,2.37275,7.18169,0.412711,1.76527,0,0,0,0.0544696,0,0,0,0
"MtrElec",10,29,22,"",13.4132,0,0,0,0,0,0.0330909,0,0,0.756867,0,0,0,2.01579,7.13932,0.476205,1.69681,1.26921,0,0,0.0259379,0,0,0,0
"MtrElec",10,29,23,"",11.6828,0,0,0,0,0,0.0330909,0,0,0.756867,0,0,0,1.32286,6.34326,0.412711,1.59208,1.20634,0,0,0.0155628,0,0,0,0
"MtrElec",10,29,24,"",8.84972,0,0,0,0,0,0.0330909,0,0,0.756867,0,0,0,0.818914,5.44445,0.285723,1.4977,0,0,0,0.012969,0,0,0,0
"MtrElec",10,30,1,"",7.32331,0,0,0,0,0,0.0330909,0,0,0.756867,0,0,0,0.482949,4.38225,0.208623,1.45304,0,0,0,0.00648448,0,0,0,0
"MtrElec",10,30,2,"",6.80306,0,0,0,0,0,0.0330909,0,0,0.756867,0,0,0,0.398958,3.99586,0.208623,1.40447,0,0,0,0.00518759,0,0,0,0
"MtrElec",10,30,3,"",6.52376,0,0,0,0,0,0.0330909,0,0,0.756867,0,0,0,0.314967,3.8439,0.208623,1.36112,0,0,0,0.00518759,0,0,0,0
"MtrElec",10,30,4,"",6.5176,0,0,0,0,0,0.0330909,0,0,0.756867,0,0,0,0.356963,3.82033,0.208623,1.33654,0,0,0,0.00518759,0,0,0,0
"MtrElec",10,30,5,"",6.4013,0,0,0,0,0,0.0330909,0,0,0.756867,0,0,0,0.440954,3.64603,0.208623,1.31054,0,0,0,0.00518759,0,0,0,0
"MtrElec",10,30,6,"",6.93289,0,0,0,0,0,0.0330909,0,0,0.756867,0,0,0,0.650932,3.93573,0.167805,1.37031,0,0,0,0.0181566,0,0,0,0
"MtrElec",10,30,7,"",7.81986,0,0,0,0,0,0.0330909,0,0,0.756867,0,0,0,0.881908,4.47044,0.158735,1.49418,0,0,0,0.024641,0,0,0,0
"MtrElec",10,30,8,"",4.9393,0,0,0,0,0,0.0330909,0,0,0.756867,0,0,0,0.86091,4.812,0.1542,1.60016,0,0,0,0.0324224,0,0,0,-3.31034
"MtrElec",10,30,9,"",-4.80863,0,0,0,0.0264844,0,0.0330909,0,0,0.756867,0,0,0,0.713925,4.48825,0.149664,1.55128,0,0,0,0.0337193,0,0,0,-12.5619
"MtrElec",10,30,10,"",-14.0515,0,0,0,0.0264844,0,0.0330909,0,0,0.756867,0,0,0,0.608936,4.235,0.126988,1.45325,0,0,0,0.0285317,0,0,0,-21.3207
"MtrElec",10,30,11,"",-20.8498,0,0,0,0.0264844,0,0.0330909,0,0,0.756867,0,0,0,0.566941,4.28086,0.0997762,1.42102,0,0,0,0.0272348,0,0,0,-28.062
"MtrElec",10,30,12,"",-25.3721,0,0,0,0.0264844,0,0.0330909,0,0,0.756867,0,0,0,0.524945,4.28086,0.0680293,1.44093,0,0,0,0.03761,0,0,0,-32.5409
"MtrElec",10,30,13,"",-26.6151,0,0,0,0.0264844,0,0.0330909,0,0,0.756867,0,0,0,0.440954,4.29385,0.0544234,1.47132,0,0,0.285975,0.0453914,0,0,0,-34.0235
"MtrElec",10,30,14,"",-24.8948,0,0,0,0.0264844,0,0.0330909,0,0,0.756867,0,0,0,0.440954,4.38691,0.0498881,1.45054,0,0.120787,0.596301,0.0415007,0,0,0,-32.7981
"MtrElec",10,30,15,"",-20.9738,0,0,0,0.0264844,0,0.0330909,0,0,0.756867,0,0,0,0.440954,4.53995,0.0498881,1.45704,0,0.25186,0.336868,0.0440945,0,0,0,-28.9109
"MtrElec",10,30,16,"",-12.8863,0,0,0,0.0264844,0,0.0330909,0,0,0.756867,0,0,0,0.545943,4.66711,0.0544234,1.47962,1.26327,0.142283,0.545039,0.0674386,0,0,0,-22.4679
"MtrElec",10,30,17,"",-3.63529,0,0,0,0.0264844,0,0.0330909,0,0,0.756867,0,0,0,0.650932,5.25005,0.0861704,1.55159,1.21212,0.230208,0,0.149143,0,0,0,-13.5819
"MtrElec",10,30,18,"",6.12558,0,0,0,0.0264844,0,0.0330909,0,0,0.756867,0,0,0,0.923903,6.0191,0.167805,1.69739,0,0,0,0.250301,0,0,0,-3.74936
"MtrElec",10,30,19,"",11.3657,0,0,0,0,0,0.0330909,0,0,0.756867,0,0,0,1.76382,6.54559,0.222229,1.81065,0,0,0,0.233441,0,0,0,0
"MtrElec",10,30,20,"",14.815,0,0,0,0,0,0.0330909,0,0,0.756867,0,0,0,2.45674,6.88721,0.294793,1.78382,2.47539,0,0,0.127096,0,0,0,0
"MtrElec",10,30,21,"",12.5194,0,0,0,0,0,0.0330909,0,0,0.756867,0,0,0,2.37275,7.18169,0.412711,1.70782,0,0,0,0.0544696,0,0,0,0
"MtrElec",10,30,22,"",12.0807,0,0,0,0,0,0.0330909,0,0,0.756867,0,0,0,2.01579,7.13932,0.476205,1.63353,0,0,0,0.0259379,0,0,0,0
"MtrElec",10,30,23,"",10.412,0,0,0,0,0,0.0330909,0,0,0.756867,0,0,0,1.32286,6.34326,0.412711,1.5276,0,0,0,0.0155628,0,0,0,0
"MtrElec",10,30,24,"",8.77394,0,0,0,0,0,0.0330909,0,0,0.756867,0,0,0,0.818914,5.44445,0.285723,1.42193,0,0,0,0.012969,0,0,0,0
"MtrElec",10,31,1,"",7.31043,0,0,0,0,0,0.0330909,0,0,0.756867,0,0,0,0.482949,4.39633,0.208623,1.42608,0,0,0,0.00648448,0,0,0,0
"MtrElec",10,31,2,"",6.81164,0,0,0,0,0,0.0330909,0,0,0.756867,0,0,0,0.398958,4.04527,0.208623,1.36365,0,0,0,0.00518759,0,0,0,0
"MtrElec",10,31,3,"",6.4855,0,0,0,0,0,0.0330909,0,0,0.756867,0,0,0,0.314967,3.83209,0.204088,1.34051,0,0,0,0.00389069,0,0,0,0
"MtrElec",10,31,4,"",6.48721,0,0,0,0,0,0.0330909,0,0,0.756867,0,0,0,0.356963,3.82259,0.204088,1.30972,0,0,0,0.00389069,0,0,0,0
"MtrElec",10,31,5,"",6.35383,0,0,0,0,0,0.0330909,0,0,0.756867,0,0,0,0.440954,3.63422,0.208623,1.27619,0,0,0,0.00389069,0,0,0,0
"MtrElec",10,31,6,"",6.84776,0,0,0,0,0,0.0330909,0,0,0.756867,0,0,0,0.650932,3.92392,0.204088,1.27238,0,0,0,0.00648448,0,0,0,0
"MtrElec",10,31,7,"",7.58609,0,0,0,0,0,0.0330909,0,0,0.756867,0,0,0,0.881908,4.38796,0.199552,1.31374,0,0,0,0.012969,0,0,0,0
"MtrElec",10,31,8,"",5.88574,0,0,0,0,0,0.0330909,0,0,0.756867,0,0,0,0.86091,4.71545,0.185947,1.41756,0,0,0,0.0350162,0,0,0,-2.1191
"MtrElec",10,31,9,"",3.81707,0,0,0,0,0,0.0330909,0,0,0.756867,0,0,0,0.713925,4.46699,0.16327,1.56727,0,0,0.477346,0.062251,0,0,0,-4.42395
"MtrElec",10,31,10,"",-5.58862,0,0,0,0.0264844,0,0.0330909,0,0,0.756867,0,0,0,0.608936,4.32211,0.136059,1.54214,0,0.201617,0.40456,0.062251,0,0,0,-13.6827
"MtrElec",10,31,11,"",-18.4494,0,0,0,0.0264844,0,0.0330909,0,0,0.756867,0,0,0,0.566941,4.39154,0.108847,1.51143,1.70637,0.170874,0,0.0596572,0,0,0,-27.7815
"MtrElec",10,31,12,"",-18.8518,0,0,0,0.0264844,0,0.0330909,0,0,0.756867,0,0,0,0.524945,4.31851,0.0725645,1.54499,5.71885,0,0,0.0713293,0,0,0,-31.9195
"MtrElec",10,31,13,"",-25.9419,0,0,0,0.0264844,0,0.0330909,0,0,0.756867,0,0,0,0.440954,4.28436,0.0544234,1.58132,0,0,0,0.0817045,0,0,0,-33.2011
"MtrElec",10,31,14,"",-22.905,0,0,0,0.0264844,0,0.0330909,0,0,0.756867,0,0,0,0.440954,4.41274,0.0498881,1.60136,0,0,0,0.0765169,0,0,0,-30.3029
"MtrElec",10,31,15,"",-18.9565,0,0,0,0.0264844,0,0.0330909,0,0,0.756867,0,0,0,0.440954,4.62243,0.0498881,1.5831,0,0,0,0.0804076,0,0,0,-26.5497
"MtrElec",10,31,16,"",-14.0815,0,0,0,0.0264844,0,0.0330909,0,0,0.756867,0,0,0,0.545943,4.85794,0.0544234,1.6066,0,0,0,0.088189,0,0,0,-22.051
"MtrElec",10,31,17,"",-3.78214,0,0,0,0.0264844,0,0.0330909,0,0,0.756867,0,0,0,0.650932,5.42681,0.0861704,1.59336,0,0,0,0.118018,0,0,0,-12.4739
"MtrElec",10,31,18,"",9.54021,0,0,0,0.0264844,0,0.0330909,0,0,0.756867,0,0,0,0.923903,6.08981,0.172341,1.68087,2.47509,0,0,0.180269,0,0,0,-2.79851
"MtrElec",10,31,19,"",12.1393,0,0,0,0,0,0.0330909,0,0,0.756867,0,0,0,1.76382,6.53384,0.217694,1.78462,0,0,0.882107,0.1673,0,0,0,0
"MtrElec",10,31,20,"",15.9864,0,0,0,0,0,0.0330909,0,0,0.756867,0,0,0,2.45674,6.79066,0.272117,1.7516,2.47456,0.372576,0.984809,0.0933765,0,0,0,0
"MtrElec",10,31,21,"",13.5245,0,0,0,0,0,0.0330909,0,0,0.756867,0,0,0,2.37275,7.03799,0.376429,1.71046,0,0.415954,0.779442,0.0415007,0,0,0,0
"MtrElec",10,31,22,"",12.2199,0,0,0,0,0,0.0330909,0,0,0.756867,0,0,0,2.01579,6.98155,0.444458,1.64072,0,0.329213,0,0.0181566,0,0,0,0
"MtrElec",10,31,23,"",10.2906,0,0,0,0,0,0.0330909,0,0,0.756867,0,0,0,1.32286,6.25847,0.385499,1.52217,0,0,0,0.0116721,0,0,0,0
"MtrElec",10,31,24,"",8.73383,0,0,0,0,0,0.0330909,0,0,0.756867,0,0,0,0.818914,5.33642,0.267582,1.51446,0,0,0,0.00648448,0,0,0,0
"MtrElec",11,1,1,"",7.5411,0,0,0,0,0,0.0330909,0,0,0.756867,0,0,0,0.523571,4.57544,0.226171,1.41801,0,0,0,0.00795054,0,0,0,0
"MtrElec",11,1,2,"",7.02193,0,0,0,0,0,0.0330909,0,0,0.756867,0,0,0,0.432515,4.20996,0.226171,1.35697,0,0,0,0.00636043,0,0,0,0
"MtrElec",11,1,3,"",8.14966,0,0,0,0,0,0.0330909,0,0,0.756867,0,0,0,0.34146,3.99065,0.221254,1.33545,1.46611,0,0,0.00477032,0,0,0,0
"MtrElec",11,1,3,"",8.15006,0,0,0,0,0,0.0330909,0,0,0.756867,0,0,0,0.34146,3.99065,0.221254,1.33585,1.46611,0,0,0.00477032,0,0,0,0
"MtrElec",11,1,4,"",7.69874,0,0,0,0,0,0.0330909,0,0,0.756867,0,0,0,0.386988,3.97952,0.221254,1.30688,1.00937,0,0,0.00477032,0,0,0,0
"MtrElec",11,1,5,"",6.5535,0,0,0,0,0,0.0330909,0,0,0.756867,0,0,0,0.478043,3.78029,0.226171,1.27427,0,0,0,0.00477032,0,0,0,0
"MtrElec",11,1,6,"",7.08927,0,0,0,0,0,0.0330909,0,0,0.756867,0,0,0,0.705683,4.0936,0.221254,1.27082,0,0,0,0.00795054,0,0,0,0
"MtrElec",11,1,7,"",6.14006,0,0,0,0,0,0.0330909,0,0,0.756867,0,0,0,0.956087,4.59328,0.216337,1.31247,0,0,0,0.0159011,0,0,0,-1.74397
"MtrElec",11,1,8,"",0.020459,0,0,0,0.0264844,0,0.0330909,0,0,0.756867,0,0,0,0.933323,4.93491,0.201587,1.41444,0,0,0,0.0429329,0,0,0,-8.32317
"MtrElec",11,1,9,"",-6.33317,0,0,0,0.0264844,0,0.0330909,0,0,0.756867,0,0,0,0.773975,4.64715,0.177003,1.57579,0,0,0,0.0763252,0,0,0,-14.3999
"MtrElec",11,1,10,"",-14.7225,0,0,0,0.0264844,0,0.0330909,0,0,0.756867,0,0,0,0.660155,4.47434,0.147503,1.57064,0,0,1.27594,0.0763252,0,0,0,-23.7438
"MtrElec",11,1,11,"",-16.7572,0,0,0,0.0264844,0,0.0330909,0,0,0.756867,0,0,0,0.614627,4.54982,0.118002,1.55144,0.853184,0.538918,1.7295,0.073145,0,0,0,-27.6022
"MtrElec",11,1,12,"",-17.2091,0,0,0,0.0264844,0,0.0330909,0,0,0.756867,0,0,0,0.569099,4.47755,0.0786681,1.59678,1.62204,0.730487,0.523204,0.0874559,0,0,0,-27.7109
"MtrElec",11,1,13,"",-16.2991,0,0,0,0.0264844,0,0.0330909,0,0,0.756867,0,0,0,0.478043,4.43807,0.0590011,1.643,0,0.220986,0.882055,0.100177,0,0,0,-24.9368
"MtrElec",11,1,14,"",-14.0642,0,0,0,0.0264844,0,0.0330909,0,0,0.756867,0,0,0,0.478043,4.57311,0.0540843,1.67284,0,0.372554,0,0.0938164,0,0,0,-22.1251
"MtrElec",11,1,15,"",-10.6833,0,0,0,0.0264844,0,0.0330909,0,0,0.756867,0,0,0,0.478043,4.79532,0.0540843,1.66547,0,0,0,0.0985867,0,0,0,-18.5913
"MtrElec",11,1,16,"",-3.16887,0,0,0,0.0264844,0,0.0330909,0,0,0.756867,0,0,0,0.591863,5.04225,0.0590011,1.67619,0,0,0,0.108127,0,0,0,-11.4628
"MtrElec",11,1,17,"",7.04304,0,0,0,0,0,0.0330909,0,0,0.756867,0,0,0,0.705683,5.65311,0.0934184,1.69855,0,0,0,0.1447,0,0,0,-2.04239
"MtrElec",11,1,18,"",10.3422,0,0,0,0,0,0.0330909,0,0,0.756867,0,0,0,1.00161,6.36764,0.186837,1.77517,0,0,0,0.221025,0,0,0,0
"MtrElec",11,1,19,"",11.828,0,0,0,0,0,0.0330909,0,0,0.756867,0,0,0,1.91217,6.84041,0.236004,1.84434,0,0,0,0.205124,0,0,0,0
"MtrElec",11,1,20,"",12.7932,0,0,0,0,0,0.0330909,0,0,0.756867,0,0,0,2.66338,7.11033,0.295005,1.82003,0,0,0,0.114488,0,0,0,0
"MtrElec",11,1,21,"",14.3189,0,0,0,0,0,0.0330909,0,0,0.756867,0,0,0,2.57233,7.36911,0.408091,1.78781,1.34073,0,0,0.0508835,0,0,0,0
"MtrElec",11,1,22,"",13.6295,0,0,0,0,0,0.0330909,0,0,0.756867,0,0,0,2.18534,7.30186,0.481842,1.71496,1.13329,0,0,0.0222615,0,0,0,0
"MtrElec",11,1,23,"",10.8138,0,0,0,0,0,0.0330909,0,0,0.756867,0,0,0,1.43413,6.53125,0.417924,1.62621,0,0,0,0.014311,0,0,0,0
"MtrElec",11,1,24,"",9.12592,0,0,0,0,0,0.0330909,0,0,0.756867,0,0,0,0.887795,5.57043,0.290089,1.5797,0,0,0,0.00795054,0,0,0,0
"MtrElec",11,2,1,"",7.58739,0,0,0,0,0,0.0330909,0,0,0.756867,0,0,0,0.523571,4.56272,0.226171,1.47702,0,0,0,0.00795054,0,0,0,0
"MtrElec",11,2,2,"",7.04106,0,0,0,0,0,0.0330909,0,0,0.756867,0,0,0,0.432515,4.16139,0.226171,1.42466,0,0,0,0.00636043,0,0,0,0
"MtrElec",11,2,3,"",6.74902,0,0,0,0,0,0.0330909,0,0,0.756867,0,0,0,0.34146,4.0025,0.226171,1.38257,0,0,0,0.00636043,0,0,0,0
"MtrElec",11,2,4,"",6.74698,0,0,0,0,0,0.0330909,0,0,0.756867,0,0,0,0.386988,3.97865,0.226171,1.35885,0,0,0,0.00636043,0,0,0,0
"MtrElec",11,2,5,"",6.6298,0,0,0,0,0,0.0330909,0,0,0.756867,0,0,0,0.478043,3.79214,0.226171,1.33713,0,0,0,0.00636043,0,0,0,0
"MtrElec",11,2,6,"",7.20974,0,0,0,0,0,0.0330909,0,0,0.756867,0,0,0,0.705683,4.10545,0.18192,1.40446,0,0,0,0.0222615,0,0,0,0
"MtrElec",11,2,7,"",7.99992,0,0,0,0,0,0.0330909,0,0,0.756867,0,0,0,0.956087,4.67684,0.172086,1.52445,0,0,0,0.030212,0,0,0,-0.149714
"MtrElec",11,2,8,"",-0.278344,0,0,0,0.0264844,0,0.0330909,0,0,0.756867,0,0,0,0.933323,5.03118,0.16717,1.62069,0,0,0.881945,0.0397527,0,0,0,-9.76884
"MtrElec",11,2,9,"",-9.34571,0,0,0,0.0264844,0,0.0330909,0,0,0.756867,0,0,0,0.773975,4.67028,0.162253,1.58583,0,0.372507,0.287278,0.0413428,0,0,0,-18.0556
"MtrElec",11,2,10,"",-14.0877,0,0,0,0.0264844,0,0.0330909,0,0,0.756867,0,0,0,0.660155,4.38935,0.137669,1.51044,0.484958,0.121338,0.594891,0.0349824,0,0,0,-22.8379
"MtrElec",11,2,11,"",-17.2193,0,0,0,0.0264844,0,0.0330909,0,0,0.756867,0,0,0,0.614627,4.44098,0.108169,1.48356,1.69357,0.251264,0.881985,0.0333923,0,0,0,-27.5433
"MtrElec",11,2,12,"",-22.8169,0,0,0,0.0264844,0,0.0330909,0,0,0.756867,0,0,0,0.569099,4.44098,0.0737513,1.50397,0.296245,0.372524,0,0.0461131,0,0,0,-30.936
"MtrElec",11,2,13,"",-18.17,0,0,0,0.0264844,0,0.0330909,0,0,0.756867,0,0,0,0.478043,4.44921,0.0590011,1.5255,0,0,0,0.0556538,0,0,0,-25.5538
"MtrElec",11,2,14,"",-13.913,0,0,0,0.0264844,0,0.0330909,0,0,0.756867,0,0,0,0.478043,4.54839,0.0540843,1.50565,0,0,0.881958,0.0508835,0,0,0,-22.2485
"MtrElec",11,2,15,"",-3.7547,0,0,0,0.0264844,0,0.0330909,0,0,0.756867,0,0,0,0.478043,4.71176,0.0540843,1.49577,0,0.372513,0,0.0540637,0,0,0,-11.7374
"MtrElec",11,2,16,"",-2.8298,0,0,0,0.0264844,0,0.0330909,0,0,0.756867,0,0,0,0.591863,4.85057,0.0590011,1.51192,0,0,0.882163,0.0826856,0,0,0,-11.6244
"MtrElec",11,2,17,"",8.20538,0,0,0,0.0264844,0,0.0330909,0,0,0.756867,0,0,0,0.705683,5.47414,0.0934184,1.58256,0.530617,0.372599,0.881924,0.182862,0,0,0,-2.43487
"MtrElec",11,2,18,"",13.4945,0,0,0,0,0,0.0330909,0,0,0.756867,0,0,0,1.00161,6.29608,0.18192,1.71967,1.9438,0.372498,0.882049,0.306891,0,0,0,0
"MtrElec",11,2,19,"",13.9921,0,0,0,0,0,0.0330909,0,0,0.756867,0,0,0,1.91217,6.85241,0.240921,1.82664,1.71125,0.372551,0,0.286219,0,0,0,0
"MtrElec",11,2,20,"",14.0382,0,0,0,0,0,0.0330909,0,0,0.756867,0,0,0,2.66338,7.2066,0.319589,1.79931,0.762762,0,0.340795,0.155831,0,0,0,0
"MtrElec",11,2,21,"",13.8055,0,0,0,0,0,0.0330909,0,0,0.756867,0,0,0,2.57233,7.51309,0.447425,1.73075,0,0.143941,0.541242,0.0667845,0,0,0,0
"MtrElec",11,2,22,"",17.7183,0,0,0,0,0,0.0330909,0,0,0.756867,0,0,0,2.18534,7.45856,0.516259,1.66335,3.28043,0.228605,1.56403,0.0318022,0,0,0,0
"MtrElec",11,2,23,"",13.6235,0,0,0,0,0,0.0330909,0,0,0.756867,0,0,0,1.43413,6.61553,0.447425,1.56343,1.66837,0.6606,0.424943,0.0190813,0,0,0,0
"MtrElec",11,2,24,"",9.98111,0,0,0,0,0,0.0330909,0,0,0.756867,0,0,0,0.887795,5.67058,0.309756,1.47075,0,0.179483,0.656879,0.0159011,0,0,0,0
"MtrElec",11,3,1,"",7.81706,0,0,0,0,0,0.0330909,0,0,0.756867,0,0,0,0.523571,4.56272,0.226171,1.42924,0,0.277446,0,0.00795054,0,0,0,0
"MtrElec",11,3,2,"",6.99906,0,0,0,0,0,0.0330909,0,0,0.756867,0,0,0,0.432515,4.16139,0.226171,1.38267,0,0,0,0.00636043,0,0,0,0
"MtrElec",11,3,3,"",6.70533,0,0,0,0,0,0.0330909,0,0,0.756867,0,0,0,0.34146,4.0025,0.226171,1.33887,0,0,0,0.00636043,0,0,0,0
"MtrElec",11,3,4,"",6.70347,0,0,0,0,0,0.0330909,0,0,0.756867,0,0,0,0.386988,3.97865,0.226171,1.31534,0,0,0,0.00636043,0,0,0,0
"MtrElec",11,3,5,"",6.5809,0,0,0,0,0,0.0330909,0,0,0.756867,0,0,0,0.478043,3.79214,0.226171,1.28823,0,0,0,0.00636043,0,0,0,0
"MtrElec",11,3,6,"",7.15091,0,0,0,0,0,0.0330909,0,0,0.756867,0,0,0,0.705683,4.10545,0.18192,1.34564,0,0,0,0.0222615,0,0,0,0
"MtrElec",11,3,7,"",5.76496,0,0,0,0,0,0.0330909,0,0,0.756867,0,0,0,0.956087,4.67684,0.172086,1.47604,0,0,0,0.030212,0,0,0,-2.33627
"MtrElec",11,3,8,"",0.496241,0,0,0,0.0264844,0,0.0330909,0,0,0.756867,0,0,0,0.933323,5.03118,0.16717,1.58328,0,0,0,0.0397527,0,0,0,-8.07491
"MtrElec",11,3,9,"",-10.9875,0,0,0,0.0264844,0,0.0330909,0,0,0.756867,0,0,0,0.773975,4.67028,0.162253,1.54372,0,0,0.287278,0.0413428,0,0,0,-19.2828
"MtrElec",11,3,10,"",-16.7206,0,0,0,0.0264844,0,0.0330909,0,0,0.756867,0,0,0,0.660155,4.38935,0.137669,1.45732,0,0.121338,1.07154,0.0349824,0,0,0,-25.4094
"MtrElec",11,3,11,"",-22.2626,0,0,0,0.0264844,0,0.0330909,0,0,0.756867,0,0,0,0.614627,4.44098,0.108169,1.43022,0,0.452587,0.405362,0.0333923,0,0,0,-30.5644
"MtrElec",11,3,12,"",-24.9223,0,0,0,0.0264844,0,0.0330909,0,0,0.756867,0,0,0,0.569099,4.44098,0.0737513,1.44923,0,0.171213,0,0.0461131,0,0,0,-32.4892
"MtrElec",11,3,13,"",-24.0372,0,0,0,0.0264844,0,0.0330909,0,0,0.756867,0,0,0,0.478043,4.44921,0.0590011,1.47528,0,0,0,0.0556538,0,0,0,-31.3708
"MtrElec",11,3,14,"",-20.5056,0,0,0,0.0264844,0,0.0330909,0,0,0.756867,0,0,0,0.478043,4.54839,0.0540843,1.45265,0,0,0,0.0508835,0,0,0,-27.9061
"MtrElec",11,3,15,"",-14.1349,0,0,0,0.0264844,0,0.0330909,0,0,0.756867,0,0,0,0.478043,4.71176,0.0540843,1.45852,0,0,0,0.0540637,0,0,0,-21.7078
"MtrElec",11,3,16,"",-3.75552,0,0,0,0.0264844,0,0.0330909,0,0,0.756867,0,0,0,0.591863,4.85057,0.0590011,1.47843,1.26327,0,0,0.0826856,0,0,0,-12.8978
"MtrElec",11,3,17,"",6.69965,0,0,0,0.0264844,0,0.0330909,0,0,0.756867,0,0,0,0.705683,5.47414,0.0934184,1.54269,1.21212,0,0,0.182862,0,0,0,-3.3277
"MtrElec",11,3,18,"",10.2581,0,0,0,0,0,0.0330909,0,0,0.756867,0,0,0,1.00161,6.29608,0.18192,1.68164,0,0,0,0.306891,0,0,0,0
"MtrElec",11,3,19,"",11.8757,0,0,0,0,0,0.0330909,0,0,0.756867,0,0,0,1.91217,6.85241,0.240921,1.79399,0,0,0,0.286219,0,0,0,0
"MtrElec",11,3,20,"",13.2483,0,0,0,0,0,0.0330909,0,0,0.756867,0,0,0,2.66338,7.2066,0.319589,1.77219,0,0,0.340795,0.155831,0,0,0,0
"MtrElec",11,3,21,"",14.3124,0,0,0,0,0,0.0330909,0,0,0.756867,0,0,0,2.57233,7.51309,0.447425,1.69547,0.54211,0.143941,0.541242,0.0667845,0,0,0,0
"MtrElec",11,3,22,"",18.5511,0,0,0,0,0,0.0330909,0,0,0.756867,0,0,0,2.18534,7.45856,0.516259,1.62302,4.15351,0.228605,1.56403,0.0318022,0,0,0,0
"MtrElec",11,3,23,"",14.4192,0,0,0,0,0,0.0330909,0,0,0.756867,0,0,0,1.43413,6.61553,0.447425,1.52387,2.72866,0.6606,0.199916,0.0190813,0,0,0,0
"MtrElec",11,3,24,"",9.1793,0,0,0,0,0,0.0330909,0,0,0.756867,0,0,0,0.887795,5.67058,0.309756,1.42087,0,0.0844386,0,0.0159011,0,0,0,0
"MtrElec",11,4,1,"",7.49701,0,0,0,0,0,0.0330909,0,0,0.756867,0,0,0,0.523571,4.56272,0.226171,1.38664,0,0,0,0.00795054,0,0,0,0
"MtrElec",11,4,2,"",10.358,0,0,0,0,0,0.0330909,0,0,0.756867,0,0,0,0.432515,4.16139,0.226171,1.34632,3.39527,0,0,0.00636043,0,0,0,0
"MtrElec",11,4,3,"",8.22612,0,0,0,0,0,0.0330909,0,0,0.756867,0,0,0,0.34146,4.0025,0.226171,1.30384,1.55582,0,0,0.00636043,0,0,0,0
"MtrElec",11,4,4,"",6.66977,0,0,0,0,0,0.0330909,0,0,0.756867,0,0,0,0.386988,3.97865,0.226171,1.28164,0,0,0,0.00636043,0,0,0,0
"MtrElec",11,4,5,"",6.54203,0,0,0,0,0,0.0330909,0,0,0.756867,0,0,0,0.478043,3.79214,0.226171,1.24936,0,0,0,0.00636043,0,0,0,0
"MtrElec",11,4,6,"",7.10275,0,0,0,0,0,0.0330909,0,0,0.756867,0,0,0,0.705683,4.10545,0.18192,1.29748,0,0,0,0.0222615,0,0,0,0
"MtrElec",11,4,7,"",6.14561,0,0,0,0,0,0.0330909,0,0,0.756867,0,0,0,0.956087,4.67684,0.172086,1.43542,0,0,0,0.030212,0,0,0,-1.91499
"MtrElec",11,4,8,"",-1.52612,0,0,0,0.0264844,0,0.0330909,0,0,0.756867,0,0,0,0.933323,5.03118,0.16717,1.54653,0,0,0.881945,0.0397527,0,0,0,-10.9425
"MtrElec",11,4,9,"",-11.444,0,0,0,0.0264844,0,0.0330909,0,0,0.756867,0,0,0,0.773975,4.67028,0.162253,1.50077,0,0.372507,0.287278,0.0413428,0,0,0,-20.0688
"MtrElec",11,4,10,"",-15.969,0,0,0,0.0264844,0,0.0330909,0,0,0.756867,0,0,0,0.660155,4.38935,0.137669,1.40751,0,0.121338,0.594891,0.0349824,0,0,0,-24.1313
"MtrElec",11,4,11,"",-9.36867,0,0,0,0.0264844,0,0.0330909,0,0,0.756867,0,0,0,0.614627,4.44098,0.108169,1.3837,0,0.251264,0.881985,0.0333923,0,0,0,-17.8992
"MtrElec",11,4,12,"",-21.3022,0,0,0,0.0264844,0,0.0330909,0,0,0.756867,0,0,0,0.569099,4.44098,0.0737513,1.40706,0,0.372524,0.882056,0.0461131,0,0,0,-29.9103
"MtrElec",11,4,13,"",-23.646,0,0,0,0.0264844,0,0.0330909,0,0,0.756867,0,0,0,0.478043,4.44921,0.0590011,1.44377,0,0.372554,1.32501,0.0556538,0,0,0,-32.6457
"MtrElec",11,4,14,"",-21.0815,0,0,0,0.0264844,0,0.0330909,0,0,0.756867,0,0,0,0.478043,4.54839,0.0540843,1.41198,0,0.559643,0.439085,0.0508835,0,0,0,-29.4401
"MtrElec",11,4,15,"",-15.0293,0,0,0,0.0264844,0,0.0330909,0,0,0.756867,0,0,0,0.478043,4.71176,0.0540843,1.41135,0,0.185457,0,0.0540637,0,0,0,-22.7405
"MtrElec",11,4,16,"",-5.54565,0,0,0,0.0264844,0,0.0330909,0,0,0.756867,0,0,0,0.591863,4.85057,0.0590011,1.41573,0,0,0,0.0826856,0,0,0,-13.3619
"MtrElec",11,4,17,"",5.34717,0,0,0,0.0264844,0,0.0330909,0,0,0.756867,0,0,0,0.705683,5.47414,0.0934184,1.45632,0,0,0,0.182862,0,0,0,-3.3817
"MtrElec",11,4,18,"",10.1743,0,0,0,0,0,0.0330909,0,0,0.756867,0,0,0,1.00161,6.29608,0.18192,1.59782,0,0,0,0.306891,0,0,0,0
"MtrElec",11,4,19,"",13.0826,0,0,0,0,0,0.0330909,0,0,0.756867,0,0,0,1.91217,6.85241,0.240921,1.72853,1.27235,0,0,0.286219,0,0,0,0
"MtrElec",11,4,20,"",14.0644,0,0,0,0,0,0.0330909,0,0,0.756867,0,0,0,2.66338,7.2066,0.319589,1.72624,1.2028,0,0,0.155831,0,0,0,0
"MtrElec",11,4,21,"",14.8017,0,0,0,0,0,0.0330909,0,0,0.756867,0,0,0,2.57233,7.51309,0.447425,1.64777,0,0,1.76438,0.0667845,0,0,0,0
"MtrElec",11,4,22,"",13.2995,0,0,0,0,0,0.0330909,0,0,0.756867,0,0,0,2.18534,7.45856,0.516259,1.57231,0,0.74522,0,0.0318022,0,0,0,0
"MtrElec",11,4,23,"",10.7763,0,0,0,0,0,0.0330909,0,0,0.756867,0,0,0,1.43413,6.61553,0.447425,1.47018,0,0,0,0.0190813,0,0,0,0
"MtrElec",11,4,24,"",9.0281,0,0,0,0,0,0.0330909,0,0,0.756867,0,0,0,0.887795,5.67058,0.309756,1.35411,0,0,0,0.0159011,0,0,0,0
"MtrElec",11,5,1,"",7.44007,0,0,0,0,0,0.0330909,0,0,0.756867,0,0,0,0.523571,4.56272,0.226171,1.3297,0,0,0,0.00795054,0,0,0,0
"MtrElec",11,5,2,"",6.91443,0,0,0,0,0,0.0330909,0,0,0.756867,0,0,0,0.432515,4.16139,0.226171,1.29804,0,0,0,0.00636043,0,0,0,0
"MtrElec",11,5,3,"",6.62045,0,0,0,0,0,0.0330909,0,0,0.756867,0,0,0,0.34146,4.0025,0.226171,1.254,0,0,0,0.00636043,0,0,0,0
"MtrElec",11,5,4,"",6.62096,0,0,0,0,0,0.0330909,0,0,0.756867,0,0,0,0.386988,3.97865,0.226171,1.23284,0,0,0,0.00636043,0,0,0,0
"MtrElec",11,5,5,"",6.48941,0,0,0,0,0,0.0330909,0,0,0.756867,0,0,0,0.478043,3.79214,0.226171,1.19674,0,0,0,0.00636043,0,0,0,0
"MtrElec",11,5,6,"",7.04171,0,0,0,0,0,0.0330909,0,0,0.756867,0,0,0,0.705683,4.10545,0.18192,1.23643,0,0,0,0.0222615,0,0,0,0
"MtrElec",11,5,7,"",6.01025,0,0,0,0,0,0.0330909,0,0,0.756867,0,0,0,0.956087,4.67684,0.172086,1.38655,0,0,0.882236,0.030212,0,0,0,-2.88372
"MtrElec",11,5,8,"",-3.04551,0,0,0,0.0264844,0,0.0330909,0,0,0.756867,0,0,0,0.933323,5.03118,0.16717,1.51436,0,0.37263,0,0.0397527,0,0,0,-11.9204
"MtrElec",11,5,9,"",-11.6022,0,0,0,0.0264844,0,0.0330909,0,0,0.756867,0,0,0,0.773975,4.67028,0.162253,1.4685,0,0,0.628229,0.0413428,0,0,0,-20.1632
"MtrElec",11,5,10,"",-18.0494,0,0,0,0.0264844,0,0.0330909,0,0,0.756867,0,0,0,0.660155,4.38935,0.137669,1.36661,0,0.265345,0.253982,0.0349824,0,0,0,-25.974
"MtrElec",11,5,11,"",-22.8057,0,0,0,0.0264844,0,0.0330909,0,0,0.756867,0,0,0,0.614627,4.44098,0.108169,1.34316,0,0.107274,0,0.0333923,0,0,0,-30.2697
"MtrElec",11,5,12,"",-25.0622,0,0,0,0.0264844,0,0.0330909,0,0,0.756867,0,0,0,0.569099,4.44098,0.0737513,1.36988,0,0,0,0.0461131,0,0,0,-32.3785
"MtrElec",11,5,13,"",-24.2021,0,0,0,0.0264844,0,0.0330909,0,0,0.756867,0,0,0,0.478043,4.44921,0.0590011,1.41469,0,0,0,0.0556538,0,0,0,-31.4752
"MtrElec",11,5,14,"",-20.5681,0,0,0,0.0264844,0,0.0330909,0,0,0.756867,0,0,0,0.478043,4.54839,0.0540843,1.39077,0,0,0,0.0508835,0,0,0,-27.9067
"MtrElec",11,5,15,"",-13.6058,0,0,0,0.0264844,0,0.0330909,0,0,0.756867,0,0,0,0.478043,4.71176,0.0540843,1.41182,0,0,0.43918,0.0540637,0,0,0,-21.5712
"MtrElec",11,5,16,"",-2.39839,0,0,0,0.0264844,0,0.0330909,0,0,0.756867,0,0,0,0.591863,4.85057,0.0590011,1.43183,1.26327,0.185496,0.442728,0.0826856,0,0,0,-12.1223
"MtrElec",11,5,17,"",8.20773,0,0,0,0.0264844,0,0.0330909,0,0,0.756867,0,0,0,0.705683,5.47414,0.0934184,1.48723,1.21212,0.186995,0,0.182862,0,0,0,-1.95115
"MtrElec",11,5,18,"",10.2022,0,0,0,0,0,0.0330909,0,0,0.756867,0,0,0,1.00161,6.29608,0.18192,1.62574,0,0,0,0.306891,0,0,0,0
"MtrElec",11,5,19,"",12.7088,0,0,0,0,0,0.0330909,0,0,0.756867,0,0,0,1.91217,6.85241,0.240921,1.74517,0,0,0.881967,0.286219,0,0,0,0
"MtrElec",11,5,20,"",13.585,0,0,0,0,0,0.0330909,0,0,0.756867,0,0,0,2.66338,7.2066,0.319589,1.73628,0,0.372517,0.340795,0.155831,0,0,0,0
"MtrElec",11,5,21,"",14.2749,0,0,0,0,0,0.0330909,0,0,0.756867,0,0,0,2.57233,7.51309,0.447425,1.65801,0.54211,0.143941,0.541242,0.0667845,0,0,0,0
"MtrElec",11,5,22,"",19.7813,0,0,0,0,0,0.0330909,0,0,0.756867,0,0,0,2.18534,7.45856,0.516259,1.58399,5.42273,0.228605,1.56403,0.0318022,0,0,0,0
"MtrElec",11,5,23,"",15.587,0,0,0,0,0,0.0330909,0,0,0.756867,0,0,0,1.43413,6.61553,0.447425,1.4854,3.935,0.6606,0.199916,0.0190813,0,0,0,0
"MtrElec",11,5,24,"",9.13653,0,0,0,0,0,0.0330909,0,0,0.756867,0,0,0,0.887795,5.67058,0.309756,1.3781,0,0.0844386,0,0.0159011,0,0,0,0
"MtrElec",11,6,1,"",7.46064,0,0,0,0,0,0.0330909,0,0,0.756867,0,0,0,0.523571,4.56272,0.226171,1.35026,0,0,0,0.00795054,0,0,0,0
"MtrElec",11,6,2,"",10.3268,0,0,0,0,0,0.0330909,0,0,0.756867,0,0,0,0.432515,4.16139,0.226171,1.31509,3.39527,0,0,0.00636043,0,0,0,0
"MtrElec",11,6,3,"",8.19553,0,0,0,0,0,0.0330909,0,0,0.756867,0,0,0,0.34146,4.0025,0.226171,1.27325,1.55582,0,0,0.00636043,0,0,0,0
"MtrElec",11,6,4,"",6.64133,0,0,0,0,0,0.0330909,0,0,0.756867,0,0,0,0.386988,3.97865,0.226171,1.25321,0,0,0,0.00636043,0,0,0,0
"MtrElec",11,6,5,"",6.51217,0,0,0,0,0,0.0330909,0,0,0.756867,0,0,0,0.478043,3.79214,0.226171,1.2195,0,0,0,0.00636043,0,0,0,0
"MtrElec",11,6,6,"",7.06949,0,0,0,0,0,0.0330909,0,0,0.756867,0,0,0,0.705683,4.10545,0.18192,1.26421,0,0,0,0.0222615,0,0,0,0
"MtrElec",11,6,7,"",7.76545,0,0,0,0,0,0.0330909,0,0,0.756867,0,0,0,0.956087,4.67684,0.172086,1.41021,0,0,0,0.030212,0,0,0,-0.269943
"MtrElec",11,6,8,"",4.82289,0,0,0,0,0,0.0330909,0,0,0.756867,0,0,0,0.933323,5.03118,0.16717,1.53279,0,0,0,0.0397527,0,0,0,-3.67128
"MtrElec",11,6,9,"",-0.693008,0,0,0,0.0264844,0,0.0330909,0,0,0.756867,0,0,0,0.773975,4.67028,0.162253,1.48431,0,0,0,0.0413428,0,0,0,-8.64161
"MtrElec",11,6,10,"",-14.8104,0,0,0,0.0264844,0,0.0330909,0,0,0.756867,0,0,0,0.660155,4.38935,0.137669,1.3773,1.18923,0,0,0.0349824,0,0,0,-23.4155
"MtrElec",11,6,11,"",-15.325,0,0,0,0.0264844,0,0.0330909,0,0,0.756867,0,0,0,0.614627,4.44098,0.108169,1.34983,1.28607,0,0.605934,0.0333923,0,0,0,-24.5805
"MtrElec",11,6,12,"",-19.9796,0,0,0,0.0264844,0,0.0330909,0,0,0.756867,0,0,0,0.569099,4.44098,0.0737513,1.37828,0,0.255928,0.276015,0.0461131,0,0,0,-27.8362
"MtrElec",11,6,13,"",-11.049,0,0,0,0.0264844,0,0.0330909,0,0,0.756867,0,0,0,0.478043,4.44921,0.0590011,1.42457,0,0.116581,0,0.0556538,0,0,0,-18.4485
"MtrElec",11,6,14,"",-6.03827,0,0,0,0.0264844,0,0.0330909,0,0,0.756867,0,0,0,0.478043,4.54839,0.0540843,1.40121,0,0,0,0.0508835,0,0,0,-13.3873
"MtrElec",11,6,15,"",2.48946,0,0,0,0.0264844,0,0.0330909,0,0,0.756867,0,0,0,0.478043,4.71176,0.0540843,1.41769,0,0,0,0.0540637,0,0,0,-5.04262
"MtrElec",11,6,16,"",2.19846,0,0,0,0.0264844,0,0.0330909,0,0,0.756867,0,0,0,0.591863,4.85057,0.0590011,1.43376,1.26327,0,0.218911,0.0826856,0,0,0,-7.11805
"MtrElec",11,6,17,"",10.2858,0,0,0,0,0,0.0330909,0,0,0.756867,0,0,0,0.705683,5.47414,0.0934184,1.48271,1.21212,0.0924616,0.432205,0.182862,0,0,0,-0.179719
"MtrElec",11,6,18,"",10.6051,0,0,0,0,0,0.0330909,0,0,0.756867,0,0,0,1.00161,6.29608,0.18192,1.61523,0,0.18255,0.230815,0.306891,0,0,0,0
"MtrElec",11,6,19,"",11.9168,0,0,0,0,0,0.0330909,0,0,0.756867,0,0,0,1.91217,6.85241,0.240921,1.73761,0,0.0974895,0,0.286219,0,0,0,0
"MtrElec",11,6,20,"",13.7499,0,0,0,0,0,0.0330909,0,0,0.756867,0,0,0,2.66338,7.2066,0.319589,1.73245,0,0,0.882094,0.155831,0,0,0,0
"MtrElec",11,6,21,"",14.0563,0,0,0,0,0,0.0330909,0,0,0.756867,0,0,0,2.57233,7.51309,0.447425,1.65734,0,0.37257,0.636767,0.0667845,0,0,0,0
"MtrElec",11,6,22,"",14.3518,0,0,0,0,0,0.0330909,0,0,0.756867,0,0,0,2.18534,7.45856,0.516259,1.58636,1.26921,0.268951,0.245309,0.0318022,0,0,0,0
"MtrElec",11,6,23,"",14.5796,0,0,0,0,0,0.0330909,0,0,0.756867,0,0,0,1.43413,6.61553,0.447425,1.48844,3.68148,0.103611,0,0.0190813,0,0,0,0
"MtrElec",11,6,24,"",9.05701,0,0,0,0,0,0.0330909,0,0,0.756867,0,0,0,0.887795,5.67058,0.309756,1.38302,0,0,0,0.0159011,0,0,0,0
"MtrElec",11,7,1,"",7.51807,0,0,0,0,0,0.0330909,0,0,0.756867,0,0,0,0.523571,4.57544,0.226171,1.39498,0,0,0,0.00795054,0,0,0,0
"MtrElec",11,7,2,"",6.99784,0,0,0,0,0,0.0330909,0,0,0.756867,0,0,0,0.432515,4.20996,0.226171,1.33287,0,0,0,0.00636043,0,0,0,0
"MtrElec",11,7,3,"",9.58982,0,0,0,0,0,0.0330909,0,0,0.756867,0,0,0,0.34146,3.99065,0.221254,1.3095,2.93223,0,0,0.00477032,0,0,0,0
"MtrElec",11,7,4,"",8.68145,0,0,0,0,0,0.0330909,0,0,0.756867,0,0,0,0.386988,3.97952,0.221254,1.28021,2.01875,0,0,0.00477032,0,0,0,0
"MtrElec",11,7,5,"",6.52314,0,0,0,0,0,0.0330909,0,0,0.756867,0,0,0,0.478043,3.78029,0.226171,1.24391,0,0,0,0.00477032,0,0,0,0
"MtrElec",11,7,6,"",7.05695,0,0,0,0,0,0.0330909,0,0,0.756867,0,0,0,0.705683,4.0936,0.221254,1.2385,0,0,0,0.00795054,0,0,0,0
"MtrElec",11,7,7,"",7.83699,0,0,0,0,0,0.0330909,0,0,0.756867,0,0,0,0.956087,4.59328,0.216337,1.27378,0,0,0,0.0159011,0,0,0,-0.00834952
"MtrElec",11,7,8,"",4.28054,0,0,0,0,0,0.0330909,0,0,0.756867,0,0,0,0.933323,4.93491,0.201587,1.37472,0,0,0,0.0429329,0,0,0,-3.99688
"MtrElec",11,7,9,"",-1.17473,0,0,0,0.0264844,0,0.0330909,0,0,0.756867,0,0,0,0.773975,4.64715,0.177003,1.54205,0,0,0.477346,0.0763252,0,0,0,-9.68502
"MtrElec",11,7,10,"",-11.9206,0,0,0,0.0264844,0,0.0330909,0,0,0.756867,0,0,0,0.660155,4.47434,0.147503,1.51396,0,0.201617,3.05105,0.0763252,0,0,0,-22.862
"MtrElec",11,7,11,"",-19.6184,0,0,0,0.0264844,0,0.0330909,0,0,0.756867,0,0,0,0.614627,4.54982,0.118002,1.49308,0,1.28867,0.825825,0.073145,0,0,0,-29.398
"MtrElec",11,7,12,"",-18.3676,0,0,0,0.0264844,0,0.0330909,0,0,0.756867,0,0,0,0.569099,4.47755,0.0786681,1.53091,2.47476,0.348804,2.08292,0.0874559,0,0,0,-30.8342
"MtrElec",11,7,13,"",-18.0082,0,0,0,0.0264844,0,0.0330909,0,0,0.756867,0,0,0,0.478043,4.43807,0.0590011,1.568,0,0.879763,0.619977,0.100177,0,0,0,-26.9677
"MtrElec",11,7,14,"",-16.2321,0,0,0,0.0264844,0,0.0330909,0,0,0.756867,0,0,0,0.478043,4.57311,0.0540843,1.59151,0,0.26186,0.88202,0.0938164,0,0,0,-24.983
"MtrElec",11,7,15,"",-10.2685,0,0,0,0.0264844,0,0.0330909,0,0,0.756867,0,0,0,0.478043,4.79532,0.0540843,1.57471,0,0.372539,0,0.0985867,0,0,0,-18.4582
"MtrElec",11,7,16,"",-0.779138,0,0,0,0.0264844,0,0.0330909,0,0,0.756867,0,0,0,0.591863,5.04225,0.0590011,1.60257,0,0,0.88198,0.108127,0,0,0,-9.88137
"MtrElec",11,7,17,"",8.03834,0,0,0,0,0,0.0330909,0,0,0.756867,0,0,0,0.705683,5.65311,0.0934184,1.59044,0,0.372522,0,0.1447,0,0,0,-1.3115
"MtrElec",11,7,18,"",10.2418,0,0,0,0,0,0.0330909,0,0,0.756867,0,0,0,1.00161,6.36764,0.186837,1.6747,0,0,0,0.221025,0,0,0,0
"MtrElec",11,7,19,"",11.761,0,0,0,0,0,0.0330909,0,0,0.756867,0,0,0,1.91217,6.84041,0.236004,1.77732,0,0,0,0.205124,0,0,0,0
"MtrElec",11,7,20,"",13.6002,0,0,0,0,0,0.0330909,0,0,0.756867,0,0,0,2.66338,7.11033,0.295005,1.74492,0,0,0.882142,0.114488,0,0,0,0
"MtrElec",11,7,21,"",13.2666,0,0,0,0,0,0.0330909,0,0,0.756867,0,0,0,2.57233,7.36911,0.408091,1.70359,0,0.37259,0,0.0508835,0,0,0,0
"MtrElec",11,7,22,"",13.2982,0,0,0,0,0,0.0330909,0,0,0.756867,0,0,0,2.18534,7.30186,0.481842,1.63495,0,0,0.881966,0.0222615,0,0,0,0
"MtrElec",11,7,23,"",11.0781,0,0,0,0,0,0.0330909,0,0,0.756867,0,0,0,1.43413,6.53125,0.417924,1.51797,0,0.372516,0,0.014311,0,0,0,0
"MtrElec",11,7,24,"",9.05887,0,0,0,0,0,0.0330909,0,0,0.756867,0,0,0,0.887795,5.57043,0.290089,1.51265,0,0,0,0.00795054,0,0,0,0
"MtrElec",11,8,1,"",7.53643,0,0,0,0,0,0.0330909,0,0,0.756867,0,0,0,0.523571,4.57544,0.226171,1.41334,0,0,0,0.00795054,0,0,0,0
"MtrElec",11,8,2,"",7.01494,0,0,0,0,0,0.0330909,0,0,0.756867,0,0,0,0.432515,4.20996,0.226171,1.34997,0,0,0,0.00636043,0,0,0,0
"MtrElec",11,8,3,"",6.67406,0,0,0,0,0,0.0330909,0,0,0.756867,0,0,0,0.34146,3.99065,0.221254,1.32596,0,0,0,0.00477032,0,0,0,0
"MtrElec",11,8,4,"",6.6769,0,0,0,0,0,0.0330909,0,0,0.756867,0,0,0,0.386988,3.97952,0.221254,1.29441,0,0,0,0.00477032,0,0,0,0
"MtrElec",11,8,5,"",6.53707,0,0,0,0,0,0.0330909,0,0,0.756867,0,0,0,0.478043,3.78029,0.226171,1.25784,0,0,0,0.00477032,0,0,0,0
"MtrElec",11,8,6,"",7.07066,0,0,0,0,0,0.0330909,0,0,0.756867,0,0,0,0.705683,4.0936,0.221254,1.25221,0,0,0,0.00795054,0,0,0,0
"MtrElec",11,8,7,"",7.86045,0,0,0,0,0,0.0330909,0,0,0.756867,0,0,0,0.956087,4.59328,0.216337,1.28889,0,0,0,0.0159011,0,0,0,0
"MtrElec",11,8,8,"",7.46075,0,0,0,0,0,0.0330909,0,0,0.756867,0,0,0,0.933323,4.93491,0.201587,1.39316,0,0,0,0.0429329,0,0,0,-0.83512
"MtrElec",11,8,9,"",2.77427,0,0,0,0.0264844,0,0.0330909,0,0,0.756867,0,0,0,0.773975,4.64715,0.177003,1.55166,0,0,0,0.0763252,0,0,0,-5.26828
"MtrElec",11,8,10,"",-10.8579,0,0,0,0.0264844,0,0.0330909,0,0,0.756867,0,0,0,0.660155,4.47434,0.147503,1.52319,0,0,0,0.0763252,0,0,0,-18.5558
"MtrElec",11,8,11,"",-10.0185,0,0,0,0.0264844,0,0.0330909,0,0,0.756867,0,0,0,0.614627,4.54982,0.118002,1.49485,0,0,2.64653,0.073145,0,0,0,-20.332
"MtrElec",11,8,12,"",-10.0896,0,0,0,0.0264844,0,0.0330909,0,0,0.756867,0,0,0,0.569099,4.47755,0.0786681,1.52431,0,1.11781,0,0.0874559,0,0,0,-18.761
"MtrElec",11,8,13,"",-7.30682,0,0,0,0.0264844,0,0.0330909,0,0,0.756867,0,0,0,0.478043,4.43807,0.0590011,1.55476,0.752665,0,0,0.100177,0,0,0,-15.506
"MtrElec",11,8,14,"",-2.99126,0,0,0,0.0264844,0,0.0330909,0,0,0.756867,0,0,0,0.478043,4.57311,0.0540843,1.57178,1.7221,0,0,0.0938164,0,0,0,-12.3006
"MtrElec",11,8,15,"",-0.103572,0,0,0,0.0264844,0,0.0330909,0,0,0.756867,0,0,0,0.478043,4.79532,0.0540843,1.54848,0,0,0,0.0985867,0,0,0,-7.89453
"MtrElec",11,8,16,"",4.43378,0,0,0,0.0264844,0,0.0330909,0,0,0.756867,0,0,0,0.591863,5.04225,0.0590011,1.57748,0,0,0,0.108127,0,0,0,-3.76139
"MtrElec",11,8,17,"",8.5667,0,0,0,0,0,0.0330909,0,0,0.756867,0,0,0,0.705683,5.65311,0.0934184,1.54795,0,0,0,0.1447,0,0,0,-0.368122
"MtrElec",11,8,18,"",12.6725,0,0,0,0,0,0.0330909,0,0,0.756867,0,0,0,1.00161,6.36764,0.186837,1.63034,2.47509,0,0,0.221025,0,0,0,0
"MtrElec",11,8,19,"",12.6131,0,0,0,0,0,0.0330909,0,0,0.756867,0,0,0,1.91217,6.84041,0.236004,1.74733,0,0,0.882107,0.205124,0,0,0,0
"MtrElec",11,8,20,"",13.1619,0,0,0,0,0,0.0330909,0,0,0.756867,0,0,0,2.66338,7.11033,0.295005,1.71348,0,0.372576,0.102667,0.114488,0,0,0,0
"MtrElec",11,8,21,"",15.0239,0,0,0,0,0,0.0330909,0,0,0.756867,0,0,0,2.57233,7.36911,0.408091,1.67004,1.34073,0.0433635,0.779442,0.0508835,0,0,0,0
"MtrElec",11,8,22,"",13.8436,0,0,0,0,0,0.0330909,0,0,0.756867,0,0,0,2.18534,7.30186,0.481842,1.59984,1.13329,0.329213,0,0.0222615,0,0,0,0
"MtrElec",11,8,23,"",10.6559,0,0,0,0,0,0.0330909,0,0,0.756867,0,0,0,1.43413,6.53125,0.417924,1.46832,0,0,0,0.014311,0,0,0,0
"MtrElec",11,8,24,"",9.02619,0,0,0,0,0,0.0330909,0,0,0.756867,0,0,0,0.887795,5.57043,0.290089,1.47997,0,0,0,0.00795054,0,0,0,0
"MtrElec",11,9,1,"",7.44034,0,0,0,0,0,0.0330909,0,0,0.756867,0,0,0,0.523571,4.56272,0.226171,1.32997,0,0,0,0.00795054,0,0,0,0
"MtrElec",11,9,2,"",8.61643,0,0,0,0,0,0.0330909,0,0,0.756867,0,0,0,0.432515,4.16139,0.226171,1.3024,1.69764,0,0,0.00636043,0,0,0,0
"MtrElec",11,9,3,"",7.40701,0,0,0,0,0,0.0330909,0,0,0.756867,0,0,0,0.34146,4.0025,0.226171,1.26265,0.777912,0,0,0.00636043,0,0,0,0
"MtrElec",11,9,4,"",6.63305,0,0,0,0,0,0.0330909,0,0,0.756867,0,0,0,0.386988,3.97865,0.226171,1.24492,0,0,0,0.00636043,0,0,0,0
"MtrElec",11,9,5,"",6.50607,0,0,0,0,0,0.0330909,0,0,0.756867,0,0,0,0.478043,3.79214,0.226171,1.21339,0,0,0,0.00636043,0,0,0,0
"MtrElec",11,9,6,"",7.06565,0,0,0,0,0,0.0330909,0,0,0.756867,0,0,0,0.705683,4.10545,0.18192,1.26037,0,0,0,0.0222615,0,0,0,0
"MtrElec",11,9,7,"",7.32945,0,0,0,0,0,0.0330909,0,0,0.756867,0,0,0,0.956087,4.67684,0.172086,1.40986,0,0,0,0.030212,0,0,0,-0.705597
"MtrElec",11,9,8,"",3.50066,0,0,0,0.0264844,0,0.0330909,0,0,0.756867,0,0,0,0.933323,5.03118,0.16717,1.53235,0,0,0.881945,0.0397527,0,0,0,-5.90151
"MtrElec",11,9,9,"",6.47161,0,0,0,0.0264844,0,0.0330909,0,0,0.756867,0,0,0,0.773975,4.67028,0.162253,1.48512,1.26088,0.372507,0.881806,0.0413428,0,0,0,-3.993
"MtrElec",11,9,10,"",7.27662,0,0,0,0,0,0.0330909,0,0,0.756867,0,0,0,0.660155,4.38935,0.137669,1.37717,1.21459,0.372449,0.882232,0.0349824,0,0,0,-2.58194
"MtrElec",11,9,11,"",5.87682,0,0,0,0,0,0.0330909,0,0,0.756867,0,0,0,0.614627,4.44098,0.108169,1.33577,0,0.372628,1.32544,0.0333923,0,0,0,-3.14415
"MtrElec",11,9,12,"",5.08043,0,0,0,0,0,0.0330909,0,0,0.756867,0,0,0,0.569099,4.44098,0.0737513,1.3446,0,0.559827,0.438232,0.0461131,0,0,0,-3.18213
"MtrElec",11,9,13,"",1.73715,0,0,0,0.0264844,0,0.0330909,0,0,0.756867,0,0,0,0.478043,4.44921,0.0590011,1.38353,0,0.185096,0.412509,0.0556538,0,0,0,-6.10233
"MtrElec",11,9,14,"",1.6963,0,0,0,0.0264844,0,0.0330909,0,0,0.756867,0,0,0,0.478043,4.54839,0.0540843,1.34928,0,0.174231,1.3515,0.0508835,0,0,0,-7.12655
"MtrElec",11,9,15,"",-0.585433,0,0,0,0.0264844,0,0.0330909,0,0,0.756867,0,0,0,0.478043,4.71176,0.0540843,1.37113,0,0.570831,0,0.0540637,0,0,0,-8.64179
"MtrElec",11,9,16,"",3.45653,0,0,0,0.0264844,0,0.0330909,0,0,0.756867,0,0,0,0.591863,4.85057,0.0590011,1.38402,0,0,0,0.0826856,0,0,0,-4.32805
"MtrElec",11,9,17,"",7.17972,0,0,0,0.0264844,0,0.0330909,0,0,0.756867,0,0,0,0.705683,5.47414,0.0934184,1.41726,0,0,0,0.182862,0,0,0,-1.51009
"MtrElec",11,9,18,"",12.085,0,0,0,0,0,0.0330909,0,0,0.756867,0,0,0,1.00161,6.29608,0.18192,1.55363,1.49164,0,0.463257,0.306891,0,0,0,0
"MtrElec",11,9,19,"",15.0796,0,0,0,0,0,0.0330909,0,0,0.756867,0,0,0,1.91217,6.85241,0.240921,1.68827,2.69502,0.195666,0.418981,0.286219,0,0,0,0
"MtrElec",11,9,20,"",13.7715,0,0,0,0,0,0.0330909,0,0,0.756867,0,0,0,2.66338,7.2066,0.319589,1.6964,0.762762,0.176965,0,0.155831,0,0,0,0
"MtrElec",11,9,21,"",13.0049,0,0,0,0,0,0.0330909,0,0,0.756867,0,0,0,2.57233,7.51309,0.447425,1.61528,0,0,0,0.0667845,0,0,0,0
"MtrElec",11,9,22,"",12.6829,0,0,0,0,0,0.0330909,0,0,0.756867,0,0,0,2.18534,7.45856,0.516259,1.53922,0,0,0.161806,0.0318022,0,0,0,0
"MtrElec",11,9,23,"",11.2399,0,0,0,0,0,0.0330909,0,0,0.756867,0,0,0,1.43413,6.61553,0.447425,1.43988,0,0.0683418,0.425533,0.0190813,0,0,0,0
"MtrElec",11,9,24,"",9.4727,0,0,0,0,0,0.0330909,0,0,0.756867,0,0,0,0.887795,5.67058,0.309756,1.32409,0,0.179732,0.294889,0.0159011,0,0,0,0
"MtrElec",11,10,1,"",7.54271,0,0,0,0,0,0.0330909,0,0,0.756867,0,0,0,0.523571,4.56272,0.226171,1.30778,0,0.124552,0,0.00795054,0,0,0,0
"MtrElec",11,10,2,"",8.59563,0,0,0,0,0,0.0330909,0,0,0.756867,0,0,0,0.432515,4.16139,0.226171,1.2816,1.69764,0,0,0.00636043,0,0,0,0
"MtrElec",11,10,3,"",7.38504,0,0,0,0,0,0.0330909,0,0,0.756867,0,0,0,0.34146,4.0025,0.226171,1.24068,0.777912,0,0,0.00636043,0,0,0,0
"MtrElec",11,10,4,"",6.61109,0,0,0,0,0,0.0330909,0,0,0.756867,0,0,0,0.386988,3.97865,0.226171,1.22296,0,0,0,0.00636043,0,0,0,0
"MtrElec",11,10,5,"",6.48137,0,0,0,0,0,0.0330909,0,0,0.756867,0,0,0,0.478043,3.79214,0.226171,1.1887,0,0,0,0.00636043,0,0,0,0
"MtrElec",11,10,6,"",7.03589,0,0,0,0,0,0.0330909,0,0,0.756867,0,0,0,0.705683,4.10545,0.18192,1.23061,0,0,0,0.0222615,0,0,0,0
"MtrElec",11,10,7,"",7.71239,0,0,0,0,0,0.0330909,0,0,0.756867,0,0,0,0.956087,4.67684,0.172086,1.38529,0,0,0,0.030212,0,0,0,-0.29808
"MtrElec",11,10,8,"",3.16613,0,0,0,0.0264844,0,0.0330909,0,0,0.756867,0,0,0,0.933323,5.03118,0.16717,1.51732,0,0,0,0.0397527,0,0,0,-5.33906
"MtrElec",11,10,9,"",-1.15813,0,0,0,0.0264844,0,0.0330909,0,0,0.756867,0,0,0,0.773975,4.67028,0.162253,1.47038,0,0,0,0.0413428,0,0,0,-9.0928
"MtrElec",11,10,10,"",-8.1043,0,0,0,0.0264844,0,0.0330909,0,0,0.756867,0,0,0,0.660155,4.38935,0.137669,1.36128,0,0,2.6467,0.0349824,0,0,0,-18.1509
"MtrElec",11,10,11,"",-1.35799,0,0,0,0.0264844,0,0.0330909,0,0,0.756867,0,0,0,0.614627,4.44098,0.108169,1.33298,0,1.11788,0,0.0333923,0,0,0,-9.82246
"MtrElec",11,10,12,"",2.14105,0,0,0,0.0264844,0,0.0330909,0,0,0.756867,0,0,0,0.569099,4.44098,0.0737513,1.35819,0,0,0,0.0461131,0,0,0,-5.16352
"MtrElec",11,10,13,"",-3.33445,0,0,0,0.0264844,0,0.0330909,0,0,0.756867,0,0,0,0.478043,4.44921,0.0590011,1.39973,0,0,0,0.0556538,0,0,0,-10.5925
"MtrElec",11,10,14,"",-12.1631,0,0,0,0.0264844,0,0.0330909,0,0,0.756867,0,0,0,0.478043,4.54839,0.0540843,1.37002,0,0,0.881958,0.0508835,0,0,0,-20.3629
"MtrElec",11,10,15,"",-6.4759,0,0,0,0.0264844,0,0.0330909,0,0,0.756867,0,0,0,0.478043,4.71176,0.0540843,1.39264,0,0.372513,0,0.0540637,0,0,0,-14.3555
"MtrElec",11,10,16,"",5.14184,0,0,0,0,0,0.0330909,0,0,0.756867,0,0,0,0.591863,4.85057,0.0590011,1.4075,0,0,0,0.0826856,0,0,0,-2.63973
"MtrElec",11,10,17,"",8.55182,0,0,0,0,0,0.0330909,0,0,0.756867,0,0,0,0.705683,5.47414,0.0934184,1.44295,0.530617,0,0,0.182862,0,0,0,-0.667818
"MtrElec",11,10,18,"",12.0966,0,0,0,0,0,0.0330909,0,0,0.756867,0,0,0,1.00161,6.29608,0.18192,1.57632,1.9438,0,0,0.306891,0,0,0,0
"MtrElec",11,10,19,"",13.5016,0,0,0,0,0,0.0330909,0,0,0.756867,0,0,0,1.91217,6.85241,0.240921,1.70872,1.71125,0,0,0.286219,0,0,0,0
"MtrElec",11,10,20,"",13.6105,0,0,0,0,0,0.0330909,0,0,0.756867,0,0,0,2.66338,7.2066,0.319589,1.71239,0.762762,0,0,0.155831,0,0,0,0
"MtrElec",11,10,21,"",13.0227,0,0,0,0,0,0.0330909,0,0,0.756867,0,0,0,2.57233,7.51309,0.447425,1.63312,0,0,0,0.0667845,0,0,0,0
"MtrElec",11,10,22,"",13.0235,0,0,0,0,0,0.0330909,0,0,0.756867,0,0,0,2.18534,7.45856,0.516259,1.55612,0,0,0.485417,0.0318022,0,0,0,0
"MtrElec",11,10,23,"",12.4668,0,0,0,0,0,0.0330909,0,0,0.756867,0,0,0,1.43413,6.61553,0.447425,1.45406,0,0.205025,1.50162,0.0190813,0,0,0,0
"MtrElec",11,10,24,"",11.1886,0,0,0,0,0,0.0330909,0,0,0.756867,0,0,0,0.887795,5.67058,0.309756,1.33878,0,0.634241,1.54155,0.0159011,0,0,0,0
"MtrElec",11,11,1,"",8.13831,0,0,0,0,0,0.0330909,0,0,0.756867,0,0,0,0.523571,4.57544,0.226171,1.36412,0,0.651103,0,0.00795054,0,0,0,0
"MtrElec",11,11,2,"",6.97087,0,0,0,0,0,0.0330909,0,0,0.756867,0,0,0,0.432515,4.20996,0.226171,1.30591,0,0,0,0.00636043,0,0,0,0
"MtrElec",11,11,3,"",6.62906,0,0,0,0,0,0.0330909,0,0,0.756867,0,0,0,0.34146,3.99065,0.221254,1.28097,0,0,0,0.00477032,0,0,0,0
"MtrElec",11,11,4,"",6.63114,0,0,0,0,0,0.0330909,0,0,0.756867,0,0,0,0.386988,3.97952,0.221254,1.24866,0,0,0,0.00477032,0,0,0,0
"MtrElec",11,11,5,"",6.48455,0,0,0,0,0,0.0330909,0,0,0.756867,0,0,0,0.478043,3.78029,0.226171,1.20532,0,0,0,0.00477032,0,0,0,0
"MtrElec",11,11,6,"",7.01593,0,0,0,0,0,0.0330909,0,0,0.756867,0,0,0,0.705683,4.0936,0.221254,1.19748,0,0,0,0.00795054,0,0,0,0
"MtrElec",11,11,7,"",8.22744,0,0,0,0,0,0.0330909,0,0,0.756867,0,0,0,0.956087,4.59328,0.216337,1.22427,1.40649,0,0,0.0159011,0,0,0,-0.974888
"MtrElec",11,11,8,"",-1.04538,0,0,0,0.0264844,0,0.0330909,0,0,0.756867,0,0,0,0.933323,4.93491,0.201587,1.32197,1.06891,0,0,0.0429329,0,0,0,-10.3655
"MtrElec",11,11,9,"",-11.0607,0,0,0,0.0264844,0,0.0330909,0,0,0.756867,0,0,0,0.773975,4.64715,0.177003,1.50749,0,0,0,0.0763252,0,0,0,-19.0591
"MtrElec",11,11,10,"",-15.2895,0,0,0,0.0264844,0,0.0330909,0,0,0.756867,0,0,0,0.660155,4.47434,0.147503,1.47008,0,0,2.64509,0.0763252,0,0,0,-25.5795
"MtrElec",11,11,11,"",-18.5039,0,0,0,0.0264844,0,0.0330909,0,0,0.756867,0,0,0,0.614627,4.54982,0.118002,1.45261,0,1.11721,2.46384,0.073145,0,0,0,-29.7096
"MtrElec",11,11,12,"",-21.7879,0,0,0,0.0264844,0,0.0330909,0,0,0.756867,0,0,0,0.569099,4.47755,0.0786681,1.48948,0,1.04065,0.847216,0.0874559,0,0,0,-31.1945
"MtrElec",11,11,13,"",-21.9695,0,0,0,0.0264844,0,0.0330909,0,0,0.756867,0,0,0,0.478043,4.43807,0.0590011,1.52375,0,0.357839,0.372167,0.100177,0,0,0,-30.115
"MtrElec",11,11,14,"",-17.9546,0,0,0,0.0264844,0,0.0330909,0,0,0.756867,0,0,0,0.478043,4.57311,0.0540843,1.54532,0,0.157192,0.981981,0.0938164,0,0,0,-26.6546
"MtrElec",11,11,15,"",-11.6808,0,0,0,0.0264844,0,0.0330909,0,0,0.756867,0,0,0,0.478043,4.79532,0.0540843,1.5285,0,0.41476,0.626786,0.0985867,0,0,0,-20.4933
"MtrElec",11,11,16,"",-3.40678,0,0,0,0.0264844,0,0.0330909,0,0,0.756867,0,0,0,0.591863,5.04225,0.0590011,1.56853,0,0.264736,0,0.108127,0,0,0,-11.8577
"MtrElec",11,11,17,"",7.08317,0,0,0,0.0264844,0,0.0330909,0,0,0.756867,0,0,0,0.705683,5.65311,0.0934184,1.54285,0,0,0.882215,0.1447,0,0,0,-2.75525
"MtrElec",11,11,18,"",12.3358,0,0,0,0,0,0.0330909,0,0,0.756867,0,0,0,1.00161,6.36764,0.186837,1.63208,0,0.372621,1.76399,0.221025,0,0,0,0
"MtrElec",11,11,19,"",12.4785,0,0,0,0,0,0.0330909,0,0,0.756867,0,0,0,1.91217,6.84041,0.236004,1.74974,0,0.745057,0,0.205124,0,0,0,0
"MtrElec",11,11,20,"",12.6881,0,0,0,0,0,0.0330909,0,0,0.756867,0,0,0,2.66338,7.11033,0.295005,1.71492,0,0,0,0.114488,0,0,0,0
"MtrElec",11,11,21,"",12.8581,0,0,0,0,0,0.0330909,0,0,0.756867,0,0,0,2.57233,7.36911,0.408091,1.66772,0,0,0,0.0508835,0,0,0,0
"MtrElec",11,11,22,"",13.2598,0,0,0,0,0,0.0330909,0,0,0.756867,0,0,0,2.18534,7.30186,0.481842,1.59652,0,0,0.881967,0.0222615,0,0,0,0
"MtrElec",11,11,23,"",11.904,0,0,0,0,0,0.0330909,0,0,0.756867,0,0,0,1.43413,6.53125,0.417924,1.46192,0,0.372516,0.881989,0.014311,0,0,0,0
"MtrElec",11,11,24,"",9.3953,0,0,0,0,0,0.0330909,0,0,0.756867,0,0,0,0.887795,5.57043,0.290089,1.47655,0,0.372526,0,0.00795054,0,0,0,0
"MtrElec",11,12,1,"",7.43184,0,0,0,0,0,0.0330909,0,0,0.756867,0,0,0,0.523571,4.56272,0.226171,1.32146,0,0,0,0.00795054,0,0,0,0
"MtrElec",11,12,2,"",6.90671,0,0,0,0,0,0.0330909,0,0,0.756867,0,0,0,0.432515,4.16139,0.226171,1.29032,0,0,0,0.00636043,0,0,0,0
"MtrElec",11,12,3,"",6.61177,0,0,0,0,0,0.0330909,0,0,0.756867,0,0,0,0.34146,4.0025,0.226171,1.24532,0,0,0,0.00636043,0,0,0,0
"MtrElec",11,12,4,"",6.61197,0,0,0,0,0,0.0330909,0,0,0.756867,0,0,0,0.386988,3.97865,0.226171,1.22384,0,0,0,0.00636043,0,0,0,0
"MtrElec",11,12,5,"",6.47889,0,0,0,0,0,0.0330909,0,0,0.756867,0,0,0,0.478043,3.79214,0.226171,1.18622,0,0,0,0.00636043,0,0,0,0
"MtrElec",11,12,6,"",7.0285,0,0,0,0,0,0.0330909,0,0,0.756867,0,0,0,0.705683,4.10545,0.18192,1.22322,0,0,0,0.0222615,0,0,0,0
"MtrElec",11,12,7,"",6.81518,0,0,0,0,0,0.0330909,0,0,0.756867,0,0,0,0.956087,4.67684,0.172086,1.37517,0,0,0,0.030212,0,0,0,-1.18517
"MtrElec",11,12,8,"",-2.3818,0,0,0,0.0264844,0,0.0330909,0,0,0.756867,0,0,0,0.933323,5.03118,0.16717,1.5038,0,0,0,0.0397527,0,0,0,-10.8735
"MtrElec",11,12,9,"",-10.9151,0,0,0,0.0264844,0,0.0330909,0,0,0.756867,0,0,0,0.773975,4.67028,0.162253,1.45413,0,0,0.574556,0.0413428,0,0,0,-19.4081
"MtrElec",11,12,10,"",-15.6517,0,0,0,0.0264844,0,0.0330909,0,0,0.756867,0,0,0,0.660155,4.38935,0.137669,1.34787,0,0.242675,2.14308,0.0349824,0,0,0,-25.424
"MtrElec",11,12,11,"",-20.1045,0,0,0,0.0264844,0,0.0330909,0,0,0.756867,0,0,0,0.614627,4.44098,0.108169,1.32506,0,0.905174,0.810723,0.0333923,0,0,0,-29.1591
"MtrElec",11,12,12,"",-24.1834,0,0,0,0.0264844,0,0.0330909,0,0,0.756867,0,0,0,0.569099,4.44098,0.0737513,1.35318,0,0.342425,0,0.0461131,0,0,0,-31.8254
"MtrElec",11,12,13,"",-24.1054,0,0,0,0.0264844,0,0.0330909,0,0,0.756867,0,0,0,0.478043,4.44921,0.0590011,1.40151,0,0,0,0.0556538,0,0,0,-31.3653
"MtrElec",11,12,14,"",-20.2205,0,0,0,0.0264844,0,0.0330909,0,0,0.756867,0,0,0,0.478043,4.54839,0.0540843,1.37455,0,0,0,0.0508835,0,0,0,-27.5429
"MtrElec",11,12,15,"",-13.6408,0,0,0,0.0264844,0,0.0330909,0,0,0.756867,0,0,0,0.478043,4.71176,0.0540843,1.39628,0,0,0,0.0540637,0,0,0,-21.1515
"MtrElec",11,12,16,"",-3.14508,0,0,0,0.0264844,0,0.0330909,0,0,0.756867,0,0,0,0.591863,4.85057,0.0590011,1.41289,1.26327,0,0,0.0826856,0,0,0,-12.2218
"MtrElec",11,12,17,"",7.2309,0,0,0,0.0264844,0,0.0330909,0,0,0.756867,0,0,0,0.705683,5.47414,0.0934184,1.45854,1.21212,0,0,0.182862,0,0,0,-2.71231
"MtrElec",11,12,18,"",10.1696,0,0,0,0,0,0.0330909,0,0,0.756867,0,0,0,1.00161,6.29608,0.18192,1.59314,0,0,0,0.306891,0,0,0,0
"MtrElec",11,12,19,"",11.7951,0,0,0,0,0,0.0330909,0,0,0.756867,0,0,0,1.91217,6.85241,0.240921,1.71338,0,0,0,0.286219,0,0,0,0
"MtrElec",11,12,20,"",12.8432,0,0,0,0,0,0.0330909,0,0,0.756867,0,0,0,2.66338,7.2066,0.319589,1.70784,0,0,0,0.155831,0,0,0,0
"MtrElec",11,12,21,"",13.0124,0,0,0,0,0,0.0330909,0,0,0.756867,0,0,0,2.57233,7.51309,0.447425,1.62284,0,0,0,0.0667845,0,0,0,0
"MtrElec",11,12,22,"",15.8538,0,0,0,0,0,0.0330909,0,0,0.756867,0,0,0,2.18534,7.45856,0.516259,1.54596,2.47431,0,0.851616,0.0318022,0,0,0,0
"MtrElec",11,12,23,"",11.1418,0,0,0,0,0,0.0330909,0,0,0.756867,0,0,0,1.43413,6.61553,0.447425,1.44547,0,0.359697,0.0305102,0.0190813,0,0,0,0
"MtrElec",11,12,24,"",9.01302,0,0,0,0,0,0.0330909,0,0,0.756867,0,0,0,0.887795,5.67058,0.309756,1.32614,0,0.0128866,0,0.0159011,0,0,0,0
"MtrElec",11,13,1,"",7.41616,0,0,0,0,0,0.0330909,0,0,0.756867,0,0,0,0.523571,4.56272,0.226171,1.30579,0,0,0,0.00795054,0,0,0,0
"MtrElec",11,13,2,"",6.8936,0,0,0,0,0,0.0330909,0,0,0.756867,0,0,0,0.432515,4.16139,0.226171,1.27721,0,0,0,0.00636043,0,0,0,0
"MtrElec",11,13,3,"",6.59936,0,0,0,0,0,0.0330909,0,0,0.756867,0,0,0,0.34146,4.0025,0.226171,1.23291,0,0,0,0.00636043,0,0,0,0
"MtrElec",11,13,4,"",6.60053,0,0,0,0,0,0.0330909,0,0,0.756867,0,0,0,0.386988,3.97865,0.226171,1.2124,0,0,0,0.00636043,0,0,0,0
"MtrElec",11,13,5,"",6.46692,0,0,0,0,0,0.0330909,0,0,0.756867,0,0,0,0.478043,3.79214,0.226171,1.17425,0,0,0,0.00636043,0,0,0,0
"MtrElec",11,13,6,"",7.01528,0,0,0,0,0,0.0330909,0,0,0.756867,0,0,0,0.705683,4.10545,0.18192,1.21,0,0,0,0.0222615,0,0,0,0
"MtrElec",11,13,7,"",6.73794,0,0,0,0,0,0.0330909,0,0,0.756867,0,0,0,0.956087,4.67684,0.172086,1.36529,0,0,0,0.030212,0,0,0,-1.25253
"MtrElec",11,13,8,"",-1.7459,0,0,0,0.0264844,0,0.0330909,0,0,0.756867,0,0,0,0.933323,5.03118,0.16717,1.49637,0,0,0.881945,0.0397527,0,0,0,-11.1121
"MtrElec",11,13,9,"",-11.174,0,0,0,0.0264844,0,0.0330909,0,0,0.756867,0,0,0,0.773975,4.67028,0.162253,1.44682,0,0.372507,0,0.0413428,0,0,0,-19.4576
"MtrElec",11,13,10,"",-18.0091,0,0,0,0.0264844,0,0.0330909,0,0,0.756867,0,0,0,0.660155,4.38935,0.137669,1.33827,0,0,0,0.0349824,0,0,0,-25.386
"MtrElec",11,13,11,"",-21.7476,0,0,0,0.0264844,0,0.0330909,0,0,0.756867,0,0,0,0.614627,4.44098,0.108169,1.31549,0,0,0.881985,0.0333923,0,0,0,-29.9587
"MtrElec",11,13,12,"",-23.2307,0,0,0,0.0264844,0,0.0330909,0,0,0.756867,0,0,0,0.569099,4.44098,0.0737513,1.34558,0,0.372524,0.882056,0.0461131,0,0,0,-31.7773
"MtrElec",11,13,13,"",-22.9573,0,0,0,0.0264844,0,0.0330909,0,0,0.756867,0,0,0,0.478043,4.44921,0.0590011,1.39635,0,0.372554,0.285975,0.0556538,0,0,0,-30.8705
"MtrElec",11,13,14,"",-19.6605,0,0,0,0.0264844,0,0.0330909,0,0,0.756867,0,0,0,0.478043,4.54839,0.0540843,1.37259,0,0.120787,0.596301,0.0508835,0,0,0,-27.6981
"MtrElec",11,13,15,"",-13.4652,0,0,0,0.0264844,0,0.0330909,0,0,0.756867,0,0,0,0.478043,4.71176,0.0540843,1.39283,0,0.25186,0,0.0540637,0,0,0,-21.2242
"MtrElec",11,13,16,"",-4.36045,0,0,0,0.0264844,0,0.0330909,0,0,0.756867,0,0,0,0.591863,4.85057,0.0590011,1.40541,0,0,0,0.0826856,0,0,0,-12.1664
"MtrElec",11,13,17,"",6.38357,0,0,0,0.0264844,0,0.0330909,0,0,0.756867,0,0,0,0.705683,5.47414,0.0934184,1.44851,0.530617,0,0,0.182862,0,0,0,-2.86811
"MtrElec",11,13,18,"",12.1088,0,0,0,0,0,0.0330909,0,0,0.756867,0,0,0,1.00161,6.29608,0.18192,1.58851,1.9438,0,0,0.306891,0,0,0,0
"MtrElec",11,13,19,"",11.7993,0,0,0,0,0,0.0330909,0,0,0.756867,0,0,0,1.91217,6.85241,0.240921,1.7176,0,0,0,0.286219,0,0,0,0
"MtrElec",11,13,20,"",12.8519,0,0,0,0,0,0.0330909,0,0,0.756867,0,0,0,2.66338,7.2066,0.319589,1.71656,0,0,0,0.155831,0,0,0,0
"MtrElec",11,13,21,"",13.0244,0,0,0,0,0,0.0330909,0,0,0.756867,0,0,0,2.57233,7.51309,0.447425,1.63485,0,0,0,0.0667845,0,0,0,0
"MtrElec",11,13,22,"",12.5388,0,0,0,0,0,0.0330909,0,0,0.756867,0,0,0,2.18534,7.45856,0.516259,1.55689,0,0,0,0.0318022,0,0,0,0
"MtrElec",11,13,23,"",10.9845,0,0,0,0,0,0.0330909,0,0,0.756867,0,0,0,1.43413,6.61553,0.447425,1.45336,0,0,0.225027,0.0190813,0,0,0,0
"MtrElec",11,13,24,"",9.76097,0,0,0,0,0,0.0330909,0,0,0.756867,0,0,0,0.887795,5.67058,0.309756,1.33506,0,0.0950445,0.656879,0.0159011,0,0,0,0
"MtrElec",11,14,1,"",7.75954,0,0,0,0,0,0.0330909,0,0,0.756867,0,0,0,0.523571,4.57544,0.226171,1.35901,0,0.277446,0,0.00795054,0,0,0,0
"MtrElec",11,14,2,"",6.96527,0,0,0,0,0,0.0330909,0,0,0.756867,0,0,0,0.432515,4.20996,0.226171,1.3003,0,0,0,0.00636043,0,0,0,0
"MtrElec",11,14,3,"",6.62374,0,0,0,0,0,0.0330909,0,0,0.756867,0,0,0,0.34146,3.99065,0.221254,1.27565,0,0,0,0.00477032,0,0,0,0
"MtrElec",11,14,4,"",6.62594,0,0,0,0,0,0.0330909,0,0,0.756867,0,0,0,0.386988,3.97952,0.221254,1.24345,0,0,0,0.00477032,0,0,0,0
"MtrElec",11,14,5,"",6.47831,0,0,0,0,0,0.0330909,0,0,0.756867,0,0,0,0.478043,3.78029,0.226171,1.19908,0,0,0,0.00477032,0,0,0,0
"MtrElec",11,14,6,"",7.00915,0,0,0,0,0,0.0330909,0,0,0.756867,0,0,0,0.705683,4.0936,0.221254,1.1907,0,0,0,0.00795054,0,0,0,0
"MtrElec",11,14,7,"",6.54237,0,0,0,0,0,0.0330909,0,0,0.756867,0,0,0,0.956087,4.59328,0.216337,1.21598,0,0,0,0.0159011,0,0,0,-1.24517
"MtrElec",11,14,8,"",-2.66449,0,0,0,0.0264844,0,0.0330909,0,0,0.756867,0,0,0,0.933323,4.93491,0.201587,1.31466,0,0,0,0.0429329,0,0,0,-10.9083
"MtrElec",11,14,9,"",-10.4419,0,0,0,0.0264844,0,0.0330909,0,0,0.756867,0,0,0,0.773975,4.64715,0.177003,1.5027,0,0,0.88205,0.0763252,0,0,0,-19.3176
"MtrElec",11,14,10,"",-16.8594,0,0,0,0.0264844,0,0.0330909,0,0,0.756867,0,0,0,0.660155,4.47434,0.147503,1.46418,0,0.372551,0.364414,0.0763252,0,0,0,-25.2353
"MtrElec",11,14,11,"",-19.7298,0,0,0,0.0264844,0,0.0330909,0,0,0.756867,0,0,0,0.614627,4.54982,0.118002,1.44651,0,0.153917,0.86724,0.073145,0,0,0,-28.3695
"MtrElec",11,14,12,"",-18.6103,0,0,0,0.0264844,0,0.0330909,0,0,0.756867,0,0,0,0.569099,4.47755,0.0786681,1.48445,2.31838,0.366296,1.78194,0.0874559,0,0,0,-30.5906
"MtrElec",11,14,13,"",-18.0381,0,0,0,0.0264844,0,0.0330909,0,0,0.756867,0,0,0,0.478043,4.43807,0.0590011,1.52758,2.63314,0.752638,1.59856,0.100177,0,0,0,-30.4418
"MtrElec",11,14,14,"",-18.3279,0,0,0,0.0264844,0,0.0330909,0,0,0.756867,0,0,0,0.478043,4.57311,0.0540843,1.55357,0,0.675183,0.680497,0.0938164,0,0,0,-27.2526
"MtrElec",11,14,15,"",-12.7378,0,0,0,0.0264844,0,0.0330909,0,0,0.756867,0,0,0,0.478043,4.79532,0.0540843,1.53098,0,0.287422,0,0.0985867,0,0,0,-20.7987
"MtrElec",11,14,16,"",-3.16631,0,0,0,0.0264844,0,0.0330909,0,0,0.756867,0,0,0,0.591863,5.04225,0.0590011,1.56519,0,0,0.410019,0.108127,0,0,0,-11.7592
"MtrElec",11,14,17,"",6.88282,0,0,0,0.0264844,0,0.0330909,0,0,0.756867,0,0,0,0.705683,5.65311,0.0934184,1.5392,0,0.17318,0.472187,0.1447,0,0,0,-2.71511
"MtrElec",11,14,18,"",10.397,0,0,0,0,0,0.0330909,0,0,0.756867,0,0,0,1.00161,6.36764,0.186837,1.63044,0,0.199438,0,0.221025,0,0,0,0
"MtrElec",11,14,19,"",11.7319,0,0,0,0,0,0.0330909,0,0,0.756867,0,0,0,1.91217,6.84041,0.236004,1.74823,0,0,0,0.205124,0,0,0,0
"MtrElec",11,14,20,"",13.0489,0,0,0,0,0,0.0330909,0,0,0.756867,0,0,0,2.66338,7.11033,0.295005,1.71386,0,0,0.361887,0.114488,0,0,0,0
"MtrElec",11,14,21,"",15.0285,0,0,0,0,0,0.0330909,0,0,0.756867,0,0,0,2.57233,7.36911,0.408091,1.66837,1.49682,0.15285,0.520064,0.0508835,0,0,0,0
"MtrElec",11,14,22,"",13.5786,0,0,0,0,0,0.0330909,0,0,0.756867,0,0,0,2.18534,7.30186,0.481842,1.59885,0.978837,0.219659,0,0.0222615,0,0,0,0
"MtrElec",11,14,23,"",10.6545,0,0,0,0,0,0.0330909,0,0,0.756867,0,0,0,1.43413,6.53125,0.417924,1.4669,0,0,0,0.014311,0,0,0,0
"MtrElec",11,14,24,"",9.02473,0,0,0,0,0,0.0330909,0,0,0.756867,0,0,0,0.887795,5.57043,0.290089,1.47851,0,0,0,0.00795054,0,0,0,0
"MtrElec",11,15,1,"",7.48994,0,0,0,0,0,0.0330909,0,0,0.756867,0,0,0,0.523571,4.57544,0.226171,1.36685,0,0,0,0.00795054,0,0,0,0
"MtrElec",11,15,2,"",6.972,0,0,0,0,0,0.0330909,0,0,0.756867,0,0,0,0.432515,4.20996,0.226171,1.30704,0,0,0,0.00636043,0,0,0,0
"MtrElec",11,15,3,"",6.63073,0,0,0,0,0,0.0330909,0,0,0.756867,0,0,0,0.34146,3.99065,0.221254,1.28264,0,0,0,0.00477032,0,0,0,0
"MtrElec",11,15,4,"",6.63323,0,0,0,0,0,0.0330909,0,0,0.756867,0,0,0,0.386988,3.97952,0.221254,1.25074,0,0,0,0.00477032,0,0,0,0
"MtrElec",11,15,5,"",6.48676,0,0,0,0,0,0.0330909,0,0,0.756867,0,0,0,0.478043,3.78029,0.226171,1.20753,0,0,0,0.00477032,0,0,0,0
"MtrElec",11,15,6,"",7.01799,0,0,0,0,0,0.0330909,0,0,0.756867,0,0,0,0.705683,4.0936,0.221254,1.19954,0,0,0,0.00795054,0,0,0,0
"MtrElec",11,15,7,"",6.65187,0,0,0,0,0,0.0330909,0,0,0.756867,0,0,0,0.956087,4.59328,0.216337,1.22647,0,0,0,0.0159011,0,0,0,-1.14616
"MtrElec",11,15,8,"",-2.33972,0,0,0,0.0264844,0,0.0330909,0,0,0.756867,0,0,0,0.933323,4.93491,0.201587,1.32443,0,0,0,0.0429329,0,0,0,-10.5933
"MtrElec",11,15,9,"",-10.9232,0,0,0,0.0264844,0,0.0330909,0,0,0.756867,0,0,0,0.773975,4.64715,0.177003,1.50936,0,0,0,0.0763252,0,0,0,-18.9234
"MtrElec",11,15,10,"",-17.4002,0,0,0,0.0264844,0,0.0330909,0,0,0.756867,0,0,0,0.660155,4.47434,0.147503,1.47843,0,0,0,0.0763252,0,0,0,-25.0534
"MtrElec",11,15,11,"",-19.8089,0,0,0,0.0264844,0,0.0330909,0,0,0.756867,0,0,0,0.614627,4.54982,0.118002,1.46818,0,0,0.882176,0.073145,0,0,0,-28.3313
"MtrElec",11,15,12,"",-22.0062,0,0,0,0.0264844,0,0.0330909,0,0,0.756867,0,0,0,0.569099,4.47755,0.0786681,1.51011,0,0.372605,0,0.0874559,0,0,0,-29.9181
"MtrElec",11,15,13,"",-22.2878,0,0,0,0.0264844,0,0.0330909,0,0,0.756867,0,0,0,0.478043,4.43807,0.0590011,1.5521,0,0,0,0.100177,0,0,0,-29.7316
"MtrElec",11,15,14,"",-18.6754,0,0,0,0.0264844,0,0.0330909,0,0,0.756867,0,0,0,0.478043,4.57311,0.0540843,1.5818,0,0,0,0.0938164,0,0,0,-26.2727
"MtrElec",11,15,15,"",-10.6526,0,0,0,0.0264844,0,0.0330909,0,0,0.756867,0,0,0,0.478043,4.79532,0.0540843,1.57139,0,0,1.76411,0.0985867,0,0,0,-20.2306
"MtrElec",11,15,16,"",-2.80829,0,0,0,0.0264844,0,0.0330909,0,0,0.756867,0,0,0,0.591863,5.04225,0.0590011,1.60662,0,0.745107,0,0.108127,0,0,0,-11.7777
"MtrElec",11,15,17,"",6.2479,0,0,0,0.0264844,0,0.0330909,0,0,0.756867,0,0,0,0.705683,5.65311,0.0934184,1.60642,0,0,0,0.1447,0,0,0,-2.77187
"MtrElec",11,15,18,"",12.0285,0,0,0,0,0,0.0330909,0,0,0.756867,0,0,0,1.00161,6.36764,0.186837,1.697,0,0,1.76441,0.221025,0,0,0,0
"MtrElec",11,15,19,"",13.3441,0,0,0,0,0,0.0330909,0,0,0.756867,0,0,0,1.91217,6.84041,0.236004,1.79743,0,0.745235,0.817822,0.205124,0,0,0,0
"MtrElec",11,15,20,"",14.0397,0,0,0,0,0,0.0330909,0,0,0.756867,0,0,0,2.66338,7.11033,0.295005,1.7748,0,0.345423,0.946276,0.114488,0,0,0,0
"MtrElec",11,15,21,"",13.332,0,0,0,0,0,0.0330909,0,0,0.756867,0,0,0,2.57233,7.36911,0.408091,1.74191,0,0.399679,0,0.0508835,0,0,0,0
"MtrElec",11,15,22,"",12.4506,0,0,0,0,0,0.0330909,0,0,0.756867,0,0,0,2.18534,7.30186,0.481842,1.66932,0,0,0,0.0222615,0,0,0,0
"MtrElec",11,15,23,"",10.7506,0,0,0,0,0,0.0330909,0,0,0.756867,0,0,0,1.43413,6.53125,0.417924,1.56305,0,0,0,0.014311,0,0,0,0
"MtrElec",11,15,24,"",9.08597,0,0,0,0,0,0.0330909,0,0,0.756867,0,0,0,0.887795,5.57043,0.290089,1.53975,0,0,0,0.00795054,0,0,0,0
"MtrElec",11,16,1,"",7.52613,0,0,0,0,0,0.0330909,0,0,0.756867,0,0,0,0.523571,4.56272,0.226171,1.41576,0,0,0,0.00795054,0,0,0,0
"MtrElec",11,16,2,"",6.9878,0,0,0,0,0,0.0330909,0,0,0.756867,0,0,0,0.432515,4.16139,0.226171,1.37141,0,0,0,0.00636043,0,0,0,0
"MtrElec",11,16,3,"",6.69414,0,0,0,0,0,0.0330909,0,0,0.756867,0,0,0,0.34146,4.0025,0.226171,1.32768,0,0,0,0.00636043,0,0,0,0
"MtrElec",11,16,4,"",6.69207,0,0,0,0,0,0.0330909,0,0,0.756867,0,0,0,0.386988,3.97865,0.226171,1.30394,0,0,0,0.00636043,0,0,0,0
"MtrElec",11,16,5,"",6.56706,0,0,0,0,0,0.0330909,0,0,0.756867,0,0,0,0.478043,3.79214,0.226171,1.27439,0,0,0,0.00636043,0,0,0,0
"MtrElec",11,16,6,"",7.13236,0,0,0,0,0,0.0330909,0,0,0.756867,0,0,0,0.705683,4.10545,0.18192,1.32708,0,0,0,0.0222615,0,0,0,0
"MtrElec",11,16,7,"",7.62969,0,0,0,0,0,0.0330909,0,0,0.756867,0,0,0,0.956087,4.67684,0.172086,1.4588,0,0,0.882236,0.030212,0,0,0,-1.33652
"MtrElec",11,16,8,"",-2.31733,0,0,0,0.0264844,0,0.0330909,0,0,0.756867,0,0,0,0.933323,5.03118,0.16717,1.5682,0,0.37263,0,0.0397527,0,0,0,-11.246
"MtrElec",11,16,9,"",-11.6536,0,0,0,0.0264844,0,0.0330909,0,0,0.756867,0,0,0,0.773975,4.67028,0.162253,1.52897,0,0,0,0.0413428,0,0,0,-19.6469
"MtrElec",11,16,10,"",-17.1832,0,0,0,0.0264844,0,0.0330909,0,0,0.756867,0,0,0,0.660155,4.38935,0.137669,1.44606,0,0,0.476651,0.0349824,0,0,0,-25.1445
"MtrElec",11,16,11,"",-21.2901,0,0,0,0.0264844,0,0.0330909,0,0,0.756867,0,0,0,0.614627,4.44098,0.108169,1.42346,0,0.201323,0.405362,0.0333923,0,0,0,-29.3339
"MtrElec",11,16,12,"",-23.3202,0,0,0,0.0264844,0,0.0330909,0,0,0.756867,0,0,0,0.569099,4.44098,0.0737513,1.44971,0,0.171213,0,0.0461131,0,0,0,-30.8876
"MtrElec",11,16,13,"",-22.8032,0,0,0,0.0264844,0,0.0330909,0,0,0.756867,0,0,0,0.478043,4.44921,0.0590011,1.48568,0,0,0,0.0556538,0,0,0,-30.1473
"MtrElec",11,16,14,"",-19.53,0,0,0,0.0264844,0,0.0330909,0,0,0.756867,0,0,0,0.478043,4.54839,0.0540843,1.47198,0,0,0,0.0508835,0,0,0,-26.9498
"MtrElec",11,16,15,"",-12.5137,0,0,0,0.0264844,0,0.0330909,0,0,0.756867,0,0,0,0.478043,4.71176,0.0540843,1.47905,0,0,0.776048,0.0540637,0,0,0,-20.8832
"MtrElec",11,16,16,"",-2.99591,0,0,0,0.0264844,0,0.0330909,0,0,0.756867,0,0,0,0.591863,4.85057,0.0590011,1.50682,0,0.327779,0.987767,0.0826856,0,0,0,-12.2188
"MtrElec",11,16,17,"",6.38419,0,0,0,0.0264844,0,0.0330909,0,0,0.756867,0,0,0,0.705683,5.47414,0.0934184,1.5839,0,0.417203,0,0.182862,0,0,0,-2.88946
"MtrElec",11,16,18,"",10.2996,0,0,0,0,0,0.0330909,0,0,0.756867,0,0,0,1.00161,6.29608,0.18192,1.72311,0,0,0,0.306891,0,0,0,0
"MtrElec",11,16,19,"",12.7921,0,0,0,0,0,0.0330909,0,0,0.756867,0,0,0,1.91217,6.85241,0.240921,1.82841,0,0,0.881967,0.286219,0,0,0,0
"MtrElec",11,16,20,"",13.3062,0,0,0,0,0,0.0330909,0,0,0.756867,0,0,0,2.66338,7.2066,0.319589,1.79832,0,0.372517,0,0.155831,0,0,0,0
"MtrElec",11,16,21,"",13.1162,0,0,0,0,0,0.0330909,0,0,0.756867,0,0,0,2.57233,7.51309,0.447425,1.7266,0,0,0,0.0667845,0,0,0,0
"MtrElec",11,16,22,"",12.6405,0,0,0,0,0,0.0330909,0,0,0.756867,0,0,0,2.18534,7.45856,0.516259,1.65857,0,0,0,0.0318022,0,0,0,0
"MtrElec",11,16,23,"",10.8627,0,0,0,0,0,0.0330909,0,0,0.756867,0,0,0,1.43413,6.61553,0.447425,1.55656,0,0,0,0.0190813,0,0,0,0
"MtrElec",11,16,24,"",9.13305,0,0,0,0,0,0.0330909,0,0,0.756867,0,0,0,0.887795,5.67058,0.309756,1.45906,0,0,0,0.0159011,0,0,0,0
"MtrElec",11,17,1,"",7.52882,0,0,0,0,0,0.0330909,0,0,0.756867,0,0,0,0.523571,4.56272,0.226171,1.41845,0,0,0,0.00795054,0,0,0,0
"MtrElec",11,17,2,"",6.98954,0,0,0,0,0,0.0330909,0,0,0.756867,0,0,0,0.432515,4.16139,0.226171,1.37315,0,0,0,0.00636043,0,0,0,0
"MtrElec",11,17,3,"",6.69501,0,0,0,0,0,0.0330909,0,0,0.756867,0,0,0,0.34146,4.0025,0.226171,1.32856,0,0,0,0.00636043,0,0,0,0
"MtrElec",11,17,4,"",6.69197,0,0,0,0,0,0.0330909,0,0,0.756867,0,0,0,0.386988,3.97865,0.226171,1.30384,0,0,0,0.00636043,0,0,0,0
"MtrElec",11,17,5,"",6.56598,0,0,0,0,0,0.0330909,0,0,0.756867,0,0,0,0.478043,3.79214,0.226171,1.27331,0,0,0,0.00636043,0,0,0,0
"MtrElec",11,17,6,"",7.13018,0,0,0,0,0,0.0330909,0,0,0.756867,0,0,0,0.705683,4.10545,0.18192,1.3249,0,0,0,0.0222615,0,0,0,0
"MtrElec",11,17,7,"",6.89169,0,0,0,0,0,0.0330909,0,0,0.756867,0,0,0,0.956087,4.67684,0.172086,1.45631,0,0,0,0.030212,0,0,0,-1.1898
"MtrElec",11,17,8,"",-2.40991,0,0,0,0.0264844,0,0.0330909,0,0,0.756867,0,0,0,0.933323,5.03118,0.16717,1.56372,0,0,0,0.0397527,0,0,0,-10.9615
"MtrElec",11,17,9,"",-11.0694,0,0,0,0.0264844,0,0.0330909,0,0,0.756867,0,0,0,0.773975,4.67028,0.162253,1.51978,0,0,0.4939,0.0413428,0,0,0,-19.5474
"MtrElec",11,17,10,"",-14.4403,0,0,0,0.0264844,0,0.0330909,0,0,0.756867,0,0,0,0.660155,4.38935,0.137669,1.43228,0,0.208609,2.62935,0.0349824,0,0,0,-24.7492
"MtrElec",11,17,11,"",-19.0209,0,0,0,0.0264844,0,0.0330909,0,0,0.756867,0,0,0,0.614627,4.44098,0.108169,1.4153,0,1.11056,0.405362,0.0333923,0,0,0,-27.9657
"MtrElec",11,17,12,"",-18.4066,0,0,0,0.0264844,0,0.0330909,0,0,0.756867,0,0,0,0.569099,4.44098,0.0737513,1.44597,0,0.171213,0,0.0461131,0,0,0,-25.9701
"MtrElec",11,17,13,"",-16.6451,0,0,0,0.0264844,0,0.0330909,0,0,0.756867,0,0,0,0.478043,4.44921,0.0590011,1.48094,1.41802,0,0.285975,0.0556538,0,0,0,-25.6884
"MtrElec",11,17,14,"",-17.1139,0,0,0,0.0264844,0,0.0330909,0,0,0.756867,0,0,0,0.478043,4.54839,0.0540843,1.45936,1.0564,0.120787,0.596301,0.0508835,0,0,0,-26.2946
"MtrElec",11,17,15,"",-12.0366,0,0,0,0.0264844,0,0.0330909,0,0,0.756867,0,0,0,0.478043,4.71176,0.0540843,1.46444,0,0.25186,0,0.0540637,0,0,0,-19.8673
"MtrElec",11,17,16,"",-4.30527,0,0,0,0.0264844,0,0.0330909,0,0,0.756867,0,0,0,0.591863,4.85057,0.0590011,1.48548,0,0,0,0.0826856,0,0,0,-12.1913
"MtrElec",11,17,17,"",6.04238,0,0,0,0.0264844,0,0.0330909,0,0,0.756867,0,0,0,0.705683,5.47414,0.0934184,1.55537,0,0,0,0.182862,0,0,0,-2.78554
"MtrElec",11,17,18,"",10.2722,0,0,0,0,0,0.0330909,0,0,0.756867,0,0,0,1.00161,6.29608,0.18192,1.69572,0,0,0,0.306891,0,0,0,0
"MtrElec",11,17,19,"",11.8894,0,0,0,0,0,0.0330909,0,0,0.756867,0,0,0,1.91217,6.85241,0.240921,1.80774,0,0,0,0.286219,0,0,0,0
"MtrElec",11,17,20,"",12.9211,0,0,0,0,0,0.0330909,0,0,0.756867,0,0,0,2.66338,7.2066,0.319589,1.78571,0,0,0,0.155831,0,0,0,0
"MtrElec",11,17,21,"",13.1034,0,0,0,0,0,0.0330909,0,0,0.756867,0,0,0,2.57233,7.51309,0.447425,1.71381,0,0,0,0.0667845,0,0,0,0
"MtrElec",11,17,22,"",12.948,0,0,0,0,0,0.0330909,0,0,0.756867,0,0,0,2.18534,7.45856,0.516259,1.64243,0,0,0.323611,0.0318022,0,0,0,0
"MtrElec",11,17,23,"",11.8314,0,0,0,0,0,0.0330909,0,0,0.756867,0,0,0,1.43413,6.61553,0.447425,1.53749,0,0.136684,0.851065,0.0190813,0,0,0,0
"MtrElec",11,17,24,"",10.0584,0,0,0,0,0,0.0330909,0,0,0.756867,0,0,0,0.887795,5.67058,0.309756,1.43515,0,0.359465,0.589777,0.0159011,0,0,0,0
"MtrElec",11,18,1,"",7.7596,0,0,0,0,0,0.0330909,0,0,0.756867,0,0,0,0.523571,4.56272,0.226171,1.40012,0,0.249104,0,0.00795054,0,0,0,0
"MtrElec",11,18,2,"",6.97512,0,0,0,0,0,0.0330909,0,0,0.756867,0,0,0,0.432515,4.16139,0.226171,1.35873,0,0,0,0.00636043,0,0,0,0
"MtrElec",11,18,3,"",6.68084,0,0,0,0,0,0.0330909,0,0,0.756867,0,0,0,0.34146,4.0025,0.226171,1.31439,0,0,0,0.00636043,0,0,0,0
"MtrElec",11,18,4,"",6.67905,0,0,0,0,0,0.0330909,0,0,0.756867,0,0,0,0.386988,3.97865,0.226171,1.29092,0,0,0,0.00636043,0,0,0,0
"MtrElec",11,18,5,"",6.55309,0,0,0,0,0,0.0330909,0,0,0.756867,0,0,0,0.478043,3.79214,0.226171,1.26042,0,0,0,0.00636043,0,0,0,0
"MtrElec",11,18,6,"",7.99888,0,0,0,0,0,0.0330909,0,0,0.756867,0,0,0,0.705683,4.10545,0.18192,1.31172,0,0,0.881881,0.0222615,0,0,0,0
"MtrElec",11,18,7,"",7.19923,0,0,0,0,0,0.0330909,0,0,0.756867,0,0,0,0.956087,4.67684,0.172086,1.44821,0,0.37248,0,0.030212,0,0,0,-1.24664
"MtrElec",11,18,8,"",-1.79705,0,0,0,0.0264844,0,0.0330909,0,0,0.756867,0,0,0,0.933323,5.03118,0.16717,1.5593,0,0,0.881945,0.0397527,0,0,0,-11.2262
"MtrElec",11,18,9,"",-9.69151,0,0,0,0.0264844,0,0.0330909,0,0,0.756867,0,0,0,0.773975,4.67028,0.162253,1.51588,1.3606,0.372507,0.628229,0.0413428,0,0,0,-20.033
"MtrElec",11,18,10,"",-17.0661,0,0,0,0.0264844,0,0.0330909,0,0,0.756867,0,0,0,0.660155,4.38935,0.137669,1.43081,1.11435,0.265345,0.253982,0.0349824,0,0,0,-26.1692
"MtrElec",11,18,11,"",-20.5128,0,0,0,0.0264844,0,0.0330909,0,0,0.756867,0,0,0,0.614627,4.44098,0.108169,1.41556,0,0.107274,1.74375,0.0333923,0,0,0,-29.793
"MtrElec",11,18,12,"",-22.693,0,0,0,0.0264844,0,0.0330909,0,0,0.756867,0,0,0,0.569099,4.44098,0.0737513,1.44443,0,0.736506,0.020165,0.0461131,0,0,0,-30.8405
"MtrElec",11,18,13,"",-22.1475,0,0,0,0.0264844,0,0.0330909,0,0,0.756867,0,0,0,0.478043,4.44921,0.0590011,1.48367,0,0.00851711,0,0.0556538,0,0,0,-29.4981
"MtrElec",11,18,14,"",-18.2485,0,0,0,0.0264844,0,0.0330909,0,0,0.756867,0,0,0,0.478043,4.54839,0.0540843,1.47238,0,0,0.449466,0.0508835,0,0,0,-26.1182
"MtrElec",11,18,15,"",-11.6541,0,0,0,0.0264844,0,0.0330909,0,0,0.756867,0,0,0,0.478043,4.71176,0.0540843,1.48214,0,0.189841,0.868033,0.0540637,0,0,0,-20.3085
"MtrElec",11,18,16,"",-1.89766,0,0,0,0.0264844,0,0.0330909,0,0,0.756867,0,0,0,0.591863,4.85057,0.0590011,1.51404,1.26327,0.366631,0.446611,0.0826856,0,0,0,-11.8888
"MtrElec",11,18,17,"",7.53745,0,0,0,0.0264844,0,0.0330909,0,0,0.756867,0,0,0,0.705683,5.47414,0.0934184,1.60361,1.21212,0.188635,0,0.182862,0,0,0,-2.73946
"MtrElec",11,18,18,"",10.334,0,0,0,0,0,0.0330909,0,0,0.756867,0,0,0,1.00161,6.29608,0.18192,1.75751,0,0,0,0.306891,0,0,0,0
"MtrElec",11,18,19,"",11.9475,0,0,0,0,0,0.0330909,0,0,0.756867,0,0,0,1.91217,6.85241,0.240921,1.86582,0,0,0,0.286219,0,0,0,0
"MtrElec",11,18,20,"",12.9621,0,0,0,0,0,0.0330909,0,0,0.756867,0,0,0,2.66338,7.2066,0.319589,1.82674,0,0,0,0.155831,0,0,0,0
"MtrElec",11,18,21,"",13.1453,0,0,0,0,0,0.0330909,0,0,0.756867,0,0,0,2.57233,7.51309,0.447425,1.75572,0,0,0,0.0667845,0,0,0,0
"MtrElec",11,18,22,"",12.6694,0,0,0,0,0,0.0330909,0,0,0.756867,0,0,0,2.18534,7.45856,0.516259,1.68752,0,0,0,0.0318022,0,0,0,0
"MtrElec",11,18,23,"",10.8907,0,0,0,0,0,0.0330909,0,0,0.756867,0,0,0,1.43413,6.61553,0.447425,1.58457,0,0,0,0.0190813,0,0,0,0
"MtrElec",11,18,24,"",9.16551,0,0,0,0,0,0.0330909,0,0,0.756867,0,0,0,0.887795,5.67058,0.309756,1.49152,0,0,0,0.0159011,0,0,0,0
"MtrElec",11,19,1,"",7.55583,0,0,0,0,0,0.0330909,0,0,0.756867,0,0,0,0.523571,4.56272,0.226171,1.44546,0,0,0,0.00795054,0,0,0,0
"MtrElec",11,19,2,"",7.01246,0,0,0,0,0,0.0330909,0,0,0.756867,0,0,0,0.432515,4.16139,0.226171,1.39607,0,0,0,0.00636043,0,0,0,0
"MtrElec",11,19,3,"",6.7181,0,0,0,0,0,0.0330909,0,0,0.756867,0,0,0,0.34146,4.0025,0.226171,1.35165,0,0,0,0.00636043,0,0,0,0
"MtrElec",11,19,4,"",6.71465,0,0,0,0,0,0.0330909,0,0,0.756867,0,0,0,0.386988,3.97865,0.226171,1.32652,0,0,0,0.00636043,0,0,0,0
"MtrElec",11,19,5,"",6.59133,0,0,0,0,0,0.0330909,0,0,0.756867,0,0,0,0.478043,3.79214,0.226171,1.29866,0,0,0,0.00636043,0,0,0,0
"MtrElec",11,19,6,"",7.16069,0,0,0,0,0,0.0330909,0,0,0.756867,0,0,0,0.705683,4.10545,0.18192,1.35542,0,0,0,0.0222615,0,0,0,0
"MtrElec",11,19,7,"",6.8511,0,0,0,0,0,0.0330909,0,0,0.756867,0,0,0,0.956087,4.67684,0.172086,1.48164,0,0,0,0.030212,0,0,0,-1.25572
"MtrElec",11,19,8,"",-1.91683,0,0,0,0.0264844,0,0.0330909,0,0,0.756867,0,0,0,0.933323,5.03118,0.16717,1.58195,0,0,0.881945,0.0397527,0,0,0,-11.3686
"MtrElec",11,19,9,"",-9.44041,0,0,0,0.0264844,0,0.0330909,0,0,0.756867,0,0,0,0.773975,4.67028,0.162253,1.53989,1.26088,0.372507,1.16908,0.0413428,0,0,0,-20.2471
"MtrElec",11,19,10,"",-15.3715,0,0,0,0.0264844,0,0.0330909,0,0,0.756867,0,0,0,0.660155,4.38935,0.137669,1.46083,1.21459,0.493786,1.47712,0.0349824,0,0,0,-26.0565
"MtrElec",11,19,11,"",-19.7409,0,0,0,0.0264844,0,0.0330909,0,0,0.756867,0,0,0,0.614627,4.44098,0.108169,1.44527,0,0.623892,0.881985,0.0333923,0,0,0,-28.7057
"MtrElec",11,19,12,"",-22.4736,0,0,0,0.0264844,0,0.0330909,0,0,0.756867,0,0,0,0.569099,4.44098,0.0737513,1.47199,0,0.372524,0.882056,0.0461131,0,0,0,-31.1466
"MtrElec",11,19,13,"",-22.4587,0,0,0,0.0264844,0,0.0330909,0,0,0.756867,0,0,0,0.478043,4.44921,0.0590011,1.50496,0,0.372554,0.698484,0.0556538,0,0,0,-30.893
"MtrElec",11,19,14,"",-18.7125,0,0,0,0.0264844,0,0.0330909,0,0,0.756867,0,0,0,0.478043,4.54839,0.0540843,1.49277,0,0.295019,1.06584,0.0508835,0,0,0,-27.5139
"MtrElec",11,19,15,"",-13.1627,0,0,0,0.0264844,0,0.0330909,0,0,0.756867,0,0,0,0.478043,4.71176,0.0540843,1.49466,0,0.450178,0,0.0540637,0,0,0,-21.2219
"MtrElec",11,19,16,"",-4.433,0,0,0,0.0264844,0,0.0330909,0,0,0.756867,0,0,0,0.591863,4.85057,0.0590011,1.52243,0,0,0,0.0826856,0,0,0,-12.356
"MtrElec",11,19,17,"",5.9903,0,0,0,0.0264844,0,0.0330909,0,0,0.756867,0,0,0,0.705683,5.47414,0.0934184,1.60119,0,0,0,0.182862,0,0,0,-2.88344
"MtrElec",11,19,18,"",10.7832,0,0,0,0,0,0.0330909,0,0,0.756867,0,0,0,1.00161,6.29608,0.18192,1.74348,0,0,0.463257,0.306891,0,0,0,0
"MtrElec",11,19,19,"",12.5447,0,0,0,0,0,0.0330909,0,0,0.756867,0,0,0,1.91217,6.85241,0.240921,1.84842,0,0.195666,0.418981,0.286219,0,0,0,0
"MtrElec",11,19,20,"",13.1254,0,0,0,0,0,0.0330909,0,0,0.756867,0,0,0,2.66338,7.2066,0.319589,1.8131,0,0.176965,0,0.155831,0,0,0,0
"MtrElec",11,19,21,"",13.1303,0,0,0,0,0,0.0330909,0,0,0.756867,0,0,0,2.57233,7.51309,0.447425,1.74076,0,0,0,0.0667845,0,0,0,0
"MtrElec",11,19,22,"",12.8127,0,0,0,0,0,0.0330909,0,0,0.756867,0,0,0,2.18534,7.45856,0.516259,1.66896,0,0,0.161806,0.0318022,0,0,0,0
"MtrElec",11,19,23,"",11.3636,0,0,0,0,0,0.0330909,0,0,0.756867,0,0,0,1.43413,6.61553,0.447425,1.56364,0,0.0683418,0.425533,0.0190813,0,0,0,0
"MtrElec",11,19,24,"",9.61459,0,0,0,0,0,0.0330909,0,0,0.756867,0,0,0,0.887795,5.67058,0.309756,1.46597,0,0.179732,0.294889,0.0159011,0,0,0,0
"MtrElec",11,20,1,"",8.54274,0,0,0,0,0,0.0330909,0,0,0.756867,0,0,0,0.523571,4.56272,0.226171,1.42575,0,0.124552,0.882062,0.00795054,0,0,0,0
"MtrElec",11,20,2,"",9.06765,0,0,0,0,0,0.0330909,0,0,0.756867,0,0,0,0.432515,4.16139,0.226171,1.38107,1.69764,0.372557,0,0.00636043,0,0,0,0
"MtrElec",11,20,3,"",7.48332,0,0,0,0,0,0.0330909,0,0,0.756867,0,0,0,0.34146,4.0025,0.226171,1.33896,0.777912,0,0,0.00636043,0,0,0,0
"MtrElec",11,20,4,"",6.70347,0,0,0,0,0,0.0330909,0,0,0.756867,0,0,0,0.386988,3.97865,0.226171,1.31534,0,0,0,0.00636043,0,0,0,0
"MtrElec",11,20,5,"",6.57955,0,0,0,0,0,0.0330909,0,0,0.756867,0,0,0,0.478043,3.79214,0.226171,1.28687,0,0,0,0.00636043,0,0,0,0
"MtrElec",11,20,6,"",7.14818,0,0,0,0,0,0.0330909,0,0,0.756867,0,0,0,0.705683,4.10545,0.18192,1.3429,0,0,0,0.0222615,0,0,0,0
"MtrElec",11,20,7,"",7.11603,0,0,0,0,0,0.0330909,0,0,0.756867,0,0,0,0.956087,4.67684,0.172086,1.47325,0,0,0,0.030212,0,0,0,-0.982404
"MtrElec",11,20,8,"",-0.758824,0,0,0,0.0264844,0,0.0330909,0,0,0.756867,0,0,0,0.933323,5.03118,0.16717,1.58024,0,0,0.881945,0.0397527,0,0,0,-10.2089
"MtrElec",11,20,9,"",-10.4874,0,0,0,0.0264844,0,0.0330909,0,0,0.756867,0,0,0,0.773975,4.67028,0.162253,1.54081,0,0.372507,0,0.0413428,0,0,0,-18.865
"MtrElec",11,20,10,"",-16.8671,0,0,0,0.0264844,0,0.0330909,0,0,0.756867,0,0,0,0.660155,4.38935,0.137669,1.45929,0,0,0,0.0349824,0,0,0,-24.365
"MtrElec",11,20,11,"",-19.5684,0,0,0,0.0264844,0,0.0330909,0,0,0.756867,0,0,0,0.614627,4.44098,0.108169,1.43829,0,0,0.881985,0.0333923,0,0,0,-27.9023
"MtrElec",11,20,12,"",-21.1605,0,0,0,0.0264844,0,0.0330909,0,0,0.756867,0,0,0,0.569099,4.44098,0.0737513,1.46497,0,0.372524,0,0.0461131,0,0,0,-28.9444
"MtrElec",11,20,13,"",-20.6218,0,0,0,0.0264844,0,0.0330909,0,0,0.756867,0,0,0,0.478043,4.44921,0.0590011,1.50052,0,0,0,0.0556538,0,0,0,-27.9807
"MtrElec",11,20,14,"",-17.9984,0,0,0,0.0264844,0,0.0330909,0,0,0.756867,0,0,0,0.478043,4.54839,0.0540843,1.48955,0,0,0,0.0508835,0,0,0,-25.4358
"MtrElec",11,20,15,"",-12.092,0,0,0,0.0264844,0,0.0330909,0,0,0.756867,0,0,0,0.478043,4.71176,0.0540843,1.4946,0,0,0,0.0540637,0,0,0,-19.7009
"MtrElec",11,20,16,"",-3.54536,0,0,0,0.0264844,0,0.0330909,0,0,0.756867,0,0,0,0.591863,4.85057,0.0590011,1.52577,0,0,0,0.0826856,0,0,0,-11.4717
"MtrElec",11,20,17,"",6.7143,0,0,0,0.0264844,0,0.0330909,0,0,0.756867,0,0,0,0.705683,5.47414,0.0934184,1.61623,0,0,0,0.182862,0,0,0,-2.17449
"MtrElec",11,20,18,"",10.3379,0,0,0,0,0,0.0330909,0,0,0.756867,0,0,0,1.00161,6.29608,0.18192,1.76143,0,0,0,0.306891,0,0,0,0
"MtrElec",11,20,19,"",11.9411,0,0,0,0,0,0.0330909,0,0,0.756867,0,0,0,1.91217,6.85241,0.240921,1.85938,0,0,0,0.286219,0,0,0,0
"MtrElec",11,20,20,"",12.9591,0,0,0,0,0,0.0330909,0,0,0.756867,0,0,0,2.66338,7.2066,0.319589,1.82374,0,0,0,0.155831,0,0,0,0
"MtrElec",11,20,21,"",13.1469,0,0,0,0,0,0.0330909,0,0,0.756867,0,0,0,2.57233,7.51309,0.447425,1.75727,0,0,0,0.0667845,0,0,0,0
"MtrElec",11,20,22,"",13.5572,0,0,0,0,0,0.0330909,0,0,0.756867,0,0,0,2.18534,7.45856,0.516259,1.69318,0,0,0.882062,0.0318022,0,0,0,0
"MtrElec",11,20,23,"",11.2736,0,0,0,0,0,0.0330909,0,0,0.756867,0,0,0,1.43413,6.61553,0.447425,1.59488,0,0.372557,0,0.0190813,0,0,0,0
"MtrElec",11,20,24,"",9.18264,0,0,0,0,0,0.0330909,0,0,0.756867,0,0,0,0.887795,5.67058,0.309756,1.50864,0,0,0,0.0159011,0,0,0,0
"MtrElec",11,21,1,"",7.61017,0,0,0,0,0,0.0330909,0,0,0.756867,0,0,0,0.523571,4.57544,0.226171,1.48708,0,0,0,0.00795054,0,0,0,0
"MtrElec",11,21,2,"",7.08054,0,0,0,0,0,0.0330909,0,0,0.756867,0,0,0,0.432515,4.20996,0.226171,1.41557,0,0,0,0.00636043,0,0,0,0
"MtrElec",11,21,3,"",6.73785,0,0,0,0,0,0.0330909,0,0,0.756867,0,0,0,0.34146,3.99065,0.221254,1.38975,0,0,0,0.00477032,0,0,0,0
"MtrElec",11,21,4,"",6.73893,0,0,0,0,0,0.0330909,0,0,0.756867,0,0,0,0.386988,3.97952,0.221254,1.35644,0,0,0,0.00477032,0,0,0,0
"MtrElec",11,21,5,"",6.60588,0,0,0,0,0,0.0330909,0,0,0.756867,0,0,0,0.478043,3.78029,0.226171,1.32665,0,0,0,0.00477032,0,0,0,0
"MtrElec",11,21,6,"",7.14015,0,0,0,0,0,0.0330909,0,0,0.756867,0,0,0,0.705683,4.0936,0.221254,1.32171,0,0,0,0.00795054,0,0,0,0
"MtrElec",11,21,7,"",6.99892,0,0,0,0,0,0.0330909,0,0,0.756867,0,0,0,0.956087,4.59328,0.216337,1.36824,0,0,0,0.0159011,0,0,0,-0.940888
"MtrElec",11,21,8,"",-1.61645,0,0,0,0.0264844,0,0.0330909,0,0,0.756867,0,0,0,0.933323,4.93491,0.201587,1.45639,0,0,0,0.0429329,0,0,0,-10.002
"MtrElec",11,21,9,"",-10.6964,0,0,0,0.0264844,0,0.0330909,0,0,0.756867,0,0,0,0.773975,4.64715,0.177003,1.59318,0,0,0,0.0763252,0,0,0,-18.7804
"MtrElec",11,21,10,"",-16.8187,0,0,0,0.0264844,0,0.0330909,0,0,0.756867,0,0,0,0.660155,4.47434,0.147503,1.58796,0,0,0,0.0763252,0,0,0,-24.5814
"MtrElec",11,21,11,"",-18.6747,0,0,0,0.0264844,0,0.0330909,0,0,0.756867,0,0,0,0.614627,4.54982,0.118002,1.56672,0,0,0.933545,0.073145,0,0,0,-27.347
"MtrElec",11,21,12,"",-19.2401,0,0,0,0.0264844,0,0.0330909,0,0,0.756867,0,0,0,0.569099,4.47755,0.0786681,1.61044,0,0.394302,0.830772,0.0874559,0,0,0,-28.1048
"MtrElec",11,21,13,"",-18.4024,0,0,0,0.0264844,0,0.0330909,0,0,0.756867,0,0,0,0.478043,4.43807,0.0590011,1.65369,0,0.350893,2.05813,0.100177,0,0,0,-28.3569
"MtrElec",11,21,14,"",-16.3264,0,0,0,0.0264844,0,0.0330909,0,0,0.756867,0,0,0,0.478043,4.57311,0.0540843,1.68252,0,0.869295,0.587988,0.0938164,0,0,0,-25.4817
"MtrElec",11,21,15,"",-6.16732,0,0,0,0.0264844,0,0.0330909,0,0,0.756867,0,0,0,0.478043,4.79532,0.0540843,1.67633,0,0.248348,0.882055,0.0985867,0,0,0,-15.2165
"MtrElec",11,21,16,"",4.55136,0,0,0,0.0264844,0,0.0330909,0,0,0.756867,0,0,0,0.591863,5.04225,0.0590011,1.68249,0,0.372554,0,0.108127,0,0,0,-4.12138
"MtrElec",11,21,17,"",7.35906,0,0,0,0.0264844,0,0.0330909,0,0,0.756867,0,0,0,0.705683,5.65311,0.0934184,1.69969,0,0,0,0.1447,0,0,0,-1.75399
"MtrElec",11,21,18,"",11.216,0,0,0,0,0,0.0330909,0,0,0.756867,0,0,0,1.00161,6.36764,0.186837,1.76672,0,0,0.882206,0.221025,0,0,0,0
"MtrElec",11,21,19,"",13.4835,0,0,0,0,0,0.0330909,0,0,0.756867,0,0,0,1.91217,6.84041,0.236004,1.83627,0,0.372617,1.29097,0.205124,0,0,0,0
"MtrElec",11,21,20,"",13.8024,0,0,0,0,0,0.0330909,0,0,0.756867,0,0,0,2.66338,7.11033,0.295005,1.81083,0,0.545267,0.473138,0.114488,0,0,0,0
"MtrElec",11,21,21,"",14.5105,0,0,0,0,0,0.0330909,0,0,0.756867,0,0,0,2.57233,7.36911,0.408091,1.77956,1.34073,0.199839,0,0.0508835,0,0,0,0
"MtrElec",11,21,22,"",14.5066,0,0,0,0,0,0.0330909,0,0,0.756867,0,0,0,2.18534,7.30186,0.481842,1.71005,1.13329,0,0.881966,0.0222615,0,0,0,0
"MtrElec",11,21,23,"",12.5419,0,0,0,0,0,0.0330909,0,0,0.756867,0,0,0,1.43413,6.53125,0.417924,1.62286,1.35898,0.372516,0,0.014311,0,0,0,0
"MtrElec",11,21,24,"",10.241,0,0,0,0,0,0.0330909,0,0,0.756867,0,0,0,0.887795,5.57043,0.290089,1.5782,1.11661,0,0,0.00795054,0,0,0,0
"MtrElec",11,22,1,"",7.62159,0,0,0,0,0,0.0330909,0,0,0.756867,0,0,0,0.523571,4.57544,0.226171,1.4985,0,0,0,0.00795054,0,0,0,0
"MtrElec",11,22,2,"",7.09083,0,0,0,0,0,0.0330909,0,0,0.756867,0,0,0,0.432515,4.20996,0.226171,1.42587,0,0,0,0.00636043,0,0,0,0
"MtrElec",11,22,3,"",6.74746,0,0,0,0,0,0.0330909,0,0,0.756867,0,0,0,0.34146,3.99065,0.221254,1.39937,0,0,0,0.00477032,0,0,0,0
"MtrElec",11,22,4,"",6.74797,0,0,0,0,0,0.0330909,0,0,0.756867,0,0,0,0.386988,3.97952,0.221254,1.36549,0,0,0,0.00477032,0,0,0,0
"MtrElec",11,22,5,"",6.61551,0,0,0,0,0,0.0330909,0,0,0.756867,0,0,0,0.478043,3.78029,0.226171,1.33628,0,0,0,0.00477032,0,0,0,0
"MtrElec",11,22,6,"",7.1493,0,0,0,0,0,0.0330909,0,0,0.756867,0,0,0,0.705683,4.0936,0.221254,1.33085,0,0,0,0.00795054,0,0,0,0
"MtrElec",11,22,7,"",8.57695,0,0,0,0,0,0.0330909,0,0,0.756867,0,0,0,0.956087,4.59328,0.216337,1.37782,0,0,1.0076,0.0159011,0,0,0,-0.38003
"MtrElec",11,22,8,"",2.08921,0,0,0,0.0264844,0,0.0330909,0,0,0.756867,0,0,0,0.933323,4.93491,0.201587,1.46089,0,0.42558,1.53729,0.0429329,0,0,0,-8.26374
"MtrElec",11,22,9,"",-7.88257,0,0,0,0.0264844,0,0.0330909,0,0,0.756867,0,0,0,0.773975,4.64715,0.177003,1.5958,0,0.649304,0.983976,0.0763252,0,0,0,-17.6026
"MtrElec",11,22,10,"",-13.6714,0,0,0,0.0264844,0,0.0330909,0,0,0.756867,0,0,0,0.660155,4.47434,0.147503,1.59795,0,0.415602,0,0.0763252,0,0,0,-21.8597
"MtrElec",11,22,11,"",-14.0154,0,0,0,0.0264844,0,0.0330909,0,0,0.756867,0,0,0,0.614627,4.54982,0.118002,1.58006,0.853184,0,0.574555,0.073145,0,0,0,-23.1953
"MtrElec",11,22,12,"",-18.9617,0,0,0,0.0264844,0,0.0330909,0,0,0.756867,0,0,0,0.569099,4.47755,0.0786681,1.62157,1.62204,0.242675,0.307569,0.0874559,0,0,0,-28.7848
"MtrElec",11,22,13,"",-21.1885,0,0,0,0.0264844,0,0.0330909,0,0,0.756867,0,0,0,0.478043,4.43807,0.0590011,1.66231,0,0.129908,0,0.100177,0,0,0,-28.8725
"MtrElec",11,22,14,"",-18.1855,0,0,0,0.0264844,0,0.0330909,0,0,0.756867,0,0,0,0.478043,4.57311,0.0540843,1.68708,0,0,0,0.0938164,0,0,0,-25.888
"MtrElec",11,22,15,"",-11.9261,0,0,0,0.0264844,0,0.0330909,0,0,0.756867,0,0,0,0.478043,4.79532,0.0540843,1.6754,0,0,0,0.0985867,0,0,0,-19.844
"MtrElec",11,22,16,"",-3.0183,0,0,0,0.0264844,0,0.0330909,0,0,0.756867,0,0,0,0.591863,5.04225,0.0590011,1.68079,0,0,0,0.108127,0,0,0,-11.3168
"MtrElec",11,22,17,"",6.60253,0,0,0,0.0264844,0,0.0330909,0,0,0.756867,0,0,0,0.705683,5.65311,0.0934184,1.6998,0,0,0,0.1447,0,0,0,-2.51062
"MtrElec",11,22,18,"",12.8152,0,0,0,0,0,0.0330909,0,0,0.756867,0,0,0,1.00161,6.36764,0.186837,1.77305,2.47509,0,0,0.221025,0,0,0,0
"MtrElec",11,22,19,"",12.7076,0,0,0,0,0,0.0330909,0,0,0.756867,0,0,0,1.91217,6.84041,0.236004,1.84179,0,0,0.882107,0.205124,0,0,0,0
"MtrElec",11,22,20,"",13.2627,0,0,0,0,0,0.0330909,0,0,0.756867,0,0,0,2.66338,7.11033,0.295005,1.81433,0,0.372576,0.102667,0.114488,0,0,0,0
"MtrElec",11,22,21,"",14.1525,0,0,0,0,0,0.0330909,0,0,0.756867,0,0,0,2.57233,7.36911,0.408091,1.77751,0,0.0433635,1.14125,0.0508835,0,0,0,0
"MtrElec",11,22,22,"",14.3703,0,0,0,0,0,0.0330909,0,0,0.756867,0,0,0,2.18534,7.30186,0.481842,1.70488,0,0.482028,1.40215,0.0222615,0,0,0,0
"MtrElec",11,22,23,"",11.3904,0,0,0,0,0,0.0330909,0,0,0.756867,0,0,0,1.43413,6.53125,0.417924,1.6106,0,0.592228,0,0.014311,0,0,0,0
"MtrElec",11,22,24,"",9.11456,0,0,0,0,0,0.0330909,0,0,0.756867,0,0,0,0.887795,5.57043,0.290089,1.56834,0,0,0,0.00795054,0,0,0,0
"MtrElec",11,23,1,"",7.56755,0,0,0,0,0,0.0330909,0,0,0.756867,0,0,0,0.523571,4.56272,0.226171,1.45717,0,0,0,0.00795054,0,0,0,0
"MtrElec",11,23,2,"",7.0219,0,0,0,0,0,0.0330909,0,0,0.756867,0,0,0,0.432515,4.16139,0.226171,1.40551,0,0,0,0.00636043,0,0,0,0
"MtrElec",11,23,3,"",6.72768,0,0,0,0,0,0.0330909,0,0,0.756867,0,0,0,0.34146,4.0025,0.226171,1.36123,0,0,0,0.00636043,0,0,0,0
"MtrElec",11,23,4,"",6.7243,0,0,0,0,0,0.0330909,0,0,0.756867,0,0,0,0.386988,3.97865,0.226171,1.33617,0,0,0,0.00636043,0,0,0,0
"MtrElec",11,23,5,"",6.60259,0,0,0,0,0,0.0330909,0,0,0.756867,0,0,0,0.478043,3.79214,0.226171,1.30992,0,0,0,0.00636043,0,0,0,0
"MtrElec",11,23,6,"",7.17493,0,0,0,0,0,0.0330909,0,0,0.756867,0,0,0,0.705683,4.10545,0.18192,1.36965,0,0,0,0.0222615,0,0,0,0
"MtrElec",11,23,7,"",8.11937,0,0,0,0,0,0.0330909,0,0,0.756867,0,0,0,0.956087,4.67684,0.172086,1.49419,0,0,0,0.030212,0,0,0,0
"MtrElec",11,23,8,"",5.6323,0,0,0,0,0,0.0330909,0,0,0.756867,0,0,0,0.933323,5.03118,0.16717,1.59413,0,0,0.881945,0.0397527,0,0,0,-3.80516
"MtrElec",11,23,9,"",-0.862487,0,0,0,0.0264844,0,0.0330909,0,0,0.756867,0,0,0,0.773975,4.67028,0.162253,1.55165,0,0.372507,0,0.0413428,0,0,0,-9.25095
"MtrElec",11,23,10,"",-0.637108,0,0,0,0.0264844,0,0.0330909,0,0,0.756867,0,0,0,0.660155,4.38935,0.137669,1.46249,0,0,0.882232,0.0349824,0,0,0,-9.02043
"MtrElec",11,23,11,"",-1.84912,0,0,0,0.0264844,0,0.0330909,0,0,0.756867,0,0,0,0.614627,4.44098,0.108169,1.42775,0,0.372628,0.881985,0.0333923,0,0,0,-10.5451
"MtrElec",11,23,12,"",-9.637,0,0,0,0.0264844,0,0.0330909,0,0,0.756867,0,0,0,0.569099,4.44098,0.0737513,1.44502,0,0.372524,0,0.0461131,0,0,0,-17.4009
"MtrElec",11,23,13,"",-9.22999,0,0,0,0.0264844,0,0.0330909,0,0,0.756867,0,0,0,0.478043,4.44921,0.0590011,1.47842,0,0,0,0.0556538,0,0,0,-16.5668
"MtrElec",11,23,14,"",-11.6622,0,0,0,0.0264844,0,0.0330909,0,0,0.756867,0,0,0,0.478043,4.54839,0.0540843,1.46058,0,0,0,0.0508835,0,0,0,-19.0706
"MtrElec",11,23,15,"",-5.22555,0,0,0,0.0264844,0,0.0330909,0,0,0.756867,0,0,0,0.478043,4.71176,0.0540843,1.46397,0,0,0.673737,0.0540637,0,0,0,-13.4776
"MtrElec",11,23,16,"",5.69877,0,0,0,0.0264844,0,0.0330909,0,0,0.756867,0,0,0,0.591863,4.85057,0.0590011,1.48818,0,0.284566,1.09008,0.0826856,0,0,0,-3.56461
"MtrElec",11,23,17,"",9.2618,0,0,0,0,0,0.0330909,0,0,0.756867,0,0,0,0.705683,5.47414,0.0934184,1.55532,0,0.460417,0,0.182862,0,0,0,0
"MtrElec",11,23,18,"",10.2689,0,0,0,0,0,0.0330909,0,0,0.756867,0,0,0,1.00161,6.29608,0.18192,1.69239,0,0,0,0.306891,0,0,0,0
"MtrElec",11,23,19,"",11.8849,0,0,0,0,0,0.0330909,0,0,0.756867,0,0,0,1.91217,6.85241,0.240921,1.80318,0,0,0,0.286219,0,0,0,0
"MtrElec",11,23,20,"",12.917,0,0,0,0,0,0.0330909,0,0,0.756867,0,0,0,2.66338,7.2066,0.319589,1.78162,0,0,0,0.155831,0,0,0,0
"MtrElec",11,23,21,"",13.1005,0,0,0,0,0,0.0330909,0,0,0.756867,0,0,0,2.57233,7.51309,0.447425,1.71087,0,0,0,0.0667845,0,0,0,0
"MtrElec",11,23,22,"",12.7854,0,0,0,0,0,0.0330909,0,0,0.756867,0,0,0,2.18534,7.45856,0.516259,1.64163,0,0,0.161806,0.0318022,0,0,0,0
"MtrElec",11,23,23,"",11.3396,0,0,0,0,0,0.0330909,0,0,0.756867,0,0,0,1.43413,6.61553,0.447425,1.53964,0,0.0683418,0.425533,0.0190813,0,0,0,0
"MtrElec",11,23,24,"",9.58843,0,0,0,0,0,0.0330909,0,0,0.756867,0,0,0,0.887795,5.67058,0.309756,1.43982,0,0.179732,0.294889,0.0159011,0,0,0,0
"MtrElec",11,24,1,"",7.63813,0,0,0,0,0,0.0330909,0,0,0.756867,0,0,0,0.523571,4.56272,0.226171,1.40321,0,0.124552,0,0.00795054,0,0,0,0
"MtrElec",11,24,2,"",6.97701,0,0,0,0,0,0.0330909,0,0,0.756867,0,0,0,0.432515,4.16139,0.226171,1.36062,0,0,0,0.00636043,0,0,0,0
"MtrElec",11,24,3,"",6.68303,0,0,0,0,0,0.0330909,0,0,0.756867,0,0,0,0.34146,4.0025,0.226171,1.31658,0,0,0,0.00636043,0,0,0,0
"MtrElec",11,24,4,"",6.68165,0,0,0,0,0,0.0330909,0,0,0.756867,0,0,0,0.386988,3.97865,0.226171,1.29352,0,0,0,0.00636043,0,0,0,0
"MtrElec",11,24,5,"",6.55648,0,0,0,0,0,0.0330909,0,0,0.756867,0,0,0,0.478043,3.79214,0.226171,1.2638,0,0,0,0.00636043,0,0,0,0
"MtrElec",11,24,6,"",7.12134,0,0,0,0,0,0.0330909,0,0,0.756867,0,0,0,0.705683,4.10545,0.18192,1.31607,0,0,0,0.0222615,0,0,0,0
"MtrElec",11,24,7,"",7.48685,0,0,0,0,0,0.0330909,0,0,0.756867,0,0,0,0.956087,4.67684,0.172086,1.45124,0,0,0,0.030212,0,0,0,-0.589575
"MtrElec",11,24,8,"",-0.323528,0,0,0,0.0264844,0,0.0330909,0,0,0.756867,0,0,0,0.933323,5.03118,0.16717,1.56099,0,0,0,0.0397527,0,0,0,-8.87239
"MtrElec",11,24,9,"",-7.21366,0,0,0,0.0264844,0,0.0330909,0,0,0.756867,0,0,0,0.773975,4.67028,0.162253,1.51449,0,0,0.287278,0.0413428,0,0,0,-15.4797
"MtrElec",11,24,10,"",-13.5918,0,0,0,0.0264844,0,0.0330909,0,0,0.756867,0,0,0,0.660155,4.38935,0.137669,1.41707,0.484958,0.121338,0.594891,0.0349824,0,0,0,-22.2487
"MtrElec",11,24,11,"",-19.5503,0,0,0,0.0264844,0,0.0330909,0,0,0.756867,0,0,0,0.614627,4.44098,0.108169,1.38723,1.69357,0.251264,0,0.0333923,0,0,0,-28.8959
"MtrElec",11,24,12,"",-22.7673,0,0,0,0.0264844,0,0.0330909,0,0,0.756867,0,0,0,0.569099,4.44098,0.0737513,1.40952,0.296245,0,0,0.0461131,0,0,0,-30.4194
"MtrElec",11,24,13,"",-21.7073,0,0,0,0.0264844,0,0.0330909,0,0,0.756867,0,0,0,0.478043,4.44921,0.0590011,1.44801,0,0,0,0.0556538,0,0,0,-29.0136
"MtrElec",11,24,14,"",-18.2528,0,0,0,0.0264844,0,0.0330909,0,0,0.756867,0,0,0,0.478043,4.54839,0.0540843,1.43186,0,0,0,0.0508835,0,0,0,-25.6325
"MtrElec",11,24,15,"",-11.8836,0,0,0,0.0264844,0,0.0330909,0,0,0.756867,0,0,0,0.478043,4.71176,0.0540843,1.44694,0,0,0.336868,0.0540637,0,0,0,-19.7818
"MtrElec",11,24,16,"",-1.81113,0,0,0,0.0264844,0,0.0330909,0,0,0.756867,0,0,0,0.591863,4.85057,0.0590011,1.46821,0,0.142283,1.4272,0.0826856,0,0,0,-11.2494
"MtrElec",11,24,17,"",8.29308,0,0,0,0.0264844,0,0.0330909,0,0,0.756867,0,0,0,0.705683,5.47414,0.0934184,1.52866,0,0.602807,0.881924,0.182862,0,0,0,-1.99286
"MtrElec",11,24,18,"",11.4967,0,0,0,0,0,0.0330909,0,0,0.756867,0,0,0,1.00161,6.29608,0.18192,1.66564,0,0.372498,0.882049,0.306891,0,0,0,0
"MtrElec",11,24,19,"",12.2349,0,0,0,0,0,0.0330909,0,0,0.756867,0,0,0,1.91217,6.85241,0.240921,1.78063,0,0.372551,0,0.286219,0,0,0,0
"MtrElec",11,24,20,"",12.9,0,0,0,0,0,0.0330909,0,0,0.756867,0,0,0,2.66338,7.2066,0.319589,1.7646,0,0,0,0.155831,0,0,0,0
"MtrElec",11,24,21,"",13.0776,0,0,0,0,0,0.0330909,0,0,0.756867,0,0,0,2.57233,7.51309,0.447425,1.688,0,0,0,0.0667845,0,0,0,0
"MtrElec",11,24,22,"",12.595,0,0,0,0,0,0.0330909,0,0,0.756867,0,0,0,2.18534,7.45856,0.516259,1.61309,0,0,0,0.0318022,0,0,0,0
"MtrElec",11,24,23,"",10.8157,0,0,0,0,0,0.0330909,0,0,0.756867,0,0,0,1.43413,6.61553,0.447425,1.50956,0,0,0,0.0190813,0,0,0,0
"MtrElec",11,24,24,"",9.07689,0,0,0,0,0,0.0330909,0,0,0.756867,0,0,0,0.887795,5.67058,0.309756,1.4029,0,0,0,0.0159011,0,0,0,0
"MtrElec",11,25,1,"",7.4824,0,0,0,0,0,0.0330909,0,0,0.756867,0,0,0,0.523571,4.56272,0.226171,1.37202,0,0,0,0.00795054,0,0,0,0
"MtrElec",11,25,2,"",6.951,0,0,0,0,0,0.0330909,0,0,0.756867,0,0,0,0.432515,4.16139,0.226171,1.33461,0,0,0,0.00636043,0,0,0,0
"MtrElec",11,25,3,"",6.65782,0,0,0,0,0,0.0330909,0,0,0.756867,0,0,0,0.34146,4.0025,0.226171,1.29137,0,0,0,0.00636043,0,0,0,0
"MtrElec",11,25,4,"",6.65804,0,0,0,0,0,0.0330909,0,0,0.756867,0,0,0,0.386988,3.97865,0.226171,1.26992,0,0,0,0.00636043,0,0,0,0
"MtrElec",11,25,5,"",6.5313,0,0,0,0,0,0.0330909,0,0,0.756867,0,0,0,0.478043,3.79214,0.226171,1.23863,0,0,0,0.00636043,0,0,0,0
"MtrElec",11,25,6,"",7.09267,0,0,0,0,0,0.0330909,0,0,0.756867,0,0,0,0.705683,4.10545,0.18192,1.28739,0,0,0,0.0222615,0,0,0,0
"MtrElec",11,25,7,"",7.92629,0,0,0,0,0,0.0330909,0,0,0.756867,0,0,0,0.956087,4.67684,0.172086,1.42922,0,0,0,0.030212,0,0,0,-0.128115
"MtrElec",11,25,8,"",6.79945,0,0,0,0,0,0.0330909,0,0,0.756867,0,0,0,0.933323,5.03118,0.16717,1.54839,0,0,0,0.0397527,0,0,0,-1.71033
"MtrElec",11,25,9,"",6.3375,0,0,0,0,0,0.0330909,0,0,0.756867,0,0,0,0.773975,4.67028,0.162253,1.50172,0,0,0.287278,0.0413428,0,0,0,-1.88931
"MtrElec",11,25,10,"",-2.31742,0,0,0,0.0264844,0,0.0330909,0,0,0.756867,0,0,0,0.660155,4.38935,0.137669,1.394,0.969916,0.121338,0.594891,0.0349824,0,0,0,-11.4362
"MtrElec",11,25,11,"",-14.611,0,0,0,0.0264844,0,0.0330909,0,0,0.756867,0,0,0,0.614627,4.44098,0.108169,1.35622,3.38714,0.251264,0.443457,0.0333923,0,0,0,-26.0626
"MtrElec",11,25,12,"",-20.3596,0,0,0,0.0264844,0,0.0330909,0,0,0.756867,0,0,0,0.569099,4.44098,0.0737513,1.37727,0.59249,0.187303,0.438232,0.0461131,0,0,0,-28.9013
"MtrElec",11,25,13,"",-19.3368,0,0,0,0.0264844,0,0.0330909,0,0,0.756867,0,0,0,0.478043,4.44921,0.0590011,1.42186,0,0.185096,0,0.0556538,0,0,0,-26.8021
"MtrElec",11,25,14,"",-14.2873,0,0,0,0.0264844,0,0.0330909,0,0,0.756867,0,0,0,0.478043,4.54839,0.0540843,1.40263,0,0,0,0.0508835,0,0,0,-21.6378
"MtrElec",11,25,15,"",-10.4932,0,0,0,0.0264844,0,0.0330909,0,0,0.756867,0,0,0,0.478043,4.71176,0.0540843,1.41924,0,0,0,0.0540637,0,0,0,-18.0269
"MtrElec",11,25,16,"",0.171431,0,0,0,0.0264844,0,0.0330909,0,0,0.756867,0,0,0,0.591863,4.85057,0.0590011,1.43601,1.26327,0,1.76433,0.0826856,0,0,0,-10.6927
"MtrElec",11,25,17,"",10.1955,0,0,0,0.0264844,0,0.0330909,0,0,0.756867,0,0,0,0.705683,5.47414,0.0934184,1.49173,1.21212,0.745198,1.76385,0.182862,0,0,0,-2.2899
"MtrElec",11,25,18,"",14.2137,0,0,0,0,0,0.0330909,0,0,0.756867,0,0,0,1.00161,6.29608,0.18192,1.63649,1.49164,0.744997,1.7641,0.306891,0,0,0,0
"MtrElec",11,25,19,"",13.5729,0,0,0,0,0,0.0330909,0,0,0.756867,0,0,0,1.91217,6.85241,0.240921,1.76235,0.98377,0.745102,0,0.286219,0,0,0,0
"MtrElec",11,25,20,"",12.8882,0,0,0,0,0,0.0330909,0,0,0.756867,0,0,0,2.66338,7.2066,0.319589,1.75281,0,0,0,0.155831,0,0,0,0
"MtrElec",11,25,21,"",13.0679,0,0,0,0,0,0.0330909,0,0,0.756867,0,0,0,2.57233,7.51309,0.447425,1.67832,0,0,0,0.0667845,0,0,0,0
"MtrElec",11,25,22,"",12.5899,0,0,0,0,0,0.0330909,0,0,0.756867,0,0,0,2.18534,7.45856,0.516259,1.60798,0,0,0,0.0318022,0,0,0,0
"MtrElec",11,25,23,"",10.8132,0,0,0,0,0,0.0330909,0,0,0.756867,0,0,0,1.43413,6.61553,0.447425,1.5071,0,0,0,0.0190813,0,0,0,0
"MtrElec",11,25,24,"",9.07617,0,0,0,0,0,0.0330909,0,0,0.756867,0,0,0,0.887795,5.67058,0.309756,1.40217,0,0,0,0.0159011,0,0,0,0
"MtrElec",11,26,1,"",7.53281,0,0,0,0,0,0.0330909,0,0,0.756867,0,0,0,0.523571,4.57544,0.226171,1.40972,0,0,0,0.00795054,0,0,0,0
"MtrElec",11,26,2,"",7.01218,0,0,0,0,0,0.0330909,0,0,0.756867,0,0,0,0.432515,4.20996,0.226171,1.34721,0,0,0,0.00636043,0,0,0,0
"MtrElec",11,26,3,"",6.6718,0,0,0,0,0,0.0330909,0,0,0.756867,0,0,0,0.34146,3.99065,0.221254,1.3237,0,0,0,0.00477032,0,0,0,0
"MtrElec",11,26,4,"",6.67512,0,0,0,0,0,0.0330909,0,0,0.756867,0,0,0,0.386988,3.97952,0.221254,1.29263,0,0,0,0.00477032,0,0,0,0
"MtrElec",11,26,5,"",6.53556,0,0,0,0,0,0.0330909,0,0,0.756867,0,0,0,0.478043,3.78029,0.226171,1.25633,0,0,0,0.00477032,0,0,0,0
"MtrElec",11,26,6,"",7.06962,0,0,0,0,0,0.0330909,0,0,0.756867,0,0,0,0.705683,4.0936,0.221254,1.25117,0,0,0,0.00795054,0,0,0,0
"MtrElec",11,26,7,"",6.95154,0,0,0,0,0,0.0330909,0,0,0.756867,0,0,0,0.956087,4.59328,0.216337,1.28826,0,0,0,0.0159011,0,0,0,-0.908285
"MtrElec",11,26,8,"",-1.54746,0,0,0,0.0264844,0,0.0330909,0,0,0.756867,0,0,0,0.933323,4.93491,0.201587,1.3839,0,0,0,0.0429329,0,0,0,-9.86055
"MtrElec",11,26,9,"",-10.0938,0,0,0,0.0264844,0,0.0330909,0,0,0.756867,0,0,0,0.773975,4.64715,0.177003,1.5479,0,0,0.88215,0.0763252,0,0,0,-19.0147
"MtrElec",11,26,10,"",-17.0121,0,0,0,0.0264844,0,0.0330909,0,0,0.756867,0,0,0,0.660155,4.47434,0.147503,1.52484,0,0.372594,0.881629,0.0763252,0,0,0,-25.966
"MtrElec",11,26,11,"",-19.5425,0,0,0,0.0264844,0,0.0330909,0,0,0.756867,0,0,0,0.614627,4.54982,0.118002,1.49992,0,0.372374,2.59114,0.073145,0,0,0,-30.178
"MtrElec",11,26,12,"",-14.9719,0,0,0,0.0264844,0,0.0330909,0,0,0.756867,0,0,0,0.569099,4.47755,0.0786681,1.53298,0.854673,1.09442,7.30397,0.0874559,0,0,0,-31.7872
"MtrElec",11,26,13,"",-15.7513,0,0,0,0.0264844,0,0.0330909,0,0,0.756867,0,0,0,0.478043,4.43807,0.0590011,1.57022,1.62039,3.08498,2.86034,0.100177,0,0,0,-30.779
"MtrElec",11,26,14,"",-16.971,0,0,0,0.0264844,0,0.0330909,0,0,0.756867,0,0,0,0.478043,4.57311,0.0540843,1.59653,0,1.20812,1.35524,0.0938164,0,0,0,-27.1464
"MtrElec",11,26,15,"",-11.7194,0,0,0,0.0264844,0,0.0330909,0,0,0.756867,0,0,0,0.478043,4.79532,0.0540843,1.57659,0,0.572411,0.919244,0.0985867,0,0,0,-21.0301
"MtrElec",11,26,16,"",-1.04076,0,0,0,0.0264844,0,0.0330909,0,0,0.756867,0,0,0,0.591863,5.04225,0.0590011,1.59945,0,0.388261,2.60724,0.108127,0,0,0,-12.2534
"MtrElec",11,26,17,"",8.10605,0,0,0,0.0264844,0,0.0330909,0,0,0.756867,0,0,0,0.705683,5.65311,0.0934184,1.58327,0,1.10122,0.88202,0.1447,0,0,0,-2.87381
"MtrElec",11,26,18,"",11.49,0,0,0,0,0,0.0330909,0,0,0.756867,0,0,0,1.00161,6.36764,0.186837,1.6682,0,0.372539,0.88223,0.221025,0,0,0,0
"MtrElec",11,26,19,"",14.0574,0,0,0,0,0,0.0330909,0,0,0.756867,0,0,0,1.91217,6.84041,0.236004,1.77028,1.93085,0.372627,0,0.205124,0,0,0,0
"MtrElec",11,26,20,"",13.2521,0,0,0,0,0,0.0330909,0,0,0.756867,0,0,0,2.66338,7.11033,0.295005,1.73467,0.544229,0,0,0.114488,0,0,0,0
"MtrElec",11,26,21,"",12.8775,0,0,0,0,0,0.0330909,0,0,0.756867,0,0,0,2.57233,7.36911,0.408091,1.68713,0,0,0,0.0508835,0,0,0,0
"MtrElec",11,26,22,"",12.3903,0,0,0,0,0,0.0330909,0,0,0.756867,0,0,0,2.18534,7.30186,0.481842,1.60902,0,0,0,0.0222615,0,0,0,0
"MtrElec",11,26,23,"",10.6558,0,0,0,0,0,0.0330909,0,0,0.756867,0,0,0,1.43413,6.53125,0.417924,1.4682,0,0,0,0.014311,0,0,0,0
"MtrElec",11,26,24,"",9.02006,0,0,0,0,0,0.0330909,0,0,0.756867,0,0,0,0.887795,5.57043,0.290089,1.47384,0,0,0,0.00795054,0,0,0,0
"MtrElec",11,27,1,"",7.48622,0,0,0,0,0,0.0330909,0,0,0.756867,0,0,0,0.523571,4.57544,0.226171,1.36313,0,0,0,0.00795054,0,0,0,0
"MtrElec",11,27,2,"",6.97117,0,0,0,0,0,0.0330909,0,0,0.756867,0,0,0,0.432515,4.20996,0.226171,1.30621,0,0,0,0.00636043,0,0,0,0
"MtrElec",11,27,3,"",6.6297,0,0,0,0,0,0.0330909,0,0,0.756867,0,0,0,0.34146,3.99065,0.221254,1.28161,0,0,0,0.00477032,0,0,0,0
"MtrElec",11,27,4,"",6.63098,0,0,0,0,0,0.0330909,0,0,0.756867,0,0,0,0.386988,3.97952,0.221254,1.24849,0,0,0,0.00477032,0,0,0,0
"MtrElec",11,27,5,"",7.57413,0,0,0,0,0,0.0330909,0,0,0.756867,0,1.09188,0,0.478043,3.78029,0.226171,1.20302,0,0,0,0.00477032,0,0,0,0
"MtrElec",11,27,6,"",8.10269,0,0,0,0,0,0.0330909,0,0,0.756867,0,1.09188,0,0.705683,4.0936,0.221254,1.19236,0,0,0,0.00795054,0,0,0,0
"MtrElec",11,27,7,"",7.86526,0,0,0,0,0,0.0330909,0,0,0.756867,0,1.09188,0,0.956087,4.59328,0.216337,1.21457,0,0,0,0.0159011,0,0,0,-1.01275
"MtrElec",11,27,8,"",-0.92959,0,0,0,0.0264844,0,0.0330909,0,0,0.756867,0,1.09188,0,0.933323,4.93491,0.201587,1.30479,0,0,0,0.0429329,0,0,0,-10.2555
"MtrElec",11,27,9,"",-11.1569,0,0,0,0.0264844,0,0.0330909,0,0,0.756867,0,0,0,0.773975,4.64715,0.177003,1.4921,0,0,0,0.0763252,0,0,0,-19.1399
"MtrElec",11,27,10,"",-17.3075,0,0,0,0.0264844,0,0.0330909,0,0,0.756867,0,0,0,0.660155,4.47434,0.147503,1.45094,0,0,0.881629,0.0763252,0,0,0,-25.8149
"MtrElec",11,27,11,"",-19.6152,0,0,0,0.0264844,0,0.0330909,0,0,0.756867,0,0,0,0.614627,4.54982,0.118002,1.43781,0,0.372374,2.59114,0.073145,0,0,0,-30.1885
"MtrElec",11,27,12,"",-19.9276,0,0,0,0.0264844,0,0.0330909,0,0,0.756867,0,0,0,0.569099,4.47755,0.0786681,1.47169,0.854673,1.09442,2.27032,0.0874559,0,0,0,-31.6479
"MtrElec",11,27,13,"",-14.065,0,0,0,0.0264844,0,0.0330909,0,0,0.756867,0,0,0,0.478043,4.43807,0.0590011,1.50578,6.57089,0.958915,1.31068,0.100177,0,0,0,-30.303
"MtrElec",11,27,14,"",-18.4609,0,0,0,0.0264844,0,0.0330909,0,0,0.756867,0,0,0,0.478043,4.57311,0.0540843,1.53582,0,0.55359,0,0.0938164,0,0,0,-26.5658
"MtrElec",11,27,15,"",-12.2168,0,0,0,0.0264844,0,0.0330909,0,0,0.756867,0,0,0,0.478043,4.79532,0.0540843,1.51983,0,0,0.457901,0.0985867,0,0,0,-20.437
"MtrElec",11,27,16,"",-0.105865,0,0,0,0.0264844,0,0.0330909,0,0,0.756867,0,0,0,0.591863,5.04225,0.0590011,1.56201,0,0.193404,3.35263,0.108127,0,0,0,-11.8316
"MtrElec",11,27,17,"",9.09042,0,0,0,0.0264844,0,0.0330909,0,0,0.756867,0,0,0,0.705683,5.65311,0.0934184,1.53616,0,1.41605,1.48049,0.1447,0,0,0,-2.75564
"MtrElec",11,27,18,"",13.167,0,0,0,0,0,0.0330909,0,0,0.756867,0,0,0,1.00161,6.36764,0.186837,1.62824,0,0.625317,2.34636,0.221025,0,0,0,0
"MtrElec",11,27,19,"",13.9025,0,0,0,0,0,0.0330909,0,0,0.756867,0,0,0,1.91217,6.84041,0.236004,1.74601,0,0.991031,1.18181,0.205124,0,0,0,0
"MtrElec",11,27,20,"",13.1807,0,0,0,0,0,0.0330909,0,0,0.756867,0,0,0,2.66338,7.11033,0.295005,1.7084,0,0.499163,0,0.114488,0,0,0,0
"MtrElec",11,27,21,"",12.8489,0,0,0,0,0,0.0330909,0,0,0.756867,0,0,0,2.57233,7.36911,0.408091,1.65851,0,0,0,0.0508835,0,0,0,0
"MtrElec",11,27,22,"",13.2517,0,0,0,0,0,0.0330909,0,0,0.756867,0,0,0,2.18534,7.30186,0.481842,1.5885,0,0,0.881967,0.0222615,0,0,0,0
"MtrElec",11,27,23,"",12.7731,0,0,0,0,0,0.0330909,0,0,0.756867,0,0,0,1.43413,6.53125,0.417924,1.44874,0,0.372516,1.76423,0.014311,0,0,0,0
"MtrElec",11,27,24,"",9.75761,0,0,0,0,0,0.0330909,0,0,0.756867,0,0,0,0.887795,5.57043,0.290089,1.46623,0,0.745159,0,0.00795054,0,0,0,0
"MtrElec",11,28,1,"",7.47544,0,0,0,0,0,0.0330909,0,0,0.756867,0,0,0,0.523571,4.57544,0.226171,1.35235,0,0,0,0.00795054,0,0,0,0
"MtrElec",11,28,2,"",6.95848,0,0,0,0,0,0.0330909,0,0,0.756867,0,0,0,0.432515,4.20996,0.226171,1.29352,0,0,0,0.00636043,0,0,0,0
"MtrElec",11,28,3,"",8.08166,0,0,0,0,0,0.0330909,0,0,0.756867,0,0,0,0.34146,3.99065,0.221254,1.26745,1.46611,0,0,0.00477032,0,0,0,0
"MtrElec",11,28,4,"",8.71838,0,0,0,0,0,0.0330909,0,0,0.756867,0,1.09188,0,0.386988,3.97952,0.221254,1.23464,1.00937,0,0,0.00477032,0,0,0,0
"MtrElec",11,28,5,"",7.55859,0,0,0,0,0,0.0330909,0,0,0.756867,0,1.09188,0,0.478043,3.78029,0.226171,1.18747,0,0,0,0.00477032,0,0,0,0
"MtrElec",11,28,6,"",8.08622,0,0,0,0,0,0.0330909,0,0,0.756867,0,1.09188,0,0.705683,4.0936,0.221254,1.17589,0,0,0,0.00795054,0,0,0,0
"MtrElec",11,28,7,"",8.09693,0,0,0,0,0,0.0330909,0,0,0.756867,0,1.09188,0,0.956087,4.59328,0.216337,1.19496,0,0,0.0967123,0.0159011,0,0,0,-0.858188
"MtrElec",11,28,8,"",0.120996,0,0,0,0.0264844,0,0.0330909,0,0,0.756867,0,1.09188,0,0.933323,4.93491,0.201587,1.2844,0,0.0408484,0.414573,0.0429329,0,0,0,-9.6399
"MtrElec",11,28,9,"",-9.4263,0,0,0,0.0264844,0,0.0330909,0,0,0.756867,0,0,0,0.773975,4.64715,0.177003,1.48058,0,0.175103,0.370832,0.0763252,0,0,0,-17.9437
"MtrElec",11,28,10,"",-15.1575,0,0,0,0.0264844,0,0.0330909,0,0,0.756867,0,0,0,0.660155,4.47434,0.147503,1.43579,0,0.156629,1.20586,0.0763252,0,0,0,-24.1305
"MtrElec",11,28,11,"",-18.1628,0,0,0,0.0264844,0,0.0330909,0,0,0.756867,0,0,0,0.614627,4.54982,0.118002,1.42386,0.853184,0.509317,0.985191,0.073145,0,0,0,-28.1064
"MtrElec",11,28,12,"",-19.7734,0,0,0,0.0264844,0,0.0330909,0,0,0.756867,0,0,0,0.569099,4.47755,0.0786681,1.46077,1.62204,0.416115,0.455059,0.0874559,0,0,0,-29.7566
"MtrElec",11,28,13,"",-21.3957,0,0,0,0.0264844,0,0.0330909,0,0,0.756867,0,0,0,0.478043,4.43807,0.0590011,1.49734,0,0.192203,0,0.100177,0,0,0,-28.977
"MtrElec",11,28,14,"",-18.3162,0,0,0,0.0264844,0,0.0330909,0,0,0.756867,0,0,0,0.478043,4.57311,0.0540843,1.52319,0,0,0,0.0938164,0,0,0,-25.8549
"MtrElec",11,28,15,"",-11.8138,0,0,0,0.0264844,0,0.0330909,0,0,0.756867,0,0,0,0.478043,4.79532,0.0540843,1.50703,0,0,0.287418,0.0985867,0,0,0,-19.8507
"MtrElec",11,28,16,"",-2.51876,0,0,0,0.0264844,0,0.0330909,0,0,0.756867,0,0,0,0.591863,5.04225,0.0590011,1.5536,0,0.121397,0.5946,0.108127,0,0,0,-11.406
"MtrElec",11,28,17,"",6.65391,0,0,0,0.0264844,0,0.0330909,0,0,0.756867,0,0,0,0.705683,5.65311,0.0934184,1.52511,0,0.251141,0,0.1447,0,0,0,-2.5357
"MtrElec",11,28,18,"",12.6553,0,0,0,0,0,0.0330909,0,0,0.756867,0,0,0,1.00161,6.36764,0.186837,1.61319,2.47509,0,0,0.221025,0,0,0,0
"MtrElec",11,28,19,"",12.5981,0,0,0,0,0,0.0330909,0,0,0.756867,0,0,0,1.91217,6.84041,0.236004,1.73228,0,0,0.882107,0.205124,0,0,0,0
"MtrElec",11,28,20,"",13.1406,0,0,0,0,0,0.0330909,0,0,0.756867,0,0,0,2.66338,7.11033,0.295005,1.69215,0,0.372576,0.102667,0.114488,0,0,0,0
"MtrElec",11,28,21,"",14.9982,0,0,0,0,0,0.0330909,0,0,0.756867,0,0,0,2.57233,7.36911,0.408091,1.64426,1.34073,0.0433635,0.779442,0.0508835,0,0,0,0
"MtrElec",11,28,22,"",13.8197,0,0,0,0,0,0.0330909,0,0,0.756867,0,0,0,2.18534,7.30186,0.481842,1.57591,1.13329,0.329213,0,0.0222615,0,0,0,0
"MtrElec",11,28,23,"",10.622,0,0,0,0,0,0.0330909,0,0,0.756867,0,0,0,1.43413,6.53125,0.417924,1.43445,0,0,0,0.014311,0,0,0,0
"MtrElec",11,28,24,"",9.0029,0,0,0,0,0,0.0330909,0,0,0.756867,0,0,0,0.887795,5.57043,0.290089,1.45669,0,0,0,0.00795054,0,0,0,0
"MtrElec",11,29,1,"",8.99161,0,0,0,0,0,0.0330909,0,0,0.756867,0,0,0,0.523571,4.57544,0.226171,1.3369,1.53163,0,0,0.00795054,0,0,0,0
"MtrElec",11,29,2,"",7.88784,0,0,0,0,0,0.0330909,0,0,0.756867,0,0,0,0.432515,4.20996,0.226171,1.27945,0.94343,0,0,0.00636043,0,0,0,0
"MtrElec",11,29,3,"",7.6943,0,0,0,0,0,0.0330909,0,0,0.756867,0,1.09188,0,0.34146,3.99065,0.221254,1.25432,0,0,0,0.00477032,0,0,0,0
"MtrElec",11,29,4,"",7.6953,0,0,0,0,0,0.0330909,0,0,0.756867,0,1.09188,0,0.386988,3.97952,0.221254,1.22093,0,0,0,0.00477032,0,0,0,0
"MtrElec",11,29,5,"",7.54256,0,0,0,0,0,0.0330909,0,0,0.756867,0,1.09188,0,0.478043,3.78029,0.226171,1.17144,0,0,0,0.00477032,0,0,0,0
"MtrElec",11,29,6,"",8.07013,0,0,0,0,0,0.0330909,0,0,0.756867,0,1.09188,0,0.705683,4.0936,0.221254,1.1598,0,0,0,0.00795054,0,0,0,0
"MtrElec",11,29,7,"",9.19354,0,0,0,0,0,0.0330909,0,0,0.756867,0,1.09188,0,0.956087,4.59328,0.216337,1.17685,0,0,1.0076,0.0159011,0,0,0,-0.654359
"MtrElec",11,29,8,"",1.34203,0,0,0,0.0264844,0,0.0330909,0,0,0.756867,0,0,0,0.933323,4.93491,0.201587,1.27652,0,0.42558,1.53729,0.0429329,0,0,0,-8.82655
"MtrElec",11,29,9,"",-7.76755,0,0,0,0.0264844,0,0.0330909,0,0,0.756867,0,0,0,0.773975,4.64715,0.177003,1.4796,0,0.649304,0.983976,0.0763252,0,0,0,-17.3713
"MtrElec",11,29,10,"",-14.2924,0,0,0,0.0264844,0,0.0330909,0,0,0.756867,0,0,0,0.660155,4.47434,0.147503,1.43192,0,0.415602,0.787529,0.0763252,0,0,0,-23.1023
"MtrElec",11,29,11,"",-15.5612,0,0,0,0.0264844,0,0.0330909,0,0,0.756867,0,0,0,0.614627,4.54982,0.118002,1.41813,0,0.332629,3.62319,0.073145,0,0,0,-27.1072
"MtrElec",11,29,12,"",-19.9821,0,0,0,0.0264844,0,0.0330909,0,0,0.756867,0,0,0,0.569099,4.47755,0.0786681,1.45575,0,1.53033,0.882007,0.0874559,0,0,0,-29.8794
"MtrElec",11,29,13,"",-21.6598,0,0,0,0.0264844,0,0.0330909,0,0,0.756867,0,0,0,0.478043,4.43807,0.0590011,1.49115,0,0.372533,0,0.100177,0,0,0,-29.4152
"MtrElec",11,29,14,"",-18.1755,0,0,0,0.0264844,0,0.0330909,0,0,0.756867,0,0,0,0.478043,4.57311,0.0540843,1.50956,0,0,0,0.0938164,0,0,0,-25.7006
"MtrElec",11,29,15,"",-11.793,0,0,0,0.0264844,0,0.0330909,0,0,0.756867,0,0,0,0.478043,4.79532,0.0540843,1.4882,0,0,0,0.0985867,0,0,0,-19.5237
"MtrElec",11,29,16,"",-2.86519,0,0,0,0.0264844,0,0.0330909,0,0,0.756867,0,0,0,0.591863,5.04225,0.0590011,1.5347,0,0,0,0.108127,0,0,0,-11.0176
"MtrElec",11,29,17,"",6.56076,0,0,0,0.0264844,0,0.0330909,0,0,0.756867,0,0,0,0.705683,5.65311,0.0934184,1.49035,0,0,0,0.1447,0,0,0,-2.34295
"MtrElec",11,29,18,"",11.9134,0,0,0,0,0,0.0330909,0,0,0.756867,0,0,0,1.00161,6.36764,0.186837,1.58195,0,0,1.76439,0.221025,0,0,0,0
"MtrElec",11,29,19,"",12.8544,0,0,0,0,0,0.0330909,0,0,0.756867,0,0,0,1.91217,6.84041,0.236004,1.71662,0,0.745227,0.408911,0.205124,0,0,0,0
"MtrElec",11,29,20,"",13.6278,0,0,0,0,0,0.0330909,0,0,0.756867,0,0,0,2.66338,7.11033,0.295005,1.68033,0,0.172712,0.801629,0.114488,0,0,0,0
"MtrElec",11,29,21,"",15.0564,0,0,0,0,0,0.0330909,0,0,0.756867,0,0,0,2.57233,7.36911,0.408091,1.63309,1.34073,0.338584,0.553615,0.0508835,0,0,0,0
"MtrElec",11,29,22,"",13.7163,0,0,0,0,0,0.0330909,0,0,0.756867,0,0,0,2.18534,7.30186,0.481842,1.56795,1.13329,0.233831,0,0.0222615,0,0,0,0
"MtrElec",11,29,23,"",10.6167,0,0,0,0,0,0.0330909,0,0,0.756867,0,0,0,1.43413,6.53125,0.417924,1.42909,0,0,0,0.014311,0,0,0,0
"MtrElec",11,29,24,"",11.4788,0,0,0,0,0,0.0330909,0,0,0.756867,0,0,0,0.887795,5.57043,0.290089,1.45756,2.47507,0,0,0.00795054,0,0,0,0
"MtrElec",11,30,1,"",7.40586,0,0,0,0,0,0.0330909,0,0,0.756867,0,0,0,0.523571,4.56272,0.226171,1.29548,0,0,0,0.00795054,0,0,0,0
"MtrElec",11,30,2,"",6.88729,0,0,0,0,0,0.0330909,0,0,0.756867,0,0,0,0.432515,4.16139,0.226171,1.27089,0,0,0,0.00636043,0,0,0,0
"MtrElec",11,30,3,"",6.59496,0,0,0,0,0,0.0330909,0,0,0.756867,0,0,0,0.34146,4.0025,0.226171,1.2285,0,0,0,0.00636043,0,0,0,0
"MtrElec",11,30,4,"",6.59859,0,0,0,0,0,0.0330909,0,0,0.756867,0,0,0,0.386988,3.97865,0.226171,1.21046,0,0,0,0.00636043,0,0,0,0
"MtrElec",11,30,5,"",6.46769,0,0,0,0,0,0.0330909,0,0,0.756867,0,0,0,0.478043,3.79214,0.226171,1.17502,0,0,0,0.00636043,0,0,0,0
"MtrElec",11,30,6,"",7.01988,0,0,0,0,0,0.0330909,0,0,0.756867,0,0,0,0.705683,4.10545,0.18192,1.2146,0,0,0,0.0222615,0,0,0,0
"MtrElec",11,30,7,"",7.62197,0,0,0,0,0,0.0330909,0,0,0.756867,0,0,0,0.956087,4.67684,0.172086,1.37217,0,0,0,0.030212,0,0,0,-0.375382
"MtrElec",11,30,8,"",0.307891,0,0,0,0.0264844,0,0.0330909,0,0,0.756867,0,0,0,0.933323,5.03118,0.16717,1.50884,0,0,0,0.0397527,0,0,0,-8.18882
"MtrElec",11,30,9,"",-8.46366,0,0,0,0.0264844,0,0.0330909,0,0,0.756867,0,0,0,0.773975,4.67028,0.162253,1.46486,0,0,0.4939,0.0413428,0,0,0,-16.8867
"MtrElec",11,30,10,"",-15.8472,0,0,0,0.0264844,0,0.0330909,0,0,0.756867,0,0,0,0.660155,4.38935,0.137669,1.35696,0,0.208609,0.388234,0.0349824,0,0,0,-23.8396
"MtrElec",11,30,11,"",-20.7964,0,0,0,0.0264844,0,0.0330909,0,0,0.756867,0,0,0,0.614627,4.44098,0.108169,1.32682,0,0.163978,0,0.0333923,0,0,0,-28.3008
"MtrElec",11,30,12,"",-22.8425,0,0,0,0.0264844,0,0.0330909,0,0,0.756867,0,0,0,0.569099,4.44098,0.0737513,1.34881,0,0,0,0.0461131,0,0,0,-30.1377
"MtrElec",11,30,13,"",-20.6034,0,0,0,0.0264844,0,0.0330909,0,0,0.756867,0,0,0,0.478043,4.44921,0.0590011,1.39453,1.41802,0,0,0.0556538,0,0,0,-29.2743
"MtrElec",11,30,14,"",-17.3681,0,0,0,0.0264844,0,0.0330909,0,0,0.756867,0,0,0,0.478043,4.54839,0.0540843,1.36826,1.0564,0,0,0.0508835,0,0,0,-25.7406
"MtrElec",11,30,15,"",-11.9836,0,0,0,0.0264844,0,0.0330909,0,0,0.756867,0,0,0,0.478043,4.71176,0.0540843,1.39279,0,0,0.336868,0.0540637,0,0,0,-19.8277
"MtrElec",11,30,16,"",-2.69682,0,0,0,0.0264844,0,0.0330909,0,0,0.756867,0,0,0,0.591863,4.85057,0.0590011,1.40818,0,0.142283,0.545039,0.0826856,0,0,0,-11.1929
"MtrElec",11,30,17,"",6.6247,0,0,0,0.0264844,0,0.0330909,0,0,0.756867,0,0,0,0.705683,5.47414,0.0934184,1.44998,0,0.230208,0,0.182862,0,0,0,-2.32804
"MtrElec",11,30,18,"",10.1621,0,0,0,0,0,0.0330909,0,0,0.756867,0,0,0,1.00161,6.29608,0.18192,1.58566,0,0,0,0.306891,0,0,0,0
"MtrElec",11,30,19,"",11.7927,0,0,0,0,0,0.0330909,0,0,0.756867,0,0,0,1.91217,6.85241,0.240921,1.71101,0,0,0,0.286219,0,0,0,0
"MtrElec",11,30,20,"",13.7283,0,0,0,0,0,0.0330909,0,0,0.756867,0,0,0,2.66338,7.2066,0.319589,1.71083,0,0,0.882094,0.155831,0,0,0,0
"MtrElec",11,30,21,"",14.0273,0,0,0,0,0,0.0330909,0,0,0.756867,0,0,0,2.57233,7.51309,0.447425,1.6284,0,0.37257,0.636767,0.0667845,0,0,0,0
"MtrElec",11,30,22,"",15.5853,0,0,0,0,0,0.0330909,0,0,0.756867,0,0,0,2.18534,7.45856,0.516259,1.5507,2.53842,0.268951,0.245309,0.0318022,0,0,0,0
"MtrElec",11,30,23,"",15.7441,0,0,0,0,0,0.0330909,0,0,0.756867,0,0,0,1.43413,6.61553,0.447425,1.44651,4.88782,0.103611,0,0.0190813,0,0,0,0
"MtrElec",11,30,24,"",8.99863,0,0,0,0,0,0.0330909,0,0,0.756867,0,0,0,0.887795,5.67058,0.309756,1.32464,0,0,0,0.0159011,0,0,0,0
"MtrElec",12,1,1,"",7.55656,0,0,0,0,0,0.0330909,0,0,0.756867,0,0,0,0.541626,4.68071,0.23397,1.30207,0,0,0,0.00823247,0,0,0,0
"MtrElec",12,1,2,"",8.11641,0,0,0,0,0,0.0330909,0,0,0.756867,0,1.09188,0,0.44743,4.27489,0.23397,1.27169,0,0,0,0.00658598,0,0,0,0
"MtrElec",12,1,3,"",7.81394,0,0,0,0,0,0.0330909,0,0,0.756867,0,1.09188,0,0.353234,4.11364,0.23397,1.22467,0,0,0,0.00658598,0,0,0,0
"MtrElec",12,1,4,"",7.81339,0,0,0,0,0,0.0330909,0,0,0.756867,0,1.09188,0,0.400332,4.09007,0.23397,1.20059,0,0,0,0.00658598,0,0,0,0
"MtrElec",12,1,5,"",7.67086,0,0,0,0,0,0.0330909,0,0,0.756867,0,1.09188,0,0.494528,3.89803,0.23397,1.1559,0,0,0,0.00658598,0,0,0,0
"MtrElec",12,1,6,"",9.53399,0,0.80549,0.320149,0,0,0.0330909,0,0.18207,0.756867,0,1.09188,0,0.730017,4.22235,0.188193,1.18083,0,0,0,0.0230509,0,0,0,0
"MtrElec",12,1,7,"",11.3799,0,1.1016,0.441469,0,0,0.0330909,0,0.250244,0.756867,0,1.09188,0,0.989055,4.8094,0.17802,1.33676,0,0,0.882236,0.0312834,0,0,0,-0.522003
"MtrElec",12,1,8,"",1.86542,0,0.311036,0.132181,0.0264844,0,0.0330909,0,0.0694398,0.756867,0,1.09188,0,0.965507,5.16844,0.172934,1.48028,0,0.37263,0.881945,0.0411624,0,0,0,-9.63846
"MtrElec",12,1,9,"",-9.0061,0,0,0,0.0264844,0,0.0330909,0,0,0.756867,0,1.09188,0,0.800664,4.78925,0.167848,1.43134,0,0.372507,0,0.0428089,0,0,0,-18.5188
"MtrElec",12,1,10,"",-17.7443,0,0,0,0.0264844,0,0.0330909,0,0,0.756867,0,0,0,0.682919,4.49719,0.142416,1.31508,0,0,0.476651,0.0362229,0,0,0,-25.7112
"MtrElec",12,1,11,"",-21.0757,0,0,0,0.0264844,0,0.0330909,0,0,0.756867,0,0,0,0.635821,4.55318,0.111899,1.2846,0,0.201323,1.28735,0.0345764,0,0,0,-30.0009
"MtrElec",12,1,12,"",-22.8394,0,0,0,0.0264844,0,0.0330909,0,0,0.756867,0,0,0,0.588723,4.55318,0.0762945,1.30865,0,0.543737,0,0.0477483,0,0,0,-30.7742
"MtrElec",12,1,13,"",-22.4313,0,0,0,0.0264844,0,0.0330909,0,0,0.756867,0,0,0,0.494528,4.55858,0.0610356,1.36304,0,0,0.285975,0.0576273,0,0,0,-30.0686
"MtrElec",12,1,14,"",-18.8704,0,0,0,0.0264844,0,0.0330909,0,0,0.756867,0,0,0,0.494528,4.66008,0.0559493,1.33652,0,0.120787,0.596301,0.0526878,0,0,0,-27.0037
"MtrElec",12,1,15,"",-12.4785,0,0,0,0.0264844,0,0.0330909,0,0,0.756867,0,0,0,0.494528,4.8289,0.0559493,1.36736,0,0.25186,0.43918,0.0559808,0,0,0,-20.7887
"MtrElec",12,1,16,"",-3.32893,0,0,0,0.0264844,0,0.0330909,0,0,0.756867,0,0,0,0.612272,4.97378,0.0610356,1.38362,0,0.185496,0.442728,0.0856177,0,0,0,-11.8899
"MtrElec",12,1,17,"",6.48193,0,0,0,0.0264844,0,0.0330909,0,0,0.756867,0,0,0,0.730017,5.61555,0.0966397,1.42424,0,0.186995,0,0.189347,0,0,0,-2.57731
"MtrElec",12,1,18,"",10.3538,0,0,0,0,0,0.0330909,0,0,0.756867,0,0,0,1.03615,6.46032,0.188193,1.56141,0,0,0,0.317773,0,0,0,0
"MtrElec",12,1,19,"",12.9133,0,0,0,0,0,0.0330909,0,0,0.756867,0,0,0,1.97811,7.02792,0.249229,1.68973,0,0,0.881967,0.296369,0,0,0,0
"MtrElec",12,1,20,"",14.5795,0,0,0,0,0,0.0330909,0,0,0.756867,0,1.09188,0,2.75523,7.38531,0.330609,1.69266,0,0.372517,0,0.161356,0,0,0,0
"MtrElec",12,1,21,"",14.3759,0,0,0,0,0,0.0330909,0,0,0.756867,0,1.09188,0,2.66103,7.69556,0.462853,1.60544,0,0,0,0.0691528,0,0,0,0
"MtrElec",12,1,22,"",15.1367,0,0,0,0,0,0.0330909,0,0,0.756867,0,1.09188,0,2.2607,7.63435,0.534061,1.52357,1.26921,0,0,0.0329299,0,0,0,0
"MtrElec",12,1,23,"",13.2441,0,0,0,0,0,0.0330909,0,0,0.756867,0,1.09188,0,1.48358,6.76958,0.462853,1.42015,1.20634,0,0,0.0197579,0,0,0,0
"MtrElec",12,1,24,"",10.2404,0,0,0,0,0,0.0330909,0,0,0.756867,0,1.09188,0,0.918409,5.80912,0.320437,1.29416,0,0,0,0.0164649,0,0,0,0
"MtrElec",12,2,1,"",8.61639,0,0,0,0,0,0.0330909,0,0,0.756867,0,1.09188,0,0.541626,4.68071,0.23397,1.27001,0,0,0,0.00823247,0,0,0,0
"MtrElec",12,2,2,"",11.3641,0,0.949766,0.418454,0,0,0.0330909,0,0.214925,0.756867,0,1.09188,0,0.44743,4.27489,0.23397,1.23856,1.69764,0,0,0.00658598,0,0,0,0
"MtrElec",12,2,3,"",11.5479,0,1.79564,0.778116,0,0,0.0330909,0,0.41639,0.756867,0,1.09188,0,0.353234,4.11364,0.23397,1.19055,0.777912,0,0,0.00658598,0,0,0,0
"MtrElec",12,2,4,"",13.4352,0,3.42811,1.42201,0,0,0.0330909,0,0.801891,0.756867,0,1.09188,0,0.400332,4.09007,0.23397,1.17042,0,0,0,0.00658598,0,0,0,0
"MtrElec",12,2,5,"",16.1687,0,5.21185,2.08065,0,0,0.0330909,0,1.23336,0.756867,0,1.09188,0,0.494528,3.89803,0.23397,1.12786,0,0,0,0.00658598,0,0,0,0
"MtrElec",12,2,6,"",17.6027,0,5.78949,2.23032,0,0,0.0330909,0,1.37805,0.756867,0,1.09188,0,0.730017,4.22235,0.188193,1.15942,0,0,0,0.0230509,0,0,0,0
"MtrElec",12,2,7,"",18.3574,0,5.36853,2.06084,0,0,0.0330909,0,1.26471,0.756867,0,1.09188,0,0.989055,4.8094,0.17802,1.32675,0,0,0.882236,0.0312834,0,0,0,-0.435233
"MtrElec",12,2,8,"",5.13384,0,2.55276,0.953316,0.0264844,0,0.0330909,0,0.577397,0.756867,0,1.09188,0,0.965507,5.16844,0.172934,1.47471,0,0.37263,0,0.0411624,0,0,0,-9.05335
"MtrElec",12,2,9,"",-9.39375,0,0.393731,0,0.0264844,0,0.0330909,0,0.0835596,0.756867,0,0,0,0.800664,4.78925,0.167848,1.42486,0,0,0.287278,0.0428089,0,0,0,-18.2002
"MtrElec",12,2,10,"",-15.3367,0,0,0,0.0264844,0,0.0330909,0,0,0.756867,0,0,0,0.682919,4.49719,0.142416,1.30341,0.939524,0.121338,0.594891,0.0362229,0,0,0,-24.4711
"MtrElec",12,2,11,"",-20.0137,0,0,0,0.0264844,0,0.0330909,0,0,0.756867,0,0,0,0.635821,4.55318,0.111899,1.27294,1.5359,0.251264,0,0.0345764,0,0,0,-29.2257
"MtrElec",12,2,12,"",-23.7752,0,0,0,0.0264844,0,0.0330909,0,0,0.756867,0,0,0,0.588723,4.55318,0.0762945,1.29861,0,0,0,0.0477483,0,0,0,-31.1562
"MtrElec",12,2,13,"",-22.8019,0,0,0,0.0264844,0,0.0330909,0,0,0.756867,0,0,0,0.494528,4.55858,0.0610356,1.35345,0,0,0,0.0576273,0,0,0,-30.1435
"MtrElec",12,2,14,"",-19.3758,0,0,0,0.0264844,0,0.0330909,0,0,0.756867,0,0,0,0.494528,4.66008,0.0559493,1.32595,0,0,0,0.0526878,0,0,0,-26.7815
"MtrElec",12,2,15,"",-12.6333,0,0,0,0.0264844,0,0.0330909,0,0,0.756867,0,0,0,0.494528,4.8289,0.0559493,1.35887,0,0,0.43918,0.0559808,0,0,0,-20.6832
"MtrElec",12,2,16,"",-2.09807,0,0,0,0.0264844,0,0.0330909,0,0,0.756867,0,0,0,0.612272,4.97378,0.0610356,1.37392,1.26327,0.185496,0.442728,0.0856177,0,0,0,-11.9126
"MtrElec",12,2,17,"",7.66447,0,0,0,0.0264844,0,0.0330909,0,0,0.756867,0,0,0,0.730017,5.61555,0.0966397,1.41272,1.21212,0.186995,0,0.189347,0,0,0,-2.59536
"MtrElec",12,2,18,"",10.3429,0,0,0,0,0,0.0330909,0,0,0.756867,0,0,0,1.03615,6.46032,0.188193,1.55049,0,0,0,0.317773,0,0,0,0
"MtrElec",12,2,19,"",14.2588,0,0,0,0,0,0.0330909,0,0,0.756867,0,0,0,1.97811,7.02792,0.249229,1.67999,0,0,2.23725,0.296369,0,0,0,0
"MtrElec",12,2,20,"",15.5536,0,0,0,0,0,0.0330909,0,0,0.756867,0,1.09188,0,2.75523,7.38531,0.330609,1.68589,0,0.944947,0.408403,0.161356,0,0,0,0
"MtrElec",12,2,21,"",14.5421,0,0,0,0,0,0.0330909,0,0,0.756867,0,1.09188,0,2.66103,7.69556,0.462853,1.59912,0,0.172497,0,0.0691528,0,0,0,0
"MtrElec",12,2,22,"",13.8598,0,0,0,0,0,0.0330909,0,0,0.756867,0,1.09188,0,2.2607,7.63435,0.534061,1.51596,0,0,0,0.0329299,0,0,0,0
"MtrElec",12,2,23,"",12.0285,0,0,0,0,0,0.0330909,0,0,0.756867,0,1.09188,0,1.48358,6.76958,0.462853,1.41084,0,0,0,0.0197579,0,0,0,0
"MtrElec",12,2,24,"",10.2284,0,0,0,0,0,0.0330909,0,0,0.756867,0,1.09188,0,0.918409,5.80912,0.320437,1.28216,0,0,0,0.0164649,0,0,0,0
"MtrElec",12,3,1,"",8.88651,0,0.165581,0.0771156,0,0,0.0330909,0,0.0368876,0.756867,0,1.09188,0,0.541626,4.68071,0.23397,1.26054,0,0,0,0.00823247,0,0,0,0
"MtrElec",12,3,2,"",10.1386,0,1.22095,0.564285,0,0,0.0330909,0,0.277188,0.756867,0,1.09188,0,0.44743,4.27489,0.23397,1.23146,0,0,0,0.00658598,0,0,0,0
"MtrElec",12,3,3,"",12.7839,0,2.98682,1.33978,0,0,0.0330909,0,0.683523,0.756867,0,1.09188,0,0.353234,4.11364,0.23397,1.18455,0,0,0,0.00658598,0,0,0,0
"MtrElec",12,3,4,"",14.9557,0,4.29854,1.87969,0,0,0.0330909,0,0.997984,0.756867,0,1.09188,0,0.400332,4.09007,0.23397,1.16672,0,0,0,0.00658598,0,0,0,0
"MtrElec",12,3,5,"",16.648,0,5.4212,2.30752,0,0,0.0330909,0,1.27671,0.756867,0,1.09188,0,0.494528,3.89803,0.23397,1.12767,0,0,0,0.00658598,0,0,0,0
"MtrElec",12,3,6,"",17.6086,0,5.69681,2.36028,0,0,0.0330909,0,1.34665,0.756867,0,1.09188,0,0.730017,4.22235,0.188193,1.15942,0,0,0,0.0230509,0,0,0,0
"MtrElec",12,3,7,"",17.3652,0,5.20101,2.17625,0,0,0.0330909,0,1.21963,0.756867,0,1.09188,0,0.989055,4.8094,0.17802,1.32675,0,0,0,0.0312834,0,0,0,-0.448084
"MtrElec",12,3,8,"",4.2313,0,2.56071,0.848385,0.0264844,0,0.0330909,0,0.575689,0.756867,0,1.09188,0,0.965507,5.16844,0.172934,1.47471,0,0,0,0.0411624,0,0,0,-9.48456
"MtrElec",12,3,9,"",-10.1744,0,0.420182,0,0.0264844,0,0.0330909,0,0.0890365,0.756867,0,0,0,0.800664,4.78925,0.167848,1.42486,0,0,0,0.0428089,0,0,0,-18.7255
"MtrElec",12,3,10,"",-15.4739,0,0,0,0.0264844,0,0.0330909,0,0,0.756867,0,0,0,0.682919,4.49719,0.142416,1.30331,0,0,2.64627,0.0362229,0,0,0,-25.5987
"MtrElec",12,3,11,"",-21.0069,0,0,0,0.0264844,0,0.0330909,0,0,0.756867,0,0,0,0.635821,4.55318,0.111899,1.27315,0,1.1177,0,0.0345764,0,0,0,-29.5497
"MtrElec",12,3,12,"",-23.0343,0,0,0,0.0264844,0,0.0330909,0,0,0.756867,0,0,0,0.588723,4.55318,0.0762945,1.30078,0,0,0.458896,0.0477483,0,0,0,-30.8763
"MtrElec",12,3,13,"",-21.0859,0,0,0,0.0264844,0,0.0330909,0,0,0.756867,0,0,0,0.494528,4.55858,0.0610356,1.35645,0,0.193824,1.30516,0.0576273,0,0,0,-29.9296
"MtrElec",12,3,14,"",-18.7343,0,0,0,0.0264844,0,0.0330909,0,0,0.756867,0,0,0,0.494528,4.66008,0.0559493,1.3304,0,0.551262,0,0.0526878,0,0,0,-26.6956
"MtrElec",12,3,15,"",-13.0882,0,0,0,0.0264844,0,0.0330909,0,0,0.756867,0,0,0,0.494528,4.8289,0.0559493,1.3636,0,0,0,0.0559808,0,0,0,-20.7036
"MtrElec",12,3,16,"",-3.98395,0,0,0,0.0264844,0,0.0330909,0,0,0.756867,0,0,0,0.612272,4.97378,0.0610356,1.37851,0,0,0,0.0856177,0,0,0,-11.9116
"MtrElec",12,3,17,"",6.2033,0,0,0,0.0264844,0,0.0330909,0,0,0.756867,0,0,0,0.730017,5.61555,0.0966397,1.41681,0,0,0,0.189347,0,0,0,-2.66151
"MtrElec",12,3,18,"",10.7881,0,0,0,0,0,0.0330909,0,0,0.756867,0,0,0,1.03615,6.46032,0.188193,1.55546,0,0,0.440226,0.317773,0,0,0,0
"MtrElec",12,3,19,"",13.5368,0,0,0,0,0,0.0330909,0,0,0.756867,0,0,0,1.97811,7.02792,0.249229,1.68633,0,0.185938,1.32297,0.296369,0,0,0,0
"MtrElec",12,3,20,"",13.6719,0,0,0,0,0,0.0330909,0,0,0.756867,0,0,0,2.75523,7.38531,0.330609,1.69062,0,0.558784,0,0.161356,0,0,0,0
"MtrElec",12,3,21,"",14.3734,0,0,0,0,0,0.0330909,0,0,0.756867,0,1.09188,0,2.66103,7.69556,0.462853,1.603,0,0,0,0.0691528,0,0,0,0
"MtrElec",12,3,22,"",14.1883,0,0,0,0,0,0.0330909,0,0,0.756867,0,1.09188,0,2.2607,7.63435,0.534061,1.5208,0,0,0.323611,0.0329299,0,0,0,0
"MtrElec",12,3,23,"",13.0228,0,0,0,0,0,0.0330909,0,0,0.756867,0,1.09188,0,1.48358,6.76958,0.462853,1.4174,0,0.136684,0.851065,0.0197579,0,0,0,0
"MtrElec",12,3,24,"",11.1879,0,0,0,0,0,0.0330909,0,0,0.756867,0,1.09188,0,0.918409,5.80912,0.320437,1.29242,0,0.359465,0.589777,0.0164649,0,0,0,0
"MtrElec",12,4,1,"",8.86687,0,0,0,0,0,0.0330909,0,0,0.756867,0,1.09188,0,0.541626,4.68071,0.23397,1.27139,0,0.249104,0,0.00823247,0,0,0,0
"MtrElec",12,4,2,"",8.08635,0,0,0,0,0,0.0330909,0,0,0.756867,0,1.09188,0,0.44743,4.27489,0.23397,1.24163,0,0,0,0.00658598,0,0,0,0
"MtrElec",12,4,3,"",9.04274,0,0.88305,0.183494,0,0,0.0330909,0,0.194655,0.756867,0,1.09188,0,0.353234,4.11364,0.23397,1.19227,0,0,0,0.00658598,0,0,0,0
"MtrElec",12,4,4,"",10.5848,0,1.63836,0.790927,0,0,0.0330909,0,0.371888,0.756867,0,1.09188,0,0.400332,4.09007,0.23397,1.17078,0,0,0,0.00658598,0,0,0,0
"MtrElec",12,4,5,"",12.8444,0,3.05901,1.44359,0,0,0.0330909,0,0.698295,0.756867,0,1.09188,0,0.494528,3.89803,0.23397,1.12853,0,0,0,0.00658598,0,0,0,0
"MtrElec",12,4,6,"",13.8485,0,3.33498,1.54595,0,0,0.0330909,0,0.762671,0.756867,0,1.09188,0,0.730017,4.22235,0.188193,1.15942,0,0,0,0.0230509,0,0,0,0
"MtrElec",12,4,7,"",14.3366,0,3.02605,1.40618,0,0,0.0330909,0,0.688059,0.756867,0,1.09188,0,0.989055,4.8094,0.17802,1.32675,0,0,0,0.0312834,0,0,0,0
"MtrElec",12,4,8,"",5.26133,0,2.07118,0.388256,0.0264844,0,0.0330909,0,0.455852,0.756867,0,1.09188,0,0.965507,5.16844,0.172934,1.47471,0,0,0,0.0411624,0,0,0,-7.38504
"MtrElec",12,4,9,"",-8.25199,0,0.404961,0,0.0264844,0,0.0330909,0,0.0860063,0.756867,0,0,0,0.800664,4.78925,0.167848,1.42486,0,0,0,0.0428089,0,0,0,-16.7848
"MtrElec",12,4,10,"",-12.7549,0,0,0,0.0264844,0,0.0330909,0,0,0.756867,0,0,0,0.682919,4.49719,0.142416,1.30332,0,0,1.7636,0.0362229,0,0,0,-21.997
"MtrElec",12,4,11,"",0.500178,0,0,0,0.0264844,0,0.0330909,0,0,0.756867,0,0,0,0.635821,4.55318,0.111899,1.27231,0,0.744894,0,0.0345764,0,0,0,-7.66895
"MtrElec",12,4,12,"",3.22368,0,0.0872926,0,0.0264844,0,0.0330909,0,0.0183258,0.756867,0,0,0,0.588723,4.55318,0.0762945,1.2925,0,0,0.882056,0.0477483,0,0,0,-5.13889
"MtrElec",12,4,13,"",2.88611,0,0.326296,0,0.0264844,0,0.0330909,0,0.0683864,0.756867,0,0,0,0.494528,4.55858,0.0610356,1.33984,0,0.372554,0.285975,0.0576273,0,0,0,-5.49516
"MtrElec",12,4,14,"",1.98763,0,0.172465,0,0.0264844,0,0.0330909,0,0.0359194,0.756867,0,0,0,0.494528,4.66008,0.0559493,1.30271,0,0.120787,0.596301,0.0526878,0,0,0,-6.32024
"MtrElec",12,4,15,"",1.985,0,0.0474496,0,0.0264844,0,0.0330909,0,0.00984742,0.756867,0,0,0,0.494528,4.8289,0.0559493,1.33485,0,0.25186,0,0.0559808,0,0,0,-5.9108
"MtrElec",12,4,16,"",-1.97946,0,0,0,0.0264844,0,0.0330909,0,0,0.756867,0,0,0,0.612272,4.97378,0.0610356,1.343,0,0,0,0.0856177,0,0,0,-9.87161
"MtrElec",12,4,17,"",6.90677,0,0,0,0,0,0.0330909,0,0,0.756867,0,0,0,0.730017,5.61555,0.0966397,1.36684,0,0,0,0.189347,0,0,0,-1.88159
"MtrElec",12,4,18,"",10.2952,0,0,0,0,0,0.0330909,0,0,0.756867,0,0,0,1.03615,6.46032,0.188193,1.50277,0,0,0,0.317773,0,0,0,0
"MtrElec",12,4,19,"",11.9836,0,0,0,0,0,0.0330909,0,0,0.756867,0,0,0,1.97811,7.02792,0.249229,1.64202,0,0,0,0.296369,0,0,0,0
"MtrElec",12,4,20,"",13.0804,0,0,0,0,0,0.0330909,0,0,0.756867,0,0,0,2.75523,7.38531,0.330609,1.65791,0,0,0,0.161356,0,0,0,0
"MtrElec",12,4,21,"",13.2463,0,0,0,0,0,0.0330909,0,0,0.756867,0,0,0,2.66103,7.69556,0.462853,1.56777,0,0,0,0.0691528,0,0,0,0
"MtrElec",12,4,22,"",16.0622,0,0,0,0,0,0.0330909,0,0,0.756867,0,0,0,2.2607,7.63435,0.534061,1.48432,2.47431,0,0.851616,0.0329299,0,0,0,0
"MtrElec",12,4,23,"",11.4138,0,0.0934433,0,0,0,0.0330909,0,0.0197407,0.756867,0,0,0,1.48358,6.76958,0.462853,1.38467,0,0.359697,0.0305102,0.0197579,0,0,0,0
"MtrElec",12,4,24,"",10.2999,0,0.969443,0,0,0,0.0330909,0,0.207409,0.756867,0,0,0,0.918409,5.80912,0.320437,1.25575,0,0.0128866,0,0.0164649,0,0,0,0
"MtrElec",12,5,1,"",11.2204,0,2.11026,0,0,0,0.0330909,0,0.454233,0.756867,0,1.09188,0,0.541626,4.69367,0.23397,1.29653,0,0,0,0.00823247,0,0,0,0
"MtrElec",12,5,2,"",11.3377,0,2.63102,0,0,0,0.0330909,0,0.569913,0.756867,0,1.09188,0,0.44743,4.32403,0.23397,1.24293,0,0,0,0.00658598,0,0,0,0
"MtrElec",12,5,3,"",11.519,0,3.05936,0,0,0,0.0330909,0,0.666256,0.756867,0,1.09188,0,0.353234,4.10267,0.228883,1.22181,0,0,0,0.00493948,0,0,0,0
"MtrElec",12,5,4,"",11.8804,0,3.34707,0,0,0,0.0330909,0,0.731719,0.756867,0,1.09188,0,0.400332,4.09207,0.228883,1.19355,0,0,0,0.00493948,0,0,0,0
"MtrElec",12,5,5,"",12.0532,0,3.61208,0,0,0,0.0330909,0,0.792479,0.756867,0,1.09188,0,0.494528,3.88707,0.23397,1.14624,0,0,0,0.00493948,0,0,0,0
"MtrElec",12,5,6,"",12.1287,0,3.22437,0,0,0,0.0330909,0,0.703925,0.756867,0,1.09188,0,0.730017,4.21138,0.228883,1.14005,0,0,0,0.00823247,0,0,0,0
"MtrElec",12,5,7,"",12.0846,0,2.53881,0,0,0,0.0330909,0,0.548688,0.756867,0,1.09188,0,0.989055,4.72608,0.223797,1.15989,0,0,0,0.0164649,0,0,0,0
"MtrElec",12,5,8,"",11.3769,0,2.02279,0,0,0,0.0330909,0,0.432614,0.756867,0,0,0,0.965507,5.07215,0.208538,1.27103,0,0,0.881859,0.0444554,0,0,0,-0.312011
"MtrElec",12,5,9,"",10.223,0,2.14559,0,0,0,0.0330909,0,0.458664,0.756867,0,0,0,0.800664,4.76603,0.183107,1.47694,0,0.372471,0,0.0790317,0,0,0,-0.849425
"MtrElec",12,5,10,"",10.7266,0,2.80508,0,0,0,0.0330909,0,0.605526,0.756867,0,0,0,0.682919,4.58122,0.152589,1.42455,0,0,0.882104,0.0790317,0,0,0,-1.27633
"MtrElec",12,5,11,"",10.4644,0,2.96604,0,0,0,0.0330909,0,0.642462,0.756867,0,0,0,0.635821,4.66079,0.122071,1.40216,0,0.372574,0,0.0757388,0,0,0,-1.20317
"MtrElec",12,5,12,"",8.93374,0,2.84186,0,0,0,0.0330909,0,0.614887,0.756867,0,0,0,0.588723,4.58972,0.0813808,1.42598,1.15919,0,0,0.0905572,0,0,0,-3.24851
"MtrElec",12,5,13,"",9.20458,0,2.63096,0,0,0,0.0330909,0,0.567991,0.756867,0,0,0,0.494528,4.54797,0.0610356,1.44963,1.31657,0,0.294076,0.103729,0,0,0,-3.05187
"MtrElec",12,5,14,"",11.3558,0,2.72005,0,0,0,0.0330909,0,0.589003,0.756867,0,0,0,0.494528,4.68565,0.0559493,1.46662,0,0.124209,1.11107,0.0971432,0,0,0,-0.778387
"MtrElec",12,5,15,"",11.5469,0,2.59914,0,0,0,0.0330909,0,0.56119,0.756867,0,0,0,0.494528,4.91222,0.0559493,1.43995,0,0.469281,0.359029,0.102083,0,0,0,-0.236379
"MtrElec",12,5,16,"",10.476,0,2.70706,0,0,0,0.0330909,0,0.585095,0.756867,0,0,0,0.612272,5.16436,0.0610356,1.49567,0,0.151643,0,0.111962,0,0,0,-1.20302
"MtrElec",12,5,17,"",11.8682,0,2.46213,0,0,0,0.0330909,0,0.531218,0.756867,0,0,0,0.730017,5.79316,0.0966397,1.43518,0,0,0,0.149831,0,0,0,-0.119932
"MtrElec",12,5,18,"",13.1698,0,1.6264,0,0,0,0.0330909,0,0.348263,0.756867,0,0,0,1.03615,6.53103,0.193279,1.53361,0,0,0.882206,0.228863,0,0,0,0
"MtrElec",12,5,19,"",15.5333,0,0.702911,0,0,0,0.0330909,0,0.150295,0.756867,0,1.09188,0,1.97811,7.01531,0.244142,1.68475,0,0.372617,1.29097,0.212398,0,0,0,0
"MtrElec",12,5,20,"",15.7738,0,0.627236,0,0,0,0.0330909,0,0.134003,0.756867,0,1.09188,0,2.75523,7.28902,0.305178,1.64433,0,0.545267,0.473138,0.118548,0,0,0,0
"MtrElec",12,5,21,"",15.6936,0,1.0982,0,0,0,0.0330909,0,0.235256,0.756867,0,1.09188,0,2.66103,7.55212,0.422163,1.59041,0,0.199839,0,0.0526878,0,0,0,0
"MtrElec",12,5,22,"",16.1752,0,2.06271,0,0,0,0.0330909,0,0.445729,0.756867,0,1.09188,0,2.2607,7.47795,0.498457,1.52479,0,0,0,0.0230509,0,0,0,0
"MtrElec",12,5,23,"",16.6539,0,2.80915,0,0,0,0.0330909,0,0.615567,0.756867,0,1.09188,0,1.48358,6.6859,0.432335,1.37168,1.35898,0,0,0.0148185,0,0,0,0
"MtrElec",12,5,24,"",16.1439,0,3.91612,0,0,0,0.0330909,0,0.870941,0.756867,0,1.09188,0,0.918409,5.70777,0.300092,1.42391,1.11661,0,0,0.00823247,0,0,0,0
"MtrElec",12,6,1,"",16.0664,0,4.91409,1.37253,0,0,0.0330909,0,1.12482,0.756867,0,1.09188,0,0.541626,4.69367,0.23397,1.29563,0,0,0,0.00823247,0,0,0,0
"MtrElec",12,6,2,"",17.531,0,5.44424,2.6771,0,0,0.0330909,0,1.27292,0.756867,0,1.09188,0,0.44743,4.32403,0.23397,1.24293,0,0,0,0.00658598,0,0,0,0
"MtrElec",12,6,3,"",19.7911,0,5.29176,2.52948,0,0,0.0330909,0,1.24426,0.756867,0,1.09188,0,0.353234,4.10267,0.228883,1.22181,2.93223,0,0,0.00493948,0,0,0,0
"MtrElec",12,6,4,"",19.899,0,5.92225,2.75346,0,0,0.0330909,0,1.4029,0.756867,0,1.09188,0,0.400332,4.09207,0.228883,1.19355,2.01875,0,0,0.00493948,0,0,0,0
"MtrElec",12,6,5,"",19.134,0,6.79089,3.07155,0,0,0.0330909,0,1.62296,0.756867,0,1.09188,0,0.494528,3.88707,0.23397,1.14624,0,0,0,0.00493948,0,0,0,0
"MtrElec",12,6,6,"",19.2217,0,6.57179,2.88132,0,0,0.0330909,0,1.56822,0.756867,0,1.09188,0,0.730017,4.21138,0.228883,1.14005,0,0,0,0.00823247,0,0,0,0
"MtrElec",12,6,7,"",18.7744,0,5.84498,2.55086,0,0,0.0330909,0,1.38144,0.756867,0,1.09188,0,0.989055,4.72608,0.223797,1.15989,0,0,0,0.0164649,0,0,0,0
"MtrElec",12,6,8,"",9.95243,0,4.41315,2.06444,0.0264844,0,0.0330909,0,1.02106,0.756867,0,1.09188,0,0.965507,5.07215,0.208538,1.27103,0,0,0,0.0444554,0,0,0,-7.01622
"MtrElec",12,6,9,"",1.25735,0,3.11852,0,0.0264844,0,0.0330909,0,0.685093,0.756867,0,1.09188,0,0.800664,4.76603,0.183107,1.47694,0,0,0,0.0790317,0,0,0,-11.7604
"MtrElec",12,6,10,"",-12.4732,0,0.70646,0,0.0264844,0,0.0330909,0,0.151178,0.756867,0,0,0,0.682919,4.58122,0.152589,1.42455,0,0,1.76435,0.0790317,0,0,0,-22.8319
"MtrElec",12,6,11,"",-15.5673,0,0.0230259,0,0.0264844,0,0.0330909,0,0.00480369,0.756867,0,0,0,0.635821,4.66079,0.122071,1.40228,0,0.745207,0,0.0757388,0,0,0,-24.0535
"MtrElec",12,6,12,"",-18.5281,0,0,0,0.0264844,0,0.0330909,0,0,0.756867,0,0,0,0.588723,4.58972,0.0813808,1.42808,0,0,0,0.0905572,0,0,0,-26.1231
"MtrElec",12,6,13,"",-5.0436,0,0,0,0.0264844,0,0.0330909,0,0,0.756867,0,0,0,0.494528,4.54797,0.0610356,1.45471,0,0,0.294076,0.103729,0,0,0,-12.8161
"MtrElec",12,6,14,"",-6.39366,0,0,0,0.0264844,0,0.0330909,0,0,0.756867,0,0,0,0.494528,4.68565,0.0559493,1.47323,0,0.124209,0.587988,0.0971432,0,0,0,-14.7288
"MtrElec",12,6,15,"",-5.67768,0,0,0,0.0264844,0,0.0330909,0,0,0.756867,0,0,0,0.494528,4.91222,0.0559493,1.44883,0,0.248348,0,0.102083,0,0,0,-13.7561
"MtrElec",12,6,16,"",-2.69574,0,0,0,0.0264844,0,0.0330909,0,0,0.756867,0,0,0,0.612272,5.16436,0.0610356,1.50528,0,0,0,0.111962,0,0,0,-10.9671
"MtrElec",12,6,17,"",7.14615,0,0,0,0,0,0.0330909,0,0,0.756867,0,0,0,0.730017,5.79316,0.0966397,1.45449,0,0,0,0.149831,0,0,0,-1.86795
"MtrElec",12,6,18,"",12.8079,0,0,0,0,0,0.0330909,0,0,0.756867,0,0,0,1.03615,6.53103,0.193279,1.55354,2.47509,0,0,0.228863,0,0,0,0
"MtrElec",12,6,19,"",13.7028,0,0,0,0,0,0.0330909,0,0,0.756867,0,0,0,1.97811,7.01531,0.244142,1.69871,0,0,1.76417,0.212398,0,0,0,0
"MtrElec",12,6,20,"",13.766,0,0,0,0,0,0.0330909,0,0,0.756867,0,0,0,2.75523,7.28902,0.305178,1.66025,0,0.745131,0.102667,0.118548,0,0,0,0
"MtrElec",12,6,21,"",15.0005,0,0,0,0,0,0.0330909,0,0,0.756867,0,1.09188,0,2.66103,7.55212,0.422163,1.60787,0,0.0433635,0.779442,0.0526878,0,0,0,0
"MtrElec",12,6,22,"",14.0117,0,0,0,0,0,0.0330909,0,0,0.756867,0,1.09188,0,2.2607,7.47795,0.498457,1.54048,0,0.329213,0,0.0230509,0,0,0,0
"MtrElec",12,6,23,"",13.247,0,0,0,0,0,0.0330909,0,0,0.756867,0,1.09188,0,1.48358,6.6859,0.432335,1.38957,1.35898,0,0,0.0148185,0,0,0,0
"MtrElec",12,6,24,"",11.9253,0,0.461636,0,0,0,0.0330909,0,0.0988084,0.756867,0,1.09188,0,0.918409,5.70777,0.300092,1.43187,1.11661,0,0,0.00823247,0,0,0,0
"MtrElec",12,7,1,"",10.2118,0,1.32667,0,0,0,0.0330909,0,0.29027,0.756867,0,1.09188,0,0.541626,4.68071,0.23397,1.24843,0,0,0,0.00823247,0,0,0,0
"MtrElec",12,7,2,"",10.7995,0,2.23823,0,0,0,0.0330909,0,0.490429,0.756867,0,1.09188,0,0.44743,4.27489,0.23397,1.22609,0,0,0,0.00658598,0,0,0,0
"MtrElec",12,7,3,"",11.5153,0,3.06818,0,0,0,0.0330909,0,0.675319,0.756867,0,1.09188,0,0.353234,4.11364,0.23397,1.18248,0,0,0,0.00658598,0,0,0,0
"MtrElec",12,7,4,"",12.1749,0,3.59879,0,0,0,0.0330909,0,0.796633,0.756867,0,1.09188,0,0.400332,4.09007,0.23397,1.16672,0,0,0,0.00658598,0,0,0,0
"MtrElec",12,7,5,"",12.564,0,4.0257,0,0,0,0.0330909,0,0.895709,0.756867,0,1.09188,0,0.494528,3.89803,0.23397,1.12767,0,0,0,0.00658598,0,0,0,0
"MtrElec",12,7,6,"",12.7804,0,3.74532,0,0,0,0.0330909,0,0.830217,0.756867,0,1.09188,0,0.730017,4.22235,0.188193,1.15942,0,0,0,0.0230509,0,0,0,0
"MtrElec",12,7,7,"",13.3424,0,3.37962,0,0,0,0.0330909,0,0.746419,0.756867,0,1.09188,0,0.989055,4.8094,0.17802,1.32675,0,0,0,0.0312834,0,0,0,0
"MtrElec",12,7,8,"",9.74433,0,3.33428,0,0,0,0.0330909,0,0.735708,0.756867,0,1.09188,0,0.965507,5.16844,0.172934,1.47471,0,0,0,0.0411624,0,0,0,-4.03027
"MtrElec",12,7,9,"",3.50513,0,2.57854,0,0.0264844,0,0.0330909,0,0.56041,0.756867,0,1.09188,0,0.800664,4.78925,0.167848,1.42486,0,0,0,0.0428089,0,0,0,-8.76758
"MtrElec",12,7,10,"",-0.655338,0,1.22697,0,0.0264844,0,0.0330909,0,0.259865,0.756867,0,0,0,0.682919,4.49719,0.142416,1.3031,0,0,0.476651,0.0362229,0,0,0,-10.0971
"MtrElec",12,7,11,"",-3.43076,0,0.0303206,0,0.0264844,0,0.0330909,0,0.00627783,0.756867,0,0,0,0.635821,4.55318,0.111899,1.26753,0,0.201323,0.986235,0.0345764,0,0,0,-12.0744
"MtrElec",12,7,12,"",4.09687,0,0.114911,0,0.0264844,0,0.0330909,0,0.023851,0.756867,0,0,0,0.588723,4.55318,0.0762945,1.2851,0,0.416556,0.301168,0.0477483,0,0,0,-4.12711
"MtrElec",12,7,13,"",4.05288,0,0.546688,0,0.0264844,0,0.0330909,0,0.113703,0.756867,0,0,0,0.494528,4.55858,0.0610356,1.33579,0,0.127204,0,0.0576273,0,0,0,-4.05872
"MtrElec",12,7,14,"",5.39395,0,0.733363,0,0,0,0.0330909,0,0.152964,0.756867,0,0,0,0.494528,4.66008,0.0559493,1.3004,0,0,0,0.0526878,0,0,0,-2.84598
"MtrElec",12,7,15,"",5.9012,0,0.691281,0,0,0,0.0330909,0,0.144509,0.756867,0,0,0,0.494528,4.8289,0.0559493,1.3331,0,0,0.336868,0.0559808,0,0,0,-2.82987
"MtrElec",12,7,16,"",7.34163,0,0.486567,0,0,0,0.0330909,0,0.102042,0.756867,0,0,0,0.612272,4.97378,0.0610356,1.34088,0,0.142283,0.545039,0.0856177,0,0,0,-1.79785
"MtrElec",12,7,17,"",8.63619,0,0.320235,0,0,0,0.0330909,0,0.0669661,0.756867,0,0,0,0.730017,5.61555,0.0966397,1.36171,0,0.230208,0,0.189347,0,0,0,-0.764442
"MtrElec",12,7,18,"",10.6261,0,0.280208,0,0,0,0.0330909,0,0.0588369,0.756867,0,0,0,1.03615,6.46032,0.188193,1.49471,0,0,0,0.317773,0,0,0,0
"MtrElec",12,7,19,"",12.5294,0,0.117113,0,0,0,0.0330909,0,0.0245013,0.756867,0,0,0,1.97811,7.02792,0.249229,1.63381,0.412435,0,0,0.296369,0,0,0,0
"MtrElec",12,7,20,"",15.1359,0,0,0,0,0,0.0330909,0,0,0.756867,0,0,0,2.75523,7.38531,0.330609,1.6508,2.06263,0,0,0.161356,0,0,0,0
"MtrElec",12,7,21,"",13.2394,0,0,0,0,0,0.0330909,0,0,0.756867,0,0,0,2.66103,7.69556,0.462853,1.5609,0,0,0,0.0691528,0,0,0,0
"MtrElec",12,7,22,"",13.0416,0,0.257622,0,0,0,0.0330909,0,0.054136,0.756867,0,0,0,2.2607,7.63435,0.534061,1.47785,0,0,0,0.0329299,0,0,0,0
"MtrElec",12,7,23,"",11.9517,0,0.865057,0,0,0,0.0330909,0,0.183319,0.756867,0,0,0,1.48358,6.76958,0.462853,1.37759,0,0,0,0.0197579,0,0,0,0
"MtrElec",12,7,24,"",11.243,0,1.76258,0,0,0,0.0330909,0,0.376345,0.756867,0,0,0,0.918409,5.80912,0.320437,1.24972,0,0,0,0.0164649,0,0,0,0
"MtrElec",12,8,1,"",10.2701,0,2.28309,0,0,0,0.0330909,0,0.490431,0.756867,0,0,0,0.541626,4.68071,0.23397,1.24213,0,0,0,0.00823247,0,0,0,0
"MtrElec",12,8,2,"",11.3375,0,2.19107,0,0,0,0.0330909,0,0.471906,0.756867,0,0,0,0.44743,4.27489,0.23397,1.22403,1.69764,0,0,0.00658598,0,0,0,0
"MtrElec",12,8,3,"",10.5748,0,2.56377,0,0,0,0.0330909,0,0.55325,0.756867,0,0,0,0.353234,4.11364,0.23397,1.18244,0.777912,0,0,0.00658598,0,0,0,0
"MtrElec",12,8,4,"",10.1355,0,2.83491,0,0,0,0.0330909,0,0.612954,0.756867,0,0,0,0.400332,4.09007,0.23397,1.16672,0,0,0,0.00658598,0,0,0,0
"MtrElec",12,8,5,"",10.1021,0,2.91948,0,0,0,0.0330909,0,0.631916,0.756867,0,0,0,0.494528,3.89803,0.23397,1.12767,0,0,0,0.00658598,0,0,0,0
"MtrElec",12,8,6,"",9.99262,0,2.37022,0,0,0,0.0330909,0,0.509409,0.756867,0,0,0,0.730017,4.22235,0.188193,1.15942,0,0,0,0.0230509,0,0,0,0
"MtrElec",12,8,7,"",10.1072,0,1.63458,0,0,0,0.0330909,0,0.348124,0.756867,0,0,0,0.989055,4.8094,0.17802,1.32675,0,0,0,0.0312834,0,0,0,0
"MtrElec",12,8,8,"",3.77454,0,0.997085,0,0.0264844,0,0.0330909,0,0.210841,0.756867,0,0,0,0.965507,5.16844,0.172934,1.47471,0,0,0,0.0411624,0,0,0,-6.07259
"MtrElec",12,8,9,"",5.1832,0,1.31077,0,0.0264844,0,0.0330909,0,0.277391,0.756867,0,0,0,0.800664,4.78925,0.167848,1.42486,0,0,0,0.0428089,0,0,0,-4.44684
"MtrElec",12,8,10,"",2.47533,0,0.629769,0,0.0264844,0,0.0330909,0,0.13174,0.756867,0,0,0,0.682919,4.49719,0.142416,1.3031,0,0,1.42995,0.0362229,0,0,0,-7.19442
"MtrElec",12,8,11,"",-11.0325,0,0,0,0.0264844,0,0.0330909,0,0,0.756867,0,0,0,0.635821,4.55318,0.111899,1.26753,0,0.603969,1.65954,0.0345764,0,0,0,-20.7155
"MtrElec",12,8,12,"",-9.22714,0,0,0,0.0264844,0,0.0330909,0,0,0.756867,0,0,0,0.588723,4.55318,0.0762945,1.28842,0,0.700941,2.20235,0.0477483,0,0,0,-19.5013
"MtrElec",12,8,13,"",-13.6409,0,0,0,0.0264844,0,0.0330909,0,0,0.756867,0,0,0,0.494528,4.55858,0.0610356,1.34536,0,0.930208,0,0.0576273,0,0,0,-21.9047
"MtrElec",12,8,14,"",0.489721,0,0,0,0.0264844,0,0.0330909,0,0,0.756867,0,0,0,0.494528,4.66008,0.0559493,1.31664,2.06423,0,0,0.0526878,0,0,0,-8.97083
"MtrElec",12,8,15,"",-7.23987,0,0,0,0.0264844,0,0.0330909,0,0,0.756867,0,0,0,0.494528,4.8289,0.0559493,1.34778,0.412812,0,0,0.0559808,0,0,0,-15.2523
"MtrElec",12,8,16,"",-2.76959,0,0,0,0.0264844,0,0.0330909,0,0,0.756867,0,0,0,0.612272,4.97378,0.0610356,1.35776,0,0,0,0.0856177,0,0,0,-10.6765
"MtrElec",12,8,17,"",6.68884,0,0,0,0.0264844,0,0.0330909,0,0,0.756867,0,0,0,0.730017,5.61555,0.0966397,1.3886,0,0,0,0.189347,0,0,0,-2.14776
"MtrElec",12,8,18,"",11.8104,0,0,0,0,0,0.0330909,0,0,0.756867,0,0,0,1.03615,6.46032,0.188193,1.52633,1.49164,0,0,0.317773,0,0,0,0
"MtrElec",12,8,19,"",12.9894,0,0,0,0,0,0.0330909,0,0,0.756867,0,0,0,1.97811,7.02792,0.249229,1.66401,0.98377,0,0,0.296369,0,0,0,0
"MtrElec",12,8,20,"",14.0782,0,0,0,0,0,0.0330909,0,0,0.756867,0,0,0,2.75523,7.38531,0.330609,1.67629,0.979429,0,0,0.161356,0,0,0,0
"MtrElec",12,8,21,"",14.7654,0,0,0,0,0,0.0330909,0,0,0.756867,0,0,0,2.66103,7.69556,0.462853,1.5908,1.49601,0,0,0.0691528,0,0,0,0
"MtrElec",12,8,22,"",12.7635,0,0,0,0,0,0.0330909,0,0,0.756867,0,0,0,2.2607,7.63435,0.534061,1.51154,0,0,0,0.0329299,0,0,0,0
"MtrElec",12,8,23,"",10.9369,0,0,0,0,0,0.0330909,0,0,0.756867,0,0,0,1.48358,6.76958,0.462853,1.41116,0,0,0,0.0197579,0,0,0,0
"MtrElec",12,8,24,"",9.14124,0,0,0,0,0,0.0330909,0,0,0.756867,0,0,0,0.918409,5.80912,0.320437,1.28685,0,0,0,0.0164649,0,0,0,0
"MtrElec",12,9,1,"",7.52256,0,0,0,0,0,0.0330909,0,0,0.756867,0,0,0,0.541626,4.68071,0.23397,1.26807,0,0,0,0.00823247,0,0,0,0
"MtrElec",12,9,2,"",6.99364,0,0,0,0,0,0.0330909,0,0,0.756867,0,0,0,0.44743,4.27489,0.23397,1.24081,0,0,0,0.00658598,0,0,0,0
"MtrElec",12,9,3,"",7.36035,0,0.551662,0,0,0,0.0330909,0,0.11714,0.756867,0,0,0,0.353234,4.11364,0.23397,1.19416,0,0,0,0.00658598,0,0,0,0
"MtrElec",12,9,4,"",7.86107,0,0.95954,0,0,0,0.0330909,0,0.206256,0.756867,0,0,0,0.400332,4.09007,0.23397,1.17437,0,0,0,0.00658598,0,0,0,0
"MtrElec",12,9,5,"",8.08192,0,1.2533,0,0,0,0.0330909,0,0.272139,0.756867,0,0,0,0.494528,3.89803,0.23397,1.1334,0,0,0,0.00658598,0,0,0,0
"MtrElec",12,9,6,"",8.56193,0,1.18781,0,0,0,0.0330909,0,0.257609,0.756867,0,0,0,0.730017,4.22235,0.188193,1.16294,0,0,0,0.0230509,0,0,0,0
"MtrElec",12,9,7,"",9.37092,0,1.02478,0,0,0,0.0330909,0,0.220725,0.756867,0,0,0,0.989055,4.8094,0.17802,1.3277,0,0,0,0.0312834,0,0,0,0
"MtrElec",12,9,8,"",1.92065,0,0.452796,0,0.0264844,0,0.0330909,0,0.0963225,0.756867,0,0,0,0.965507,5.16844,0.172934,1.47481,0,0,0,0.0411624,0,0,0,-7.26776
"MtrElec",12,9,9,"",-5.88698,0,0.0214677,0,0.0264844,0,0.0330909,0,0.00449063,0.756867,0,0,0,0.800664,4.78925,0.167848,1.42525,1.26088,0,1.16908,0.0428089,0,0,0,-16.3852
"MtrElec",12,9,10,"",-13.5159,0,0,0,0.0264844,0,0.0330909,0,0,0.756867,0,0,0,0.682919,4.49719,0.142416,1.30802,1.69955,0.493786,0.594891,0.0362229,0,0,0,-23.7874
"MtrElec",12,9,11,"",-19.1254,0,0,0,0.0264844,0,0.0330909,0,0,0.756867,0,0,0,0.635821,4.55318,0.111899,1.28151,1.69357,0.251264,0,0.0345764,0,0,0,-28.5037
"MtrElec",12,9,12,"",-20.6628,0,0,0,0.0264844,0,0.0330909,0,0,0.756867,0,0,0,0.588723,4.55318,0.0762945,1.30615,0.296245,0,1.76411,0.0477483,0,0,0,-30.1117
"MtrElec",12,9,13,"",-20.4539,0,0,0,0.0264844,0,0.0330909,0,0,0.756867,0,0,0,0.494528,4.55858,0.0610356,1.36,0,0.745108,0.698484,0.0576273,0,0,0,-29.2457
"MtrElec",12,9,14,"",-17.21,0,0,0,0.0264844,0,0.0330909,0,0,0.756867,0,0,0,0.494528,4.66008,0.0559493,1.33376,0,0.295019,1.06584,0.0526878,0,0,0,-25.9843
"MtrElec",12,9,15,"",-12.0117,0,0,0,0.0264844,0,0.0330909,0,0,0.756867,0,0,0,0.494528,4.8289,0.0559493,1.36573,0,0.450178,0,0.0559808,0,0,0,-20.0794
"MtrElec",12,9,16,"",-2.74816,0,0,0,0.0264844,0,0.0330909,0,0,0.756867,0,0,0,0.612272,4.97378,0.0610356,1.3818,0,0,0.882163,0.0856177,0,0,0,-11.5613
"MtrElec",12,9,17,"",7.51968,0,0,0,0.0264844,0,0.0330909,0,0,0.756867,0,0,0,0.730017,5.61555,0.0966397,1.42151,0,0.372599,0.881924,0.189347,0,0,0,-2.60436
"MtrElec",12,9,18,"",12.0706,0,0,0,0,0,0.0330909,0,0,0.756867,0,0,0,1.03615,6.46032,0.188193,1.56043,0,0.372498,1.34531,0.317773,0,0,0,0
"MtrElec",12,9,19,"",13.0209,0,0,0,0,0,0.0330909,0,0,0.756867,0,0,0,1.97811,7.02792,0.249229,1.69215,0,0.568217,0.418981,0.296369,0,0,0,0
"MtrElec",12,9,20,"",13.296,0,0,0,0,0,0.0330909,0,0,0.756867,0,0,0,2.75523,7.38531,0.330609,1.69662,0,0.176965,0,0.161356,0,0,0,0
"MtrElec",12,9,21,"",13.2902,0,0,0,0,0,0.0330909,0,0,0.756867,0,0,0,2.66103,7.69556,0.462853,1.61163,0,0,0,0.0691528,0,0,0,0
"MtrElec",12,9,22,"",12.7834,0,0,0,0,0,0.0330909,0,0,0.756867,0,0,0,2.2607,7.63435,0.534061,1.53142,0,0,0,0.0329299,0,0,0,0
"MtrElec",12,9,23,"",10.9556,0,0,0,0,0,0.0330909,0,0,0.756867,0,0,0,1.48358,6.76958,0.462853,1.42984,0,0,0,0.0197579,0,0,0,0
"MtrElec",12,9,24,"",9.16294,0,0,0,0,0,0.0330909,0,0,0.756867,0,0,0,0.918409,5.80912,0.320437,1.30855,0,0,0,0.0164649,0,0,0,0
"MtrElec",12,10,1,"",7.54031,0,0,0,0,0,0.0330909,0,0,0.756867,0,0,0,0.541626,4.68071,0.23397,1.28582,0,0,0,0.00823247,0,0,0,0
"MtrElec",12,10,2,"",7.00837,0,0,0,0,0,0.0330909,0,0,0.756867,0,0,0,0.44743,4.27489,0.23397,1.25554,0,0,0,0.00658598,0,0,0,0
"MtrElec",12,10,3,"",6.70615,0,0,0,0,0,0.0330909,0,0,0.756867,0,0,0,0.353234,4.11364,0.23397,1.20877,0,0,0,0.00658598,0,0,0,0
"MtrElec",12,10,4,"",6.70829,0,0,0,0,0,0.0330909,0,0,0.756867,0,0,0,0.400332,4.09007,0.23397,1.18738,0,0,0,0.00658598,0,0,0,0
"MtrElec",12,10,5,"",6.84917,0,0.231842,0,0,0,0.0330909,0,0.0489315,0.756867,0,0,0,0.494528,3.89803,0.23397,1.14532,0,0,0,0.00658598,0,0,0,0
"MtrElec",12,10,6,"",7.54749,0,0.346169,0,0,0,0.0330909,0,0.0729436,0.756867,0,0,0,0.730017,4.22235,0.188193,1.17482,0,0,0,0.0230509,0,0,0,0
"MtrElec",12,10,7,"",8.42476,0,0.239409,0,0,0,0.0330909,0,0.0503103,0.756867,0,0,0,0.989055,4.8094,0.17802,1.33731,0,0,0,0.0312834,0,0,0,0
"MtrElec",12,10,8,"",1.62084,0,0,0,0.0264844,0,0.0330909,0,0,0.756867,0,0,0,0.965507,5.16844,0.172934,1.4822,0,0,0.881945,0.0411624,0,0,0,-7.90779
"MtrElec",12,10,9,"",-8.11893,0,0,0,0.0264844,0,0.0330909,0,0,0.756867,0,0,0,0.800664,4.78925,0.167848,1.43429,0,0.372507,0.574556,0.0428089,0,0,0,-17.1173
"MtrElec",12,10,10,"",-14.3713,0,0,0,0.0264844,0,0.0330909,0,0,0.756867,0,0,0,0.682919,4.49719,0.142416,1.32163,0.484958,0.242675,1.18978,0.0362229,0,0,0,-23.7856
"MtrElec",12,10,11,"",-17.1236,0,0,0,0.0264844,0,0.0330909,0,0,0.756867,0,0,0,0.635821,4.55318,0.111899,1.29754,1.69357,0.502528,0.881985,0.0345764,0,0,0,-27.6511
"MtrElec",12,10,12,"",-20.9392,0,0,0,0.0264844,0,0.0330909,0,0,0.756867,0,0,0,0.588723,4.55318,0.0762945,1.32856,0.296245,0.372524,0,0.0477483,0,0,0,-29.0189
"MtrElec",12,10,13,"",-20.8003,0,0,0,0.0264844,0,0.0330909,0,0,0.756867,0,0,0,0.494528,4.55858,0.0610356,1.38325,0,0,0,0.0576273,0,0,0,-28.1718
"MtrElec",12,10,14,"",-17.0297,0,0,0,0.0264844,0,0.0330909,0,0,0.756867,0,0,0,0.494528,4.66008,0.0559493,1.36142,0,0,0.881958,0.0526878,0,0,0,-25.3528
"MtrElec",12,10,15,"",-12.1038,0,0,0,0.0264844,0,0.0330909,0,0,0.756867,0,0,0,0.494528,4.8289,0.0559493,1.39082,0,0.372513,0,0.0559808,0,0,0,-20.1189
"MtrElec",12,10,16,"",-3.00409,0,0,0,0.0264844,0,0.0330909,0,0,0.756867,0,0,0,0.612272,4.97378,0.0610356,1.41067,0,0,0.882163,0.0856177,0,0,0,-11.8461
"MtrElec",12,10,17,"",7.86373,0,0,0,0.0264844,0,0.0330909,0,0,0.756867,0,0,0,0.730017,5.61555,0.0966397,1.45876,0.530617,0.372599,0.881924,0.189347,0,0,0,-2.82817
"MtrElec",12,10,18,"",13.5917,0,0,0,0,0,0.0330909,0,0,0.756867,0,0,0,1.03615,6.46032,0.188193,1.60095,1.9438,0.372498,0.882049,0.317773,0,0,0,0
"MtrElec",12,10,19,"",14.1559,0,0,0,0,0,0.0330909,0,0,0.756867,0,0,0,1.97811,7.02792,0.249229,1.73051,1.71125,0.372551,0,0.296369,0,0,0,0
"MtrElec",12,10,20,"",13.9134,0,0,0,0,0,0.0330909,0,0,0.756867,0,0,0,2.75523,7.38531,0.330609,1.7282,0.762762,0,0,0.161356,0,0,0,0
"MtrElec",12,10,21,"",13.3288,0,0,0,0,0,0.0330909,0,0,0.756867,0,0,0,2.66103,7.69556,0.462853,1.65025,0,0,0,0.0691528,0,0,0,0
"MtrElec",12,10,22,"",15.3441,0,0,0,0,0,0.0330909,0,0,0.756867,0,0,0,2.2607,7.63435,0.534061,1.57866,1.21359,0,1.29989,0.0329299,0,0,0,0
"MtrElec",12,10,23,"",13.5084,0,0,0,0,0,0.0330909,0,0,0.756867,0,0,0,1.48358,6.76958,0.462853,1.48344,1.26089,0.549035,0.689278,0.0197579,0,0,0,0
"MtrElec",12,10,24,"",10.1832,0,0,0,0,0,0.0330909,0,0,0.756867,0,0,0,0.918409,5.80912,0.320437,1.38084,0,0.291131,0.656879,0.0164649,0,0,0,0
"MtrElec",12,11,1,"",7.88278,0,0,0,0,0,0.0330909,0,0,0.756867,0,0,0,0.541626,4.68071,0.23397,1.35084,0,0.277446,0,0.00823247,0,0,0,0
"MtrElec",12,11,2,"",7.06584,0,0,0,0,0,0.0330909,0,0,0.756867,0,0,0,0.44743,4.27489,0.23397,1.31301,0,0,0,0.00658598,0,0,0,0
"MtrElec",12,11,3,"",6.76564,0,0,0,0,0,0.0330909,0,0,0.756867,0,0,0,0.353234,4.11364,0.23397,1.26826,0,0,0,0.00658598,0,0,0,0
"MtrElec",12,11,4,"",6.76772,0,0,0,0,0,0.0330909,0,0,0.756867,0,0,0,0.400332,4.09007,0.23397,1.24681,0,0,0,0.00658598,0,0,0,0
"MtrElec",12,11,5,"",6.63605,0,0,0,0,0,0.0330909,0,0,0.756867,0,0,0,0.494528,3.89803,0.23397,1.21298,0,0,0,0.00658598,0,0,0,0
"MtrElec",12,11,6,"",7.21075,0,0,0,0,0,0.0330909,0,0,0.756867,0,0,0,0.730017,4.22235,0.188193,1.25719,0,0,0,0.0230509,0,0,0,0
"MtrElec",12,11,7,"",8.20275,0,0,0,0,0,0.0330909,0,0,0.756867,0,0,0,0.989055,4.8094,0.17802,1.40503,0,0,0,0.0312834,0,0,0,0
"MtrElec",12,11,8,"",0.721035,0,0,0,0.0264844,0,0.0330909,0,0,0.756867,0,0,0,0.965507,5.16844,0.172934,1.53506,0,0,0,0.0411624,0,0,0,-7.97851
"MtrElec",12,11,9,"",-8.15698,0,0,0,0.0264844,0,0.0330909,0,0,0.756867,0,0,0,0.800664,4.78925,0.167848,1.49449,0,0,0.4939,0.0428089,0,0,0,-16.7624
"MtrElec",12,11,10,"",-14.3983,0,0,0,0.0264844,0,0.0330909,0,0,0.756867,0,0,0,0.682919,4.49719,0.142416,1.39799,0,0.208609,0.864884,0.0362229,0,0,0,-23.045
"MtrElec",12,11,11,"",-17.695,0,0,0,0.0264844,0,0.0330909,0,0,0.756867,0,0,0,0.635821,4.55318,0.111899,1.37345,0,0.365301,0.405362,0.0345764,0,0,0,-25.991
"MtrElec",12,11,12,"",-20.6223,0,0,0,0.0264844,0,0.0330909,0,0,0.756867,0,0,0,0.588723,4.55318,0.0762945,1.39992,0,0.171213,0,0.0477483,0,0,0,-28.2759
"MtrElec",12,11,13,"",-19.2797,0,0,0,0.0264844,0,0.0330909,0,0,0.756867,0,0,0,0.494528,4.55858,0.0610356,1.4436,1.41802,0,0,0.0576273,0,0,0,-28.1296
"MtrElec",12,11,14,"",-16.6674,0,0,0,0.0264844,0,0.0330909,0,0,0.756867,0,0,0,0.494528,4.66008,0.0559493,1.42688,1.0564,0,0,0.0526878,0,0,0,-25.2303
"MtrElec",12,11,15,"",-12.0727,0,0,0,0.0264844,0,0.0330909,0,0,0.756867,0,0,0,0.494528,4.8289,0.0559493,1.44275,0,0,0,0.0559808,0,0,0,-19.7672
"MtrElec",12,11,16,"",-2.34054,0,0,0,0.0264844,0,0.0330909,0,0,0.756867,0,0,0,0.612272,4.97378,0.0610356,1.46549,1.26327,0,0,0.0856177,0,0,0,-11.6185
"MtrElec",12,11,17,"",7.45832,0,0,0,0.0264844,0,0.0330909,0,0,0.756867,0,0,0,0.730017,5.61555,0.0966397,1.53197,1.21212,0,0,0.189347,0,0,0,-2.73377
"MtrElec",12,11,18,"",10.4692,0,0,0,0,0,0.0330909,0,0,0.756867,0,0,0,1.03615,6.46032,0.188193,1.67684,0,0,0,0.317773,0,0,0,0
"MtrElec",12,11,19,"",12.8131,0,0,0,0,0,0.0330909,0,0,0.756867,0,0,0,1.97811,7.02792,0.249229,1.7939,0,0,0.677641,0.296369,0,0,0,0
"MtrElec",12,11,20,"",13.6891,0,0,0,0,0,0.0330909,0,0,0.756867,0,0,0,2.75523,7.38531,0.330609,1.7762,0,0.286215,0.204201,0.161356,0,0,0,0
"MtrElec",12,11,21,"",13.4695,0,0,0,0,0,0.0330909,0,0,0.756867,0,0,0,2.66103,7.69556,0.462853,1.70469,0,0.0862486,0,0.0691528,0,0,0,0
"MtrElec",12,11,22,"",14.1555,0,0,0,0,0,0.0330909,0,0,0.756867,0,0,0,2.2607,7.63435,0.534061,1.63428,1.26921,0,0,0.0329299,0,0,0,0
"MtrElec",12,11,23,"",12.2673,0,0,0,0,0,0.0330909,0,0,0.756867,0,0,0,1.48358,6.76958,0.462853,1.5352,1.20634,0,0,0.0197579,0,0,0,0
"MtrElec",12,11,24,"",9.29183,0,0,0,0,0,0.0330909,0,0,0.756867,0,0,0,0.918409,5.80912,0.320437,1.43744,0,0,0,0.0164649,0,0,0,0
"MtrElec",12,12,1,"",7.69708,0,0,0,0,0,0.0330909,0,0,0.756867,0,0,0,0.541626,4.69367,0.23397,1.42963,0,0,0,0.00823247,0,0,0,0
"MtrElec",12,12,2,"",7.16099,0,0,0,0,0,0.0330909,0,0,0.756867,0,0,0,0.44743,4.32403,0.23397,1.35902,0,0,0,0.00658598,0,0,0,0
"MtrElec",12,12,3,"",6.81134,0,0,0,0,0,0.0330909,0,0,0.756867,0,0,0,0.353234,4.10267,0.228883,1.33165,0,0,0,0.00493948,0,0,0,0
"MtrElec",12,12,4,"",6.81364,0,0,0,0,0,0.0330909,0,0,0.756867,0,0,0,0.400332,4.09207,0.228883,1.29746,0,0,0,0.00493948,0,0,0,0
"MtrElec",12,12,5,"",6.66905,0,0,0,0,0,0.0330909,0,0,0.756867,0,0,0,0.494528,3.88707,0.23397,1.25859,0,0,0,0.00493948,0,0,0,0
"MtrElec",12,12,6,"",7.21884,0,0,0,0,0,0.0330909,0,0,0.756867,0,0,0,0.730017,4.21138,0.228883,1.25037,0,0,0,0.00823247,0,0,0,0
"MtrElec",12,12,7,"",8.0293,0,0,0,0,0,0.0330909,0,0,0.756867,0,0,0,0.989055,4.72608,0.223797,1.28394,0,0,0,0.0164649,0,0,0,0
"MtrElec",12,12,8,"",6.20165,0,0,0,0,0,0.0330909,0,0,0.756867,0,0,0,0.965507,5.07215,0.208538,1.38597,0,0,0,0.0444554,0,0,0,-2.26493
"MtrElec",12,12,9,"",6.98544,0,0,0,0,0,0.0330909,0,0,0.756867,0,0,0,0.800664,4.76603,0.183107,1.54966,0,0,0,0.0790317,0,0,0,-1.18301
"MtrElec",12,12,10,"",5.45096,0,0,0,0,0,0.0330909,0,0,0.756867,0,0,0,0.682919,4.58122,0.152589,1.52016,0,0,0,0.0790317,0,0,0,-2.35493
"MtrElec",12,12,11,"",2.97345,0,0,0,0.0264844,0,0.0330909,0,0,0.756867,0,0,0,0.635821,4.66079,0.122071,1.48855,1.70637,0,0,0.0757388,0,0,0,-6.53234
"MtrElec",12,12,12,"",3.98764,0,0,0,0.0264844,0,0.0330909,0,0,0.756867,0,0,0,0.588723,4.58972,0.0813808,1.51507,4.40328,0,0,0.0905572,0,0,0,-8.09754
"MtrElec",12,12,13,"",0.867381,0,0,0,0.0264844,0,0.0330909,0,0,0.756867,0,0,0,0.494528,4.54797,0.0610356,1.54456,2.53333,0,0,0.103729,0,0,0,-9.23422
"MtrElec",12,12,14,"",-12.3812,0,0,0,0.0264844,0,0.0330909,0,0,0.756867,0,0,0,0.494528,4.68565,0.0559493,1.56308,1.25715,0,0,0.0971432,0,0,0,-21.3511
"MtrElec",12,12,15,"",-11.3793,0,0,0,0.0264844,0,0.0330909,0,0,0.756867,0,0,0,0.494528,4.91222,0.0559493,1.54245,0,0,0.504077,0.102083,0,0,0,-19.8071
"MtrElec",12,12,16,"",-2.03262,0,0,0,0.0264844,0,0.0330909,0,0,0.756867,0,0,0,0.612272,5.16436,0.0610356,1.57838,0,0.212907,0.867945,0.111962,0,0,0,-11.4579
"MtrElec",12,12,17,"",7.71594,0,0,0,0.0264844,0,0.0330909,0,0,0.756867,0,0,0,0.730017,5.79316,0.0966397,1.55815,0,0.366594,0.875203,0.149831,0,0,0,-2.67011
"MtrElec",12,12,18,"",15.435,0,0,0,0,0,0.0330909,0,0,0.756867,0,0,0,1.03615,6.53103,0.193279,1.64802,2.47509,0.36966,2.16298,0.228863,0,0,0,0
"MtrElec",12,12,19,"",14.2068,0,0,0,0,0,0.0330909,0,0,0.756867,0,0,0,1.97811,7.01531,0.244142,1.76228,0,0.913578,1.29102,0.212398,0,0,0,0
"MtrElec",12,12,20,"",15.3512,0,0,0,0,0,0.0330909,0,0,0.756867,0,0,0,2.75523,7.28902,0.305178,1.73085,1.24133,0.545287,0.575805,0.118548,0,0,0,0
"MtrElec",12,12,21,"",16.7622,0,0,0,0,0,0.0330909,0,0,0.756867,0,0,0,2.66103,7.55212,0.422163,1.68833,2.57325,0.243203,0.779442,0.0526878,0,0,0,0
"MtrElec",12,12,22,"",14.1332,0,0,0,0,0,0.0330909,0,0,0.756867,0,0,0,2.2607,7.47795,0.498457,1.62054,1.13329,0.329213,0,0.0230509,0,0,0,0
"MtrElec",12,12,23,"",10.9073,0,0,0,0,0,0.0330909,0,0,0.756867,0,0,0,1.48358,6.6859,0.432335,1.50067,0,0,0,0.0148185,0,0,0,0
"MtrElec",12,12,24,"",9.22601,0,0,0,0,0,0.0330909,0,0,0.756867,0,0,0,0.918409,5.70777,0.300092,1.50155,0,0,0,0.00823247,0,0,0,0
"MtrElec",12,13,1,"",7.66017,0,0,0,0,0,0.0330909,0,0,0.756867,0,0,0,0.541626,4.69367,0.23397,1.39271,0,0,0,0.00823247,0,0,0,0
"MtrElec",12,13,2,"",7.12849,0,0,0,0,0,0.0330909,0,0,0.756867,0,0,0,0.44743,4.32403,0.23397,1.32651,0,0,0,0.00658598,0,0,0,0
"MtrElec",12,13,3,"",6.78025,0,0,0,0,0,0.0330909,0,0,0.756867,0,0,0,0.353234,4.10267,0.228883,1.30056,0,0,0,0.00493948,0,0,0,0
"MtrElec",12,13,4,"",6.78408,0,0,0,0,0,0.0330909,0,0,0.756867,0,0,0,0.400332,4.09207,0.228883,1.2679,0,0,0,0.00493948,0,0,0,0
"MtrElec",12,13,5,"",6.63719,0,0,0,0,0,0.0330909,0,0,0.756867,0,0,0,0.494528,3.88707,0.23397,1.22672,0,0,0,0.00493948,0,0,0,0
"MtrElec",12,13,6,"",7.18783,0,0,0,0,0,0.0330909,0,0,0.756867,0,0,0,0.730017,4.21138,0.228883,1.21936,0,0,0,0.00823247,0,0,0,0
"MtrElec",12,13,7,"",8.49935,0,0,0,0,0,0.0330909,0,0,0.756867,0,0,0,0.989055,4.72608,0.223797,1.25019,0,0,0.503799,0.0164649,0,0,0,0
"MtrElec",12,13,8,"",6.51807,0,0,0,0,0,0.0330909,0,0,0.756867,0,0,0,0.965507,5.07215,0.208538,1.35692,0,0.21279,0.768643,0.0444554,0,0,0,-2.90089
"MtrElec",12,13,9,"",4.10478,0,0,0,0.0264844,0,0.0330909,0,0,0.756867,0,0,0,0.800664,4.76603,0.183107,1.53314,0,0.324652,0.491988,0.0790317,0,0,0,-4.89027
"MtrElec",12,13,10,"",-13.1667,0,0,0,0.0264844,0,0.0330909,0,0,0.756867,0,0,0,0.682919,4.58122,0.152589,1.50031,0,0.207801,0.393765,0.0790317,0,0,0,-21.5808
"MtrElec",12,13,11,"",-16.4493,0,0,0,0.0264844,0,0.0330909,0,0,0.756867,0,0,0,0.635821,4.66079,0.122071,1.47446,0.853184,0.166314,3.13486,0.0757388,0,0,0,-28.3889
"MtrElec",12,13,12,"",-19.7731,0,0,0,0.0264844,0,0.0330909,0,0,0.756867,0,0,0,0.588723,4.58972,0.0813808,1.50736,1.62204,1.32407,0,0.0905572,0,0,0,-30.3934
"MtrElec",12,13,13,"",-22.2057,0,0,0,0.0264844,0,0.0330909,0,0,0.756867,0,0,0,0.494528,4.54797,0.0610356,1.54223,0,0,0,0.103729,0,0,0,-29.7716
"MtrElec",12,13,14,"",-18.8246,0,0,0,0.0264844,0,0.0330909,0,0,0.756867,0,0,0,0.494528,4.68565,0.0559493,1.56153,0,0,0,0.0971432,0,0,0,-26.5358
"MtrElec",12,13,15,"",-12.716,0,0,0,0.0264844,0,0.0330909,0,0,0.756867,0,0,0,0.494528,4.91222,0.0559493,1.54023,0,0,0,0.102083,0,0,0,-20.6375
"MtrElec",12,13,16,"",-3.63006,0,0,0,0.0264844,0,0.0330909,0,0,0.756867,0,0,0,0.612272,5.16436,0.0610356,1.57513,0,0,0,0.111962,0,0,0,-11.9713
"MtrElec",12,13,17,"",6.26644,0,0,0,0.0264844,0,0.0330909,0,0,0.756867,0,0,0,0.730017,5.79316,0.0966397,1.55128,0,0,0,0.149831,0,0,0,-2.87093
"MtrElec",12,13,18,"",10.4193,0,0,0,0,0,0.0330909,0,0,0.756867,0,0,0,1.03615,6.53103,0.193279,1.63998,0,0,0,0.228863,0,0,0,0
"MtrElec",12,13,19,"",11.9945,0,0,0,0,0,0.0330909,0,0,0.756867,0,0,0,1.97811,7.01531,0.244142,1.75463,0,0,0,0.212398,0,0,0,0
"MtrElec",12,13,20,"",12.9792,0,0,0,0,0,0.0330909,0,0,0.756867,0,0,0,2.75523,7.28902,0.305178,1.72131,0,0,0,0.118548,0,0,0,0
"MtrElec",12,13,21,"",13.1554,0,0,0,0,0,0.0330909,0,0,0.756867,0,0,0,2.66103,7.55212,0.422163,1.67741,0,0,0,0.0526878,0,0,0,0
"MtrElec",12,13,22,"",12.6592,0,0,0,0,0,0.0330909,0,0,0.756867,0,0,0,2.2607,7.47795,0.498457,1.6091,0,0,0,0.0230509,0,0,0,0
"MtrElec",12,13,23,"",10.8908,0,0,0,0,0,0.0330909,0,0,0.756867,0,0,0,1.48358,6.6859,0.432335,1.48418,0,0,0,0.0148185,0,0,0,0
"MtrElec",12,13,24,"",9.2159,0,0,0,0,0,0.0330909,0,0,0.756867,0,0,0,0.918409,5.70777,0.300092,1.49144,0,0,0,0.00823247,0,0,0,0
"MtrElec",12,14,1,"",8.47409,0,0,0,0,0,0.0330909,0,0,0.756867,0,0,0,0.541626,4.68071,0.23397,1.33754,0,0,0.882062,0.00823247,0,0,0,0
"MtrElec",12,14,2,"",7.42548,0,0,0,0,0,0.0330909,0,0,0.756867,0,0,0,0.44743,4.27489,0.23397,1.3001,0,0.372557,0,0.00658598,0,0,0,0
"MtrElec",12,14,3,"",6.75157,0,0,0,0,0,0.0330909,0,0,0.756867,0,0,0,0.353234,4.11364,0.23397,1.25418,0,0,0,0.00658598,0,0,0,0
"MtrElec",12,14,4,"",6.75177,0,0,0,0,0,0.0330909,0,0,0.756867,0,0,0,0.400332,4.09007,0.23397,1.23085,0,0,0,0.00658598,0,0,0,0
"MtrElec",12,14,5,"",6.61527,0,0,0,0,0,0.0330909,0,0,0.756867,0,0,0,0.494528,3.89803,0.23397,1.19219,0,0,0,0.00658598,0,0,0,0
"MtrElec",12,14,6,"",7.18242,0,0,0,0,0,0.0330909,0,0,0.756867,0,0,0,0.730017,4.22235,0.188193,1.22885,0,0,0,0.0230509,0,0,0,0
"MtrElec",12,14,7,"",8.1769,0,0,0,0,0,0.0330909,0,0,0.756867,0,0,0,0.989055,4.8094,0.17802,1.37917,0,0,0,0.0312834,0,0,0,0
"MtrElec",12,14,8,"",1.51747,0,0,0,0.0264844,0,0.0330909,0,0,0.756867,0,0,0,0.965507,5.16844,0.172934,1.5132,0,0,0,0.0411624,0,0,0,-7.16022
"MtrElec",12,14,9,"",-6.94231,0,0,0,0.0264844,0,0.0330909,0,0,0.756867,0,0,0,0.800664,4.78925,0.167848,1.46825,1.3606,0,0.287278,0.0428089,0,0,0,-16.6755
"MtrElec",12,14,10,"",-13.1109,0,0,0,0.0264844,0,0.0330909,0,0,0.756867,0,0,0,0.682919,4.49719,0.142416,1.36485,1.11435,0.121338,1.47669,0.0362229,0,0,0,-23.3633
"MtrElec",12,14,11,"",-18.3412,0,0,0,0.0264844,0,0.0330909,0,0,0.756867,0,0,0,0.635821,4.55318,0.111899,1.34177,0,0.623711,0.86176,0.0345764,0,0,0,-27.3203
"MtrElec",12,14,12,"",-21.5002,0,0,0,0.0264844,0,0.0330909,0,0,0.756867,0,0,0,0.588723,4.55318,0.0762945,1.36927,0,0.363982,0.020165,0.0477483,0,0,0,-29.336
"MtrElec",12,14,13,"",-21.042,0,0,0,0.0264844,0,0.0330909,0,0,0.756867,0,0,0,0.494528,4.55858,0.0610356,1.41623,0,0.00851711,0,0.0576273,0,0,0,-28.455
"MtrElec",12,14,14,"",-17.6607,0,0,0,0.0264844,0,0.0330909,0,0,0.756867,0,0,0,0.494528,4.66008,0.0559493,1.39614,0,0,0.449466,0.0526878,0,0,0,-25.586
"MtrElec",12,14,15,"",-11.524,0,0,0,0.0264844,0,0.0330909,0,0,0.756867,0,0,0,0.494528,4.8289,0.0559493,1.41791,0,0.189841,0.868033,0.0559808,0,0,0,-20.2516
"MtrElec",12,14,16,"",-3.20694,0,0,0,0.0264844,0,0.0330909,0,0,0.756867,0,0,0,0.612272,4.97378,0.0610356,1.43985,0,0.366631,0.446611,0.0856177,0,0,0,-12.0092
"MtrElec",12,14,17,"",6.23313,0,0,0,0.0264844,0,0.0330909,0,0,0.756867,0,0,0,0.730017,5.61555,0.0966397,1.49831,0,0.188635,0,0.189347,0,0,0,-2.90181
"MtrElec",12,14,18,"",10.4327,0,0,0,0,0,0.0330909,0,0,0.756867,0,0,0,1.03615,6.46032,0.188193,1.64029,0,0,0,0.317773,0,0,0,0
"MtrElec",12,14,19,"",12.1034,0,0,0,0,0,0.0330909,0,0,0.756867,0,0,0,1.97811,7.02792,0.249229,1.76183,0,0,0,0.296369,0,0,0,0
"MtrElec",12,14,20,"",13.1734,0,0,0,0,0,0.0330909,0,0,0.756867,0,0,0,2.75523,7.38531,0.330609,1.75092,0,0,0,0.161356,0,0,0,0
"MtrElec",12,14,21,"",13.3537,0,0,0,0,0,0.0330909,0,0,0.756867,0,0,0,2.66103,7.69556,0.462853,1.67519,0,0,0,0.0691528,0,0,0,0
"MtrElec",12,14,22,"",13.7377,0,0,0,0,0,0.0330909,0,0,0.756867,0,0,0,2.2607,7.63435,0.534061,1.60363,0,0,0.882062,0.0329299,0,0,0,0
"MtrElec",12,14,23,"",11.4033,0,0,0,0,0,0.0330909,0,0,0.756867,0,0,0,1.48358,6.76958,0.462853,1.505,0,0.372557,0,0.0197579,0,0,0,0
"MtrElec",12,14,24,"",9.25548,0,0,0,0,0,0.0330909,0,0,0.756867,0,0,0,0.918409,5.80912,0.320437,1.40109,0,0,0,0.0164649,0,0,0,0
"MtrElec",12,15,1,"",7.61814,0,0,0,0,0,0.0330909,0,0,0.756867,0,0,0,0.541626,4.68071,0.23397,1.36365,0,0,0,0.00823247,0,0,0,0
"MtrElec",12,15,2,"",8.77132,0,0,0,0,0,0.0330909,0,0,0.756867,0,0,0,0.44743,4.27489,0.23397,1.32085,1.69764,0,0,0.00658598,0,0,0,0
"MtrElec",12,15,3,"",7.54964,0,0,0,0,0,0.0330909,0,0,0.756867,0,0,0,0.353234,4.11364,0.23397,1.27434,0.777912,0,0,0.00658598,0,0,0,0
"MtrElec",12,15,4,"",6.77123,0,0,0,0,0,0.0330909,0,0,0.756867,0,0,0,0.400332,4.09007,0.23397,1.25032,0,0,0,0.00658598,0,0,0,0
"MtrElec",12,15,5,"",6.63586,0,0,0,0,0,0.0330909,0,0,0.756867,0,0,0,0.494528,3.89803,0.23397,1.21279,0,0,0,0.00658598,0,0,0,0
"MtrElec",12,15,6,"",7.20524,0,0,0,0,0,0.0330909,0,0,0.756867,0,0,0,0.730017,4.22235,0.188193,1.25167,0,0,0,0.0230509,0,0,0,0
"MtrElec",12,15,7,"",8.19405,0,0,0,0,0,0.0330909,0,0,0.756867,0,0,0,0.989055,4.8094,0.17802,1.39633,0,0,0,0.0312834,0,0,0,0
"MtrElec",12,15,8,"",1.60277,0,0,0,0.0264844,0,0.0330909,0,0,0.756867,0,0,0,0.965507,5.16844,0.172934,1.52515,0,0,0,0.0411624,0,0,0,-7.08686
"MtrElec",12,15,9,"",-8.56222,0,0,0,0.0264844,0,0.0330909,0,0,0.756867,0,0,0,0.800664,4.78925,0.167848,1.48066,0,0,0,0.0428089,0,0,0,-16.6599
"MtrElec",12,15,10,"",-15.1847,0,0,0,0.0264844,0,0.0330909,0,0,0.756867,0,0,0,0.682919,4.49719,0.142416,1.3792,0,0,0,0.0362229,0,0,0,-22.739
"MtrElec",12,15,11,"",-19.1972,0,0,0,0.0264844,0,0.0330909,0,0,0.756867,0,0,0,0.635821,4.55318,0.111899,1.35393,0,0,0,0.0345764,0,0,0,-26.7031
"MtrElec",12,15,12,"",-20.7995,0,0,0,0.0264844,0,0.0330909,0,0,0.756867,0,0,0,0.588723,4.55318,0.0762945,1.37975,0,0,0.882056,0.0477483,0,0,0,-29.1437
"MtrElec",12,15,13,"",-20.6069,0,0,0,0.0264844,0,0.0330909,0,0,0.756867,0,0,0,0.494528,4.55858,0.0610356,1.42533,0,0.372554,0,0.0576273,0,0,0,-28.393
"MtrElec",12,15,14,"",-16.9722,0,0,0,0.0264844,0,0.0330909,0,0,0.756867,0,0,0,0.494528,4.66008,0.0559493,1.4065,0,0,0.881958,0.0526878,0,0,0,-25.3403
"MtrElec",12,15,15,"",-12.2005,0,0,0,0.0264844,0,0.0330909,0,0,0.756867,0,0,0,0.494528,4.8289,0.0559493,1.42636,0,0.372513,0,0.0559808,0,0,0,-20.2512
"MtrElec",12,15,16,"",-4.07047,0,0,0,0.0264844,0,0.0330909,0,0,0.756867,0,0,0,0.612272,4.97378,0.0610356,1.44954,0,0,0,0.0856177,0,0,0,-12.0692
"MtrElec",12,15,17,"",5.97676,0,0,0,0.000882812,0,0.0330909,0,0,0.756867,0,0,0,0.730017,5.61555,0.0966397,1.50962,0,0,0,0.189347,0,0,0,-2.95526
"MtrElec",12,15,18,"",10.4421,0,0,0,0,0,0.0330909,0,0,0.756867,0,0,0,1.03615,6.46032,0.188193,1.64972,0,0,0,0.317773,0,0,0,0
"MtrElec",12,15,19,"",13.8214,0,0,0,0,0,0.0330909,0,0,0.756867,0,0,0,1.97811,7.02792,0.249229,1.7686,1.71125,0,0,0.296369,0,0,0,0
"MtrElec",12,15,20,"",13.9409,0,0,0,0,0,0.0330909,0,0,0.756867,0,0,0,2.75523,7.38531,0.330609,1.75564,0.762762,0,0,0.161356,0,0,0,0
"MtrElec",12,15,21,"",13.3584,0,0,0,0,0,0.0330909,0,0,0.756867,0,0,0,2.66103,7.69556,0.462853,1.67984,0,0,0,0.0691528,0,0,0,0
"MtrElec",12,15,22,"",12.8594,0,0,0,0,0,0.0330909,0,0,0.756867,0,0,0,2.2607,7.63435,0.534061,1.60744,0,0,0,0.0329299,0,0,0,0
"MtrElec",12,15,23,"",11.0329,0,0,0,0,0,0.0330909,0,0,0.756867,0,0,0,1.48358,6.76958,0.462853,1.50722,0,0,0,0.0197579,0,0,0,0
"MtrElec",12,15,24,"",9.25649,0,0,0,0,0,0.0330909,0,0,0.756867,0,0,0,0.918409,5.80912,0.320437,1.4021,0,0,0,0.0164649,0,0,0,0
"MtrElec",12,16,1,"",7.61909,0,0,0,0,0,0.0330909,0,0,0.756867,0,0,0,0.541626,4.68071,0.23397,1.3646,0,0,0,0.00823247,0,0,0,0
"MtrElec",12,16,2,"",8.77261,0,0,0,0,0,0.0330909,0,0,0.756867,0,0,0,0.44743,4.27489,0.23397,1.32214,1.69764,0,0,0.00658598,0,0,0,0
"MtrElec",12,16,3,"",7.55131,0,0,0,0,0,0.0330909,0,0,0.756867,0,0,0,0.353234,4.11364,0.23397,1.27601,0.777912,0,0,0.00658598,0,0,0,0
"MtrElec",12,16,4,"",6.7733,0,0,0,0,0,0.0330909,0,0,0.756867,0,0,0,0.400332,4.09007,0.23397,1.25238,0,0,0,0.00658598,0,0,0,0
"MtrElec",12,16,5,"",6.63872,0,0,0,0,0,0.0330909,0,0,0.756867,0,0,0,0.494528,3.89803,0.23397,1.21564,0,0,0,0.00658598,0,0,0,0
"MtrElec",12,16,6,"",7.20962,0,0,0,0,0,0.0330909,0,0,0.756867,0,0,0,0.730017,4.22235,0.188193,1.25606,0,0,0,0.0230509,0,0,0,0
"MtrElec",12,16,7,"",8.19853,0,0,0,0,0,0.0330909,0,0,0.756867,0,0,0,0.989055,4.8094,0.17802,1.40081,0,0,0,0.0312834,0,0,0,0
"MtrElec",12,16,8,"",2.86446,0,0,0,0.0264844,0,0.0330909,0,0,0.756867,0,0,0,0.965507,5.16844,0.172934,1.52945,0,0,1.76389,0.0411624,0,0,0,-7.59337
"MtrElec",12,16,9,"",-6.28171,0,0,0,0.0264844,0,0.0330909,0,0,0.756867,0,0,0,0.800664,4.78925,0.167848,1.48792,1.26088,0.745014,0.881806,0.0428089,0,0,0,-17.2743
"MtrElec",12,16,10,"",-13.9412,0,0,0,0.0264844,0,0.0330909,0,0,0.756867,0,0,0,0.682919,4.49719,0.142416,1.39301,2.40382,0.372449,0,0.0362229,0,0,0,-24.2856
"MtrElec",12,16,11,"",-17.2129,0,0,0,0.0264844,0,0.0330909,0,0,0.756867,0,0,0,0.635821,4.55318,0.111899,1.36864,1.28607,0,2.3699,0.0345764,0,0,0,-28.3895
"MtrElec",12,16,12,"",-21.1215,0,0,0,0.0264844,0,0.0330909,0,0,0.756867,0,0,0,0.588723,4.55318,0.0762945,1.39378,0,1.00098,0.276015,0.0477483,0,0,0,-29.8747
"MtrElec",12,16,13,"",-21.2045,0,0,0,0.0264844,0,0.0330909,0,0,0.756867,0,0,0,0.494528,4.55858,0.0610356,1.43761,0,0.116581,0.412509,0.0576273,0,0,0,-29.1594
"MtrElec",12,16,14,"",-18.2918,0,0,0,0.0264844,0,0.0330909,0,0,0.756867,0,0,0,0.494528,4.66008,0.0559493,1.41872,0,0.174231,0.469537,0.0526878,0,0,0,-26.434
"MtrElec",12,16,15,"",-10.609,0,0,0,0.0264844,0,0.0330909,0,0,0.756867,0,0,0,0.494528,4.8289,0.0559493,1.43551,0,0.198319,0,0.0559808,0,0,0,-18.4947
"MtrElec",12,16,16,"",-2.71816,0,0,0,0.0264844,0,0.0330909,0,0,0.756867,0,0,0,0.612272,4.97378,0.0610356,1.45853,0,0,0.218911,0.0856177,0,0,0,-10.9448
"MtrElec",12,16,17,"",7.29869,0,0,0,0.0101523,0,0.0330909,0,0,0.756867,0,0,0,0.730017,5.61555,0.0966397,1.5233,0,0.0924616,0.432205,0.189347,0,0,0,-2.18094
"MtrElec",12,16,18,"",11.3373,0,0,0,0,0,0.0330909,0,0,0.756867,0,0,0,1.03615,6.46032,0.188193,1.66832,0,0.18255,0.694073,0.317773,0,0,0,0
"MtrElec",12,16,19,"",12.8424,0,0,0,0,0,0.0330909,0,0,0.756867,0,0,0,1.97811,7.02792,0.249229,1.78865,0,0.293156,0.418981,0.296369,0,0,0,0
"MtrElec",12,16,20,"",13.3725,0,0,0,0,0,0.0330909,0,0,0.756867,0,0,0,2.75523,7.38531,0.330609,1.77312,0,0.176965,0,0.161356,0,0,0,0
"MtrElec",12,16,21,"",13.3808,0,0,0,0,0,0.0330909,0,0,0.756867,0,0,0,2.66103,7.69556,0.462853,1.70222,0,0,0,0.0691528,0,0,0,0
"MtrElec",12,16,22,"",12.8871,0,0,0,0,0,0.0330909,0,0,0.756867,0,0,0,2.2607,7.63435,0.534061,1.63507,0,0,0,0.0329299,0,0,0,0
"MtrElec",12,16,23,"",11.0633,0,0,0,0,0,0.0330909,0,0,0.756867,0,0,0,1.48358,6.76958,0.462853,1.53755,0,0,0,0.0197579,0,0,0,0
"MtrElec",12,16,24,"",9.29533,0,0,0,0,0,0.0330909,0,0,0.756867,0,0,0,0.918409,5.80912,0.320437,1.44094,0,0,0,0.0164649,0,0,0,0
"MtrElec",12,17,1,"",7.65308,0,0,0,0,0,0.0330909,0,0,0.756867,0,0,0,0.541626,4.68071,0.23397,1.39859,0,0,0,0.00823247,0,0,0,0
"MtrElec",12,17,2,"",7.10434,0,0,0,0,0,0.0330909,0,0,0.756867,0,0,0,0.44743,4.27489,0.23397,1.35151,0,0,0,0.00658598,0,0,0,0
"MtrElec",12,17,3,"",6.80227,0,0,0,0,0,0.0330909,0,0,0.756867,0,0,0,0.353234,4.11364,0.23397,1.30488,0,0,0,0.00658598,0,0,0,0
"MtrElec",12,17,4,"",6.80079,0,0,0,0,0,0.0330909,0,0,0.756867,0,0,0,0.400332,4.09007,0.23397,1.27988,0,0,0,0.00658598,0,0,0,0
"MtrElec",12,17,5,"",6.66899,0,0,0,0,0,0.0330909,0,0,0.756867,0,0,0,0.494528,3.89803,0.23397,1.24591,0,0,0,0.00658598,0,0,0,0
"MtrElec",12,17,6,"",7.24493,0,0,0,0,0,0.0330909,0,0,0.756867,0,0,0,0.730017,4.22235,0.188193,1.29137,0,0,0,0.0230509,0,0,0,0
"MtrElec",12,17,7,"",8.22618,0,0,0,0,0,0.0330909,0,0,0.756867,0,0,0,0.989055,4.8094,0.17802,1.42846,0,0,0,0.0312834,0,0,0,0
"MtrElec",12,17,8,"",1.79316,0,0,0,0.0264844,0,0.0330909,0,0,0.756867,0,0,0,0.965507,5.16844,0.172934,1.54937,0,0,0.881945,0.0411624,0,0,0,-7.80265
"MtrElec",12,17,9,"",-8.7664,0,0,0,0.0264844,0,0.0330909,0,0,0.756867,0,0,0,0.800664,4.78925,0.167848,1.4976,0,0.372507,0,0.0428089,0,0,0,-17.2535
"MtrElec",12,17,10,"",-15.8553,0,0,0,0.0264844,0,0.0330909,0,0,0.756867,0,0,0,0.682919,4.49719,0.142416,1.39375,0,0,0,0.0362229,0,0,0,-23.4243
"MtrElec",12,17,11,"",-19.8429,0,0,0,0.0264844,0,0.0330909,0,0,0.756867,0,0,0,0.635821,4.55318,0.111899,1.36921,0,0,0.881985,0.0345764,0,0,0,-28.246
"MtrElec",12,17,12,"",-22.4462,0,0,0,0.0264844,0,0.0330909,0,0,0.756867,0,0,0,0.588723,4.55318,0.0762945,1.39469,0,0.372524,0,0.0477483,0,0,0,-30.2958
"MtrElec",12,17,13,"",-22.0061,0,0,0,0.0264844,0,0.0330909,0,0,0.756867,0,0,0,0.494528,4.55858,0.0610356,1.43837,0,0,0,0.0576273,0,0,0,-29.4327
"MtrElec",12,17,14,"",-18.0821,0,0,0,0.0264844,0,0.0330909,0,0,0.756867,0,0,0,0.494528,4.66008,0.0559493,1.42188,0,0,0.881958,0.0526878,0,0,0,-26.4657
"MtrElec",12,17,15,"",-12.3293,0,0,0,0.0264844,0,0.0330909,0,0,0.756867,0,0,0,0.494528,4.8289,0.0559493,1.43898,0,0.372513,0.336868,0.0559808,0,0,0,-20.7294
"MtrElec",12,17,16,"",-3.85022,0,0,0,0.0264844,0,0.0330909,0,0,0.756867,0,0,0,0.612272,4.97378,0.0610356,1.46404,0,0.142283,0.545039,0.0856177,0,0,0,-12.5507
"MtrElec",12,17,17,"",5.92086,0,0,0,0.0264844,0,0.0330909,0,0,0.756867,0,0,0,0.730017,5.61555,0.0966397,1.52993,0,0.230208,0,0.189347,0,0,0,-3.28728
"MtrElec",12,17,18,"",10.4566,0,0,0,0,0,0.0330909,0,0,0.756867,0,0,0,1.03615,6.46032,0.188193,1.66421,0,0,0,0.317773,0,0,0,0
"MtrElec",12,17,19,"",13.8263,0,0,0,0,0,0.0330909,0,0,0.756867,0,0,0,1.97811,7.02792,0.249229,1.77342,1.71125,0,0,0.296369,0,0,0,0
"MtrElec",12,17,20,"",13.9426,0,0,0,0,0,0.0330909,0,0,0.756867,0,0,0,2.75523,7.38531,0.330609,1.7574,0.762762,0,0,0.161356,0,0,0,0
"MtrElec",12,17,21,"",13.3571,0,0,0,0,0,0.0330909,0,0,0.756867,0,0,0,2.66103,7.69556,0.462853,1.67856,0,0,0,0.0691528,0,0,0,0
"MtrElec",12,17,22,"",13.7344,0,0,0,0,0,0.0330909,0,0,0.756867,0,0,0,2.2607,7.63435,0.534061,1.60024,0,0,0.882198,0.0329299,0,0,0,0
"MtrElec",12,17,23,"",11.3925,0,0,0,0,0,0.0330909,0,0,0.756867,0,0,0,1.48358,6.76958,0.462853,1.49412,0,0.372614,0,0.0197579,0,0,0,0
"MtrElec",12,17,24,"",9.23318,0,0,0,0,0,0.0330909,0,0,0.756867,0,0,0,0.918409,5.80912,0.320437,1.37879,0,0,0,0.0164649,0,0,0,0
"MtrElec",12,18,1,"",7.6035,0,0,0,0,0,0.0330909,0,0,0.756867,0,0,0,0.541626,4.68071,0.23397,1.34901,0,0,0,0.00823247,0,0,0,0
"MtrElec",12,18,2,"",8.76346,0,0,0,0,0,0.0330909,0,0,0.756867,0,0,0,0.44743,4.27489,0.23397,1.31299,1.69764,0,0,0.00658598,0,0,0,0
"MtrElec",12,18,3,"",7.54259,0,0,0,0,0,0.0330909,0,0,0.756867,0,0,0,0.353234,4.11364,0.23397,1.26729,0.777912,0,0,0.00658598,0,0,0,0
"MtrElec",12,18,4,"",7.85595,0,0,0,0,0,0.0330909,0,0,0.756867,0,1.09188,0,0.400332,4.09007,0.23397,1.24315,0,0,0,0.00658598,0,0,0,0
"MtrElec",12,18,5,"",7.7191,0,0,0,0,0,0.0330909,0,0,0.756867,0,1.09188,0,0.494528,3.89803,0.23397,1.20414,0,0,0,0.00658598,0,0,0,0
"MtrElec",12,18,6,"",8.28588,0,0,0,0,0,0.0330909,0,0,0.756867,0,1.09188,0,0.730017,4.22235,0.188193,1.24043,0,0,0,0.0230509,0,0,0,0
"MtrElec",12,18,7,"",9.27576,0,0,0,0,0,0.0330909,0,0,0.756867,0,1.09188,0,0.989055,4.8094,0.17802,1.38615,0,0,0,0.0312834,0,0,0,0
"MtrElec",12,18,8,"",1.82196,0,0,0,0.0264844,0,0.0330909,0,0,0.756867,0,1.09188,0,0.965507,5.16844,0.172934,1.51657,0,0,0,0.0411624,0,0,0,-7.95098
"MtrElec",12,18,9,"",-9.08545,0,0,0,0.0264844,0,0.0330909,0,0,0.756867,0,0,0,0.800664,4.78925,0.167848,1.45738,0,0,0.574556,0.0428089,0,0,0,-17.7344
"MtrElec",12,18,10,"",-14.7812,0,0,0,0.0264844,0,0.0330909,0,0,0.756867,0,0,0,0.682919,4.49719,0.142416,1.34018,0,0.242675,2.07201,0.0362229,0,0,0,-24.6112
"MtrElec",12,18,11,"",-20.3192,0,0,0,0.0264844,0,0.0330909,0,0,0.756867,0,0,0,0.635821,4.55318,0.111899,1.31936,0,0.875157,0,0.0345764,0,0,0,-28.6657
"MtrElec",12,18,12,"",-22.6456,0,0,0,0.0264844,0,0.0330909,0,0,0.756867,0,0,0,0.588723,4.55318,0.0762945,1.35132,0,0,0,0.0477483,0,0,0,-30.0793
"MtrElec",12,18,13,"",-21.6474,0,0,0,0.0264844,0,0.0330909,0,0,0.756867,0,0,0,0.494528,4.55858,0.0610356,1.4038,0,0,0,0.0576273,0,0,0,-29.0394
"MtrElec",12,18,14,"",-17.3532,0,0,0,0.0264844,0,0.0330909,0,0,0.756867,0,0,0,0.494528,4.66008,0.0559493,1.38387,0,0,0.881958,0.0526878,0,0,0,-25.6987
"MtrElec",12,18,15,"",-11.7173,0,0,0,0.0264844,0,0.0330909,0,0,0.756867,0,0,0,0.494528,4.8289,0.0559493,1.40996,0,0.372513,0.336868,0.0559808,0,0,0,-20.0884
"MtrElec",12,18,16,"",-3.44807,0,0,0,0.0264844,0,0.0330909,0,0,0.756867,0,0,0,0.612272,4.97378,0.0610356,1.43474,0,0.142283,0.545039,0.0856177,0,0,0,-12.1193
"MtrElec",12,18,17,"",6.01895,0,0,0,0.0264844,0,0.0330909,0,0,0.756867,0,0,0,0.730017,5.61555,0.0966397,1.49552,0,0.230208,0,0.189347,0,0,0,-3.15478
"MtrElec",12,18,18,"",10.427,0,0,0,0,0,0.0330909,0,0,0.756867,0,0,0,1.03615,6.46032,0.188193,1.63461,0,0,0,0.317773,0,0,0,0
"MtrElec",12,18,19,"",13.8008,0,0,0,0,0,0.0330909,0,0,0.756867,0,0,0,1.97811,7.02792,0.249229,1.74799,1.71125,0,0,0.296369,0,0,0,0
"MtrElec",12,18,20,"",13.9202,0,0,0,0,0,0.0330909,0,0,0.756867,0,0,0,2.75523,7.38531,0.330609,1.73502,0.762762,0,0,0.161356,0,0,0,0
"MtrElec",12,18,21,"",13.3344,0,0,0,0,0,0.0330909,0,0,0.756867,0,0,0,2.66103,7.69556,0.462853,1.6558,0,0,0,0.0691528,0,0,0,0
"MtrElec",12,18,22,"",14.2632,0,0,0,0,0,0.0330909,0,0,0.756867,0,0,0,2.2607,7.63435,0.534061,1.58021,1.26921,0,0.161806,0.0329299,0,0,0,0
"MtrElec",12,18,23,"",12.7045,0,0,0,0,0,0.0330909,0,0,0.756867,0,0,0,1.48358,6.76958,0.462853,1.47852,1.20634,0.0683418,0.425533,0.0197579,0,0,0,0
"MtrElec",12,18,24,"",9.69443,0,0,0,0,0,0.0330909,0,0,0.756867,0,0,0,0.918409,5.80912,0.320437,1.36541,0,0.179732,0.294889,0.0164649,0,0,0,0
"MtrElec",12,19,1,"",7.77178,0,0,0,0,0,0.0330909,0,0,0.756867,0,0,0,0.541626,4.69367,0.23397,1.37977,0,0.124552,0,0.00823247,0,0,0,0
"MtrElec",12,19,2,"",7.11908,0,0,0,0,0,0.0330909,0,0,0.756867,0,0,0,0.44743,4.32403,0.23397,1.3171,0,0,0,0.00658598,0,0,0,0
"MtrElec",12,19,3,"",6.77059,0,0,0,0,0,0.0330909,0,0,0.756867,0,0,0,0.353234,4.10267,0.228883,1.2909,0,0,0,0.00493948,0,0,0,0
"MtrElec",12,19,4,"",6.77333,0,0,0,0,0,0.0330909,0,0,0.756867,0,0,0,0.400332,4.09207,0.228883,1.25715,0,0,0,0.00493948,0,0,0,0
"MtrElec",12,19,5,"",6.62318,0,0,0,0,0,0.0330909,0,0,0.756867,0,0,0,0.494528,3.88707,0.23397,1.21271,0,0,0,0.00493948,0,0,0,0
"MtrElec",12,19,6,"",7.17105,0,0,0,0,0,0.0330909,0,0,0.756867,0,0,0,0.730017,4.21138,0.228883,1.20258,0,0,0,0.00823247,0,0,0,0
"MtrElec",12,19,7,"",7.9729,0,0,0,0,0,0.0330909,0,0,0.756867,0,0,0,0.989055,4.72608,0.223797,1.22754,0,0,0,0.0164649,0,0,0,0
"MtrElec",12,19,8,"",1.30744,0,0,0,0.0264844,0,0.0330909,0,0,0.756867,0,0,0,0.965507,5.07215,0.208538,1.33299,0,0,0,0.0444554,0,0,0,-7.13265
"MtrElec",12,19,9,"",-7.99813,0,0,0,0.0264844,0,0.0330909,0,0,0.756867,0,0,0,0.800664,4.76603,0.183107,1.51941,0,0,0.477346,0.0790317,0,0,0,-16.6402
"MtrElec",12,19,10,"",-14.8254,0,0,0,0.0264844,0,0.0330909,0,0,0.756867,0,0,0,0.682919,4.58122,0.152589,1.49135,0,0.201617,0.768974,0.0790317,0,0,0,-23.5995
"MtrElec",12,19,11,"",-17.6927,0,0,0,0.0264844,0,0.0330909,0,0,0.756867,0,0,0,0.635821,4.66079,0.122071,1.47579,0,0.324791,2.07026,0.0757388,0,0,0,-27.8744
"MtrElec",12,19,12,"",-16.2024,0,0,0,0.0264844,0,0.0330909,0,0,0.756867,0,0,0,0.588723,4.58972,0.0813808,1.51351,2.47476,0.874415,1.65745,0.0905572,0,0,0,-28.8893
"MtrElec",12,19,13,"",-19.6069,0,0,0,0.0264844,0,0.0330909,0,0,0.756867,0,0,0,0.494528,4.54797,0.0610356,1.55426,0,0.700056,0.318098,0.103729,0,0,0,-28.2031
"MtrElec",12,19,14,"",-17.8727,0,0,0,0.0264844,0,0.0330909,0,0,0.756867,0,0,0,0.494528,4.68565,0.0559493,1.58155,0,0.134355,0,0.0971432,0,0,0,-25.7383
"MtrElec",12,19,15,"",-12.2275,0,0,0,0.0264844,0,0.0330909,0,0,0.756867,0,0,0,0.494528,4.91222,0.0559493,1.56786,0,0,0,0.102083,0,0,0,-20.1766
"MtrElec",12,19,16,"",-3.38189,0,0,0,0.0264844,0,0.0330909,0,0,0.756867,0,0,0,0.612272,5.16436,0.0610356,1.60076,0,0,0.410019,0.111962,0,0,0,-12.1587
"MtrElec",12,19,17,"",6.70399,0,0,0,0.0264844,0,0.0330909,0,0,0.756867,0,0,0,0.730017,5.79316,0.0966397,1.59339,0,0.17318,0.472187,0.149831,0,0,0,-3.12086
"MtrElec",12,19,18,"",13.1361,0,0,0,0,0,0.0330909,0,0,0.756867,0,0,0,1.03615,6.53103,0.193279,1.68226,2.47509,0.199438,0,0.228863,0,0,0,0
"MtrElec",12,19,19,"",12.9071,0,0,0,0,0,0.0330909,0,0,0.756867,0,0,0,1.97811,7.01531,0.244142,1.78504,0,0,0.882107,0.212398,0,0,0,0
"MtrElec",12,19,20,"",14.7331,0,0,0,0,0,0.0330909,0,0,0.756867,0,0,0,2.75523,7.28902,0.305178,1.7559,0,0.372576,1.3467,0.118548,0,0,0,0
"MtrElec",12,19,21,"",15.0659,0,0,0,0,0,0.0330909,0,0,0.756867,0,0,0,2.66103,7.55212,0.422163,1.71958,0,0.568804,1.29951,0.0526878,0,0,0,0
"MtrElec",12,19,22,"",14.1339,0,0,0,0,0,0.0330909,0,0,0.756867,0,0,0,2.2607,7.47795,0.498457,1.65293,0,0.548872,0.881966,0.0230509,0,0,0,0
"MtrElec",12,19,23,"",11.3253,0,0,0,0,0,0.0330909,0,0,0.756867,0,0,0,1.48358,6.6859,0.432335,1.54614,0,0.372516,0,0.0148185,0,0,0,0
"MtrElec",12,19,24,"",9.25488,0,0,0,0,0,0.0330909,0,0,0.756867,0,0,0,0.918409,5.70777,0.300092,1.53042,0,0,0,0.00823247,0,0,0,0
"MtrElec",12,20,1,"",9.2286,0,0,0,0,0,0.0330909,0,0,0.756867,0,0,0,0.541626,4.69367,0.23397,1.42952,1.53163,0,0,0.00823247,0,0,0,0
"MtrElec",12,20,2,"",8.10386,0,0,0,0,0,0.0330909,0,0,0.756867,0,0,0,0.44743,4.32403,0.23397,1.35845,0.94343,0,0,0.00658598,0,0,0,0
"MtrElec",12,20,3,"",6.80979,0,0,0,0,0,0.0330909,0,0,0.756867,0,0,0,0.353234,4.10267,0.228883,1.33011,0,0,0,0.00493948,0,0,0,0
"MtrElec",12,20,4,"",6.81015,0,0,0,0,0,0.0330909,0,0,0.756867,0,0,0,0.400332,4.09207,0.228883,1.29397,0,0,0,0.00493948,0,0,0,0
"MtrElec",12,20,5,"",6.66255,0,0,0,0,0,0.0330909,0,0,0.756867,0,0,0,0.494528,3.88707,0.23397,1.25208,0,0,0,0.00493948,0,0,0,0
"MtrElec",12,20,6,"",8.30126,0,0,0,0,0,0.0330909,0,0,0.756867,0,1.09188,0,0.730017,4.21138,0.228883,1.2409,0,0,0,0.00823247,0,0,0,0
"MtrElec",12,20,7,"",9.10664,0,0,0,0,0,0.0330909,0,0,0.756867,0,1.09188,0,0.989055,4.72608,0.223797,1.2694,0,0,0,0.0164649,0,0,0,0
"MtrElec",12,20,8,"",1.76761,0,0,0,0.0264844,0,0.0330909,0,0,0.756867,0,0,0,0.965507,5.07215,0.208538,1.36904,0,0,0,0.0444554,0,0,0,-6.70853
"MtrElec",12,20,9,"",-8.0722,0,0,0,0.0264844,0,0.0330909,0,0,0.756867,0,0,0,0.800664,4.76603,0.183107,1.53167,0,0,0,0.0790317,0,0,0,-16.2491
"MtrElec",12,20,10,"",-15.6909,0,0,0,0.0264844,0,0.0330909,0,0,0.756867,0,0,0,0.682919,4.58122,0.152589,1.49682,0,0,0,0.0790317,0,0,0,-23.5
"MtrElec",12,20,11,"",-18.236,0,0,0,0.0264844,0,0.0330909,0,0,0.756867,0,0,0,0.635821,4.66079,0.122071,1.47343,0,0,1.88356,0.0757388,0,0,0,-27.9038
"MtrElec",12,20,12,"",-19.6552,0,0,0,0.0264844,0,0.0330909,0,0,0.756867,0,0,0,0.588723,4.58972,0.0813808,1.50619,0,0.795559,1.64463,0.0905572,0,0,0,-29.7684
"MtrElec",12,20,13,"",-20.5036,0,0,0,0.0264844,0,0.0330909,0,0,0.756867,0,0,0,0.494528,4.54797,0.0610356,1.54255,0,0.694645,0.428339,0.103729,0,0,0,-29.1929
"MtrElec",12,20,14,"",-17.6658,0,0,0,0.0264844,0,0.0330909,0,0,0.756867,0,0,0,0.494528,4.68565,0.0559493,1.56483,0,0.180918,0.453551,0.0971432,0,0,0,-26.0148
"MtrElec",12,20,15,"",-12.2213,0,0,0,0.0264844,0,0.0330909,0,0,0.756867,0,0,0,0.494528,4.91222,0.0559493,1.54565,0,0.191566,0,0.102083,0,0,0,-20.3397
"MtrElec",12,20,16,"",-3.70573,0,0,0,0.0264844,0,0.0330909,0,0,0.756867,0,0,0,0.612272,5.16436,0.0610356,1.57979,0,0,0,0.111962,0,0,0,-12.0516
"MtrElec",12,20,17,"",6.07993,0,0,0,0.0264844,0,0.0330909,0,0,0.756867,0,0,0,0.730017,5.79316,0.0966397,1.5567,0,0,0,0.149831,0,0,0,-3.06286
"MtrElec",12,20,18,"",13.7791,0,0,0,0,0,0.0330909,0,0,0.756867,0,0,0,1.03615,6.53103,0.193279,1.64258,2.47509,0,0.882188,0.228863,0,0,0,0
"MtrElec",12,20,19,"",13.2503,0,0,0,0,0,0.0330909,0,0,0.756867,0,0,0,1.97811,7.01531,0.244142,1.75563,0,0.37261,0.882107,0.212398,0,0,0,0
"MtrElec",12,20,20,"",13.7808,0,0,0,0,0,0.0330909,0,0,0.756867,0,0,0,2.75523,7.28902,0.305178,1.71914,0,0.372576,0.431158,0.118548,0,0,0,0
"MtrElec",12,20,21,"",14.6625,0,0,0,0,0,0.0330909,0,0,0.756867,0,0,0,2.66103,7.55212,0.422163,1.6694,0,0.182108,1.33306,0.0526878,0,0,0,0
"MtrElec",12,20,22,"",14.0953,0,0,0,0,0,0.0330909,0,0,0.756867,0,0,0,2.2607,7.47795,0.498457,1.60018,0,0.563044,0.881966,0.0230509,0,0,0,0
"MtrElec",12,20,23,"",11.2495,0,0,0,0,0,0.0330909,0,0,0.756867,0,0,0,1.48358,6.6859,0.432335,1.47039,0,0.372516,0,0.0148185,0,0,0,0
"MtrElec",12,20,24,"",11.6808,0,0,0,0,0,0.0330909,0,0,0.756867,0,0,0,0.918409,5.70777,0.300092,1.48127,2.47507,0,0,0.00823247,0,0,0,0
"MtrElec",12,21,1,"",7.58356,0,0,0,0,0,0.0330909,0,0,0.756867,0,0,0,0.541626,4.68071,0.23397,1.32906,0,0,0,0.00823247,0,0,0,0
"MtrElec",12,21,2,"",8.7478,0,0,0,0,0,0.0330909,0,0,0.756867,0,0,0,0.44743,4.27489,0.23397,1.29733,1.69764,0,0,0.00658598,0,0,0,0
"MtrElec",12,21,3,"",7.52831,0,0,0,0,0,0.0330909,0,0,0.756867,0,0,0,0.353234,4.11364,0.23397,1.25301,0.777912,0,0,0.00658598,0,0,0,0
"MtrElec",12,21,4,"",6.75244,0,0,0,0,0,0.0330909,0,0,0.756867,0,0,0,0.400332,4.09007,0.23397,1.23152,0,0,0,0.00658598,0,0,0,0
"MtrElec",12,21,5,"",6.6171,0,0,0,0,0,0.0330909,0,0,0.756867,0,0,0,0.494528,3.89803,0.23397,1.19402,0,0,0,0.00658598,0,0,0,0
"MtrElec",12,21,6,"",7.1854,0,0,0,0,0,0.0330909,0,0,0.756867,0,0,0,0.730017,4.22235,0.188193,1.23184,0,0,0,0.0230509,0,0,0,0
"MtrElec",12,21,7,"",8.17981,0,0,0,0,0,0.0330909,0,0,0.756867,0,0,0,0.989055,4.8094,0.17802,1.38209,0,0,0,0.0312834,0,0,0,0
"MtrElec",12,21,8,"",2.69274,0,0,0,0.0264844,0,0.0330909,0,0,0.756867,0,0,0,0.965507,5.16844,0.172934,1.51564,0,0,0,0.0411624,0,0,0,-5.98738
"MtrElec",12,21,9,"",-7.41983,0,0,0,0.0264844,0,0.0330909,0,0,0.756867,0,0,0,0.800664,4.78925,0.167848,1.46228,0,0,0.287278,0.0428089,0,0,0,-15.7864
"MtrElec",12,21,10,"",-12.9865,0,0,0,0.0264844,0,0.0330909,0,0,0.756867,0,0,0,0.682919,4.49719,0.142416,1.34445,1.18923,0.121338,1.47712,0.0362229,0,0,0,-23.2938
"MtrElec",12,21,11,"",-18.0147,0,0,0,0.0264844,0,0.0330909,0,0,0.756867,0,0,0,0.635821,4.55318,0.111899,1.31256,1.28607,0.623892,0.605934,0.0345764,0,0,0,-27.9951
"MtrElec",12,21,12,"",-22.0012,0,0,0,0.0264844,0,0.0330909,0,0,0.756867,0,0,0,0.588723,4.55318,0.0762945,1.33663,0,0.255928,0.276015,0.0477483,0,0,0,-29.9521
"MtrElec",12,21,13,"",-21.9934,0,0,0,0.0264844,0,0.0330909,0,0,0.756867,0,0,0,0.494528,4.55858,0.0610356,1.38594,0,0.116581,0,0.0576273,0,0,0,-29.4842
"MtrElec",12,21,14,"",-18.8561,0,0,0,0.0264844,0,0.0330909,0,0,0.756867,0,0,0,0.494528,4.66008,0.0559493,1.35874,0,0,0.449466,0.0526878,0,0,0,-26.744
"MtrElec",12,21,15,"",-12.2607,0,0,0,0.0264844,0,0.0330909,0,0,0.756867,0,0,0,0.494528,4.8289,0.0559493,1.37917,0,0.189841,0.868033,0.0559808,0,0,0,-20.9495
"MtrElec",12,21,16,"",-1.98495,0,0,0,0.0264844,0,0.0330909,0,0,0.756867,0,0,0,0.612272,4.97378,0.0610356,1.38529,1.26327,0.366631,0.665522,0.0856177,0,0,0,-12.2148
"MtrElec",12,21,17,"",7.81003,0,0,0,0.0264844,0,0.0330909,0,0,0.756867,0,0,0,0.730017,5.61555,0.0966397,1.42473,1.21212,0.281097,0.432205,0.189347,0,0,0,-2.98811
"MtrElec",12,21,18,"",10.7666,0,0,0,0,0,0.0330909,0,0,0.756867,0,0,0,1.03615,6.46032,0.188193,1.56084,0,0.18255,0.230815,0.317773,0,0,0,0
"MtrElec",12,21,19,"",12.1261,0,0,0,0,0,0.0330909,0,0,0.756867,0,0,0,1.97811,7.02792,0.249229,1.68706,0,0.0974895,0,0.296369,0,0,0,0
"MtrElec",12,21,20,"",13.1112,0,0,0,0,0,0.0330909,0,0,0.756867,0,0,0,2.75523,7.38531,0.330609,1.68874,0,0,0,0.161356,0,0,0,0
"MtrElec",12,21,21,"",13.2777,0,0,0,0,0,0.0330909,0,0,0.756867,0,0,0,2.66103,7.69556,0.462853,1.59914,0,0,0,0.0691528,0,0,0,0
"MtrElec",12,21,22,"",12.9276,0,0,0,0,0,0.0330909,0,0,0.756867,0,0,0,2.2607,7.63435,0.534061,1.51384,0,0,0.161806,0.0329299,0,0,0,0
"MtrElec",12,21,23,"",11.4278,0,0,0,0,0,0.0330909,0,0,0.756867,0,0,0,1.48358,6.76958,0.462853,1.40819,0,0.0683418,0.425533,0.0197579,0,0,0,0
"MtrElec",12,21,24,"",9.60615,0,0,0,0,0,0.0330909,0,0,0.756867,0,0,0,0.918409,5.80912,0.320437,1.27714,0,0.179732,0.294889,0.0164649,0,0,0,0
"MtrElec",12,22,1,"",7.64413,0,0,0,0,0,0.0330909,0,0,0.756867,0,0,0,0.541626,4.68071,0.23397,1.26509,0,0.124552,0,0.00823247,0,0,0,0
"MtrElec",12,22,2,"",6.99576,0,0,0,0,0,0.0330909,0,0,0.756867,0,0,0,0.44743,4.27489,0.23397,1.24293,0,0,0,0.00658598,0,0,0,0
"MtrElec",12,22,3,"",7.78638,0,0,0,0,0,0.0330909,0,0,0.756867,0,1.09188,0,0.353234,4.11364,0.23397,1.19711,0,0,0,0.00658598,0,0,0,0
"MtrElec",12,22,4,"",7.78886,0,0,0,0,0,0.0330909,0,0,0.756867,0,1.09188,0,0.400332,4.09007,0.23397,1.17606,0,0,0,0.00658598,0,0,0,0
"MtrElec",12,22,5,"",7.64729,0,0,0,0,0,0.0330909,0,0,0.756867,0,1.09188,0,0.494528,3.89803,0.23397,1.13233,0,0,0,0.00658598,0,0,0,0
"MtrElec",12,22,6,"",8.20345,0,0,0,0,0,0.0330909,0,0,0.756867,0,1.09188,0,0.730017,4.22235,0.188193,1.158,0,0,0,0.0230509,0,0,0,0
"MtrElec",12,22,7,"",9.21099,0,0,0,0,0,0.0330909,0,0,0.756867,0,1.09188,0,0.989055,4.8094,0.17802,1.32138,0,0,0,0.0312834,0,0,0,0
"MtrElec",12,22,8,"",9.20358,0,0,0,0,0,0.0330909,0,0,0.756867,0,1.09188,0,0.965507,5.16844,0.172934,1.46905,0,0,0,0.0411624,0,0,0,-0.495355
"MtrElec",12,22,9,"",-0.298989,0,0,0,0.0264844,0,0.0330909,0,0,0.756867,0,0,0,0.800664,4.78925,0.167848,1.41736,0,0,0,0.0428089,0,0,0,-8.33336
"MtrElec",12,22,10,"",-9.37543,0,0,0,0.0264844,0,0.0330909,0,0,0.756867,0,0,0,0.682919,4.49719,0.142416,1.29427,0,0,0,0.0362229,0,0,0,-16.8449
"MtrElec",12,22,11,"",-10.9623,0,0,0,0.0264844,0,0.0330909,0,0,0.756867,0,0,0,0.635821,4.55318,0.111899,1.26415,0,0,0.580873,0.0345764,0,0,0,-18.9593
"MtrElec",12,22,12,"",-15.1361,0,0,0,0.0264844,0,0.0330909,0,0,0.756867,0,0,0,0.588723,4.55318,0.0762945,1.28822,0,0.245343,1.18323,0.0477483,0,0,0,-23.9353
"MtrElec",12,22,13,"",-14.7237,0,0,0,0.0264844,0,0.0330909,0,0,0.756867,0,0,0,0.494528,4.55858,0.0610356,1.33937,0,0.499762,0.285975,0.0576273,0,0,0,-22.8371
"MtrElec",12,22,14,"",-13.3423,0,0,0,0.0264844,0,0.0330909,0,0,0.756867,0,0,0,0.494528,4.66008,0.0559493,1.30739,0,0.120787,1.47826,0.0526878,0,0,0,-22.3284
"MtrElec",12,22,15,"",-10.1893,0,0,0,0.0264844,0,0.0330909,0,0,0.756867,0,0,0,0.494528,4.8289,0.0559493,1.34185,0,0.624373,0,0.0559808,0,0,0,-18.4073
"MtrElec",12,22,16,"",0.478817,0,0,0,0.0264844,0,0.0330909,0,0,0.756867,0,0,0,0.612272,4.97378,0.0610356,1.354,0,0,0.575947,0.0856177,0,0,0,-8.00028
"MtrElec",12,22,17,"",6.99511,0,0,0,0.0264844,0,0.0330909,0,0,0.756867,0,0,0,0.730017,5.61555,0.0966397,1.38033,0,0.243263,0.306327,0.189347,0,0,0,-2.38281
"MtrElec",12,22,18,"",10.4344,0,0,0,0,0,0.0330909,0,0,0.756867,0,0,0,1.03615,6.46032,0.188193,1.51259,0,0.129383,0,0.317773,0,0,0,0
"MtrElec",12,22,19,"",14.1126,0,0,0,0,0,0.0330909,0,0,0.756867,0,0,0,1.97811,7.02792,0.249229,1.6473,2.12368,0,0,0.296369,0,0,0,0
"MtrElec",12,22,20,"",16.8871,0,0,0,0,0,0.0330909,0,0,0.756867,0,0,0,2.75523,7.38531,0.330609,1.65985,3.80482,0,0,0.161356,0,0,0,0
"MtrElec",12,22,21,"",14.7406,0,0,0,0,0,0.0330909,0,0,0.756867,0,0,0,2.66103,7.69556,0.462853,1.56607,1.49601,0,0,0.0691528,0,0,0,0
"MtrElec",12,22,22,"",14.0033,0,0,0,0,0,0.0330909,0,0,0.756867,0,0,0,2.2607,7.63435,0.534061,1.48211,1.26921,0,0,0.0329299,0,0,0,0
"MtrElec",12,22,23,"",13.2075,0,0,0,0,0,0.0330909,0,0,0.756867,0,1.09188,0,1.48358,6.76958,0.462853,1.38353,1.20634,0,0,0.0197579,0,0,0,0
"MtrElec",12,22,24,"",10.2025,0,0,0,0,0,0.0330909,0,0,0.756867,0,1.09188,0,0.918409,5.80912,0.320437,1.25619,0,0,0,0.0164649,0,0,0,0
"MtrElec",12,23,1,"",13.0795,0,2.68859,1.19249,0,0,0.0330909,0,0.610654,0.756867,0,1.09188,0,0.541626,4.68071,0.23397,1.24139,0,0,0,0.00823247,0,0,0,0
"MtrElec",12,23,2,"",12.2096,0,3.38871,0,0,0,0.0330909,0,0.751983,0.756867,0,1.09188,0,0.44743,4.27489,0.23397,1.2242,0,0,0,0.00658598,0,0,0,0
"MtrElec",12,23,3,"",12.8736,0,4.16813,0,0,0,0.0330909,0,0.933755,0.756867,0,1.09188,0,0.353234,4.11364,0.23397,1.18244,0,0,0,0.00658598,0,0,0,0
"MtrElec",12,23,4,"",15.5849,0,4.70406,2.01359,0,0,0.0330909,0,1.08772,0.756867,0,1.09188,0,0.400332,4.09007,0.23397,1.16672,0,0,0,0.00658598,0,0,0,0
"MtrElec",12,23,5,"",16.7505,0,5.2869,2.58406,0,0,0.0330909,0,1.23696,0.756867,0,1.09188,0,0.494528,3.89803,0.23397,1.12767,0,0,0,0.00658598,0,0,0,0
"MtrElec",12,23,6,"",17.1073,0,5.20778,2.47686,0,0,0.0330909,0,1.21779,0.756867,0,1.09188,0,0.730017,4.22235,0.188193,1.15942,0,0,0,0.0230509,0,0,0,0
"MtrElec",12,23,7,"",17.3236,0,4.75386,2.2489,0,0,0.0330909,0,1.10451,0.756867,0,1.09188,0,0.989055,4.8094,0.17802,1.32675,0,0,0,0.0312834,0,0,0,0
"MtrElec",12,23,8,"",7.38624,0,2.29442,0.544938,0.0264844,0,0.0330909,0,0.512388,0.756867,0,1.09188,0,0.965507,5.16844,0.172934,1.47471,0,0,1.76389,0.0411624,0,0,0,-7.46047
"MtrElec",12,23,9,"",-7.62791,0,0.248323,0,0.0264844,0,0.0330909,0,0.0530155,0.756867,0,0,0,0.800664,4.78925,0.167848,1.42486,0,0.745014,0.287278,0.0428089,0,0,0,-17.0034
"MtrElec",12,23,10,"",-15.7611,0,0,0,0.0264844,0,0.0330909,0,0,0.756867,0,0,0,0.682919,4.49719,0.142416,1.30432,0,0.121338,0.594891,0.0362229,0,0,0,-23.9568
"MtrElec",12,23,11,"",-19.3817,0,0,0,0.0264844,0,0.0330909,0,0,0.756867,0,0,0,0.635821,4.55318,0.111899,1.27476,0,0.251264,1.76397,0.0345764,0,0,0,-28.8236
"MtrElec",12,23,12,"",-22.6166,0,0,0,0.0264844,0,0.0330909,0,0,0.756867,0,0,0,0.588723,4.55318,0.0762945,1.30095,0,0.745048,0,0.0477483,0,0,0,-30.745
"MtrElec",12,23,13,"",-22.4625,0,0,0,0.0264844,0,0.0330909,0,0,0.756867,0,0,0,0.494528,4.55858,0.0610356,1.35675,0,0,0.285975,0.0576273,0,0,0,-30.0935
"MtrElec",12,23,14,"",-19.1355,0,0,0,0.0264844,0,0.0330909,0,0,0.756867,0,0,0,0.494528,4.66008,0.0559493,1.32956,0,0.120787,0.596301,0.0526878,0,0,0,-27.2619
"MtrElec",12,23,15,"",-13.9462,0,0,0,0.0264844,0,0.0330909,0,0,0.756867,0,0,0,0.494528,4.8289,0.0559493,1.36196,0,0.25186,0,0.0559808,0,0,0,-21.8118
"MtrElec",12,23,16,"",-5.30267,0,0,0,0.0264844,0,0.0330909,0,0,0.756867,0,0,0,0.612272,4.97378,0.0610356,1.37831,0,0,0,0.0856177,0,0,0,-13.2301
"MtrElec",12,23,17,"",5.21291,0,0,0,0.0264844,0,0.0330909,0,0,0.756867,0,0,0,0.730017,5.61555,0.0966397,1.41727,0,0,0,0.189347,0,0,0,-3.65237
"MtrElec",12,23,18,"",10.3496,0,0,0,0,0,0.0330909,0,0,0.756867,0,0,0,1.03615,6.46032,0.188193,1.55722,0,0,0,0.317773,0,0,0,0
"MtrElec",12,23,19,"",12.03,0,0,0,0,0,0.0330909,0,0,0.756867,0,0,0,1.97811,7.02792,0.249229,1.68839,0,0,0,0.296369,0,0,0,0
"MtrElec",12,23,20,"",13.1127,0,0,0,0,0,0.0330909,0,0,0.756867,0,0,0,2.75523,7.38531,0.330609,1.69026,0,0,0,0.161356,0,0,0,0
"MtrElec",12,23,21,"",13.2821,0,0,0,0,0,0.0330909,0,0,0.756867,0,0,0,2.66103,7.69556,0.462853,1.60353,0,0,0,0.0691528,0,0,0,0
"MtrElec",12,23,22,"",12.7752,0,0,0,0,0,0.0330909,0,0,0.756867,0,0,0,2.2607,7.63435,0.534061,1.52319,0,0,0,0.0329299,0,0,0,0
"MtrElec",12,23,23,"",10.9468,0,0,0,0,0,0.0330909,0,0,0.756867,0,0,0,1.48358,6.76958,0.462853,1.42108,0,0,0,0.0197579,0,0,0,0
"MtrElec",12,23,24,"",10.2428,0,0,0,0,0,0.0330909,0,0,0.756867,0,1.09188,0,0.918409,5.80912,0.320437,1.2965,0,0,0,0.0164649,0,0,0,0
"MtrElec",12,24,1,"",8.62019,0,0,0,0,0,0.0330909,0,0,0.756867,0,1.09188,0,0.541626,4.68071,0.23397,1.27382,0,0,0,0.00823247,0,0,0,0
"MtrElec",12,24,2,"",8.24537,0,0.12935,0,0,0,0.0330909,0,0.0278277,0.756867,0,1.09188,0,0.44743,4.27489,0.23397,1.24348,0,0,0,0.00658598,0,0,0,0
"MtrElec",12,24,3,"",9.08222,0,1.06558,0,0,0,0.0330909,0,0.232793,0.756867,0,1.09188,0,0.353234,4.11364,0.23397,1.19458,0,0,0,0.00658598,0,0,0,0
"MtrElec",12,24,4,"",10.1679,0,1.62413,0.390608,0,0,0.0330909,0,0.366641,0.756867,0,1.09188,0,0.400332,4.09007,0.23397,1.17377,0,0,0,0.00658598,0,0,0,0
"MtrElec",12,24,5,"",12.1125,0,2.60197,1.26387,0,0,0.0330909,0,0.600342,0.756867,0,1.09188,0,0.494528,3.89803,0.23397,1.13136,0,0,0,0.00658598,0,0,0,0
"MtrElec",12,24,6,"",13.9735,0,3.39189,1.59452,0,0,0.0330909,0,0.781798,0.756867,0,1.09188,0,0.730017,4.22235,0.188193,1.1598,0,0,0,0.0230509,0,0,0,0
"MtrElec",12,24,7,"",15.212,0,3.54592,1.63285,0,0,0.0330909,0,0.816845,0.756867,0,1.09188,0,0.989055,4.8094,0.17802,1.32675,0,0,0,0.0312834,0,0,0,0
"MtrElec",12,24,8,"",7.74334,0,2.60537,1.17701,0.0264844,0,0.0330909,0,0.590626,0.756867,0,1.09188,0,0.965507,5.16844,0.172934,1.47471,0,0,0.881945,0.0411624,0,0,0,-7.24268
"MtrElec",12,24,9,"",-6.35939,0,0.85069,0.226835,0.0264844,0,0.0330909,0,0.186805,0.756867,0,1.09188,0,0.800664,4.78925,0.167848,1.42486,0,0.372507,0,0.0428089,0,0,0,-17.13
"MtrElec",12,24,10,"",-16.2023,0,0,0,0.0264844,0,0.0330909,0,0,0.756867,0,0,0,0.682919,4.49719,0.142416,1.30315,0,0,0,0.0362229,0,0,0,-23.6806
"MtrElec",12,24,11,"",-19.9761,0,0,0,0.0264844,0,0.0330909,0,0,0.756867,0,0,0,0.635821,4.55318,0.111899,1.2703,0,0,0.881985,0.0345764,0,0,0,-28.2803
"MtrElec",12,24,12,"",-23.0083,0,0,0,0.0264844,0,0.0330909,0,0,0.756867,0,0,0,0.588723,4.55318,0.0762945,1.29699,0,0.372524,0,0.0477483,0,0,0,-30.7602
"MtrElec",12,24,13,"",-22.7685,0,0,0,0.0264844,0,0.0330909,0,0,0.756867,0,0,0,0.494528,4.55858,0.0610356,1.35371,0,0,0,0.0576273,0,0,0,-30.1104
"MtrElec",12,24,14,"",-18.8779,0,0,0,0.0264844,0,0.0330909,0,0,0.756867,0,0,0,0.494528,4.66008,0.0559493,1.32617,0,0,0.881958,0.0526878,0,0,0,-27.1657
"MtrElec",12,24,15,"",-13.079,0,0,0,0.0264844,0,0.0330909,0,0,0.756867,0,0,0,0.494528,4.8289,0.0559493,1.35887,0,0.372513,0.336868,0.0559808,0,0,0,-21.3991
"MtrElec",12,24,16,"",-3.12972,0,0,0,0.0264844,0,0.0330909,0,0,0.756867,0,0,0,0.612272,4.97378,0.0610356,1.37531,1.26327,0.142283,0.545039,0.0856177,0,0,0,-13.0048
"MtrElec",12,24,17,"",6.77082,0,0,0,0.0264844,0,0.0330909,0,0,0.756867,0,0,0,0.730017,5.61555,0.0966397,1.41539,1.21212,0.230208,0,0.189347,0,0,0,-3.53489
"MtrElec",12,24,18,"",10.3481,0,0,0,0,0,0.0330909,0,0,0.756867,0,0,0,1.03615,6.46032,0.188193,1.55573,0,0,0,0.317773,0,0,0,0
"MtrElec",12,24,19,"",13.7398,0,0,0,0,0,0.0330909,0,0,0.756867,0,0,0,1.97811,7.02792,0.249229,1.68701,1.71125,0,0,0.296369,0,0,0,0
"MtrElec",12,24,20,"",13.8773,0,0,0,0,0,0.0330909,0,0,0.756867,0,0,0,2.75523,7.38531,0.330609,1.69208,0.762762,0,0,0.161356,0,0,0,0
"MtrElec",12,24,21,"",13.2853,0,0,0,0,0,0.0330909,0,0,0.756867,0,0,0,2.66103,7.69556,0.462853,1.60676,0,0,0,0.0691528,0,0,0,0
"MtrElec",12,24,22,"",14.9301,0,0,0,0,0,0.0330909,0,0,0.756867,0,0,0,2.2607,7.63435,0.534061,1.52669,1.26921,0,0.882198,0.0329299,0,0,0,0
"MtrElec",12,24,23,"",12.5303,0,0,0,0,0,0.0330909,0,0,0.756867,0,0,0,1.48358,6.76958,0.462853,1.42559,1.20634,0.372614,0,0.0197579,0,0,0,0
"MtrElec",12,24,24,"",9.15804,0,0,0,0,0,0.0330909,0,0,0.756867,0,0,0,0.918409,5.80912,0.320437,1.30365,0,0,0,0.0164649,0,0,0,0
"MtrElec",12,25,1,"",8.68744,0,0,0,0,0,0.0330909,0,0,0.756867,0,1.09188,0,0.541626,4.69367,0.23397,1.3281,0,0,0,0.00823247,0,0,0,0
"MtrElec",12,25,2,"",8.15824,0,0,0,0,0,0.0330909,0,0,0.756867,0,1.09188,0,0.44743,4.32403,0.23397,1.26438,0,0,0,0.00658598,0,0,0,0
"MtrElec",12,25,3,"",8.93769,0,0.928153,0,0,0,0.0330909,0,0.20232,0.756867,0,1.09188,0,0.353234,4.10267,0.228883,1.23565,0,0,0,0.00493948,0,0,0,0
"MtrElec",12,25,4,"",10.4908,0,1.63943,0.66726,0,0,0.0330909,0,0.374347,0.756867,0,1.09188,0,0.400332,4.09207,0.228883,1.20172,0,0,0,0.00493948,0,0,0,0
"MtrElec",12,25,5,"",11.8505,0,2.45745,1.1676,0,0,0.0330909,0,0.5719,0.756867,0,1.09188,0,0.494528,3.88707,0.23397,1.15125,0,0,0,0.00493948,0,0,0,0
"MtrElec",12,25,6,"",14.0962,0,3.49464,1.58963,0,0,0.0330909,0,0.810535,0.756867,0,1.09188,0,0.730017,4.21138,0.228883,1.14103,0,0,0,0.00823247,0,0,0,0
"MtrElec",12,25,7,"",17.3202,0,3.3009,1.44718,0,0,0.0330909,0,0.762002,0.756867,0,1.09188,0,0.989055,4.72608,0.223797,1.15989,2.81298,0,0,0.0164649,0,0,0,0
"MtrElec",12,25,8,"",8.36283,0,2.30696,1.04817,0.0264844,0,0.0330909,0,0.524419,0.756867,0,1.09188,0,0.965507,5.07215,0.208538,1.27103,2.13782,0,0,0.0444554,0,0,0,-7.12454
"MtrElec",12,25,9,"",-5.99422,0,0.463968,0,0.0264844,0,0.0330909,0,0.0999908,0.756867,0,1.09188,0,0.800664,4.76603,0.183107,1.47694,0,0,1.00015,0.0790317,0,0,0,-16.7724
"MtrElec",12,25,10,"",-14.1131,0,0,0,0.0264844,0,0.0330909,0,0,0.756867,0,0,0,0.682919,4.58122,0.152589,1.42503,0,0.422432,1.64554,0.0790317,0,0,0,-23.9183
"MtrElec",12,25,11,"",-19.6459,0,0,0,0.0264844,0,0.0330909,0,0,0.756867,0,0,0,0.635821,4.66079,0.122071,1.40848,0,0.695028,0.645614,0.0757388,0,0,0,-28.7059
"MtrElec",12,25,12,"",-21.5806,0,0,0,0.0264844,0,0.0330909,0,0,0.756867,0,0,0,0.588723,4.58972,0.0813808,1.44123,0,0.272688,1.11897,0.0905572,0,0,0,-30.5803
"MtrElec",12,25,13,"",-22.0787,0,0,0,0.0264844,0,0.0330909,0,0,0.756867,0,0,0,0.494528,4.54797,0.0610356,1.47381,0,0.472621,0,0.103729,0,0,0,-30.0488
"MtrElec",12,25,14,"",-16.5184,0,0,0,0.0264844,0,0.0330909,0,0,0.756867,0,0,0,0.494528,4.68565,0.0559493,1.49744,2.79845,0,0,0.0971432,0,0,0,-26.964
"MtrElec",12,25,15,"",-11.3196,0,0,0,0.0264844,0,0.0330909,0,0,0.756867,0,0,0,0.494528,4.91222,0.0559493,1.47908,2.15247,0,0,0.102083,0,0,0,-21.3324
"MtrElec",12,25,16,"",-3.97921,0,0,0,0.0264844,0,0.0330909,0,0,0.756867,0,0,0,0.612272,5.16436,0.0610356,1.53105,0,0,0,0.111962,0,0,0,-12.2763
"MtrElec",12,25,17,"",6.51313,0,0,0,0.0264844,0,0.0330909,0,0,0.756867,0,0,0,0.730017,5.79316,0.0966397,1.48978,0,0,0,0.149831,0,0,0,-2.56275
"MtrElec",12,25,18,"",10.3624,0,0,0,0,0,0.0330909,0,0,0.756867,0,0,0,1.03615,6.53103,0.193279,1.58316,0,0,0,0.228863,0,0,0,0
"MtrElec",12,25,19,"",11.9564,0,0,0,0,0,0.0330909,0,0,0.756867,0,0,0,1.97811,7.01531,0.244142,1.71651,0,0,0,0.212398,0,0,0,0
"MtrElec",12,25,20,"",12.9365,0,0,0,0,0,0.0330909,0,0,0.756867,0,0,0,2.75523,7.28902,0.305178,1.67857,0,0,0,0.118548,0,0,0,0
"MtrElec",12,25,21,"",13.1067,0,0,0,0,0,0.0330909,0,0,0.756867,0,0,0,2.66103,7.55212,0.422163,1.62878,0,0,0,0.0526878,0,0,0,0
"MtrElec",12,25,22,"",12.6123,0,0,0,0,0,0.0330909,0,0,0.756867,0,0,0,2.2607,7.47795,0.498457,1.56223,0,0,0,0.0230509,0,0,0,0
"MtrElec",12,25,23,"",10.827,0,0,0,0,0,0.0330909,0,0,0.756867,0,0,0,1.48358,6.6859,0.432335,1.42045,0,0,0,0.0148185,0,0,0,0
"MtrElec",12,25,24,"",9.17581,0,0,0,0,0,0.0330909,0,0,0.756867,0,0,0,0.918409,5.70777,0.300092,1.45135,0,0,0,0.00823247,0,0,0,0
"MtrElec",12,26,1,"",7.59355,0,0,0,0,0,0.0330909,0,0,0.756867,0,0,0,0.541626,4.69367,0.23397,1.3261,0,0,0,0.00823247,0,0,0,0
"MtrElec",12,26,2,"",8.15873,0,0,0,0,0,0.0330909,0,0,0.756867,0,1.09188,0,0.44743,4.32403,0.23397,1.26488,0,0,0,0.00658598,0,0,0,0
"MtrElec",12,26,3,"",7.9534,0,0.118546,0,0,0,0.0330909,0,0.025272,0.756867,0,1.09188,0,0.353234,4.10267,0.228883,1.238,0,0,0,0.00493948,0,0,0,0
"MtrElec",12,26,4,"",8.82241,0,0.830684,0,0,0,0.0330909,0,0.179328,0.756867,0,1.09188,0,0.400332,4.09207,0.228883,1.20434,0,0,0,0.00493948,0,0,0,0
"MtrElec",12,26,5,"",9.22472,0,1.2859,0,0,0,0.0330909,0,0.281825,0.756867,0,1.09188,0,0.494528,3.88707,0.23397,1.15464,0,0,0,0.00493948,0,0,0,0
"MtrElec",12,26,6,"",9.83723,0,1.3374,0,0,0,0.0330909,0,0.293914,0.756867,0,1.09188,0,0.730017,4.21138,0.228883,1.14555,0,0,0,0.00823247,0,0,0,0
"MtrElec",12,26,7,"",11.0053,0,1.23112,0,0,0,0.0330909,0,0.269632,0.756867,0,1.09188,0,0.989055,4.72608,0.223797,1.16347,0,0,0.503799,0.0164649,0,0,0,0
"MtrElec",12,26,8,"",11.397,0,1.19485,0,0,0,0.0330909,0,0.260542,0.756867,0,1.09188,0,0.965507,5.07215,0.208538,1.27318,0,0.21279,0.768643,0.0444554,0,0,0,-0.485534
"MtrElec",12,26,9,"",6.57566,0,0.902356,0,0,0,0.0330909,0,0.193808,0.756867,0,0,0,0.800664,4.76603,0.183107,1.47807,0,0.324652,0.491988,0.0790317,0,0,0,-3.434
"MtrElec",12,26,10,"",-0.895914,0,0.302465,0,0.0264844,0,0.0330909,0,0.0635447,0.756867,0,0,0,0.682919,4.58122,0.152589,1.42592,0,0.207801,0,0.0790317,0,0,0,-9.20785
"MtrElec",12,26,11,"",-3.57813,0,0,0,0.0264844,0,0.0330909,0,0,0.756867,0,0,0,0.635821,4.66079,0.122071,1.40361,0,0,0,0.0757388,0,0,0,-11.2926
"MtrElec",12,26,12,"",-3.70511,0,0,0,0.0264844,0,0.0330909,0,0,0.756867,0,0,0,0.588723,4.58972,0.0813808,1.42877,0,0,0,0.0905572,0,0,0,-11.3007
"MtrElec",12,26,13,"",-2.18887,0,0,0,0.0264844,0,0.0330909,0,0,0.756867,0,0,0,0.494528,4.54797,0.0610356,1.45515,0,0,0,0.103729,0,0,0,-9.66772
"MtrElec",12,26,14,"",-0.109391,0,0,0,0.0264844,0,0.0330909,0,0,0.756867,0,0,0,0.494528,4.68565,0.0559493,1.47492,0,0,0,0.0971432,0,0,0,-7.73402
"MtrElec",12,26,15,"",2.07687,0,0,0,0.0264844,0,0.0330909,0,0,0.756867,0,0,0,0.494528,4.91222,0.0559493,1.45063,0,0,0,0.102083,0,0,0,-5.75498
"MtrElec",12,26,16,"",5.62842,0,0,0,0.0264844,0,0.0330909,0,0,0.756867,0,0,0,0.612272,5.16436,0.0610356,1.50513,0,0,0,0.111962,0,0,0,-2.64278
"MtrElec",12,26,17,"",8.93551,0,0,0,0,0,0.0330909,0,0,0.756867,0,0,0,0.730017,5.79316,0.0966397,1.45003,0,0,0,0.149831,0,0,0,-0.0741332
"MtrElec",12,26,18,"",10.3275,0,0,0,0,0,0.0330909,0,0,0.756867,0,0,0,1.03615,6.53103,0.193279,1.54819,0,0,0,0.228863,0,0,0,0
"MtrElec",12,26,19,"",11.9355,0,0,0,0,0,0.0330909,0,0,0.756867,0,0,0,1.97811,7.01531,0.244142,1.69553,0,0,0,0.212398,0,0,0,0
"MtrElec",12,26,20,"",12.9157,0,0,0,0,0,0.0330909,0,0,0.756867,0,0,0,2.75523,7.28902,0.305178,1.65779,0,0,0,0.118548,0,0,0,0
"MtrElec",12,26,21,"",13.0852,0,0,0,0,0,0.0330909,0,0,0.756867,0,0,0,2.66103,7.55212,0.422163,1.60726,0,0,0,0.0526878,0,0,0,0
"MtrElec",12,26,22,"",12.5929,0,0,0,0,0,0.0330909,0,0,0.756867,0,0,0,2.2607,7.47795,0.498457,1.5428,0,0,0,0.0230509,0,0,0,0
"MtrElec",12,26,23,"",10.8031,0,0,0,0,0,0.0330909,0,0,0.756867,0,0,0,1.48358,6.6859,0.432335,1.39651,0,0,0,0.0148185,0,0,0,0
"MtrElec",12,26,24,"",9.16267,0,0,0,0,0,0.0330909,0,0,0.756867,0,0,0,0.918409,5.70777,0.300092,1.43821,0,0,0,0.00823247,0,0,0,0
"MtrElec",12,27,1,"",7.57882,0,0,0,0,0,0.0330909,0,0,0.756867,0,0,0,0.541626,4.69367,0.23397,1.31136,0,0,0,0.00823247,0,0,0,0
"MtrElec",12,27,2,"",7.05595,0,0,0,0,0,0.0330909,0,0,0.756867,0,0,0,0.44743,4.32403,0.23397,1.25397,0,0,0,0.00658598,0,0,0,0
"MtrElec",12,27,3,"",6.99438,0,0.235696,0,0,0,0.0330909,0,0.0491635,0.756867,0,0,0,0.353234,4.10267,0.228883,1.22983,0,0,0,0.00493948,0,0,0,0
"MtrElec",12,27,4,"",7.23547,0,0.429861,0,0,0,0.0330909,0,0.0900646,0.756867,0,0,0,0.400332,4.09207,0.228883,1.19937,0,0,0,0.00493948,0,0,0,0
"MtrElec",12,27,5,"",7.23163,0,0.55339,0,0,0,0.0330909,0,0.116378,0.756867,0,0,0,0.494528,3.88707,0.23397,1.1514,0,0,0,0.00493948,0,0,0,0
"MtrElec",12,27,6,"",7.54875,0,0.360937,0,0,0,0.0330909,0,0.0754431,0.756867,0,0,0,0.730017,4.21138,0.228883,1.1439,0,0,0,0.00823247,0,0,0,0
"MtrElec",12,27,7,"",8.06736,0,0.131248,0,0,0,0.0330909,0,0.0272463,0.756867,0,0,0,0.989055,4.72608,0.223797,1.16351,0,0,0,0.0164649,0,0,0,0
"MtrElec",12,27,8,"",8.67509,0,0.264667,0,0,0,0.0330909,0,0.0551551,0.756867,0,0,0,0.965507,5.07215,0.208538,1.27466,0,0,0,0.0444554,0,0,0,0
"MtrElec",12,27,9,"",8.29315,0,0.381584,0,0,0,0.0330909,0,0.079641,0.756867,0,0,0,0.800664,4.76603,0.183107,1.47913,0,0,0,0.0790317,0,0,0,-0.266002
"MtrElec",12,27,10,"",6.5996,0,0.286221,0,0,0,0.0330909,0,0.0593508,0.756867,0,0,0,0.682919,4.58122,0.152589,1.42658,0,0,0.207122,0.0790317,0,0,0,-1.6654
"MtrElec",12,27,11,"",5.74134,0,0.140838,0,0,0,0.0330909,0,0.028997,0.756867,0,0,0,0.635821,4.66079,0.122071,1.40348,0,0.0874822,1.10183,0.0757388,0,0,0,-3.30567
"MtrElec",12,27,12,"",7.0859,0,0,0,0,0,0.0330909,0,0,0.756867,0,0,0,0.588723,4.58972,0.0813808,1.42808,2.31838,0.465379,0.455059,0.0905572,0,0,0,-3.72134
"MtrElec",12,27,13,"",5.80125,0,0,0,0.0264844,0,0.0330909,0,0,0.756867,0,0,0,0.494528,4.54797,0.0610356,1.45428,2.63314,0.192203,0,0.103729,0,0,0,-4.50209
"MtrElec",12,27,14,"",0.705131,0,0,0,0.0264844,0,0.0330909,0,0,0.756867,0,0,0,0.494528,4.68565,0.0559493,1.47368,0,0,0,0.0971432,0,0,0,-6.91827
"MtrElec",12,27,15,"",-2.81,0,0,0,0.0264844,0,0.0330909,0,0,0.756867,0,0,0,0.494528,4.91222,0.0559493,1.44767,0,0,0.882055,0.102083,0,0,0,-11.521
"MtrElec",12,27,16,"",5.82564,0,0,0,0.0264844,0,0.0330909,0,0,0.756867,0,0,0,0.612272,5.16436,0.0610356,1.50348,0,0.372554,0,0.111962,0,0,0,-2.81645
"MtrElec",12,27,17,"",9.00889,0,0,0,0,0,0.0330909,0,0,0.756867,0,0,0,0.730017,5.79316,0.0966397,1.44928,0,0,0,0.149831,0,0,0,0
"MtrElec",12,27,18,"",11.2082,0,0,0,0,0,0.0330909,0,0,0.756867,0,0,0,1.03615,6.53103,0.193279,1.54675,0,0,0.882206,0.228863,0,0,0,0
"MtrElec",12,27,19,"",12.716,0,0,0,0,0,0.0330909,0,0,0.756867,0,0,0,1.97811,7.01531,0.244142,1.69456,0,0.372617,0.408911,0.212398,0,0,0,0
"MtrElec",12,27,20,"",13.5614,0,0,0,0,0,0.0330909,0,0,0.756867,0,0,0,2.75523,7.28902,0.305178,1.65765,0,0.172712,0.473138,0.118548,0,0,0,0
"MtrElec",12,27,21,"",13.2858,0,0,0,0,0,0.0330909,0,0,0.756867,0,0,0,2.66103,7.55212,0.422163,1.608,0,0.199839,0,0.0526878,0,0,0,0
"MtrElec",12,27,22,"",12.5938,0,0,0,0,0,0.0330909,0,0,0.756867,0,0,0,2.2607,7.47795,0.498457,1.54371,0,0,0,0.0230509,0,0,0,0
"MtrElec",12,27,23,"",10.8042,0,0,0,0,0,0.0330909,0,0,0.756867,0,0,0,1.48358,6.6859,0.432335,1.39764,0,0,0,0.0148185,0,0,0,0
"MtrElec",12,27,24,"",9.16339,0,0,0,0,0,0.0330909,0,0,0.756867,0,0,0,0.918409,5.70777,0.300092,1.43893,0,0,0,0.00823247,0,0,0,0
"MtrElec",12,28,1,"",7.51563,0,0,0,0,0,0.0330909,0,0,0.756867,0,0,0,0.541626,4.68071,0.23397,1.26114,0,0,0,0.00823247,0,0,0,0
"MtrElec",12,28,2,"",6.98948,0,0,0,0,0,0.0330909,0,0,0.756867,0,0,0,0.44743,4.27489,0.23397,1.23665,0,0,0,0.00658598,0,0,0,0
"MtrElec",12,28,3,"",6.68928,0,0,0,0,0,0.0330909,0,0,0.756867,0,0,0,0.353234,4.11364,0.23397,1.19189,0,0,0,0.00658598,0,0,0,0
"MtrElec",12,28,4,"",6.71956,0,0.0212118,0,0,0,0.0330909,0,0.00440389,0.756867,0,0,0,0.400332,4.09007,0.23397,1.17303,0,0,0,0.00658598,0,0,0,0
"MtrElec",12,28,5,"",6.94989,0,0.326953,0,0,0,0.0330909,0,0.0681793,0.756867,0,0,0,0.494528,3.89803,0.23397,1.13168,0,0,0,0.00658598,0,0,0,0
"MtrElec",12,28,6,"",7.37604,0,0.215844,0,0,0,0.0330909,0,0.0448734,0.756867,0,0,0,0.730017,4.22235,0.188193,1.16175,0,0,0,0.0230509,0,0,0,0
"MtrElec",12,28,7,"",8.15311,0,0.0227714,0,0,0,0.0330909,0,0.00471326,0.756867,0,0,0,0.989055,4.8094,0.17802,1.3279,0,0,0,0.0312834,0,0,0,0
"MtrElec",12,28,8,"",8.78145,0,0.138873,0,0,0,0.0330909,0,0.0288048,0.756867,0,0,0,0.965507,5.16844,0.172934,1.47578,0,0,0,0.0411624,0,0,0,0
"MtrElec",12,28,9,"",8.27748,0,0.392864,0,0,0,0.0330909,0,0.082048,0.756867,0,0,0,0.800664,4.78925,0.167848,1.42601,0,0,0,0.0428089,0,0,0,-0.213968
"MtrElec",12,28,10,"",-0.998374,0,0.32689,0,0.0264844,0,0.0330909,0,0.0682224,0.756867,0,0,0,0.682919,4.49719,0.142416,1.30388,0.484958,0,0.476651,0.0362229,0,0,0,-9.83416
"MtrElec",12,28,11,"",0.00103027,0,0.101333,0,0.0264844,0,0.0330909,0,0.0210388,0.756867,0,0,0,0.635821,4.55318,0.111899,1.26834,1.69357,0.201323,0.405362,0.0345764,0,0,0,-9.84186
"MtrElec",12,28,12,"",-8.23526,0,0,0,0.0264844,0,0.0330909,0,0,0.756867,0,0,0,0.588723,4.55318,0.0762945,1.28765,0.296245,0.171213,0.882056,0.0477483,0,0,0,-16.9548
"MtrElec",12,28,13,"",-6.43245,0,0,0,0.0264844,0,0.0330909,0,0,0.756867,0,0,0,0.494528,4.55858,0.0610356,1.34154,0,0.372554,0,0.0576273,0,0,0,-14.1348
"MtrElec",12,28,14,"",-4.44329,0,0,0,0.0264844,0,0.0330909,0,0,0.756867,0,0,0,0.494528,4.66008,0.0559493,1.30961,0,0,0,0.0526878,0,0,0,-11.8326
"MtrElec",12,28,15,"",5.398,0,0,0,0,0,0.0330909,0,0,0.756867,0,0,0,0.494528,4.8289,0.0559493,1.34137,0,0,0.673737,0.0559808,0,0,0,-2.84242
"MtrElec",12,28,16,"",7.86591,0,0,0,0,0,0.0330909,0,0,0.756867,0,0,0,0.612272,4.97378,0.0610356,1.35015,1.26327,0.284566,1.97224,0.0856177,0,0,0,-3.52699
"MtrElec",12,28,17,"",11.7258,0,0,0,0,0,0.0330909,0,0,0.756867,0,0,0,0.730017,5.61555,0.0966397,1.37719,1.21212,0.833016,0.881924,0.189347,0,0,0,0
"MtrElec",12,28,18,"",11.5625,0,0,0,0,0,0.0330909,0,0,0.756867,0,0,0,1.03615,6.46032,0.188193,1.5156,0,0.372498,0.882049,0.317773,0,0,0,0
"MtrElec",12,28,19,"",12.3688,0,0,0,0,0,0.0330909,0,0,0.756867,0,0,0,1.97811,7.02792,0.249229,1.65466,0,0.372551,0,0.296369,0,0,0,0
"MtrElec",12,28,20,"",13.0908,0,0,0,0,0,0.0330909,0,0,0.756867,0,0,0,2.75523,7.38531,0.330609,1.66832,0,0,0,0.161356,0,0,0,0
"MtrElec",12,28,21,"",13.2599,0,0,0,0,0,0.0330909,0,0,0.756867,0,0,0,2.66103,7.69556,0.462853,1.58139,0,0,0,0.0691528,0,0,0,0
"MtrElec",12,28,22,"",12.7541,0,0,0,0,0,0.0330909,0,0,0.756867,0,0,0,2.2607,7.63435,0.534061,1.50208,0,0,0,0.0329299,0,0,0,0
"MtrElec",12,28,23,"",10.9292,0,0,0,0,0,0.0330909,0,0,0.756867,0,0,0,1.48358,6.76958,0.462853,1.40347,0,0,0,0.0197579,0,0,0,0
"MtrElec",12,28,24,"",9.13457,0,0,0,0,0,0.0330909,0,0,0.756867,0,0,0,0.918409,5.80912,0.320437,1.28018,0,0,0,0.0164649,0,0,0,0
"MtrElec",12,29,1,"",7.51899,0,0,0,0,0,0.0330909,0,0,0.756867,0,0,0,0.541626,4.68071,0.23397,1.2645,0,0,0,0.00823247,0,0,0,0
"MtrElec",12,29,2,"",8.68998,0,0,0,0,0,0.0330909,0,0,0.756867,0,0,0,0.44743,4.27489,0.23397,1.23951,1.69764,0,0,0.00658598,0,0,0,0
"MtrElec",12,29,3,"",7.47085,0,0,0,0,0,0.0330909,0,0,0.756867,0,0,0,0.353234,4.11364,0.23397,1.19555,0.777912,0,0,0.00658598,0,0,0,0
"MtrElec",12,29,4,"",6.88219,0,0.15242,0,0,0,0.0330909,0,0.0318012,0.756867,0,0,0,0.400332,4.09007,0.23397,1.17705,0,0,0,0.00658598,0,0,0,0
"MtrElec",12,29,5,"",7.10687,0,0.452886,0,0,0,0.0330909,0,0.0949087,0.756867,0,0,0,0.494528,3.89803,0.23397,1.13599,0,0,0,0.00658598,0,0,0,0
"MtrElec",12,29,6,"",7.47988,0,0.297109,0,0,0,0.0330909,0,0.0619745,0.756867,0,0,0,0.730017,4.22235,0.188193,1.16723,0,0,0,0.0230509,0,0,0,0
"MtrElec",12,29,7,"",8.17417,0,0.0364652,0,0,0,0.0330909,0,0.00754455,0.756867,0,0,0,0.989055,4.8094,0.17802,1.33243,0,0,0,0.0312834,0,0,0,0
"MtrElec",12,29,8,"",8.71221,0,0.0786167,0,0,0,0.0330909,0,0.0162681,0.756867,0,0,0,0.965507,5.16844,0.172934,1.47933,0,0,0,0.0411624,0,0,0,0
"MtrElec",12,29,9,"",-2.82989,0,0.00110489,0,0.0264844,0,0.0330909,0,0.000227389,0.756867,0,0,0,0.800664,4.78925,0.167848,1.43006,0,0,0,0.0428089,0,0,0,-10.8783
"MtrElec",12,29,10,"",-11.767,0,0,0,0.0264844,0,0.0330909,0,0,0.756867,0,0,0,0.682919,4.49719,0.142416,1.31038,1.18923,0,0,0.0362229,0,0,0,-20.4418
"MtrElec",12,29,11,"",-14.7173,0,0,0,0.0264844,0,0.0330909,0,0,0.756867,0,0,0,0.635821,4.55318,0.111899,1.27892,1.28607,0,0.605934,0.0345764,0,0,0,-24.0402
"MtrElec",12,29,12,"",-11.4251,0,0,0,0.0264844,0,0.0330909,0,0,0.756867,0,0,0,0.588723,4.55318,0.0762945,1.30164,0,0.255928,0.276015,0.0477483,0,0,0,-19.3411
"MtrElec",12,29,13,"",-18.3043,0,0,0,0.0264844,0,0.0330909,0,0,0.756867,0,0,0,0.494528,4.55858,0.0610356,1.35411,0,0.116581,0.285975,0.0576273,0,0,0,-26.0492
"MtrElec",12,29,14,"",-9.02922,0,0,0,0.0264844,0,0.0330909,0,0,0.756867,0,0,0,0.494528,4.66008,0.0559493,1.32422,0,0.120787,1.47826,0.0526878,0,0,0,-18.0322
"MtrElec",12,29,15,"",0.399677,0,0,0,0.0264844,0,0.0330909,0,0,0.756867,0,0,0,0.494528,4.8289,0.0559493,1.35602,0,0.624373,0.336868,0.0559808,0,0,0,-8.16938
"MtrElec",12,29,16,"",-2.31424,0,0,0,0.0264844,0,0.0330909,0,0,0.756867,0,0,0,0.612272,4.97378,0.0610356,1.3679,0,0.142283,0.763951,0.0856177,0,0,0,-11.1375
"MtrElec",12,29,17,"",6.07907,0,0,0,0.0264844,0,0.0330909,0,0,0.756867,0,0,0,0.730017,5.61555,0.0966397,1.40015,0,0.32267,0.432205,0.189347,0,0,0,-3.52395
"MtrElec",12,29,18,"",10.7444,0,0,0,0,0,0.0330909,0,0,0.756867,0,0,0,1.03615,6.46032,0.188193,1.53865,0,0.18255,0.230815,0.317773,0,0,0,0
"MtrElec",12,29,19,"",13.8228,0,0,0,0,0,0.0330909,0,0,0.756867,0,0,0,1.97811,7.02792,0.249229,1.67253,1.71125,0.0974895,0,0.296369,0,0,0,0
"MtrElec",12,29,20,"",13.8658,0,0,0,0,0,0.0330909,0,0,0.756867,0,0,0,2.75523,7.38531,0.330609,1.68055,0.762762,0,0,0.161356,0,0,0,0
"MtrElec",12,29,21,"",13.2722,0,0,0,0,0,0.0330909,0,0,0.756867,0,0,0,2.66103,7.69556,0.462853,1.59361,0,0,0,0.0691528,0,0,0,0
"MtrElec",12,29,22,"",12.7644,0,0,0,0,0,0.0330909,0,0,0.756867,0,0,0,2.2607,7.63435,0.534061,1.51236,0,0,0,0.0329299,0,0,0,0
"MtrElec",12,29,23,"",10.9362,0,0,0,0,0,0.0330909,0,0,0.756867,0,0,0,1.48358,6.76958,0.462853,1.41049,0,0,0,0.0197579,0,0,0,0
"MtrElec",12,29,24,"",10.2308,0,0,0,0,0,0.0330909,0,0,0.756867,0,1.09188,0,0.918409,5.80912,0.320437,1.28457,0,0,0,0.0164649,0,0,0,0
"MtrElec",12,30,1,"",9.04026,0,0.353333,0,0,0,0.0330909,0,0.0758443,0.756867,0,1.09188,0,0.541626,4.68071,0.23397,1.26471,0,0,0,0.00823247,0,0,0,0
"MtrElec",12,30,2,"",9.47809,0,1.14633,0,0,0,0.0330909,0,0.249914,0.756867,0,1.09188,0,0.44743,4.27489,0.23397,1.23712,0,0,0,0.00658598,0,0,0,0
"MtrElec",12,30,3,"",9.76044,0,1.62024,0,0,0,0.0330909,0,0.35894,0.756867,0,1.09188,0,0.353234,4.11364,0.23397,1.19199,0,0,0,0.00658598,0,0,0,0
"MtrElec",12,30,4,"",10.2354,0,2.00033,0,0,0,0.0330909,0,0.449311,0.756867,0,1.09188,0,0.400332,4.09007,0.23397,1.17291,0,0,0,0.00658598,0,0,0,0
"MtrElec",12,30,5,"",11.0975,0,2.68279,0.161503,0,0,0.0330909,0,0.607156,0.756867,0,1.09188,0,0.494528,3.89803,0.23397,1.13109,0,0,0,0.00658598,0,0,0,0
"MtrElec",12,30,6,"",13.5509,0,3.09121,1.54265,0,0,0.0330909,0,0.71173,0.756867,0,1.09188,0,0.730017,4.22235,0.188193,1.15987,0,0,0,0.0230509,0,0,0,0
"MtrElec",12,30,7,"",14.4682,0,3.05011,1.50215,0,0,0.0330909,0,0.699617,0.756867,0,1.09188,0,0.989055,4.8094,0.17802,1.32675,0,0,0,0.0312834,0,0,0,0
"MtrElec",12,30,8,"",6.51632,0,2.22476,0.346503,0.0264844,0,0.0330909,0,0.494276,0.756867,0,1.09188,0,0.965507,5.16844,0.172934,1.47471,0,0,0,0.0411624,0,0,0,-6.2803
"MtrElec",12,30,9,"",-7.22011,0,0.570317,0,0.0264844,0,0.0330909,0,0.12266,0.756867,0,0,0,0.800664,4.78925,0.167848,1.42486,0,0,0,0.0428089,0,0,0,-15.955
"MtrElec",12,30,10,"",-13.5795,0,0,0,0.0264844,0,0.0330909,0,0,0.756867,0,0,0,0.682919,4.49719,0.142416,1.30348,0.939524,0,1.35845,0.0362229,0,0,0,-23.3561
"MtrElec",12,30,11,"",-18.1912,0,0,0,0.0264844,0,0.0330909,0,0,0.756867,0,0,0,0.635821,4.55318,0.111899,1.27315,1.5359,0.57377,0.405362,0.0345764,0,0,0,-28.1313
"MtrElec",12,30,12,"",-15.6714,0,0,0,0.0264844,0,0.0330909,0,0,0.756867,0,0,0,0.588723,4.55318,0.0762945,1.29926,0,0.171213,0,0.0477483,0,0,0,-23.2242
"MtrElec",12,30,13,"",-14.3846,0,0,0,0.0264844,0,0.0330909,0,0,0.756867,0,0,0,0.494528,4.55858,0.0610356,1.35172,0,0,0,0.0576273,0,0,0,-21.7245
"MtrElec",12,30,14,"",-1.67239,0,0,0,0.0264844,0,0.0330909,0,0,0.756867,0,0,0,0.494528,4.66008,0.0559493,1.31897,0,0,0,0.0526878,0,0,0,-9.07105
"MtrElec",12,30,15,"",5.91676,0,0,0,0,0,0.0330909,0,0,0.756867,0,0,0,0.494528,4.8289,0.0559493,1.34841,0,0,0,0.0559808,0,0,0,-1.65696
"MtrElec",12,30,16,"",6.95469,0,0,0,0,0,0.0330909,0,0,0.756867,0,0,0,0.612272,4.97378,0.0610356,1.35656,1.26327,0,0.575947,0.0856177,0,0,0,-2.76375
"MtrElec",12,30,17,"",10.1107,0,0,0,0,0,0.0330909,0,0,0.756867,0,0,0,0.730017,5.61555,0.0966397,1.383,1.21212,0.243263,0.306327,0.189347,0,0,0,-0.455539
"MtrElec",12,30,18,"",10.4406,0,0,0,0,0,0.0330909,0,0,0.756867,0,0,0,1.03615,6.46032,0.188193,1.51882,0,0.129383,0,0.317773,0,0,0,0
"MtrElec",12,30,19,"",12.6751,0,0,0,0,0,0.0330909,0,0,0.756867,0,0,0,1.97811,7.02792,0.249229,1.65587,0,0,0.677641,0.296369,0,0,0,0
"MtrElec",12,30,20,"",13.5818,0,0,0,0,0,0.0330909,0,0,0.756867,0,0,0,2.75523,7.38531,0.330609,1.66896,0,0.286215,0.204201,0.161356,0,0,0,0
"MtrElec",12,30,21,"",13.3477,0,0,0,0,0,0.0330909,0,0,0.756867,0,0,0,2.66103,7.69556,0.462853,1.58288,0,0.0862486,0,0.0691528,0,0,0,0
"MtrElec",12,30,22,"",12.7553,0,0,0,0,0,0.0330909,0,0,0.756867,0,0,0,2.2607,7.63435,0.534061,1.50332,0,0,0,0.0329299,0,0,0,0
"MtrElec",12,30,23,"",10.9292,0,0,0,0,0,0.0330909,0,0,0.756867,0,0,0,1.48358,6.76958,0.462853,1.40351,0,0,0,0.0197579,0,0,0,0
"MtrElec",12,30,24,"",9.13339,0,0,0,0,0,0.0330909,0,0,0.756867,0,0,0,0.918409,5.80912,0.320437,1.279,0,0,0,0.0164649,0,0,0,0
"MtrElec",12,31,1,"",7.51724,0,0,0,0,0,0.0330909,0,0,0.756867,0,0,0,0.541626,4.68071,0.23397,1.26275,0,0,0,0.00823247,0,0,0,0
"MtrElec",12,31,2,"",8.68929,0,0.00104042,0,0,0,0.0330909,0,0.000215334,0.756867,0,0,0,0.44743,4.27489,0.23397,1.23757,1.69764,0,0,0.00658598,0,0,0,0
"MtrElec",12,31,3,"",7.89922,0,0.356201,0,0,0,0.0330909,0,0.0744612,0.756867,0,0,0,0.353234,4.11364,0.23397,1.19326,0.777912,0,0,0.00658598,0,0,0,0
"MtrElec",12,31,4,"",7.32868,0,0.522632,0,0,0,0.0330909,0,0.109799,0.756867,0,0,0,0.400332,4.09007,0.23397,1.17534,0,0,0,0.00658598,0,0,0,0
"MtrElec",12,31,5,"",7.33689,0,0.643011,0,0,0,0.0330909,0,0.135581,0.756867,0,0,0,0.494528,3.89803,0.23397,1.13522,0,0,0,0.00658598,0,0,0,0
"MtrElec",12,31,6,"",7.6408,0,0.430827,0,0,0,0.0330909,0,0.0902359,0.756867,0,0,0,0.730017,4.22235,0.188193,1.16618,0,0,0,0.0230509,0,0,0,0
"MtrElec",12,31,7,"",8.42664,0,0.246106,0,0,0,0.0330909,0,0.0513494,0.756867,0,0,0,0.989055,4.8094,0.17802,1.33146,0,0,0,0.0312834,0,0,0,0
"MtrElec",12,31,8,"",9.227,0,0.504322,0,0,0,0.0330909,0,0.106214,0.756867,0,0,0,0.965507,5.16844,0.172934,1.47846,0,0,0,0.0411624,0,0,0,0
"MtrElec",12,31,9,"",8.81737,0,0.753909,0,0,0,0.0330909,0,0.159698,0.756867,0,0,0,0.800664,4.78925,0.167848,1.42861,0,0,0,0.0428089,0,0,0,-0.115365
"MtrElec",12,31,10,"",7.90357,0,0.710724,0,0,0,0.0330909,0,0.150029,0.756867,0,0,0,0.682919,4.49719,0.142416,1.30602,0.484958,0,0.476651,0.0362229,0,0,0,-1.37352
"MtrElec",12,31,11,"",3.45464,0,0.299015,0,0.0264844,0,0.0330909,0,0.062373,0.756867,0,0,0,0.635821,4.55318,0.111899,1.26899,1.69357,0.201323,0.405362,0.0345764,0,0,0,-6.62792
"MtrElec",12,31,12,"",-10.4632,0,0.107656,0,0.0264844,0,0.0330909,0,0.0223822,0.756867,0,0,0,0.588723,4.55318,0.0762945,1.28595,0.296245,0.171213,0,0.0477483,0,0,0,-18.4291
"MtrElec",12,31,13,"",-12.0432,0,0,0,0.0264844,0,0.0330909,0,0,0.756867,0,0,0,0.494528,4.55858,0.0610356,1.33741,0,0,0,0.0576273,0,0,0,-19.3689
"MtrElec",12,31,14,"",-2.19265,0,0,0,0.0264844,0,0.0330909,0,0,0.756867,0,0,0,0.494528,4.66008,0.0559493,1.30492,0,0,0,0.0526878,0,0,0,-9.57725
"MtrElec",12,31,15,"",-5.75899,0,0,0,0.0264844,0,0.0330909,0,0,0.756867,0,0,0,0.494528,4.8289,0.0559493,1.33852,0,0,0,0.0559808,0,0,0,-13.3493
"MtrElec",12,31,16,"",-4.46524,0,0,0,0.0264844,0,0.0330909,0,0,0.756867,0,0,0,0.612272,4.97378,0.0610356,1.3476,0,0,0.882163,0.0856177,0,0,0,-13.2442
"MtrElec",12,31,17,"",7.05155,0,0,0,0.0264844,0,0.0330909,0,0,0.756867,0,0,0,0.730017,5.61555,0.0966397,1.3768,0,0.372599,0.881924,0.189347,0,0,0,-3.02777
"MtrElec",12,31,18,"",11.5626,0,0,0,0,0,0.0330909,0,0,0.756867,0,0,0,1.03615,6.46032,0.188193,1.51561,0,0.372498,0.882049,0.317773,0,0,0,0
"MtrElec",12,31,19,"",13.0442,0,0,0,0,0,0.0330909,0,0,0.756867,0,0,0,1.97811,7.02792,0.249229,1.65244,0,0.372551,0.677641,0.296369,0,0,0,0
"MtrElec",12,31,20,"",14.6691,0,0,0,0,0,0.0330909,0,0,0.756867,0,1.09188,0,2.75523,7.38531,0.330609,1.66437,0,0.286215,0.204201,0.161356,0,0,0,0
"MtrElec",12,31,21,"",14.4965,0,0.0553251,0,0,0,0.0330909,0,0.011844,0.756867,0,1.09188,0,2.66103,7.69556,0.462853,1.57264,0,0.0862486,0,0.0691528,0,0,0,0
"MtrElec",12,31,22,"",17.4371,0,0.196651,0.0423821,0,0,0.0330909,0,0.0425241,0.756867,0,1.09188,0,2.2607,7.63435,0.534061,1.48572,2.47431,0,0.851616,0.0329299,0,0,0,0
"MtrElec",12,31,23,"",14.7018,0,1.34902,0.655508,0,0,0.0330909,0,0.306617,0.756867,0,1.09188,0,1.48358,6.76958,0.462853,1.38288,0,0.359697,0.0305102,0.0197579,0,0,0,0
"MtrElec",12,31,24,"",15.402,0,3.03035,1.45637,0,0,0.0330909,0,0.702831,0.756867,0,1.09188,0,0.918409,5.80912,0.320437,1.25331,0,0.0128866,0,0.0164649,0,0,0,0

"",002
"Tue 16-Feb-21   5:28:30 pm"
"Energy Use","Hour"
"Meter","Mon","Day","Hr","Subhr","Tot","Clg","Htg","HPHtg","Dhw","DhwBU","DhwMFL","FanC","FanH","FanV","Fan","Aux","Proc","Lit","Rcp","Ext","Refr","Dish","Dry","Wash","Cook","User1","User2","BT","PV"
"MtrNatGas",1,1,1,"",3.01199,0,0,0,2.86872,0,0,0,0,0,0,0,0,0,0,0,0,0,0,0,0.143269,0,0,0,0
"MtrNatGas",1,1,2,"",2.98465,0,0,0,2.87003,0,0,0,0,0,0,0,0,0,0,0,0,0,0,0,0.114615,0,0,0,0
"MtrNatGas",1,1,3,"",3.11196,0,0,0,3.02599,0,0,0,0,0,0,0,0,0,0,0,0,0,0,0,0.0859615,0,0,0,0
"MtrNatGas",1,1,4,"",2.95818,0,0,0,2.87222,0,0,0,0,0,0,0,0,0,0,0,0,0,0,0,0.0859615,0,0,0,0
"MtrNatGas",1,1,5,"",3.11639,0,0,0,3.03043,0,0,0,0,0,0,0,0,0,0,0,0,0,0,0,0.0859615,0,0,0,0
"MtrNatGas",1,1,6,"",41.5067,0,0,0,41.3634,0,0,0,0,0,0,0,0,0,0,0,0,0,0,0,0.143269,0,0,0,0
"MtrNatGas",1,1,7,"",22.6983,0,0,0,22.4118,0,0,0,0,0,0,0,0,0,0,0,0,0,0,0,0.286538,0,0,0,0
"MtrNatGas",1,1,8,"",42.8511,0,0,0,36.36,0,0,0,0,0,0,0,0,0,0,0,0,0,5.71748,0,0.773653,0,0,0,0
"MtrNatGas",1,1,9,"",49.1319,0,0,0,26.8862,0,0,0,0,0,0,0,0,0,0,0,0,0,20.8703,0,1.37538,0,0,0,0
"MtrNatGas",1,1,10,"",52.2567,0,0,0,42.3199,0,0,0,0,0,0,0,0,0,0,0,0,0,8.56145,0,1.37538,0,0,0,0
"MtrNatGas",1,1,11,"",78.452,0,0,0,27.6055,0,0,0,0,0,0,0,0,0,0,0,0,0,49.5285,0,1.31808,0,0,0,0
"MtrNatGas",1,1,12,"",48.4553,0,0,0,16.4072,0,0,0,0,0,0,0,0,0,0,0,0,0,30.4722,0,1.57596,0,0,0,0
"MtrNatGas",1,1,13,"",14.3145,0,0,0,12.172,0,0,0,0,0,0,0,0,0,0,0,0,0,0.337258,0,1.80519,0,0,0,0
"MtrNatGas",1,1,14,"",11.5577,0,0,0,5.37885,0,0,0,0,0,0,0,0,0,0,0,0,0,4.48832,0,1.69058,0,0,0,0
"MtrNatGas",1,1,15,"",13.7516,0,0,0,8.75302,0,0,0,0,0,0,0,0,0,0,0,0,0,3.22209,0,1.77654,0,0,0,0
"MtrNatGas",1,1,16,"",19.6531,0,0,0,11.826,0,0,0,0,0,0,0,0,0,0,0,0,0,5.87862,0,1.94846,0,0,0,0
"MtrNatGas",1,1,17,"",21.4432,0,0,0,17.0169,0,0,0,0,0,0,0,0,0,0,0,0,0,1.8188,0,2.6075,0,0,0,0
"MtrNatGas",1,1,18,"",19.9194,0,0,0,8.23741,0,0,0,0,0,0,0,0,0,0,0,0,0,7.6991,0,3.98288,0,0,0,0
"MtrNatGas",1,1,19,"",9.8977,0,0,0,6.20135,0,0,0,0,0,0,0,0,0,0,0,0,0,0,0,3.69634,0,0,0,0
"MtrNatGas",1,1,20,"",18.6473,0,0,0,16.5842,0,0,0,0,0,0,0,0,0,0,0,0,0,0,0,2.06308,0,0,0,0
"MtrNatGas",1,1,21,"",25.1249,0,0,0,24.208,0,0,0,0,0,0,0,0,0,0,0,0,0,0,0,0.916923,0,0,0,0
"MtrNatGas",1,1,22,"",29.5215,0,0,0,21.4171,0,0,0,0,0,0,0,0,0,0,0,0,0,7.70329,0,0.401154,0,0,0,0
"MtrNatGas",1,1,23,"",4.49883,0,0,0,4.24095,0,0,0,0,0,0,0,0,0,0,0,0,0,0,0,0.257884,0,0,0,0
"MtrNatGas",1,1,24,"",3.15064,0,0,0,3.00737,0,0,0,0,0,0,0,0,0,0,0,0,0,0,0,0.143269,0,0,0,0
"MtrNatGas",1,2,1,"",3.32157,0,0,0,3.1783,0,0,0,0,0,0,0,0,0,0,0,0,0,0,0,0.143269,0,0,0,0
"MtrNatGas",1,2,2,"",5.48008,0,0,0,5.36547,0,0,0,0,0,0,0,0,0,0,0,0,0,0,0,0.114615,0,0,0,0
"MtrNatGas",1,2,3,"",4.72082,0,0,0,4.60621,0,0,0,0,0,0,0,0,0,0,0,0,0,0,0,0.114615,0,0,0,0
"MtrNatGas",1,2,4,"",3.20788,0,0,0,3.09327,0,0,0,0,0,0,0,0,0,0,0,0,0,0,0,0.114615,0,0,0,0
"MtrNatGas",1,2,5,"",3.11862,0,0,0,3.00401,0,0,0,0,0,0,0,0,0,0,0,0,0,0,0,0.114615,0,0,0,0
"MtrNatGas",1,2,6,"",4.11827,0,0,0,3.71712,0,0,0,0,0,0,0,0,0,0,0,0,0,0,0,0.401154,0,0,0,0
"MtrNatGas",1,2,7,"",6.5618,0,0,0,6.01737,0,0,0,0,0,0,0,0,0,0,0,0,0,0,0,0.544423,0,0,0,0
"MtrNatGas",1,2,8,"",35.5916,0,0,0,34.8752,0,0,0,0,0,0,0,0,0,0,0,0,0,0,0,0.716346,0,0,0,0
"MtrNatGas",1,2,9,"",39.7125,0,0,0,38.9675,0,0,0,0,0,0,0,0,0,0,0,0,0,0,0,0.745,0,0,0,0
"MtrNatGas",1,2,10,"",21.6426,0,0,0,15.527,0,0,0,0,0,0,0,0,0,0,0,0,0,5.48529,0,0.630384,0,0,0,0
"MtrNatGas",1,2,11,"",9.84204,0,0,0,7.02271,0,0,0,0,0,0,0,0,0,0,0,0,0,2.2176,0,0.60173,0,0,0,0
"MtrNatGas",1,2,12,"",15.8137,0,0,0,14.9827,0,0,0,0,0,0,0,0,0,0,0,0,0,0,0,0.830961,0,0,0,0
"MtrNatGas",1,2,13,"",16.9374,0,0,0,8.23296,0,0,0,0,0,0,0,0,0,0,0,0,0,7.70155,0,1.00288,0,0,0,0
"MtrNatGas",1,2,14,"",18.0172,0,0,0,17.1003,0,0,0,0,0,0,0,0,0,0,0,0,0,0,0,0.916923,0,0,0,0
"MtrNatGas",1,2,15,"",25.4046,0,0,0,9.02893,0,0,0,0,0,0,0,0,0,0,0,0,0,15.4014,0,0.97423,0,0,0,0
"MtrNatGas",1,2,16,"",7.09955,0,0,0,5.60955,0,0,0,0,0,0,0,0,0,0,0,0,0,0,0,1.49,0,0,0,0
"MtrNatGas",1,2,17,"",13.9193,0,0,0,10.6242,0,0,0,0,0,0,0,0,0,0,0,0,0,0,0,3.29519,0,0,0,0
"MtrNatGas",1,2,18,"",14.847,0,0,0,9.31684,0,0,0,0,0,0,0,0,0,0,0,0,0,0,0,5.53019,0,0,0,0
"MtrNatGas",1,2,19,"",35.5159,0,0,0,30.3582,0,0,0,0,0,0,0,0,0,0,0,0,0,0,0,5.15769,0,0,0,0
"MtrNatGas",1,2,20,"",26.2359,0,0,0,23.4278,0,0,0,0,0,0,0,0,0,0,0,0,0,0,0,2.80808,0,0,0,0
"MtrNatGas",1,2,21,"",18.4668,0,0,0,17.2633,0,0,0,0,0,0,0,0,0,0,0,0,0,0,0,1.20346,0,0,0,0
"MtrNatGas",1,2,22,"",9.50201,0,0,0,8.92894,0,0,0,0,0,0,0,0,0,0,0,0,0,0,0,0.573077,0,0,0,0
"MtrNatGas",1,2,23,"",21.4733,0,0,0,21.1294,0,0,0,0,0,0,0,0,0,0,0,0,0,0,0,0.343846,0,0,0,0
"MtrNatGas",1,2,24,"",5.94587,0,0,0,5.65934,0,0,0,0,0,0,0,0,0,0,0,0,0,0,0,0.286538,0,0,0,0
"MtrNatGas",1,3,1,"",5.3253,0,0,0,5.18203,0,0,0,0,0,0,0,0,0,0,0,0,0,0,0,0.143269,0,0,0,0
"MtrNatGas",1,3,2,"",3.18091,0,0,0,3.0663,0,0,0,0,0,0,0,0,0,0,0,0,0,0,0,0.114615,0,0,0,0
"MtrNatGas",1,3,3,"",4.06714,0,0,0,3.98118,0,0,0,0,0,0,0,0,0,0,0,0,0,0,0,0.0859615,0,0,0,0
"MtrNatGas",1,3,4,"",3.27963,0,0,0,3.19367,0,0,0,0,0,0,0,0,0,0,0,0,0,0,0,0.0859615,0,0,0,0
"MtrNatGas",1,3,5,"",3.29256,0,0,0,3.2066,0,0,0,0,0,0,0,0,0,0,0,0,0,0,0,0.0859615,0,0,0,0
"MtrNatGas",1,3,6,"",6.0108,0,0,0,5.86753,0,0,0,0,0,0,0,0,0,0,0,0,0,0,0,0.143269,0,0,0,0
"MtrNatGas",1,3,7,"",24.8927,0,0,0,24.6062,0,0,0,0,0,0,0,0,0,0,0,0,0,0,0,0.286538,0,0,0,0
"MtrNatGas",1,3,8,"",49.3385,0,0,0,36.4651,0,0,0,0,0,0,0,0,0,0,0,0,0,12.0998,0,0.773653,0,0,0,0
"MtrNatGas",1,3,9,"",35.7481,0,0,0,21.6745,0,0,0,0,0,0,0,0,0,0,0,0,0,12.6982,0,1.37538,0,0,0,0
"MtrNatGas",1,3,10,"",39.1876,0,0,0,16.3972,0,0,0,0,0,0,0,0,0,0,0,0,0,21.415,0,1.37538,0,0,0,0
"MtrNatGas",1,3,11,"",35.5018,0,0,0,31.0019,0,0,0,0,0,0,0,0,0,0,0,0,0,3.18183,0,1.31808,0,0,0,0
"MtrNatGas",1,3,12,"",33.9692,0,0,0,20.8641,0,0,0,0,0,0,0,0,0,0,0,0,0,11.5292,0,1.57596,0,0,0,0
"MtrNatGas",1,3,13,"",23.4804,0,0,0,9.48881,0,0,0,0,0,0,0,0,0,0,0,0,0,12.1864,0,1.80519,0,0,0,0
"MtrNatGas",1,3,14,"",13.7473,0,0,0,8.13985,0,0,0,0,0,0,0,0,0,0,0,0,0,3.91683,0,1.69058,0,0,0,0
"MtrNatGas",1,3,15,"",16.4809,0,0,0,7.00309,0,0,0,0,0,0,0,0,0,0,0,0,0,7.70123,0,1.77654,0,0,0,0
"MtrNatGas",1,3,16,"",10.3522,0,0,0,8.40375,0,0,0,0,0,0,0,0,0,0,0,0,0,0,0,1.94846,0,0,0,0
"MtrNatGas",1,3,17,"",34.447,0,0,0,20.5586,0,0,0,0,0,0,0,0,0,0,0,0,0,11.2809,0,2.6075,0,0,0,0
"MtrNatGas",1,3,18,"",35.0164,0,0,0,26.9107,0,0,0,0,0,0,0,0,0,0,0,0,0,4.12283,0,3.98288,0,0,0,0
"MtrNatGas",1,3,19,"",20.1835,0,0,0,16.4872,0,0,0,0,0,0,0,0,0,0,0,0,0,0,0,3.69634,0,0,0,0
"MtrNatGas",1,3,20,"",10.2896,0,0,0,8.22653,0,0,0,0,0,0,0,0,0,0,0,0,0,0,0,2.06308,0,0,0,0
"MtrNatGas",1,3,21,"",13.8536,0,0,0,9.77696,0,0,0,0,0,0,0,0,0,0,0,0,0,3.15976,0,0.916923,0,0,0,0
"MtrNatGas",1,3,22,"",19.2526,0,0,0,14.3105,0,0,0,0,0,0,0,0,0,0,0,0,0,4.54086,0,0.401154,0,0,0,0
"MtrNatGas",1,3,23,"",3.94892,0,0,0,3.69103,0,0,0,0,0,0,0,0,0,0,0,0,0,0,0,0.257884,0,0,0,0
"MtrNatGas",1,3,24,"",9.36032,0,0,0,9.21705,0,0,0,0,0,0,0,0,0,0,0,0,0,0,0,0.143269,0,0,0,0
"MtrNatGas",1,4,1,"",4.0878,0,0,0,3.94453,0,0,0,0,0,0,0,0,0,0,0,0,0,0,0,0.143269,0,0,0,0
"MtrNatGas",1,4,2,"",3.31396,0,0,0,3.19934,0,0,0,0,0,0,0,0,0,0,0,0,0,0,0,0.114615,0,0,0,0
"MtrNatGas",1,4,3,"",2.95512,0,0,0,2.86916,0,0,0,0,0,0,0,0,0,0,0,0,0,0,0,0.0859615,0,0,0,0
"MtrNatGas",1,4,4,"",2.9573,0,0,0,2.87134,0,0,0,0,0,0,0,0,0,0,0,0,0,0,0,0.0859615,0,0,0,0
"MtrNatGas",1,4,5,"",2.95906,0,0,0,2.87309,0,0,0,0,0,0,0,0,0,0,0,0,0,0,0,0.0859615,0,0,0,0
"MtrNatGas",1,4,6,"",5.82168,0,0,0,5.67841,0,0,0,0,0,0,0,0,0,0,0,0,0,0,0,0.143269,0,0,0,0
"MtrNatGas",1,4,7,"",30.6688,0,0,0,30.3823,0,0,0,0,0,0,0,0,0,0,0,0,0,0,0,0.286538,0,0,0,0
"MtrNatGas",1,4,8,"",49.3768,0,0,0,44.2043,0,0,0,0,0,0,0,0,0,0,0,0,0,4.39885,0,0.773653,0,0,0,0
"MtrNatGas",1,4,9,"",39.6798,0,0,0,31.5931,0,0,0,0,0,0,0,0,0,0,0,0,0,6.7113,0,1.37538,0,0,0,0
"MtrNatGas",1,4,10,"",37.3103,0,0,0,31.6392,0,0,0,0,0,0,0,0,0,0,0,0,0,4.29572,0,1.37538,0,0,0,0
"MtrNatGas",1,4,11,"",17.8543,0,0,0,16.5363,0,0,0,0,0,0,0,0,0,0,0,0,0,0,0,1.31808,0,0,0,0
"MtrNatGas",1,4,12,"",22.1881,0,0,0,20.6121,0,0,0,0,0,0,0,0,0,0,0,0,0,0,0,1.57596,0,0,0,0
"MtrNatGas",1,4,13,"",21.3516,0,0,0,19.5464,0,0,0,0,0,0,0,0,0,0,0,0,0,0,0,1.80519,0,0,0,0
"MtrNatGas",1,4,14,"",18.947,0,0,0,17.2564,0,0,0,0,0,0,0,0,0,0,0,0,0,0,0,1.69058,0,0,0,0
"MtrNatGas",1,4,15,"",22.1372,0,0,0,20.3607,0,0,0,0,0,0,0,0,0,0,0,0,0,0,0,1.77654,0,0,0,0
"MtrNatGas",1,4,16,"",21.5746,0,0,0,9.41502,0,0,0,0,0,0,0,0,0,0,0,0,0,10.2111,0,1.94846,0,0,0,0
"MtrNatGas",1,4,17,"",22.1333,0,0,0,14.3341,0,0,0,0,0,0,0,0,0,0,0,0,0,5.19166,0,2.6075,0,0,0,0
"MtrNatGas",1,4,18,"",16.2387,0,0,0,12.2558,0,0,0,0,0,0,0,0,0,0,0,0,0,0,0,3.98288,0,0,0,0
"MtrNatGas",1,4,19,"",23.4285,0,0,0,19.7322,0,0,0,0,0,0,0,0,0,0,0,0,0,0,0,3.69634,0,0,0,0
"MtrNatGas",1,4,20,"",27.1995,0,0,0,25.1364,0,0,0,0,0,0,0,0,0,0,0,0,0,0,0,2.06308,0,0,0,0
"MtrNatGas",1,4,21,"",20.4104,0,0,0,19.4935,0,0,0,0,0,0,0,0,0,0,0,0,0,0,0,0.916923,0,0,0,0
"MtrNatGas",1,4,22,"",29.2428,0,0,0,27.709,0,0,0,0,0,0,0,0,0,0,0,0,0,1.13263,0,0.401154,0,0,0,0
"MtrNatGas",1,4,23,"",28.8828,0,0,0,22.0571,0,0,0,0,0,0,0,0,0,0,0,0,0,6.56787,0,0.257884,0,0,0,0
"MtrNatGas",1,4,24,"",16.0623,0,0,0,8.21747,0,0,0,0,0,0,0,0,0,0,0,0,0,7.70152,0,0.143269,0,0,0,0
"MtrNatGas",1,5,1,"",3.40152,0,0,0,3.25825,0,0,0,0,0,0,0,0,0,0,0,0,0,0,0,0.143269,0,0,0,0
"MtrNatGas",1,5,2,"",5.68168,0,0,0,5.56706,0,0,0,0,0,0,0,0,0,0,0,0,0,0,0,0.114615,0,0,0,0
"MtrNatGas",1,5,3,"",6.60941,0,0,0,6.49479,0,0,0,0,0,0,0,0,0,0,0,0,0,0,0,0.114615,0,0,0,0
"MtrNatGas",1,5,4,"",3.06106,0,0,0,2.94645,0,0,0,0,0,0,0,0,0,0,0,0,0,0,0,0.114615,0,0,0,0
"MtrNatGas",1,5,5,"",3.13965,0,0,0,3.02503,0,0,0,0,0,0,0,0,0,0,0,0,0,0,0,0.114615,0,0,0,0
"MtrNatGas",1,5,6,"",4.51839,0,0,0,4.11724,0,0,0,0,0,0,0,0,0,0,0,0,0,0,0,0.401154,0,0,0,0
"MtrNatGas",1,5,7,"",8.53664,0,0,0,7.99222,0,0,0,0,0,0,0,0,0,0,0,0,0,0,0,0.544423,0,0,0,0
"MtrNatGas",1,5,8,"",32.3803,0,0,0,31.664,0,0,0,0,0,0,0,0,0,0,0,0,0,0,0,0.716346,0,0,0,0
"MtrNatGas",1,5,9,"",41.6902,0,0,0,40.9452,0,0,0,0,0,0,0,0,0,0,0,0,0,0,0,0.745,0,0,0,0
"MtrNatGas",1,5,10,"",16.8956,0,0,0,10.78,0,0,0,0,0,0,0,0,0,0,0,0,0,5.48529,0,0.630384,0,0,0,0
"MtrNatGas",1,5,11,"",6.91822,0,0,0,4.09889,0,0,0,0,0,0,0,0,0,0,0,0,0,2.2176,0,0.60173,0,0,0,0
"MtrNatGas",1,5,12,"",5.79685,0,0,0,4.96589,0,0,0,0,0,0,0,0,0,0,0,0,0,0,0,0.830961,0,0,0,0
"MtrNatGas",1,5,13,"",6.05018,0,0,0,5.0473,0,0,0,0,0,0,0,0,0,0,0,0,0,0,0,1.00288,0,0,0,0
"MtrNatGas",1,5,14,"",5.55343,0,0,0,4.63651,0,0,0,0,0,0,0,0,0,0,0,0,0,0,0,0.916923,0,0,0,0
"MtrNatGas",1,5,15,"",12.138,0,0,0,3.46309,0,0,0,0,0,0,0,0,0,0,0,0,0,7.7007,0,0.97423,0,0,0,0
"MtrNatGas",1,5,16,"",4.41354,0,0,0,2.92354,0,0,0,0,0,0,0,0,0,0,0,0,0,0,0,1.49,0,0,0,0
"MtrNatGas",1,5,17,"",6.24582,0,0,0,2.95063,0,0,0,0,0,0,0,0,0,0,0,0,0,0,0,3.29519,0,0,0,0
"MtrNatGas",1,5,18,"",8.54336,0,0,0,3.01317,0,0,0,0,0,0,0,0,0,0,0,0,0,0,0,5.53019,0,0,0,0
"MtrNatGas",1,5,19,"",10.8766,0,0,0,5.71888,0,0,0,0,0,0,0,0,0,0,0,0,0,0,0,5.15769,0,0,0,0
"MtrNatGas",1,5,20,"",17.7651,0,0,0,14.957,0,0,0,0,0,0,0,0,0,0,0,0,0,0,0,2.80808,0,0,0,0
"MtrNatGas",1,5,21,"",14.6939,0,0,0,13.4904,0,0,0,0,0,0,0,0,0,0,0,0,0,0,0,1.20346,0,0,0,0
"MtrNatGas",1,5,22,"",30.8874,0,0,0,30.3143,0,0,0,0,0,0,0,0,0,0,0,0,0,0,0,0.573077,0,0,0,0
"MtrNatGas",1,5,23,"",44.5533,0,0,0,25.4239,0,0,0,0,0,0,0,0,0,0,0,0,0,18.7856,0,0.343846,0,0,0,0
"MtrNatGas",1,5,24,"",13.7678,0,0,0,9.16135,0,0,0,0,0,0,0,0,0,0,0,0,0,4.31994,0,0.286538,0,0,0,0
"MtrNatGas",1,6,1,"",8.06284,0,0,0,7.91957,0,0,0,0,0,0,0,0,0,0,0,0,0,0,0,0.143269,0,0,0,0
"MtrNatGas",1,6,2,"",10.8464,0,0,0,3.03021,0,0,0,0,0,0,0,0,0,0,0,0,0,7.7016,0,0.114615,0,0,0,0
"MtrNatGas",1,6,3,"",3.22245,0,0,0,3.10783,0,0,0,0,0,0,0,0,0,0,0,0,0,0,0,0.114615,0,0,0,0
"MtrNatGas",1,6,4,"",3.52324,0,0,0,3.40863,0,0,0,0,0,0,0,0,0,0,0,0,0,0,0,0.114615,0,0,0,0
"MtrNatGas",1,6,5,"",6.2961,0,0,0,6.18148,0,0,0,0,0,0,0,0,0,0,0,0,0,0,0,0.114615,0,0,0,0
"MtrNatGas",1,6,6,"",17.1566,0,0,0,16.7554,0,0,0,0,0,0,0,0,0,0,0,0,0,0,0,0.401154,0,0,0,0
"MtrNatGas",1,6,7,"",12.7294,0,0,0,12.1849,0,0,0,0,0,0,0,0,0,0,0,0,0,0,0,0.544423,0,0,0,0
"MtrNatGas",1,6,8,"",50.9709,0,0,0,50.2545,0,0,0,0,0,0,0,0,0,0,0,0,0,0,0,0.716346,0,0,0,0
"MtrNatGas",1,6,9,"",27.0143,0,0,0,18.5688,0,0,0,0,0,0,0,0,0,0,0,0,0,7.70058,0,0.745,0,0,0,0
"MtrNatGas",1,6,10,"",17.3865,0,0,0,16.7561,0,0,0,0,0,0,0,0,0,0,0,0,0,0,0,0.630384,0,0,0,0
"MtrNatGas",1,6,11,"",15.7078,0,0,0,10.9443,0,0,0,0,0,0,0,0,0,0,0,0,0,4.16181,0,0.60173,0,0,0,0
"MtrNatGas",1,6,12,"",35.9048,0,0,0,23.8336,0,0,0,0,0,0,0,0,0,0,0,0,0,11.2403,0,0.830961,0,0,0,0
"MtrNatGas",1,6,13,"",16.5378,0,0,0,15.5349,0,0,0,0,0,0,0,0,0,0,0,0,0,0,0,1.00288,0,0,0,0
"MtrNatGas",1,6,14,"",6.01657,0,0,0,5.09965,0,0,0,0,0,0,0,0,0,0,0,0,0,0,0,0.916923,0,0,0,0
"MtrNatGas",1,6,15,"",13.0187,0,0,0,8.54644,0,0,0,0,0,0,0,0,0,0,0,0,0,3.49802,0,0.97423,0,0,0,0
"MtrNatGas",1,6,16,"",19.5697,0,0,0,13.8778,0,0,0,0,0,0,0,0,0,0,0,0,0,4.20196,0,1.49,0,0,0,0
"MtrNatGas",1,6,17,"",15.9248,0,0,0,12.6296,0,0,0,0,0,0,0,0,0,0,0,0,0,0,0,3.29519,0,0,0,0
"MtrNatGas",1,6,18,"",10.3338,0,0,0,4.80366,0,0,0,0,0,0,0,0,0,0,0,0,0,0,0,5.53019,0,0,0,0
"MtrNatGas",1,6,19,"",24.5068,0,0,0,19.3491,0,0,0,0,0,0,0,0,0,0,0,0,0,0,0,5.15769,0,0,0,0
"MtrNatGas",1,6,20,"",17.0591,0,0,0,14.2511,0,0,0,0,0,0,0,0,0,0,0,0,0,0,0,2.80808,0,0,0,0
"MtrNatGas",1,6,21,"",23.0498,0,0,0,21.8463,0,0,0,0,0,0,0,0,0,0,0,0,0,0,0,1.20346,0,0,0,0
"MtrNatGas",1,6,22,"",38.2517,0,0,0,37.6786,0,0,0,0,0,0,0,0,0,0,0,0,0,0,0,0.573077,0,0,0,0
"MtrNatGas",1,6,23,"",14.7549,0,0,0,6.70946,0,0,0,0,0,0,0,0,0,0,0,0,0,7.7016,0,0.343846,0,0,0,0
"MtrNatGas",1,6,24,"",4.8693,0,0,0,4.58277,0,0,0,0,0,0,0,0,0,0,0,0,0,0,0,0.286538,0,0,0,0
"MtrNatGas",1,7,1,"",3.16046,0,0,0,3.01719,0,0,0,0,0,0,0,0,0,0,0,0,0,0,0,0.143269,0,0,0,0
"MtrNatGas",1,7,2,"",3.13075,0,0,0,3.01613,0,0,0,0,0,0,0,0,0,0,0,0,0,0,0,0.114615,0,0,0,0
"MtrNatGas",1,7,3,"",2.97021,0,0,0,2.8556,0,0,0,0,0,0,0,0,0,0,0,0,0,0,0,0.114615,0,0,0,0
"MtrNatGas",1,7,4,"",3.39378,0,0,0,3.27917,0,0,0,0,0,0,0,0,0,0,0,0,0,0,0,0.114615,0,0,0,0
"MtrNatGas",1,7,5,"",3.40605,0,0,0,3.29143,0,0,0,0,0,0,0,0,0,0,0,0,0,0,0,0.114615,0,0,0,0
"MtrNatGas",1,7,6,"",4.92984,0,0,0,4.52869,0,0,0,0,0,0,0,0,0,0,0,0,0,0,0,0.401154,0,0,0,0
"MtrNatGas",1,7,7,"",12.5045,0,0,0,11.96,0,0,0,0,0,0,0,0,0,0,0,0,0,0,0,0.544423,0,0,0,0
"MtrNatGas",1,7,8,"",33.1012,0,0,0,32.3849,0,0,0,0,0,0,0,0,0,0,0,0,0,0,0,0.716346,0,0,0,0
"MtrNatGas",1,7,9,"",49.8838,0,0,0,41.4383,0,0,0,0,0,0,0,0,0,0,0,0,0,7.70058,0,0.745,0,0,0,0
"MtrNatGas",1,7,10,"",8.85683,0,0,0,8.22645,0,0,0,0,0,0,0,0,0,0,0,0,0,0,0,0.630384,0,0,0,0
"MtrNatGas",1,7,11,"",17.875,0,0,0,9.57393,0,0,0,0,0,0,0,0,0,0,0,0,0,7.69933,0,0.60173,0,0,0,0
"MtrNatGas",1,7,12,"",12.3949,0,0,0,3.86302,0,0,0,0,0,0,0,0,0,0,0,0,0,7.70093,0,0.830961,0,0,0,0
"MtrNatGas",1,7,13,"",4.71355,0,0,0,3.71066,0,0,0,0,0,0,0,0,0,0,0,0,0,0,0,1.00288,0,0,0,0
"MtrNatGas",1,7,14,"",4.69835,0,0,0,3.78143,0,0,0,0,0,0,0,0,0,0,0,0,0,0,0,0.916923,0,0,0,0
"MtrNatGas",1,7,15,"",4.55442,0,0,0,3.58019,0,0,0,0,0,0,0,0,0,0,0,0,0,0,0,0.97423,0,0,0,0
"MtrNatGas",1,7,16,"",16.3079,0,0,0,8.93525,0,0,0,0,0,0,0,0,0,0,0,0,0,5.88264,0,1.49,0,0,0,0
"MtrNatGas",1,7,17,"",29.5776,0,0,0,9.06209,0,0,0,0,0,0,0,0,0,0,0,0,0,17.2203,0,3.29519,0,0,0,0
"MtrNatGas",1,7,18,"",23.0846,0,0,0,9.85397,0,0,0,0,0,0,0,0,0,0,0,0,0,7.70039,0,5.53019,0,0,0,0
"MtrNatGas",1,7,19,"",20.7471,0,0,0,7.88788,0,0,0,0,0,0,0,0,0,0,0,0,0,7.70148,0,5.15769,0,0,0,0
"MtrNatGas",1,7,20,"",8.36021,0,0,0,5.55214,0,0,0,0,0,0,0,0,0,0,0,0,0,0,0,2.80808,0,0,0,0
"MtrNatGas",1,7,21,"",12.0214,0,0,0,10.8179,0,0,0,0,0,0,0,0,0,0,0,0,0,0,0,1.20346,0,0,0,0
"MtrNatGas",1,7,22,"",16.0377,0,0,0,15.4647,0,0,0,0,0,0,0,0,0,0,0,0,0,0,0,0.573077,0,0,0,0
"MtrNatGas",1,7,23,"",5.22752,0,0,0,4.88367,0,0,0,0,0,0,0,0,0,0,0,0,0,0,0,0.343846,0,0,0,0
"MtrNatGas",1,7,24,"",7.59655,0,0,0,7.31002,0,0,0,0,0,0,0,0,0,0,0,0,0,0,0,0.286538,0,0,0,0
"MtrNatGas",1,8,1,"",3.34401,0,0,0,3.20074,0,0,0,0,0,0,0,0,0,0,0,0,0,0,0,0.143269,0,0,0,0
"MtrNatGas",1,8,2,"",3.14556,0,0,0,3.03095,0,0,0,0,0,0,0,0,0,0,0,0,0,0,0,0.114615,0,0,0,0
"MtrNatGas",1,8,3,"",2.97896,0,0,0,2.86435,0,0,0,0,0,0,0,0,0,0,0,0,0,0,0,0.114615,0,0,0,0
"MtrNatGas",1,8,4,"",2.98158,0,0,0,2.86697,0,0,0,0,0,0,0,0,0,0,0,0,0,0,0,0.114615,0,0,0,0
"MtrNatGas",1,8,5,"",2.98421,0,0,0,2.86959,0,0,0,0,0,0,0,0,0,0,0,0,0,0,0,0.114615,0,0,0,0
"MtrNatGas",1,8,6,"",4.38594,0,0,0,3.98479,0,0,0,0,0,0,0,0,0,0,0,0,0,0,0,0.401154,0,0,0,0
"MtrNatGas",1,8,7,"",8.46924,0,0,0,7.92481,0,0,0,0,0,0,0,0,0,0,0,0,0,0,0,0.544423,0,0,0,0
"MtrNatGas",1,8,8,"",20.572,0,0,0,19.8556,0,0,0,0,0,0,0,0,0,0,0,0,0,0,0,0.716346,0,0,0,0
"MtrNatGas",1,8,9,"",61.0489,0,0,0,60.3039,0,0,0,0,0,0,0,0,0,0,0,0,0,0,0,0.745,0,0,0,0
"MtrNatGas",1,8,10,"",23.8855,0,0,0,20.7468,0,0,0,0,0,0,0,0,0,0,0,0,0,2.50833,0,0.630384,0,0,0,0
"MtrNatGas",1,8,11,"",12.3121,0,0,0,6.51617,0,0,0,0,0,0,0,0,0,0,0,0,0,5.19421,0,0.60173,0,0,0,0
"MtrNatGas",1,8,12,"",14.41,0,0,0,13.5791,0,0,0,0,0,0,0,0,0,0,0,0,0,0,0,0.830961,0,0,0,0
"MtrNatGas",1,8,13,"",20.952,0,0,0,4.54597,0,0,0,0,0,0,0,0,0,0,0,0,0,15.4031,0,1.00288,0,0,0,0
"MtrNatGas",1,8,14,"",5.78391,0,0,0,4.86699,0,0,0,0,0,0,0,0,0,0,0,0,0,0,0,0.916923,0,0,0,0
"MtrNatGas",1,8,15,"",9.84691,0,0,0,8.87268,0,0,0,0,0,0,0,0,0,0,0,0,0,0,0,0.97423,0,0,0,0
"MtrNatGas",1,8,16,"",18.9564,0,0,0,14.5251,0,0,0,0,0,0,0,0,0,0,0,0,0,2.94132,0,1.49,0,0,0,0
"MtrNatGas",1,8,17,"",28.1513,0,0,0,12.3947,0,0,0,0,0,0,0,0,0,0,0,0,0,12.4614,0,3.29519,0,0,0,0
"MtrNatGas",1,8,18,"",26.1319,0,0,0,12.9013,0,0,0,0,0,0,0,0,0,0,0,0,0,7.70039,0,5.53019,0,0,0,0
"MtrNatGas",1,8,19,"",41.0072,0,0,0,28.1481,0,0,0,0,0,0,0,0,0,0,0,0,0,7.70148,0,5.15769,0,0,0,0
"MtrNatGas",1,8,20,"",19.8569,0,0,0,11.1321,0,0,0,0,0,0,0,0,0,0,0,0,0,5.91673,0,2.80808,0,0,0,0
"MtrNatGas",1,8,21,"",21.686,0,0,0,18.6996,0,0,0,0,0,0,0,0,0,0,0,0,0,1.78296,0,1.20346,0,0,0,0
"MtrNatGas",1,8,22,"",7.69939,0,0,0,7.12631,0,0,0,0,0,0,0,0,0,0,0,0,0,0,0,0.573077,0,0,0,0
"MtrNatGas",1,8,23,"",5.09005,0,0,0,4.7462,0,0,0,0,0,0,0,0,0,0,0,0,0,0,0,0.343846,0,0,0,0
"MtrNatGas",1,8,24,"",7.04239,0,0,0,6.75585,0,0,0,0,0,0,0,0,0,0,0,0,0,0,0,0.286538,0,0,0,0
"MtrNatGas",1,9,1,"",2.99668,0,0,0,2.85341,0,0,0,0,0,0,0,0,0,0,0,0,0,0,0,0.143269,0,0,0,0
"MtrNatGas",1,9,2,"",8.01449,0,0,0,7.89988,0,0,0,0,0,0,0,0,0,0,0,0,0,0,0,0.114615,0,0,0,0
"MtrNatGas",1,9,3,"",5.59885,0,0,0,5.48423,0,0,0,0,0,0,0,0,0,0,0,0,0,0,0,0.114615,0,0,0,0
"MtrNatGas",1,9,4,"",2.97065,0,0,0,2.85604,0,0,0,0,0,0,0,0,0,0,0,0,0,0,0,0.114615,0,0,0,0
"MtrNatGas",1,9,5,"",2.97152,0,0,0,2.85691,0,0,0,0,0,0,0,0,0,0,0,0,0,0,0,0.114615,0,0,0,0
"MtrNatGas",1,9,6,"",3.6169,0,0,0,3.21574,0,0,0,0,0,0,0,0,0,0,0,0,0,0,0,0.401154,0,0,0,0
"MtrNatGas",1,9,7,"",14.6083,0,0,0,14.0639,0,0,0,0,0,0,0,0,0,0,0,0,0,0,0,0.544423,0,0,0,0
"MtrNatGas",1,9,8,"",18.3249,0,0,0,17.6086,0,0,0,0,0,0,0,0,0,0,0,0,0,0,0,0.716346,0,0,0,0
"MtrNatGas",1,9,9,"",19.1691,0,0,0,18.4241,0,0,0,0,0,0,0,0,0,0,0,0,0,0,0,0.745,0,0,0,0
"MtrNatGas",1,9,10,"",6.21033,0,0,0,5.57994,0,0,0,0,0,0,0,0,0,0,0,0,0,0,0,0.630384,0,0,0,0
"MtrNatGas",1,9,11,"",4.12826,0,0,0,3.52653,0,0,0,0,0,0,0,0,0,0,0,0,0,0,0,0.60173,0,0,0,0
"MtrNatGas",1,9,12,"",4.24458,0,0,0,3.41362,0,0,0,0,0,0,0,0,0,0,0,0,0,0,0,0.830961,0,0,0,0
"MtrNatGas",1,9,13,"",8.81884,0,0,0,7.81596,0,0,0,0,0,0,0,0,0,0,0,0,0,0,0,1.00288,0,0,0,0
"MtrNatGas",1,9,14,"",17.3563,0,0,0,4.87031,0,0,0,0,0,0,0,0,0,0,0,0,0,11.5691,0,0.916923,0,0,0,0
"MtrNatGas",1,9,15,"",19.8492,0,0,0,15.0411,0,0,0,0,0,0,0,0,0,0,0,0,0,3.83381,0,0.97423,0,0,0,0
"MtrNatGas",1,9,16,"",7.13878,0,0,0,5.64878,0,0,0,0,0,0,0,0,0,0,0,0,0,0,0,1.49,0,0,0,0
"MtrNatGas",1,9,17,"",10.3115,0,0,0,7.01633,0,0,0,0,0,0,0,0,0,0,0,0,0,0,0,3.29519,0,0,0,0
"MtrNatGas",1,9,18,"",15.1187,0,0,0,9.5885,0,0,0,0,0,0,0,0,0,0,0,0,0,0,0,5.53019,0,0,0,0
"MtrNatGas",1,9,19,"",26.0643,0,0,0,20.9066,0,0,0,0,0,0,0,0,0,0,0,0,0,0,0,5.15769,0,0,0,0
"MtrNatGas",1,9,20,"",14.8069,0,0,0,11.9988,0,0,0,0,0,0,0,0,0,0,0,0,0,0,0,2.80808,0,0,0,0
"MtrNatGas",1,9,21,"",18.3848,0,0,0,17.1813,0,0,0,0,0,0,0,0,0,0,0,0,0,0,0,1.20346,0,0,0,0
"MtrNatGas",1,9,22,"",32.3218,0,0,0,16.3433,0,0,0,0,0,0,0,0,0,0,0,0,0,15.4054,0,0.573077,0,0,0,0
"MtrNatGas",1,9,23,"",30.9712,0,0,0,30.6274,0,0,0,0,0,0,0,0,0,0,0,0,0,0,0,0.343846,0,0,0,0
"MtrNatGas",1,9,24,"",7.13944,0,0,0,6.8529,0,0,0,0,0,0,0,0,0,0,0,0,0,0,0,0.286538,0,0,0,0
"MtrNatGas",1,10,1,"",3.5399,0,0,0,3.39663,0,0,0,0,0,0,0,0,0,0,0,0,0,0,0,0.143269,0,0,0,0
"MtrNatGas",1,10,2,"",6.46756,0,0,0,6.35294,0,0,0,0,0,0,0,0,0,0,0,0,0,0,0,0.114615,0,0,0,0
"MtrNatGas",1,10,3,"",3.81681,0,0,0,3.73085,0,0,0,0,0,0,0,0,0,0,0,0,0,0,0,0.0859615,0,0,0,0
"MtrNatGas",1,10,4,"",3.43019,0,0,0,3.34423,0,0,0,0,0,0,0,0,0,0,0,0,0,0,0,0.0859615,0,0,0,0
"MtrNatGas",1,10,5,"",3.29386,0,0,0,3.2079,0,0,0,0,0,0,0,0,0,0,0,0,0,0,0,0.0859615,0,0,0,0
"MtrNatGas",1,10,6,"",5.16275,0,0,0,5.01948,0,0,0,0,0,0,0,0,0,0,0,0,0,0,0,0.143269,0,0,0,0
"MtrNatGas",1,10,7,"",7.12481,0,0,0,6.83827,0,0,0,0,0,0,0,0,0,0,0,0,0,0,0,0.286538,0,0,0,0
"MtrNatGas",1,10,8,"",16.4358,0,0,0,11.2633,0,0,0,0,0,0,0,0,0,0,0,0,0,4.39885,0,0.773653,0,0,0,0
"MtrNatGas",1,10,9,"",37.7392,0,0,0,29.6525,0,0,0,0,0,0,0,0,0,0,0,0,0,6.7113,0,1.37538,0,0,0,0
"MtrNatGas",1,10,10,"",44.5216,0,0,0,38.8505,0,0,0,0,0,0,0,0,0,0,0,0,0,4.29572,0,1.37538,0,0,0,0
"MtrNatGas",1,10,11,"",30.3882,0,0,0,29.0701,0,0,0,0,0,0,0,0,0,0,0,0,0,0,0,1.31808,0,0,0,0
"MtrNatGas",1,10,12,"",17.1131,0,0,0,7.8346,0,0,0,0,0,0,0,0,0,0,0,0,0,7.70259,0,1.57596,0,0,0,0
"MtrNatGas",1,10,13,"",9.38406,0,0,0,7.57887,0,0,0,0,0,0,0,0,0,0,0,0,0,0,0,1.80519,0,0,0,0
"MtrNatGas",1,10,14,"",15.2915,0,0,0,5.89983,0,0,0,0,0,0,0,0,0,0,0,0,0,7.70108,0,1.69058,0,0,0,0
"MtrNatGas",1,10,15,"",10.2969,0,0,0,8.52037,0,0,0,0,0,0,0,0,0,0,0,0,0,0,0,1.77654,0,0,0,0
"MtrNatGas",1,10,16,"",9.16845,0,0,0,7.21999,0,0,0,0,0,0,0,0,0,0,0,0,0,0,0,1.94846,0,0,0,0
"MtrNatGas",1,10,17,"",26.9213,0,0,0,18.9486,0,0,0,0,0,0,0,0,0,0,0,0,0,5.36514,0,2.6075,0,0,0,0
"MtrNatGas",1,10,18,"",22.8549,0,0,0,16.5368,0,0,0,0,0,0,0,0,0,0,0,0,0,2.33523,0,3.98288,0,0,0,0
"MtrNatGas",1,10,19,"",21.3969,0,0,0,17.7006,0,0,0,0,0,0,0,0,0,0,0,0,0,0,0,3.69634,0,0,0,0
"MtrNatGas",1,10,20,"",9.25416,0,0,0,7.19109,0,0,0,0,0,0,0,0,0,0,0,0,0,0,0,2.06308,0,0,0,0
"MtrNatGas",1,10,21,"",7.316,0,0,0,6.39907,0,0,0,0,0,0,0,0,0,0,0,0,0,0,0,0.916923,0,0,0,0
"MtrNatGas",1,10,22,"",28.6771,0,0,0,28.276,0,0,0,0,0,0,0,0,0,0,0,0,0,0,0,0.401154,0,0,0,0
"MtrNatGas",1,10,23,"",9.29888,0,0,0,9.04099,0,0,0,0,0,0,0,0,0,0,0,0,0,0,0,0.257884,0,0,0,0
"MtrNatGas",1,10,24,"",8.77973,0,0,0,8.63646,0,0,0,0,0,0,0,0,0,0,0,0,0,0,0,0.143269,0,0,0,0
"MtrNatGas",1,11,1,"",3.56345,0,0,0,3.42018,0,0,0,0,0,0,0,0,0,0,0,0,0,0,0,0.143269,0,0,0,0
"MtrNatGas",1,11,2,"",3.5113,0,0,0,3.39669,0,0,0,0,0,0,0,0,0,0,0,0,0,0,0,0.114615,0,0,0,0
"MtrNatGas",1,11,3,"",3.95852,0,0,0,3.87256,0,0,0,0,0,0,0,0,0,0,0,0,0,0,0,0.0859615,0,0,0,0
"MtrNatGas",1,11,4,"",4.0672,0,0,0,3.98124,0,0,0,0,0,0,0,0,0,0,0,0,0,0,0,0.0859615,0,0,0,0
"MtrNatGas",1,11,5,"",3.61287,0,0,0,3.52691,0,0,0,0,0,0,0,0,0,0,0,0,0,0,0,0.0859615,0,0,0,0
"MtrNatGas",1,11,6,"",4.22045,0,0,0,4.07718,0,0,0,0,0,0,0,0,0,0,0,0,0,0,0,0.143269,0,0,0,0
"MtrNatGas",1,11,7,"",5.72809,0,0,0,5.44155,0,0,0,0,0,0,0,0,0,0,0,0,0,0,0,0.286538,0,0,0,0
"MtrNatGas",1,11,8,"",14.2368,0,0,0,13.4631,0,0,0,0,0,0,0,0,0,0,0,0,0,0,0,0.773653,0,0,0,0
"MtrNatGas",1,11,9,"",24.3005,0,0,0,22.9251,0,0,0,0,0,0,0,0,0,0,0,0,0,0,0,1.37538,0,0,0,0
"MtrNatGas",1,11,10,"",62.1698,0,0,0,60.7944,0,0,0,0,0,0,0,0,0,0,0,0,0,0,0,1.37538,0,0,0,0
"MtrNatGas",1,11,11,"",39.8246,0,0,0,33.26,0,0,0,0,0,0,0,0,0,0,0,0,0,5.24656,0,1.31808,0,0,0,0
"MtrNatGas",1,11,12,"",40.015,0,0,0,12.8753,0,0,0,0,0,0,0,0,0,0,0,0,0,25.5638,0,1.57596,0,0,0,0
"MtrNatGas",1,11,13,"",22.2889,0,0,0,20.4837,0,0,0,0,0,0,0,0,0,0,0,0,0,0,0,1.80519,0,0,0,0
"MtrNatGas",1,11,14,"",24.904,0,0,0,23.2135,0,0,0,0,0,0,0,0,0,0,0,0,0,0,0,1.69058,0,0,0,0
"MtrNatGas",1,11,15,"",15.2232,0,0,0,13.4467,0,0,0,0,0,0,0,0,0,0,0,0,0,0,0,1.77654,0,0,0,0
"MtrNatGas",1,11,16,"",20.0736,0,0,0,10.4236,0,0,0,0,0,0,0,0,0,0,0,0,0,7.70154,0,1.94846,0,0,0,0
"MtrNatGas",1,11,17,"",17.4828,0,0,0,14.8753,0,0,0,0,0,0,0,0,0,0,0,0,0,0,0,2.6075,0,0,0,0
"MtrNatGas",1,11,18,"",39.2384,0,0,0,35.2555,0,0,0,0,0,0,0,0,0,0,0,0,0,0,0,3.98288,0,0,0,0
"MtrNatGas",1,11,19,"",35.946,0,0,0,32.2497,0,0,0,0,0,0,0,0,0,0,0,0,0,0,0,3.69634,0,0,0,0
"MtrNatGas",1,11,20,"",25.5974,0,0,0,15.8323,0,0,0,0,0,0,0,0,0,0,0,0,0,7.70199,0,2.06308,0,0,0,0
"MtrNatGas",1,11,21,"",14.2181,0,0,0,12.4048,0,0,0,0,0,0,0,0,0,0,0,0,0,0.896423,0,0.916923,0,0,0,0
"MtrNatGas",1,11,22,"",28.1567,0,0,0,20.9499,0,0,0,0,0,0,0,0,0,0,0,0,0,6.80559,0,0.401154,0,0,0,0
"MtrNatGas",1,11,23,"",7.93876,0,0,0,7.68088,0,0,0,0,0,0,0,0,0,0,0,0,0,0,0,0.257884,0,0,0,0
"MtrNatGas",1,11,24,"",9.59035,0,0,0,9.44708,0,0,0,0,0,0,0,0,0,0,0,0,0,0,0,0.143269,0,0,0,0
"MtrNatGas",1,12,1,"",4.20341,0,0,0,4.06014,0,0,0,0,0,0,0,0,0,0,0,0,0,0,0,0.143269,0,0,0,0
"MtrNatGas",1,12,2,"",2.95622,0,0,0,2.84161,0,0,0,0,0,0,0,0,0,0,0,0,0,0,0,0.114615,0,0,0,0
"MtrNatGas",1,12,3,"",3.21002,0,0,0,3.09541,0,0,0,0,0,0,0,0,0,0,0,0,0,0,0,0.114615,0,0,0,0
"MtrNatGas",1,12,4,"",2.95797,0,0,0,2.84336,0,0,0,0,0,0,0,0,0,0,0,0,0,0,0,0.114615,0,0,0,0
"MtrNatGas",1,12,5,"",2.95841,0,0,0,2.84379,0,0,0,0,0,0,0,0,0,0,0,0,0,0,0,0.114615,0,0,0,0
"MtrNatGas",1,12,6,"",3.24582,0,0,0,2.84467,0,0,0,0,0,0,0,0,0,0,0,0,0,0,0,0.401154,0,0,0,0
"MtrNatGas",1,12,7,"",23.3634,0,0,0,22.819,0,0,0,0,0,0,0,0,0,0,0,0,0,0,0,0.544423,0,0,0,0
"MtrNatGas",1,12,8,"",39.6653,0,0,0,38.949,0,0,0,0,0,0,0,0,0,0,0,0,0,0,0,0.716346,0,0,0,0
"MtrNatGas",1,12,9,"",27.5363,0,0,0,26.7913,0,0,0,0,0,0,0,0,0,0,0,0,0,0,0,0.745,0,0,0,0
"MtrNatGas",1,12,10,"",26.7971,0,0,0,21.8543,0,0,0,0,0,0,0,0,0,0,0,0,0,4.31242,0,0.630384,0,0,0,0
"MtrNatGas",1,12,11,"",16.3118,0,0,0,8.15845,0,0,0,0,0,0,0,0,0,0,0,0,0,7.55162,0,0.60173,0,0,0,0
"MtrNatGas",1,12,12,"",13.0714,0,0,0,8.70103,0,0,0,0,0,0,0,0,0,0,0,0,0,3.53936,0,0.830961,0,0,0,0
"MtrNatGas",1,12,13,"",15.0471,0,0,0,6.34271,0,0,0,0,0,0,0,0,0,0,0,0,0,7.70155,0,1.00288,0,0,0,0
"MtrNatGas",1,12,14,"",5.48251,0,0,0,4.56559,0,0,0,0,0,0,0,0,0,0,0,0,0,0,0,0.916923,0,0,0,0
"MtrNatGas",1,12,15,"",16.5295,0,0,0,15.5552,0,0,0,0,0,0,0,0,0,0,0,0,0,0,0,0.97423,0,0,0,0
"MtrNatGas",1,12,16,"",21.9015,0,0,0,17.4702,0,0,0,0,0,0,0,0,0,0,0,0,0,2.94132,0,1.49,0,0,0,0
"MtrNatGas",1,12,17,"",19.5923,0,0,0,11.5381,0,0,0,0,0,0,0,0,0,0,0,0,0,4.75893,0,3.29519,0,0,0,0
"MtrNatGas",1,12,18,"",17.5655,0,0,0,12.0354,0,0,0,0,0,0,0,0,0,0,0,0,0,0,0,5.53019,0,0,0,0
"MtrNatGas",1,12,19,"",36.1101,0,0,0,30.9524,0,0,0,0,0,0,0,0,0,0,0,0,0,0,0,5.15769,0,0,0,0
"MtrNatGas",1,12,20,"",20.1476,0,0,0,17.3395,0,0,0,0,0,0,0,0,0,0,0,0,0,0,0,2.80808,0,0,0,0
"MtrNatGas",1,12,21,"",19.4416,0,0,0,18.2381,0,0,0,0,0,0,0,0,0,0,0,0,0,0,0,1.20346,0,0,0,0
"MtrNatGas",1,12,22,"",12.4435,0,0,0,11.8704,0,0,0,0,0,0,0,0,0,0,0,0,0,0,0,0.573077,0,0,0,0
"MtrNatGas",1,12,23,"",16.734,0,0,0,16.3902,0,0,0,0,0,0,0,0,0,0,0,0,0,0,0,0.343846,0,0,0,0
"MtrNatGas",1,12,24,"",4.51181,0,0,0,4.22527,0,0,0,0,0,0,0,0,0,0,0,0,0,0,0,0.286538,0,0,0,0
"MtrNatGas",1,13,1,"",3.95937,0,0,0,3.8161,0,0,0,0,0,0,0,0,0,0,0,0,0,0,0,0.143269,0,0,0,0
"MtrNatGas",1,13,2,"",3.13576,0,0,0,3.02114,0,0,0,0,0,0,0,0,0,0,0,0,0,0,0,0.114615,0,0,0,0
"MtrNatGas",1,13,3,"",2.96846,0,0,0,2.85385,0,0,0,0,0,0,0,0,0,0,0,0,0,0,0,0.114615,0,0,0,0
"MtrNatGas",1,13,4,"",2.96978,0,0,0,2.85517,0,0,0,0,0,0,0,0,0,0,0,0,0,0,0,0.114615,0,0,0,0
"MtrNatGas",1,13,5,"",4.4392,0,0,0,4.32459,0,0,0,0,0,0,0,0,0,0,0,0,0,0,0,0.114615,0,0,0,0
"MtrNatGas",1,13,6,"",8.64641,0,0,0,8.24526,0,0,0,0,0,0,0,0,0,0,0,0,0,0,0,0.401154,0,0,0,0
"MtrNatGas",1,13,7,"",5.57658,0,0,0,5.03216,0,0,0,0,0,0,0,0,0,0,0,0,0,0,0,0.544423,0,0,0,0
"MtrNatGas",1,13,8,"",45.2336,0,0,0,44.5173,0,0,0,0,0,0,0,0,0,0,0,0,0,0,0,0.716346,0,0,0,0
"MtrNatGas",1,13,9,"",31.6842,0,0,0,30.9392,0,0,0,0,0,0,0,0,0,0,0,0,0,0,0,0.745,0,0,0,0
"MtrNatGas",1,13,10,"",36.1263,0,0,0,32.9876,0,0,0,0,0,0,0,0,0,0,0,0,0,2.50833,0,0.630384,0,0,0,0
"MtrNatGas",1,13,11,"",24.584,0,0,0,11.085,0,0,0,0,0,0,0,0,0,0,0,0,0,12.8973,0,0.60173,0,0,0,0
"MtrNatGas",1,13,12,"",17.671,0,0,0,12.968,0,0,0,0,0,0,0,0,0,0,0,0,0,3.87198,0,0.830961,0,0,0,0
"MtrNatGas",1,13,13,"",16.382,0,0,0,3.85119,0,0,0,0,0,0,0,0,0,0,0,0,0,11.5279,0,1.00288,0,0,0,0
"MtrNatGas",1,13,14,"",4.51892,0,0,0,3.60199,0,0,0,0,0,0,0,0,0,0,0,0,0,0,0,0.916923,0,0,0,0
"MtrNatGas",1,13,15,"",3.90913,0,0,0,2.9349,0,0,0,0,0,0,0,0,0,0,0,0,0,0,0,0.97423,0,0,0,0
"MtrNatGas",1,13,16,"",4.88516,0,0,0,3.39516,0,0,0,0,0,0,0,0,0,0,0,0,0,0,0,1.49,0,0,0,0
"MtrNatGas",1,13,17,"",6.48095,0,0,0,3.18576,0,0,0,0,0,0,0,0,0,0,0,0,0,0,0,3.29519,0,0,0,0
"MtrNatGas",1,13,18,"",11.005,0,0,0,5.4748,0,0,0,0,0,0,0,0,0,0,0,0,0,0,0,5.53019,0,0,0,0
"MtrNatGas",1,13,19,"",18.4586,0,0,0,13.3009,0,0,0,0,0,0,0,0,0,0,0,0,0,0,0,5.15769,0,0,0,0
"MtrNatGas",1,13,20,"",8.26128,0,0,0,5.45321,0,0,0,0,0,0,0,0,0,0,0,0,0,0,0,2.80808,0,0,0,0
"MtrNatGas",1,13,21,"",19.8996,0,0,0,18.6961,0,0,0,0,0,0,0,0,0,0,0,0,0,0,0,1.20346,0,0,0,0
"MtrNatGas",1,13,22,"",8.81437,0,0,0,8.2413,0,0,0,0,0,0,0,0,0,0,0,0,0,0,0,0.573077,0,0,0,0
"MtrNatGas",1,13,23,"",8.58298,0,0,0,6.82635,0,0,0,0,0,0,0,0,0,0,0,0,0,1.41278,0,0.343846,0,0,0,0
"MtrNatGas",1,13,24,"",13.8686,0,0,0,9.86655,0,0,0,0,0,0,0,0,0,0,0,0,0,3.71548,0,0.286538,0,0,0,0
"MtrNatGas",1,14,1,"",5.89691,0,0,0,3.17887,0,0,0,0,0,0,0,0,0,0,0,0,0,2.57478,0,0.143269,0,0,0,0
"MtrNatGas",1,14,2,"",3.30633,0,0,0,3.19172,0,0,0,0,0,0,0,0,0,0,0,0,0,0,0,0.114615,0,0,0,0
"MtrNatGas",1,14,3,"",5.62179,0,0,0,5.50718,0,0,0,0,0,0,0,0,0,0,0,0,0,0,0,0.114615,0,0,0,0
"MtrNatGas",1,14,4,"",2.95579,0,0,0,2.84117,0,0,0,0,0,0,0,0,0,0,0,0,0,0,0,0.114615,0,0,0,0
"MtrNatGas",1,14,5,"",2.95753,0,0,0,2.84292,0,0,0,0,0,0,0,0,0,0,0,0,0,0,0,0.114615,0,0,0,0
"MtrNatGas",1,14,6,"",3.56959,0,0,0,3.16844,0,0,0,0,0,0,0,0,0,0,0,0,0,0,0,0.401154,0,0,0,0
"MtrNatGas",1,14,7,"",21.8316,0,0,0,21.2872,0,0,0,0,0,0,0,0,0,0,0,0,0,0,0,0.544423,0,0,0,0
"MtrNatGas",1,14,8,"",31.1405,0,0,0,30.4241,0,0,0,0,0,0,0,0,0,0,0,0,0,0,0,0.716346,0,0,0,0
"MtrNatGas",1,14,9,"",33.6291,0,0,0,25.1835,0,0,0,0,0,0,0,0,0,0,0,0,0,7.70058,0,0.745,0,0,0,0
"MtrNatGas",1,14,10,"",28.6742,0,0,0,25.5355,0,0,0,0,0,0,0,0,0,0,0,0,0,2.50833,0,0.630384,0,0,0,0
"MtrNatGas",1,14,11,"",15.0505,0,0,0,9.25455,0,0,0,0,0,0,0,0,0,0,0,0,0,5.19421,0,0.60173,0,0,0,0
"MtrNatGas",1,14,12,"",23.4088,0,0,0,14.8769,0,0,0,0,0,0,0,0,0,0,0,0,0,7.70093,0,0.830961,0,0,0,0
"MtrNatGas",1,14,13,"",9.63095,0,0,0,8.62806,0,0,0,0,0,0,0,0,0,0,0,0,0,0,0,1.00288,0,0,0,0
"MtrNatGas",1,14,14,"",13.1187,0,0,0,9.70485,0,0,0,0,0,0,0,0,0,0,0,0,0,2.49695,0,0.916923,0,0,0,0
"MtrNatGas",1,14,15,"",17.0811,0,0,0,6.97595,0,0,0,0,0,0,0,0,0,0,0,0,0,9.13097,0,0.97423,0,0,0,0
"MtrNatGas",1,14,16,"",16.1584,0,0,0,7.08929,0,0,0,0,0,0,0,0,0,0,0,0,0,7.57911,0,1.49,0,0,0,0
"MtrNatGas",1,14,17,"",16.9693,0,0,0,9.77458,0,0,0,0,0,0,0,0,0,0,0,0,0,3.89952,0,3.29519,0,0,0,0
"MtrNatGas",1,14,18,"",10.4743,0,0,0,4.94413,0,0,0,0,0,0,0,0,0,0,0,0,0,0,0,5.53019,0,0,0,0
"MtrNatGas",1,14,19,"",16.8988,0,0,0,11.7411,0,0,0,0,0,0,0,0,0,0,0,0,0,0,0,5.15769,0,0,0,0
"MtrNatGas",1,14,20,"",19.482,0,0,0,8.97345,0,0,0,0,0,0,0,0,0,0,0,0,0,7.70051,0,2.80808,0,0,0,0
"MtrNatGas",1,14,21,"",23.9616,0,0,0,22.7581,0,0,0,0,0,0,0,0,0,0,0,0,0,0,0,1.20346,0,0,0,0
"MtrNatGas",1,14,22,"",13.3631,0,0,0,12.7901,0,0,0,0,0,0,0,0,0,0,0,0,0,0,0,0.573077,0,0,0,0
"MtrNatGas",1,14,23,"",20.0173,0,0,0,11.9732,0,0,0,0,0,0,0,0,0,0,0,0,0,7.70028,0,0.343846,0,0,0,0
"MtrNatGas",1,14,24,"",5.85908,0,0,0,5.57254,0,0,0,0,0,0,0,0,0,0,0,0,0,0,0,0.286538,0,0,0,0
"MtrNatGas",1,15,1,"",7.83188,0,0,0,7.68861,0,0,0,0,0,0,0,0,0,0,0,0,0,0,0,0.143269,0,0,0,0
"MtrNatGas",1,15,2,"",13.5231,0,0,0,5.70686,0,0,0,0,0,0,0,0,0,0,0,0,0,7.7016,0,0.114615,0,0,0,0
"MtrNatGas",1,15,3,"",4.52798,0,0,0,4.41337,0,0,0,0,0,0,0,0,0,0,0,0,0,0,0,0.114615,0,0,0,0
"MtrNatGas",1,15,4,"",2.95753,0,0,0,2.84292,0,0,0,0,0,0,0,0,0,0,0,0,0,0,0,0.114615,0,0,0,0
"MtrNatGas",1,15,5,"",2.96059,0,0,0,2.84598,0,0,0,0,0,0,0,0,0,0,0,0,0,0,0,0.114615,0,0,0,0
"MtrNatGas",1,15,6,"",4.01372,0,0,0,3.61257,0,0,0,0,0,0,0,0,0,0,0,0,0,0,0,0.401154,0,0,0,0
"MtrNatGas",1,15,7,"",17.9762,0,0,0,17.4318,0,0,0,0,0,0,0,0,0,0,0,0,0,0,0,0.544423,0,0,0,0
"MtrNatGas",1,15,8,"",27.8272,0,0,0,27.1109,0,0,0,0,0,0,0,0,0,0,0,0,0,0,0,0.716346,0,0,0,0
"MtrNatGas",1,15,9,"",13.929,0,0,0,13.184,0,0,0,0,0,0,0,0,0,0,0,0,0,0,0,0.745,0,0,0,0
"MtrNatGas",1,15,10,"",25.2787,0,0,0,19.6317,0,0,0,0,0,0,0,0,0,0,0,0,0,5.01665,0,0.630384,0,0,0,0
"MtrNatGas",1,15,11,"",21.8064,0,0,0,6.65443,0,0,0,0,0,0,0,0,0,0,0,0,0,14.5502,0,0.60173,0,0,0,0
"MtrNatGas",1,15,12,"",13.5561,0,0,0,9.18576,0,0,0,0,0,0,0,0,0,0,0,0,0,3.53936,0,0.830961,0,0,0,0
"MtrNatGas",1,15,13,"",6.48688,0,0,0,5.484,0,0,0,0,0,0,0,0,0,0,0,0,0,0,0,1.00288,0,0,0,0
"MtrNatGas",1,15,14,"",5.29808,0,0,0,4.38116,0,0,0,0,0,0,0,0,0,0,0,0,0,0,0,0.916923,0,0,0,0
"MtrNatGas",1,15,15,"",10.9166,0,0,0,9.94237,0,0,0,0,0,0,0,0,0,0,0,0,0,0,0,0.97423,0,0,0,0
"MtrNatGas",1,15,16,"",8.14281,0,0,0,6.65282,0,0,0,0,0,0,0,0,0,0,0,0,0,0,0,1.49,0,0,0,0
"MtrNatGas",1,15,17,"",23.5693,0,0,0,20.2741,0,0,0,0,0,0,0,0,0,0,0,0,0,0,0,3.29519,0,0,0,0
"MtrNatGas",1,15,18,"",14.5436,0,0,0,9.01345,0,0,0,0,0,0,0,0,0,0,0,0,0,0,0,5.53019,0,0,0,0
"MtrNatGas",1,15,19,"",17.1023,0,0,0,11.9446,0,0,0,0,0,0,0,0,0,0,0,0,0,0,0,5.15769,0,0,0,0
"MtrNatGas",1,15,20,"",13.0643,0,0,0,10.2562,0,0,0,0,0,0,0,0,0,0,0,0,0,0,0,2.80808,0,0,0,0
"MtrNatGas",1,15,21,"",10.6018,0,0,0,9.39829,0,0,0,0,0,0,0,0,0,0,0,0,0,0,0,1.20346,0,0,0,0
"MtrNatGas",1,15,22,"",13.0885,0,0,0,12.5154,0,0,0,0,0,0,0,0,0,0,0,0,0,0,0,0.573077,0,0,0,0
"MtrNatGas",1,15,23,"",31.6891,0,0,0,15.9409,0,0,0,0,0,0,0,0,0,0,0,0,0,15.4044,0,0.343846,0,0,0,0
"MtrNatGas",1,15,24,"",4.70055,0,0,0,4.41401,0,0,0,0,0,0,0,0,0,0,0,0,0,0,0,0.286538,0,0,0,0
"MtrNatGas",1,16,1,"",4.20757,0,0,0,4.0643,0,0,0,0,0,0,0,0,0,0,0,0,0,0,0,0.143269,0,0,0,0
"MtrNatGas",1,16,2,"",5.49074,0,0,0,5.37612,0,0,0,0,0,0,0,0,0,0,0,0,0,0,0,0.114615,0,0,0,0
"MtrNatGas",1,16,3,"",5.42274,0,0,0,5.30812,0,0,0,0,0,0,0,0,0,0,0,0,0,0,0,0.114615,0,0,0,0
"MtrNatGas",1,16,4,"",2.9571,0,0,0,2.84248,0,0,0,0,0,0,0,0,0,0,0,0,0,0,0,0.114615,0,0,0,0
"MtrNatGas",1,16,5,"",2.95753,0,0,0,2.84292,0,0,0,0,0,0,0,0,0,0,0,0,0,0,0,0.114615,0,0,0,0
"MtrNatGas",1,16,6,"",4.12649,0,0,0,3.72533,0,0,0,0,0,0,0,0,0,0,0,0,0,0,0,0.401154,0,0,0,0
"MtrNatGas",1,16,7,"",17.065,0,0,0,16.5206,0,0,0,0,0,0,0,0,0,0,0,0,0,0,0,0.544423,0,0,0,0
"MtrNatGas",1,16,8,"",24.8401,0,0,0,24.1237,0,0,0,0,0,0,0,0,0,0,0,0,0,0,0,0.716346,0,0,0,0
"MtrNatGas",1,16,9,"",17.7292,0,0,0,16.9842,0,0,0,0,0,0,0,0,0,0,0,0,0,0,0,0.745,0,0,0,0
"MtrNatGas",1,16,10,"",19.2195,0,0,0,18.5891,0,0,0,0,0,0,0,0,0,0,0,0,0,0,0,0.630384,0,0,0,0
"MtrNatGas",1,16,11,"",6.2953,0,0,0,5.69357,0,0,0,0,0,0,0,0,0,0,0,0,0,0,0,0.60173,0,0,0,0
"MtrNatGas",1,16,12,"",4.68665,0,0,0,3.85569,0,0,0,0,0,0,0,0,0,0,0,0,0,0,0,0.830961,0,0,0,0
"MtrNatGas",1,16,13,"",4.49404,0,0,0,3.49116,0,0,0,0,0,0,0,0,0,0,0,0,0,0,0,1.00288,0,0,0,0
"MtrNatGas",1,16,14,"",4.28631,0,0,0,3.36939,0,0,0,0,0,0,0,0,0,0,0,0,0,0,0,0.916923,0,0,0,0
"MtrNatGas",1,16,15,"",5.02593,0,0,0,4.0517,0,0,0,0,0,0,0,0,0,0,0,0,0,0,0,0.97423,0,0,0,0
"MtrNatGas",1,16,16,"",10.0992,0,0,0,5.66784,0,0,0,0,0,0,0,0,0,0,0,0,0,2.94132,0,1.49,0,0,0,0
"MtrNatGas",1,16,17,"",13.7805,0,0,0,5.72636,0,0,0,0,0,0,0,0,0,0,0,0,0,4.75893,0,3.29519,0,0,0,0
"MtrNatGas",1,16,18,"",14.6002,0,0,0,9.07004,0,0,0,0,0,0,0,0,0,0,0,0,0,0,0,5.53019,0,0,0,0
"MtrNatGas",1,16,19,"",18.1218,0,0,0,12.9641,0,0,0,0,0,0,0,0,0,0,0,0,0,0,0,5.15769,0,0,0,0
"MtrNatGas",1,16,20,"",12.6912,0,0,0,9.88317,0,0,0,0,0,0,0,0,0,0,0,0,0,0,0,2.80808,0,0,0,0
"MtrNatGas",1,16,21,"",33.5449,0,0,0,24.6396,0,0,0,0,0,0,0,0,0,0,0,0,0,7.70188,0,1.20346,0,0,0,0
"MtrNatGas",1,16,22,"",25.6338,0,0,0,19.5009,0,0,0,0,0,0,0,0,0,0,0,0,0,5.55984,0,0.573077,0,0,0,0
"MtrNatGas",1,16,23,"",22.7308,0,0,0,20.2451,0,0,0,0,0,0,0,0,0,0,0,0,0,2.14188,0,0.343846,0,0,0,0
"MtrNatGas",1,16,24,"",3.48253,0,0,0,3.19599,0,0,0,0,0,0,0,0,0,0,0,0,0,0,0,0.286538,0,0,0,0
"MtrNatGas",1,17,1,"",3.48252,0,0,0,3.33926,0,0,0,0,0,0,0,0,0,0,0,0,0,0,0,0.143269,0,0,0,0
"MtrNatGas",1,17,2,"",3.13325,0,0,0,3.01864,0,0,0,0,0,0,0,0,0,0,0,0,0,0,0,0.114615,0,0,0,0
"MtrNatGas",1,17,3,"",5.29825,0,0,0,5.21229,0,0,0,0,0,0,0,0,0,0,0,0,0,0,0,0.0859615,0,0,0,0
"MtrNatGas",1,17,4,"",4.43827,0,0,0,4.35231,0,0,0,0,0,0,0,0,0,0,0,0,0,0,0,0.0859615,0,0,0,0
"MtrNatGas",1,17,5,"",2.93019,0,0,0,2.84423,0,0,0,0,0,0,0,0,0,0,0,0,0,0,0,0.0859615,0,0,0,0
"MtrNatGas",1,17,6,"",2.98706,0,0,0,2.84379,0,0,0,0,0,0,0,0,0,0,0,0,0,0,0,0.143269,0,0,0,0
"MtrNatGas",1,17,7,"",25.2309,0,0,0,24.9444,0,0,0,0,0,0,0,0,0,0,0,0,0,0,0,0.286538,0,0,0,0
"MtrNatGas",1,17,8,"",18.4089,0,0,0,17.6353,0,0,0,0,0,0,0,0,0,0,0,0,0,0,0,0.773653,0,0,0,0
"MtrNatGas",1,17,9,"",23.8108,0,0,0,22.4355,0,0,0,0,0,0,0,0,0,0,0,0,0,0,0,1.37538,0,0,0,0
"MtrNatGas",1,17,10,"",30.2412,0,0,0,28.8659,0,0,0,0,0,0,0,0,0,0,0,0,0,0,0,1.37538,0,0,0,0
"MtrNatGas",1,17,11,"",29.3646,0,0,0,20.344,0,0,0,0,0,0,0,0,0,0,0,0,0,7.70257,0,1.31808,0,0,0,0
"MtrNatGas",1,17,12,"",24.6062,0,0,0,16.1702,0,0,0,0,0,0,0,0,0,0,0,0,0,6.86007,0,1.57596,0,0,0,0
"MtrNatGas",1,17,13,"",17.9106,0,0,0,7.56388,0,0,0,0,0,0,0,0,0,0,0,0,0,8.54157,0,1.80519,0,0,0,0
"MtrNatGas",1,17,14,"",24.902,0,0,0,15.5099,0,0,0,0,0,0,0,0,0,0,0,0,0,7.70154,0,1.69058,0,0,0,0
"MtrNatGas",1,17,15,"",7.41286,0,0,0,5.63633,0,0,0,0,0,0,0,0,0,0,0,0,0,0,0,1.77654,0,0,0,0
"MtrNatGas",1,17,16,"",7.33035,0,0,0,5.38189,0,0,0,0,0,0,0,0,0,0,0,0,0,0,0,1.94846,0,0,0,0
"MtrNatGas",1,17,17,"",7.3614,0,0,0,4.7539,0,0,0,0,0,0,0,0,0,0,0,0,0,0,0,2.6075,0,0,0,0
"MtrNatGas",1,17,18,"",8.6651,0,0,0,4.68222,0,0,0,0,0,0,0,0,0,0,0,0,0,0,0,3.98288,0,0,0,0
"MtrNatGas",1,17,19,"",18.7939,0,0,0,15.0976,0,0,0,0,0,0,0,0,0,0,0,0,0,0,0,3.69634,0,0,0,0
"MtrNatGas",1,17,20,"",26.0144,0,0,0,23.9513,0,0,0,0,0,0,0,0,0,0,0,0,0,0,0,2.06308,0,0,0,0
"MtrNatGas",1,17,21,"",20.6111,0,0,0,19.6942,0,0,0,0,0,0,0,0,0,0,0,0,0,0,0,0.916923,0,0,0,0
"MtrNatGas",1,17,22,"",30.2389,0,0,0,29.8378,0,0,0,0,0,0,0,0,0,0,0,0,0,0,0,0.401154,0,0,0,0
"MtrNatGas",1,17,23,"",21.0709,0,0,0,20.8131,0,0,0,0,0,0,0,0,0,0,0,0,0,0,0,0.257884,0,0,0,0
"MtrNatGas",1,17,24,"",12.0326,0,0,0,4.18781,0,0,0,0,0,0,0,0,0,0,0,0,0,7.70152,0,0.143269,0,0,0,0
"MtrNatGas",1,18,1,"",3.44273,0,0,0,3.29946,0,0,0,0,0,0,0,0,0,0,0,0,0,0,0,0.143269,0,0,0,0
"MtrNatGas",1,18,2,"",3.17661,0,0,0,3.06199,0,0,0,0,0,0,0,0,0,0,0,0,0,0,0,0.114615,0,0,0,0
"MtrNatGas",1,18,3,"",3.81977,0,0,0,3.73381,0,0,0,0,0,0,0,0,0,0,0,0,0,0,0,0.0859615,0,0,0,0
"MtrNatGas",1,18,4,"",3.27403,0,0,0,3.18807,0,0,0,0,0,0,0,0,0,0,0,0,0,0,0,0.0859615,0,0,0,0
"MtrNatGas",1,18,5,"",3.28608,0,0,0,3.20012,0,0,0,0,0,0,0,0,0,0,0,0,0,0,0,0.0859615,0,0,0,0
"MtrNatGas",1,18,6,"",7.25454,0,0,0,7.11127,0,0,0,0,0,0,0,0,0,0,0,0,0,0,0,0.143269,0,0,0,0
"MtrNatGas",1,18,7,"",32.1099,0,0,0,31.8234,0,0,0,0,0,0,0,0,0,0,0,0,0,0,0,0.286538,0,0,0,0
"MtrNatGas",1,18,8,"",35.0025,0,0,0,25.4311,0,0,0,0,0,0,0,0,0,0,0,0,0,8.79771,0,0.773653,0,0,0,0
"MtrNatGas",1,18,9,"",33.8205,0,0,0,19.0226,0,0,0,0,0,0,0,0,0,0,0,0,0,13.4226,0,1.37538,0,0,0,0
"MtrNatGas",1,18,10,"",20.4763,0,0,0,10.5094,0,0,0,0,0,0,0,0,0,0,0,0,0,8.59145,0,1.37538,0,0,0,0
"MtrNatGas",1,18,11,"",27.5748,0,0,0,26.2567,0,0,0,0,0,0,0,0,0,0,0,0,0,0,0,1.31808,0,0,0,0
"MtrNatGas",1,18,12,"",27.0621,0,0,0,17.7836,0,0,0,0,0,0,0,0,0,0,0,0,0,7.70259,0,1.57596,0,0,0,0
"MtrNatGas",1,18,13,"",8.51952,0,0,0,6.71433,0,0,0,0,0,0,0,0,0,0,0,0,0,0,0,1.80519,0,0,0,0
"MtrNatGas",1,18,14,"",6.68859,0,0,0,4.99802,0,0,0,0,0,0,0,0,0,0,0,0,0,0,0,1.69058,0,0,0,0
"MtrNatGas",1,18,15,"",12.0514,0,0,0,10.2749,0,0,0,0,0,0,0,0,0,0,0,0,0,0,0,1.77654,0,0,0,0
"MtrNatGas",1,18,16,"",11.7226,0,0,0,7.26461,0,0,0,0,0,0,0,0,0,0,0,0,0,2.50955,0,1.94846,0,0,0,0
"MtrNatGas",1,18,17,"",31.6728,0,0,0,23.8736,0,0,0,0,0,0,0,0,0,0,0,0,0,5.19166,0,2.6075,0,0,0,0
"MtrNatGas",1,18,18,"",23.7613,0,0,0,19.7784,0,0,0,0,0,0,0,0,0,0,0,0,0,0,0,3.98288,0,0,0,0
"MtrNatGas",1,18,19,"",20.1416,0,0,0,16.4453,0,0,0,0,0,0,0,0,0,0,0,0,0,0,0,3.69634,0,0,0,0
"MtrNatGas",1,18,20,"",26.0493,0,0,0,23.9862,0,0,0,0,0,0,0,0,0,0,0,0,0,0,0,2.06308,0,0,0,0
"MtrNatGas",1,18,21,"",4.31979,0,0,0,3.40287,0,0,0,0,0,0,0,0,0,0,0,0,0,0,0,0.916923,0,0,0,0
"MtrNatGas",1,18,22,"",27.748,0,0,0,27.3469,0,0,0,0,0,0,0,0,0,0,0,0,0,0,0,0.401154,0,0,0,0
"MtrNatGas",1,18,23,"",20.9768,0,0,0,20.7189,0,0,0,0,0,0,0,0,0,0,0,0,0,0,0,0.257884,0,0,0,0
"MtrNatGas",1,18,24,"",17.7788,0,0,0,9.93403,0,0,0,0,0,0,0,0,0,0,0,0,0,7.70152,0,0.143269,0,0,0,0
"MtrNatGas",1,19,1,"",2.99012,0,0,0,2.84685,0,0,0,0,0,0,0,0,0,0,0,0,0,0,0,0.143269,0,0,0,0
"MtrNatGas",1,19,2,"",2.9619,0,0,0,2.84729,0,0,0,0,0,0,0,0,0,0,0,0,0,0,0,0.114615,0,0,0,0
"MtrNatGas",1,19,3,"",3.2487,0,0,0,3.16274,0,0,0,0,0,0,0,0,0,0,0,0,0,0,0,0.0859615,0,0,0,0
"MtrNatGas",1,19,4,"",3.27452,0,0,0,3.18856,0,0,0,0,0,0,0,0,0,0,0,0,0,0,0,0.0859615,0,0,0,0
"MtrNatGas",1,19,5,"",10.6334,0,0,0,10.5475,0,0,0,0,0,0,0,0,0,0,0,0,0,0,0,0.0859615,0,0,0,0
"MtrNatGas",1,19,6,"",41.9532,0,0,0,41.8099,0,0,0,0,0,0,0,0,0,0,0,0,0,0,0,0.143269,0,0,0,0
"MtrNatGas",1,19,7,"",27.5198,0,0,0,27.2333,0,0,0,0,0,0,0,0,0,0,0,0,0,0,0,0.286538,0,0,0,0
"MtrNatGas",1,19,8,"",36.4965,0,0,0,28.9821,0,0,0,0,0,0,0,0,0,0,0,0,0,6.74082,0,0.773653,0,0,0,0
"MtrNatGas",1,19,9,"",52.6763,0,0,0,31.5919,0,0,0,0,0,0,0,0,0,0,0,0,0,19.709,0,1.37538,0,0,0,0
"MtrNatGas",1,19,10,"",41.793,0,0,0,32.1693,0,0,0,0,0,0,0,0,0,0,0,0,0,8.24833,0,1.37538,0,0,0,0
"MtrNatGas",1,19,11,"",17.2814,0,0,0,8.29586,0,0,0,0,0,0,0,0,0,0,0,0,0,7.66744,0,1.31808,0,0,0,0
"MtrNatGas",1,19,12,"",25.3147,0,0,0,19.8958,0,0,0,0,0,0,0,0,0,0,0,0,0,3.84286,0,1.57596,0,0,0,0
"MtrNatGas",1,19,13,"",33.2689,0,0,0,9.11323,0,0,0,0,0,0,0,0,0,0,0,0,0,22.3504,0,1.80519,0,0,0,0
"MtrNatGas",1,19,14,"",20.1064,0,0,0,6.20569,0,0,0,0,0,0,0,0,0,0,0,0,0,12.2102,0,1.69058,0,0,0,0
"MtrNatGas",1,19,15,"",10.9589,0,0,0,5.238,0,0,0,0,0,0,0,0,0,0,0,0,0,3.94435,0,1.77654,0,0,0,0
"MtrNatGas",1,19,16,"",6.8585,0,0,0,4.91004,0,0,0,0,0,0,0,0,0,0,0,0,0,0,0,1.94846,0,0,0,0
"MtrNatGas",1,19,17,"",16.8856,0,0,0,14.2781,0,0,0,0,0,0,0,0,0,0,0,0,0,0,0,2.6075,0,0,0,0
"MtrNatGas",1,19,18,"",14.0836,0,0,0,10.1007,0,0,0,0,0,0,0,0,0,0,0,0,0,0,0,3.98288,0,0,0,0
"MtrNatGas",1,19,19,"",11.7316,0,0,0,8.03529,0,0,0,0,0,0,0,0,0,0,0,0,0,0,0,3.69634,0,0,0,0
"MtrNatGas",1,19,20,"",24.5527,0,0,0,22.4896,0,0,0,0,0,0,0,0,0,0,0,0,0,0,0,2.06308,0,0,0,0
"MtrNatGas",1,19,21,"",8.60418,0,0,0,7.68725,0,0,0,0,0,0,0,0,0,0,0,0,0,0,0,0.916923,0,0,0,0
"MtrNatGas",1,19,22,"",21.7567,0,0,0,21.3556,0,0,0,0,0,0,0,0,0,0,0,0,0,0,0,0.401154,0,0,0,0
"MtrNatGas",1,19,23,"",9.94602,0,0,0,9.68813,0,0,0,0,0,0,0,0,0,0,0,0,0,0,0,0.257884,0,0,0,0
"MtrNatGas",1,19,24,"",7.03954,0,0,0,6.89627,0,0,0,0,0,0,0,0,0,0,0,0,0,0,0,0.143269,0,0,0,0
"MtrNatGas",1,20,1,"",3.33039,0,0,0,3.18712,0,0,0,0,0,0,0,0,0,0,0,0,0,0,0,0.143269,0,0,0,0
"MtrNatGas",1,20,2,"",2.96628,0,0,0,2.85166,0,0,0,0,0,0,0,0,0,0,0,0,0,0,0,0.114615,0,0,0,0
"MtrNatGas",1,20,3,"",3.18303,0,0,0,3.06842,0,0,0,0,0,0,0,0,0,0,0,0,0,0,0,0.114615,0,0,0,0
"MtrNatGas",1,20,4,"",3.13507,0,0,0,3.02046,0,0,0,0,0,0,0,0,0,0,0,0,0,0,0,0.114615,0,0,0,0
"MtrNatGas",1,20,5,"",2.96759,0,0,0,2.85298,0,0,0,0,0,0,0,0,0,0,0,0,0,0,0,0.114615,0,0,0,0
"MtrNatGas",1,20,6,"",7.22704,0,0,0,6.82588,0,0,0,0,0,0,0,0,0,0,0,0,0,0,0,0.401154,0,0,0,0
"MtrNatGas",1,20,7,"",21.5472,0,0,0,21.0027,0,0,0,0,0,0,0,0,0,0,0,0,0,0,0,0.544423,0,0,0,0
"MtrNatGas",1,20,8,"",52.4512,0,0,0,44.0318,0,0,0,0,0,0,0,0,0,0,0,0,0,7.70312,0,0.716346,0,0,0,0
"MtrNatGas",1,20,9,"",16.8417,0,0,0,16.0967,0,0,0,0,0,0,0,0,0,0,0,0,0,0,0,0.745,0,0,0,0
"MtrNatGas",1,20,10,"",4.65072,0,0,0,4.02033,0,0,0,0,0,0,0,0,0,0,0,0,0,0,0,0.630384,0,0,0,0
"MtrNatGas",1,20,11,"",8.91873,0,0,0,8.317,0,0,0,0,0,0,0,0,0,0,0,0,0,0,0,0.60173,0,0,0,0
"MtrNatGas",1,20,12,"",5.18313,0,0,0,4.35216,0,0,0,0,0,0,0,0,0,0,0,0,0,0,0,0.830961,0,0,0,0
"MtrNatGas",1,20,13,"",11.6698,0,0,0,10.6669,0,0,0,0,0,0,0,0,0,0,0,0,0,0,0,1.00288,0,0,0,0
"MtrNatGas",1,20,14,"",6.5774,0,0,0,5.66048,0,0,0,0,0,0,0,0,0,0,0,0,0,0,0,0.916923,0,0,0,0
"MtrNatGas",1,20,15,"",6.66328,0,0,0,5.68905,0,0,0,0,0,0,0,0,0,0,0,0,0,0,0,0.97423,0,0,0,0
"MtrNatGas",1,20,16,"",17.9768,0,0,0,12.6522,0,0,0,0,0,0,0,0,0,0,0,0,0,3.83464,0,1.49,0,0,0,0
"MtrNatGas",1,20,17,"",12.8273,0,0,0,5.66645,0,0,0,0,0,0,0,0,0,0,0,0,0,3.86561,0,3.29519,0,0,0,0
"MtrNatGas",1,20,18,"",14.5008,0,0,0,8.97065,0,0,0,0,0,0,0,0,0,0,0,0,0,0,0,5.53019,0,0,0,0
"MtrNatGas",1,20,19,"",37.6939,0,0,0,32.5363,0,0,0,0,0,0,0,0,0,0,0,0,0,0,0,5.15769,0,0,0,0
"MtrNatGas",1,20,20,"",35.7855,0,0,0,25.2767,0,0,0,0,0,0,0,0,0,0,0,0,0,7.70077,0,2.80808,0,0,0,0
"MtrNatGas",1,20,21,"",38.7407,0,0,0,29.8354,0,0,0,0,0,0,0,0,0,0,0,0,0,7.70188,0,1.20346,0,0,0,0
"MtrNatGas",1,20,22,"",24.0836,0,0,0,17.9507,0,0,0,0,0,0,0,0,0,0,0,0,0,5.55984,0,0.573077,0,0,0,0
"MtrNatGas",1,20,23,"",32.3213,0,0,0,29.8356,0,0,0,0,0,0,0,0,0,0,0,0,0,2.14188,0,0.343846,0,0,0,0
"MtrNatGas",1,20,24,"",16.8694,0,0,0,16.5828,0,0,0,0,0,0,0,0,0,0,0,0,0,0,0,0.286538,0,0,0,0
"MtrNatGas",1,21,1,"",3.67707,0,0,0,3.5338,0,0,0,0,0,0,0,0,0,0,0,0,0,0,0,0.143269,0,0,0,0
"MtrNatGas",1,21,2,"",3.13939,0,0,0,3.02477,0,0,0,0,0,0,0,0,0,0,0,0,0,0,0,0.114615,0,0,0,0
"MtrNatGas",1,21,3,"",4.37405,0,0,0,4.25943,0,0,0,0,0,0,0,0,0,0,0,0,0,0,0,0.114615,0,0,0,0
"MtrNatGas",1,21,4,"",3.13942,0,0,0,3.02481,0,0,0,0,0,0,0,0,0,0,0,0,0,0,0,0.114615,0,0,0,0
"MtrNatGas",1,21,5,"",3.14401,0,0,0,3.0294,0,0,0,0,0,0,0,0,0,0,0,0,0,0,0,0.114615,0,0,0,0
"MtrNatGas",1,21,6,"",3.62024,0,0,0,3.21909,0,0,0,0,0,0,0,0,0,0,0,0,0,0,0,0.401154,0,0,0,0
"MtrNatGas",1,21,7,"",27.5117,0,0,0,26.9673,0,0,0,0,0,0,0,0,0,0,0,0,0,0,0,0.544423,0,0,0,0
"MtrNatGas",1,21,8,"",23.205,0,0,0,22.4886,0,0,0,0,0,0,0,0,0,0,0,0,0,0,0,0.716346,0,0,0,0
"MtrNatGas",1,21,9,"",15.1668,0,0,0,14.4218,0,0,0,0,0,0,0,0,0,0,0,0,0,0,0,0.745,0,0,0,0
"MtrNatGas",1,21,10,"",36.8234,0,0,0,29.3723,0,0,0,0,0,0,0,0,0,0,0,0,0,6.82074,0,0.630384,0,0,0,0
"MtrNatGas",1,21,11,"",26.9431,0,0,0,10.0543,0,0,0,0,0,0,0,0,0,0,0,0,0,16.2871,0,0.60173,0,0,0,0
"MtrNatGas",1,21,12,"",8.20271,0,0,0,7.37175,0,0,0,0,0,0,0,0,0,0,0,0,0,0,0,0.830961,0,0,0,0
"MtrNatGas",1,21,13,"",7.78617,0,0,0,6.78328,0,0,0,0,0,0,0,0,0,0,0,0,0,0,0,1.00288,0,0,0,0
"MtrNatGas",1,21,14,"",8.92037,0,0,0,5.5065,0,0,0,0,0,0,0,0,0,0,0,0,0,2.49695,0,0.916923,0,0,0,0
"MtrNatGas",1,21,15,"",16.1041,0,0,0,9.92334,0,0,0,0,0,0,0,0,0,0,0,0,0,5.20652,0,0.97423,0,0,0,0
"MtrNatGas",1,21,16,"",7.97052,0,0,0,6.48052,0,0,0,0,0,0,0,0,0,0,0,0,0,0,0,1.49,0,0,0,0
"MtrNatGas",1,21,17,"",10.8403,0,0,0,7.54515,0,0,0,0,0,0,0,0,0,0,0,0,0,0,0,3.29519,0,0,0,0
"MtrNatGas",1,21,18,"",14.2382,0,0,0,8.70802,0,0,0,0,0,0,0,0,0,0,0,0,0,0,0,5.53019,0,0,0,0
"MtrNatGas",1,21,19,"",13.725,0,0,0,8.5673,0,0,0,0,0,0,0,0,0,0,0,0,0,0,0,5.15769,0,0,0,0
"MtrNatGas",1,21,20,"",28.0982,0,0,0,25.2902,0,0,0,0,0,0,0,0,0,0,0,0,0,0,0,2.80808,0,0,0,0
"MtrNatGas",1,21,21,"",21.1002,0,0,0,19.8967,0,0,0,0,0,0,0,0,0,0,0,0,0,0,0,1.20346,0,0,0,0
"MtrNatGas",1,21,22,"",8.60008,0,0,0,8.027,0,0,0,0,0,0,0,0,0,0,0,0,0,0,0,0.573077,0,0,0,0
"MtrNatGas",1,21,23,"",11.8597,0,0,0,10.1031,0,0,0,0,0,0,0,0,0,0,0,0,0,1.41278,0,0.343846,0,0,0,0
"MtrNatGas",1,21,24,"",12.8704,0,0,0,8.86843,0,0,0,0,0,0,0,0,0,0,0,0,0,3.71548,0,0.286538,0,0,0,0
"MtrNatGas",1,22,1,"",6.24802,0,0,0,3.52997,0,0,0,0,0,0,0,0,0,0,0,0,0,2.57478,0,0.143269,0,0,0,0
"MtrNatGas",1,22,2,"",3.47661,0,0,0,3.362,0,0,0,0,0,0,0,0,0,0,0,0,0,0,0,0.114615,0,0,0,0
"MtrNatGas",1,22,3,"",3.22007,0,0,0,3.10545,0,0,0,0,0,0,0,0,0,0,0,0,0,0,0,0.114615,0,0,0,0
"MtrNatGas",1,22,4,"",3.2792,0,0,0,3.16458,0,0,0,0,0,0,0,0,0,0,0,0,0,0,0,0.114615,0,0,0,0
"MtrNatGas",1,22,5,"",5.01587,0,0,0,4.90126,0,0,0,0,0,0,0,0,0,0,0,0,0,0,0,0.114615,0,0,0,0
"MtrNatGas",1,22,6,"",5.76882,0,0,0,5.36767,0,0,0,0,0,0,0,0,0,0,0,0,0,0,0,0.401154,0,0,0,0
"MtrNatGas",1,22,7,"",7.71386,0,0,0,7.16944,0,0,0,0,0,0,0,0,0,0,0,0,0,0,0,0.544423,0,0,0,0
"MtrNatGas",1,22,8,"",18.2439,0,0,0,17.5276,0,0,0,0,0,0,0,0,0,0,0,0,0,0,0,0.716346,0,0,0,0
"MtrNatGas",1,22,9,"",52.132,0,0,0,43.6864,0,0,0,0,0,0,0,0,0,0,0,0,0,7.70058,0,0.745,0,0,0,0
"MtrNatGas",1,22,10,"",25.4783,0,0,0,19.8312,0,0,0,0,0,0,0,0,0,0,0,0,0,5.01665,0,0.630384,0,0,0,0
"MtrNatGas",1,22,11,"",27.0342,0,0,0,11.8822,0,0,0,0,0,0,0,0,0,0,0,0,0,14.5502,0,0.60173,0,0,0,0
"MtrNatGas",1,22,12,"",16.0568,0,0,0,3.98553,0,0,0,0,0,0,0,0,0,0,0,0,0,11.2403,0,0.830961,0,0,0,0
"MtrNatGas",1,22,13,"",4.34472,0,0,0,3.34183,0,0,0,0,0,0,0,0,0,0,0,0,0,0,0,1.00288,0,0,0,0
"MtrNatGas",1,22,14,"",4.73702,0,0,0,3.8201,0,0,0,0,0,0,0,0,0,0,0,0,0,0,0,0.916923,0,0,0,0
"MtrNatGas",1,22,15,"",7.2513,0,0,0,6.27707,0,0,0,0,0,0,0,0,0,0,0,0,0,0,0,0.97423,0,0,0,0
"MtrNatGas",1,22,16,"",19.2075,0,0,0,14.7761,0,0,0,0,0,0,0,0,0,0,0,0,0,2.94132,0,1.49,0,0,0,0
"MtrNatGas",1,22,17,"",26.4282,0,0,0,10.6716,0,0,0,0,0,0,0,0,0,0,0,0,0,12.4614,0,3.29519,0,0,0,0
"MtrNatGas",1,22,18,"",24.5675,0,0,0,11.3369,0,0,0,0,0,0,0,0,0,0,0,0,0,7.70039,0,5.53019,0,0,0,0
"MtrNatGas",1,22,19,"",21.832,0,0,0,8.9728,0,0,0,0,0,0,0,0,0,0,0,0,0,7.70148,0,5.15769,0,0,0,0
"MtrNatGas",1,22,20,"",12.7791,0,0,0,9.97099,0,0,0,0,0,0,0,0,0,0,0,0,0,0,0,2.80808,0,0,0,0
"MtrNatGas",1,22,21,"",20.018,0,0,0,18.8146,0,0,0,0,0,0,0,0,0,0,0,0,0,0,0,1.20346,0,0,0,0
"MtrNatGas",1,22,22,"",25.8443,0,0,0,25.2712,0,0,0,0,0,0,0,0,0,0,0,0,0,0,0,0.573077,0,0,0,0
"MtrNatGas",1,22,23,"",7.39677,0,0,0,7.05293,0,0,0,0,0,0,0,0,0,0,0,0,0,0,0,0.343846,0,0,0,0
"MtrNatGas",1,22,24,"",7.78776,0,0,0,7.50122,0,0,0,0,0,0,0,0,0,0,0,0,0,0,0,0.286538,0,0,0,0
"MtrNatGas",1,23,1,"",4.78491,0,0,0,4.64164,0,0,0,0,0,0,0,0,0,0,0,0,0,0,0,0.143269,0,0,0,0
"MtrNatGas",1,23,2,"",2.96672,0,0,0,2.8521,0,0,0,0,0,0,0,0,0,0,0,0,0,0,0,0.114615,0,0,0,0
"MtrNatGas",1,23,3,"",3.41225,0,0,0,3.29764,0,0,0,0,0,0,0,0,0,0,0,0,0,0,0,0.114615,0,0,0,0
"MtrNatGas",1,23,4,"",3.5601,0,0,0,3.44549,0,0,0,0,0,0,0,0,0,0,0,0,0,0,0,0.114615,0,0,0,0
"MtrNatGas",1,23,5,"",2.98071,0,0,0,2.86609,0,0,0,0,0,0,0,0,0,0,0,0,0,0,0,0.114615,0,0,0,0
"MtrNatGas",1,23,6,"",10.6955,0,0,0,10.2944,0,0,0,0,0,0,0,0,0,0,0,0,0,0,0,0.401154,0,0,0,0
"MtrNatGas",1,23,7,"",8.50323,0,0,0,7.95881,0,0,0,0,0,0,0,0,0,0,0,0,0,0,0,0.544423,0,0,0,0
"MtrNatGas",1,23,8,"",35.2224,0,0,0,34.506,0,0,0,0,0,0,0,0,0,0,0,0,0,0,0,0.716346,0,0,0,0
"MtrNatGas",1,23,9,"",37.8025,0,0,0,37.0575,0,0,0,0,0,0,0,0,0,0,0,0,0,0,0,0.745,0,0,0,0
"MtrNatGas",1,23,10,"",24.566,0,0,0,23.9356,0,0,0,0,0,0,0,0,0,0,0,0,0,0,0,0.630384,0,0,0,0
"MtrNatGas",1,23,11,"",25.9619,0,0,0,25.3602,0,0,0,0,0,0,0,0,0,0,0,0,0,0,0,0.60173,0,0,0,0
"MtrNatGas",1,23,12,"",36.226,0,0,0,20.3464,0,0,0,0,0,0,0,0,0,0,0,0,0,15.0487,0,0.830961,0,0,0,0
"MtrNatGas",1,23,13,"",17.6167,0,0,0,16.2617,0,0,0,0,0,0,0,0,0,0,0,0,0,0.352136,0,1.00288,0,0,0,0
"MtrNatGas",1,23,14,"",7.47376,0,0,0,6.55684,0,0,0,0,0,0,0,0,0,0,0,0,0,0,0,0.916923,0,0,0,0
"MtrNatGas",1,23,15,"",19.7633,0,0,0,15.291,0,0,0,0,0,0,0,0,0,0,0,0,0,3.49802,0,0.97423,0,0,0,0
"MtrNatGas",1,23,16,"",16.1449,0,0,0,10.4529,0,0,0,0,0,0,0,0,0,0,0,0,0,4.20196,0,1.49,0,0,0,0
"MtrNatGas",1,23,17,"",25.2835,0,0,0,14.2858,0,0,0,0,0,0,0,0,0,0,0,0,0,7.70248,0,3.29519,0,0,0,0
"MtrNatGas",1,23,18,"",31.9624,0,0,0,18.7318,0,0,0,0,0,0,0,0,0,0,0,0,0,7.70039,0,5.53019,0,0,0,0
"MtrNatGas",1,23,19,"",64.6165,0,0,0,51.7573,0,0,0,0,0,0,0,0,0,0,0,0,0,7.70148,0,5.15769,0,0,0,0
"MtrNatGas",1,23,20,"",49.4902,0,0,0,46.6821,0,0,0,0,0,0,0,0,0,0,0,0,0,0,0,2.80808,0,0,0,0
"MtrNatGas",1,23,21,"",34.2768,0,0,0,33.0733,0,0,0,0,0,0,0,0,0,0,0,0,0,0,0,1.20346,0,0,0,0
"MtrNatGas",1,23,22,"",31.0343,0,0,0,30.4613,0,0,0,0,0,0,0,0,0,0,0,0,0,0,0,0.573077,0,0,0,0
"MtrNatGas",1,23,23,"",20.1224,0,0,0,19.7786,0,0,0,0,0,0,0,0,0,0,0,0,0,0,0,0.343846,0,0,0,0
"MtrNatGas",1,23,24,"",12.9882,0,0,0,12.7016,0,0,0,0,0,0,0,0,0,0,0,0,0,0,0,0.286538,0,0,0,0
"MtrNatGas",1,24,1,"",3.98711,0,0,0,3.84384,0,0,0,0,0,0,0,0,0,0,0,0,0,0,0,0.143269,0,0,0,0
"MtrNatGas",1,24,2,"",2.97021,0,0,0,2.8556,0,0,0,0,0,0,0,0,0,0,0,0,0,0,0,0.114615,0,0,0,0
"MtrNatGas",1,24,3,"",7.71261,0,0,0,7.62665,0,0,0,0,0,0,0,0,0,0,0,0,0,0,0,0.0859615,0,0,0,0
"MtrNatGas",1,24,4,"",5.98501,0,0,0,5.89905,0,0,0,0,0,0,0,0,0,0,0,0,0,0,0,0.0859615,0,0,0,0
"MtrNatGas",1,24,5,"",2.94506,0,0,0,2.8591,0,0,0,0,0,0,0,0,0,0,0,0,0,0,0,0.0859615,0,0,0,0
"MtrNatGas",1,24,6,"",3.42634,0,0,0,3.28307,0,0,0,0,0,0,0,0,0,0,0,0,0,0,0,0.143269,0,0,0,0
"MtrNatGas",1,24,7,"",26.4099,0,0,0,26.1234,0,0,0,0,0,0,0,0,0,0,0,0,0,0,0,0.286538,0,0,0,0
"MtrNatGas",1,24,8,"",18.2873,0,0,0,17.5137,0,0,0,0,0,0,0,0,0,0,0,0,0,0,0,0.773653,0,0,0,0
"MtrNatGas",1,24,9,"",18.3506,0,0,0,16.9752,0,0,0,0,0,0,0,0,0,0,0,0,0,0,0,1.37538,0,0,0,0
"MtrNatGas",1,24,10,"",19.1563,0,0,0,17.7809,0,0,0,0,0,0,0,0,0,0,0,0,0,0,0,1.37538,0,0,0,0
"MtrNatGas",1,24,11,"",25.4036,0,0,0,8.68036,0,0,0,0,0,0,0,0,0,0,0,0,0,15.4051,0,1.31808,0,0,0,0
"MtrNatGas",1,24,12,"",24.5193,0,0,0,17.9267,0,0,0,0,0,0,0,0,0,0,0,0,0,5.01664,0,1.57596,0,0,0,0
"MtrNatGas",1,24,13,"",8.87634,0,0,0,4.38566,0,0,0,0,0,0,0,0,0,0,0,0,0,2.68549,0,1.80519,0,0,0,0
"MtrNatGas",1,24,14,"",18.6457,0,0,0,16.9552,0,0,0,0,0,0,0,0,0,0,0,0,0,0,0,1.69058,0,0,0,0
"MtrNatGas",1,24,15,"",6.44442,0,0,0,4.66789,0,0,0,0,0,0,0,0,0,0,0,0,0,0,0,1.77654,0,0,0,0
"MtrNatGas",1,24,16,"",8.21716,0,0,0,6.2687,0,0,0,0,0,0,0,0,0,0,0,0,0,0,0,1.94846,0,0,0,0
"MtrNatGas",1,24,17,"",7.08032,0,0,0,4.47283,0,0,0,0,0,0,0,0,0,0,0,0,0,0,0,2.6075,0,0,0,0
"MtrNatGas",1,24,18,"",9.68927,0,0,0,5.70639,0,0,0,0,0,0,0,0,0,0,0,0,0,0,0,3.98288,0,0,0,0
"MtrNatGas",1,24,19,"",9.9586,0,0,0,6.26225,0,0,0,0,0,0,0,0,0,0,0,0,0,0,0,3.69634,0,0,0,0
"MtrNatGas",1,24,20,"",21.54,0,0,0,19.4769,0,0,0,0,0,0,0,0,0,0,0,0,0,0,0,2.06308,0,0,0,0
"MtrNatGas",1,24,21,"",16.8868,0,0,0,15.9699,0,0,0,0,0,0,0,0,0,0,0,0,0,0,0,0.916923,0,0,0,0
"MtrNatGas",1,24,22,"",22.1867,0,0,0,21.7855,0,0,0,0,0,0,0,0,0,0,0,0,0,0,0,0.401154,0,0,0,0
"MtrNatGas",1,24,23,"",28.2298,0,0,0,20.2711,0,0,0,0,0,0,0,0,0,0,0,0,0,7.70077,0,0.257884,0,0,0,0
"MtrNatGas",1,24,24,"",11.7064,0,0,0,3.86165,0,0,0,0,0,0,0,0,0,0,0,0,0,7.70152,0,0.143269,0,0,0,0
"MtrNatGas",1,25,1,"",6.72434,0,0,0,6.58107,0,0,0,0,0,0,0,0,0,0,0,0,0,0,0,0.143269,0,0,0,0
"MtrNatGas",1,25,2,"",3.14182,0,0,0,3.0272,0,0,0,0,0,0,0,0,0,0,0,0,0,0,0,0.114615,0,0,0,0
"MtrNatGas",1,25,3,"",4.05123,0,0,0,3.96527,0,0,0,0,0,0,0,0,0,0,0,0,0,0,0,0.0859615,0,0,0,0
"MtrNatGas",1,25,4,"",2.94287,0,0,0,2.85691,0,0,0,0,0,0,0,0,0,0,0,0,0,0,0,0.0859615,0,0,0,0
"MtrNatGas",1,25,5,"",3.10572,0,0,0,3.01976,0,0,0,0,0,0,0,0,0,0,0,0,0,0,0,0.0859615,0,0,0,0
"MtrNatGas",1,25,6,"",3.5044,0,0,0,3.36113,0,0,0,0,0,0,0,0,0,0,0,0,0,0,0,0.143269,0,0,0,0
"MtrNatGas",1,25,7,"",3.66874,0,0,0,3.3822,0,0,0,0,0,0,0,0,0,0,0,0,0,0,0,0.286538,0,0,0,0
"MtrNatGas",1,25,8,"",14.4912,0,0,0,13.7175,0,0,0,0,0,0,0,0,0,0,0,0,0,0,0,0.773653,0,0,0,0
"MtrNatGas",1,25,9,"",20.0171,0,0,0,18.6418,0,0,0,0,0,0,0,0,0,0,0,0,0,0,0,1.37538,0,0,0,0
"MtrNatGas",1,25,10,"",45.4744,0,0,0,44.0991,0,0,0,0,0,0,0,0,0,0,0,0,0,0,0,1.37538,0,0,0,0
"MtrNatGas",1,25,11,"",31.8585,0,0,0,27.1023,0,0,0,0,0,0,0,0,0,0,0,0,0,3.4381,0,1.31808,0,0,0,0
"MtrNatGas",1,25,12,"",47.9493,0,0,0,22.9775,0,0,0,0,0,0,0,0,0,0,0,0,0,23.3958,0,1.57596,0,0,0,0
"MtrNatGas",1,25,13,"",16.9485,0,0,0,11.1701,0,0,0,0,0,0,0,0,0,0,0,0,0,3.97329,0,1.80519,0,0,0,0
"MtrNatGas",1,25,14,"",16.1225,0,0,0,10.6919,0,0,0,0,0,0,0,0,0,0,0,0,0,3.73998,0,1.69058,0,0,0,0
"MtrNatGas",1,25,15,"",15.469,0,0,0,9.73234,0,0,0,0,0,0,0,0,0,0,0,0,0,3.96011,0,1.77654,0,0,0,0
"MtrNatGas",1,25,16,"",7.81751,0,0,0,5.86905,0,0,0,0,0,0,0,0,0,0,0,0,0,0,0,1.94846,0,0,0,0
"MtrNatGas",1,25,17,"",12.2398,0,0,0,9.63231,0,0,0,0,0,0,0,0,0,0,0,0,0,0,0,2.6075,0,0,0,0
"MtrNatGas",1,25,18,"",20.4965,0,0,0,16.5136,0,0,0,0,0,0,0,0,0,0,0,0,0,0,0,3.98288,0,0,0,0
"MtrNatGas",1,25,19,"",32.8339,0,0,0,21.4347,0,0,0,0,0,0,0,0,0,0,0,0,0,7.70286,0,3.69634,0,0,0,0
"MtrNatGas",1,25,20,"",16.1544,0,0,0,10.521,0,0,0,0,0,0,0,0,0,0,0,0,0,3.57035,0,2.06308,0,0,0,0
"MtrNatGas",1,25,21,"",22.9265,0,0,0,17.8784,0,0,0,0,0,0,0,0,0,0,0,0,0,4.13114,0,0.916923,0,0,0,0
"MtrNatGas",1,25,22,"",25.727,0,0,0,22.9867,0,0,0,0,0,0,0,0,0,0,0,0,0,2.33913,0,0.401154,0,0,0,0
"MtrNatGas",1,25,23,"",12.274,0,0,0,6.65242,0,0,0,0,0,0,0,0,0,0,0,0,0,5.36368,0,0.257884,0,0,0,0
"MtrNatGas",1,25,24,"",3.23294,0,0,0,3.08967,0,0,0,0,0,0,0,0,0,0,0,0,0,0,0,0.143269,0,0,0,0
"MtrNatGas",1,26,1,"",3.16761,0,0,0,3.02434,0,0,0,0,0,0,0,0,0,0,0,0,0,0,0,0.143269,0,0,0,0
"MtrNatGas",1,26,2,"",5.69644,0,0,0,5.58183,0,0,0,0,0,0,0,0,0,0,0,0,0,0,0,0.114615,0,0,0,0
"MtrNatGas",1,26,3,"",4.30872,0,0,0,4.19411,0,0,0,0,0,0,0,0,0,0,0,0,0,0,0,0.114615,0,0,0,0
"MtrNatGas",1,26,4,"",3.4041,0,0,0,3.28948,0,0,0,0,0,0,0,0,0,0,0,0,0,0,0,0.114615,0,0,0,0
"MtrNatGas",1,26,5,"",3.58745,0,0,0,3.47283,0,0,0,0,0,0,0,0,0,0,0,0,0,0,0,0.114615,0,0,0,0
"MtrNatGas",1,26,6,"",5.37785,0,0,0,4.9767,0,0,0,0,0,0,0,0,0,0,0,0,0,0,0,0.401154,0,0,0,0
"MtrNatGas",1,26,7,"",20.4885,0,0,0,19.9441,0,0,0,0,0,0,0,0,0,0,0,0,0,0,0,0.544423,0,0,0,0
"MtrNatGas",1,26,8,"",28.9986,0,0,0,28.2822,0,0,0,0,0,0,0,0,0,0,0,0,0,0,0,0.716346,0,0,0,0
"MtrNatGas",1,26,9,"",39.8515,0,0,0,31.406,0,0,0,0,0,0,0,0,0,0,0,0,0,7.70058,0,0.745,0,0,0,0
"MtrNatGas",1,26,10,"",26.0597,0,0,0,25.4293,0,0,0,0,0,0,0,0,0,0,0,0,0,0,0,0.630384,0,0,0,0
"MtrNatGas",1,26,11,"",31.3109,0,0,0,15.3068,0,0,0,0,0,0,0,0,0,0,0,0,0,15.4024,0,0.60173,0,0,0,0
"MtrNatGas",1,26,12,"",22.8242,0,0,0,14.2923,0,0,0,0,0,0,0,0,0,0,0,0,0,7.70093,0,0.830961,0,0,0,0
"MtrNatGas",1,26,13,"",15.672,0,0,0,7.07303,0,0,0,0,0,0,0,0,0,0,0,0,0,7.59606,0,1.00288,0,0,0,0
"MtrNatGas",1,26,14,"",13.0117,0,0,0,9.9013,0,0,0,0,0,0,0,0,0,0,0,0,0,2.19348,0,0.916923,0,0,0,0
"MtrNatGas",1,26,15,"",12.9774,0,0,0,6.38854,0,0,0,0,0,0,0,0,0,0,0,0,0,5.61459,0,0.97423,0,0,0,0
"MtrNatGas",1,26,16,"",6.40557,0,0,0,4.91557,0,0,0,0,0,0,0,0,0,0,0,0,0,0,0,1.49,0,0,0,0
"MtrNatGas",1,26,17,"",8.22081,0,0,0,4.92562,0,0,0,0,0,0,0,0,0,0,0,0,0,0,0,3.29519,0,0,0,0
"MtrNatGas",1,26,18,"",11.0414,0,0,0,5.51125,0,0,0,0,0,0,0,0,0,0,0,0,0,0,0,5.53019,0,0,0,0
"MtrNatGas",1,26,19,"",20.5853,0,0,0,15.4276,0,0,0,0,0,0,0,0,0,0,0,0,0,0,0,5.15769,0,0,0,0
"MtrNatGas",1,26,20,"",26.9748,0,0,0,16.4663,0,0,0,0,0,0,0,0,0,0,0,0,0,7.70051,0,2.80808,0,0,0,0
"MtrNatGas",1,26,21,"",14.5242,0,0,0,13.3208,0,0,0,0,0,0,0,0,0,0,0,0,0,0,0,1.20346,0,0,0,0
"MtrNatGas",1,26,22,"",14.6284,0,0,0,14.0553,0,0,0,0,0,0,0,0,0,0,0,0,0,0,0,0.573077,0,0,0,0
"MtrNatGas",1,26,23,"",35.6887,0,0,0,26.2318,0,0,0,0,0,0,0,0,0,0,0,0,0,9.11306,0,0.343846,0,0,0,0
"MtrNatGas",1,26,24,"",13.0137,0,0,0,9.01166,0,0,0,0,0,0,0,0,0,0,0,0,0,3.71548,0,0.286538,0,0,0,0
"MtrNatGas",1,27,1,"",8.24454,0,0,0,5.5265,0,0,0,0,0,0,0,0,0,0,0,0,0,2.57478,0,0.143269,0,0,0,0
"MtrNatGas",1,27,2,"",6.27306,0,0,0,6.15844,0,0,0,0,0,0,0,0,0,0,0,0,0,0,0,0.114615,0,0,0,0
"MtrNatGas",1,27,3,"",4.5227,0,0,0,4.40809,0,0,0,0,0,0,0,0,0,0,0,0,0,0,0,0.114615,0,0,0,0
"MtrNatGas",1,27,4,"",3.14233,0,0,0,3.02772,0,0,0,0,0,0,0,0,0,0,0,0,0,0,0,0.114615,0,0,0,0
"MtrNatGas",1,27,5,"",3.33318,0,0,0,3.21856,0,0,0,0,0,0,0,0,0,0,0,0,0,0,0,0.114615,0,0,0,0
"MtrNatGas",1,27,6,"",6.08191,0,0,0,5.68075,0,0,0,0,0,0,0,0,0,0,0,0,0,0,0,0.401154,0,0,0,0
"MtrNatGas",1,27,7,"",17.8764,0,0,0,17.332,0,0,0,0,0,0,0,0,0,0,0,0,0,0,0,0.544423,0,0,0,0
"MtrNatGas",1,27,8,"",25.9593,0,0,0,25.243,0,0,0,0,0,0,0,0,0,0,0,0,0,0,0,0.716346,0,0,0,0
"MtrNatGas",1,27,9,"",13.1498,0,0,0,12.4048,0,0,0,0,0,0,0,0,0,0,0,0,0,0,0,0.745,0,0,0,0
"MtrNatGas",1,27,10,"",22.2971,0,0,0,21.6667,0,0,0,0,0,0,0,0,0,0,0,0,0,0,0,0.630384,0,0,0,0
"MtrNatGas",1,27,11,"",19.1396,0,0,0,10.8348,0,0,0,0,0,0,0,0,0,0,0,0,0,7.70308,0,0.60173,0,0,0,0
"MtrNatGas",1,27,12,"",15.0273,0,0,0,14.1964,0,0,0,0,0,0,0,0,0,0,0,0,0,0,0,0.830961,0,0,0,0
"MtrNatGas",1,27,13,"",9.61849,0,0,0,8.61561,0,0,0,0,0,0,0,0,0,0,0,0,0,0,0,1.00288,0,0,0,0
"MtrNatGas",1,27,14,"",8.85234,0,0,0,5.43847,0,0,0,0,0,0,0,0,0,0,0,0,0,2.49695,0,0.916923,0,0,0,0
"MtrNatGas",1,27,15,"",16.0979,0,0,0,9.91713,0,0,0,0,0,0,0,0,0,0,0,0,0,5.20652,0,0.97423,0,0,0,0
"MtrNatGas",1,27,16,"",7.44546,0,0,0,5.95546,0,0,0,0,0,0,0,0,0,0,0,0,0,0,0,1.49,0,0,0,0
"MtrNatGas",1,27,17,"",17.0399,0,0,0,8.71587,0,0,0,0,0,0,0,0,0,0,0,0,0,5.0288,0,3.29519,0,0,0,0
"MtrNatGas",1,27,18,"",17.6248,0,0,0,9.41999,0,0,0,0,0,0,0,0,0,0,0,0,0,2.67465,0,5.53019,0,0,0,0
"MtrNatGas",1,27,19,"",20.6396,0,0,0,15.482,0,0,0,0,0,0,0,0,0,0,0,0,0,0,0,5.15769,0,0,0,0
"MtrNatGas",1,27,20,"",20.5607,0,0,0,17.7526,0,0,0,0,0,0,0,0,0,0,0,0,0,0,0,2.80808,0,0,0,0
"MtrNatGas",1,27,21,"",25.1602,0,0,0,23.9568,0,0,0,0,0,0,0,0,0,0,0,0,0,0,0,1.20346,0,0,0,0
"MtrNatGas",1,27,22,"",29.8436,0,0,0,29.2705,0,0,0,0,0,0,0,0,0,0,0,0,0,0,0,0.573077,0,0,0,0
"MtrNatGas",1,27,23,"",24.315,0,0,0,22.5584,0,0,0,0,0,0,0,0,0,0,0,0,0,1.41278,0,0.343846,0,0,0,0
"MtrNatGas",1,27,24,"",12.4945,0,0,0,8.49249,0,0,0,0,0,0,0,0,0,0,0,0,0,3.71548,0,0.286538,0,0,0,0
"MtrNatGas",1,28,1,"",5.56053,0,0,0,2.84248,0,0,0,0,0,0,0,0,0,0,0,0,0,2.57478,0,0.143269,0,0,0,0
"MtrNatGas",1,28,2,"",3.1216,0,0,0,3.00698,0,0,0,0,0,0,0,0,0,0,0,0,0,0,0,0.114615,0,0,0,0
"MtrNatGas",1,28,3,"",4.11554,0,0,0,4.00092,0,0,0,0,0,0,0,0,0,0,0,0,0,0,0,0.114615,0,0,0,0
"MtrNatGas",1,28,4,"",3.699,0,0,0,3.58439,0,0,0,0,0,0,0,0,0,0,0,0,0,0,0,0.114615,0,0,0,0
"MtrNatGas",1,28,5,"",3.0647,0,0,0,2.95009,0,0,0,0,0,0,0,0,0,0,0,0,0,0,0,0.114615,0,0,0,0
"MtrNatGas",1,28,6,"",28.3604,0,0,0,27.9593,0,0,0,0,0,0,0,0,0,0,0,0,0,0,0,0.401154,0,0,0,0
"MtrNatGas",1,28,7,"",16.7181,0,0,0,16.1737,0,0,0,0,0,0,0,0,0,0,0,0,0,0,0,0.544423,0,0,0,0
"MtrNatGas",1,28,8,"",33.7389,0,0,0,33.0225,0,0,0,0,0,0,0,0,0,0,0,0,0,0,0,0.716346,0,0,0,0
"MtrNatGas",1,28,9,"",17.3926,0,0,0,16.6476,0,0,0,0,0,0,0,0,0,0,0,0,0,0,0,0.745,0,0,0,0
"MtrNatGas",1,28,10,"",16.9155,0,0,0,16.2851,0,0,0,0,0,0,0,0,0,0,0,0,0,0,0,0.630384,0,0,0,0
"MtrNatGas",1,28,11,"",5.88066,0,0,0,5.27893,0,0,0,0,0,0,0,0,0,0,0,0,0,0,0,0.60173,0,0,0,0
"MtrNatGas",1,28,12,"",5.7657,0,0,0,4.93474,0,0,0,0,0,0,0,0,0,0,0,0,0,0,0,0.830961,0,0,0,0
"MtrNatGas",1,28,13,"",7.98059,0,0,0,4.73117,0,0,0,0,0,0,0,0,0,0,0,0,0,2.24654,0,1.00288,0,0,0,0
"MtrNatGas",1,28,14,"",10.0447,0,0,0,3.6713,0,0,0,0,0,0,0,0,0,0,0,0,0,5.45646,0,0.916923,0,0,0,0
"MtrNatGas",1,28,15,"",6.43925,0,0,0,5.46502,0,0,0,0,0,0,0,0,0,0,0,0,0,0,0,0.97423,0,0,0,0
"MtrNatGas",1,28,16,"",18.3696,0,0,0,10.9969,0,0,0,0,0,0,0,0,0,0,0,0,0,5.88264,0,1.49,0,0,0,0
"MtrNatGas",1,28,17,"",26.9391,0,0,0,14.126,0,0,0,0,0,0,0,0,0,0,0,0,0,9.51787,0,3.29519,0,0,0,0
"MtrNatGas",1,28,18,"",13.1123,0,0,0,7.58208,0,0,0,0,0,0,0,0,0,0,0,0,0,0,0,5.53019,0,0,0,0
"MtrNatGas",1,28,19,"",18.4884,0,0,0,13.3307,0,0,0,0,0,0,0,0,0,0,0,0,0,0,0,5.15769,0,0,0,0
"MtrNatGas",1,28,20,"",32.2798,0,0,0,29.4717,0,0,0,0,0,0,0,0,0,0,0,0,0,0,0,2.80808,0,0,0,0
"MtrNatGas",1,28,21,"",14.974,0,0,0,13.7705,0,0,0,0,0,0,0,0,0,0,0,0,0,0,0,1.20346,0,0,0,0
"MtrNatGas",1,28,22,"",10.4505,0,0,0,9.87741,0,0,0,0,0,0,0,0,0,0,0,0,0,0,0,0.573077,0,0,0,0
"MtrNatGas",1,28,23,"",11.2665,0,0,0,3.21985,0,0,0,0,0,0,0,0,0,0,0,0,0,7.70279,0,0.343846,0,0,0,0
"MtrNatGas",1,28,24,"",3.78034,0,0,0,3.4938,0,0,0,0,0,0,0,0,0,0,0,0,0,0,0,0.286538,0,0,0,0
"MtrNatGas",1,29,1,"",5.92467,0,0,0,5.7814,0,0,0,0,0,0,0,0,0,0,0,0,0,0,0,0.143269,0,0,0,0
"MtrNatGas",1,29,2,"",3.3003,0,0,0,3.18568,0,0,0,0,0,0,0,0,0,0,0,0,0,0,0,0.114615,0,0,0,0
"MtrNatGas",1,29,3,"",3.21952,0,0,0,3.1049,0,0,0,0,0,0,0,0,0,0,0,0,0,0,0,0.114615,0,0,0,0
"MtrNatGas",1,29,4,"",2.96409,0,0,0,2.84948,0,0,0,0,0,0,0,0,0,0,0,0,0,0,0,0.114615,0,0,0,0
"MtrNatGas",1,29,5,"",2.96541,0,0,0,2.85079,0,0,0,0,0,0,0,0,0,0,0,0,0,0,0,0.114615,0,0,0,0
"MtrNatGas",1,29,6,"",12.017,0,0,0,11.6159,0,0,0,0,0,0,0,0,0,0,0,0,0,0,0,0.401154,0,0,0,0
"MtrNatGas",1,29,7,"",25.7547,0,0,0,25.2103,0,0,0,0,0,0,0,0,0,0,0,0,0,0,0,0.544423,0,0,0,0
"MtrNatGas",1,29,8,"",12.8071,0,0,0,12.0907,0,0,0,0,0,0,0,0,0,0,0,0,0,0,0,0.716346,0,0,0,0
"MtrNatGas",1,29,9,"",14.1071,0,0,0,13.3621,0,0,0,0,0,0,0,0,0,0,0,0,0,0,0,0.745,0,0,0,0
"MtrNatGas",1,29,10,"",19.9304,0,0,0,19.3,0,0,0,0,0,0,0,0,0,0,0,0,0,0,0,0.630384,0,0,0,0
"MtrNatGas",1,29,11,"",18.9127,0,0,0,14.1491,0,0,0,0,0,0,0,0,0,0,0,0,0,4.16181,0,0.60173,0,0,0,0
"MtrNatGas",1,29,12,"",28.0619,0,0,0,18.6197,0,0,0,0,0,0,0,0,0,0,0,0,0,8.61117,0,0.830961,0,0,0,0
"MtrNatGas",1,29,13,"",12.9761,0,0,0,9.34358,0,0,0,0,0,0,0,0,0,0,0,0,0,2.62961,0,1.00288,0,0,0,0
"MtrNatGas",1,29,14,"",12.3676,0,0,0,6.45676,0,0,0,0,0,0,0,0,0,0,0,0,0,4.9939,0,0.916923,0,0,0,0
"MtrNatGas",1,29,15,"",20.5813,0,0,0,9.19406,0,0,0,0,0,0,0,0,0,0,0,0,0,10.413,0,0.97423,0,0,0,0
"MtrNatGas",1,29,16,"",5.63866,0,0,0,4.14866,0,0,0,0,0,0,0,0,0,0,0,0,0,0,0,1.49,0,0,0,0
"MtrNatGas",1,29,17,"",12.2487,0,0,0,8.95349,0,0,0,0,0,0,0,0,0,0,0,0,0,0,0,3.29519,0,0,0,0
"MtrNatGas",1,29,18,"",12.8445,0,0,0,7.3143,0,0,0,0,0,0,0,0,0,0,0,0,0,0,0,5.53019,0,0,0,0
"MtrNatGas",1,29,19,"",23.0787,0,0,0,17.921,0,0,0,0,0,0,0,0,0,0,0,0,0,0,0,5.15769,0,0,0,0
"MtrNatGas",1,29,20,"",19.4613,0,0,0,16.6532,0,0,0,0,0,0,0,0,0,0,0,0,0,0,0,2.80808,0,0,0,0
"MtrNatGas",1,29,21,"",22.828,0,0,0,21.6246,0,0,0,0,0,0,0,0,0,0,0,0,0,0,0,1.20346,0,0,0,0
"MtrNatGas",1,29,22,"",20.6318,0,0,0,20.0588,0,0,0,0,0,0,0,0,0,0,0,0,0,0,0,0.573077,0,0,0,0
"MtrNatGas",1,29,23,"",7.4117,0,0,0,7.06785,0,0,0,0,0,0,0,0,0,0,0,0,0,0,0,0.343846,0,0,0,0
"MtrNatGas",1,29,24,"",3.89072,0,0,0,3.60418,0,0,0,0,0,0,0,0,0,0,0,0,0,0,0,0.286538,0,0,0,0
"MtrNatGas",1,30,1,"",3.3447,0,0,0,3.20143,0,0,0,0,0,0,0,0,0,0,0,0,0,0,0,0.143269,0,0,0,0
"MtrNatGas",1,30,2,"",3.51725,0,0,0,3.40263,0,0,0,0,0,0,0,0,0,0,0,0,0,0,0,0.114615,0,0,0,0
"MtrNatGas",1,30,3,"",3.74483,0,0,0,3.63022,0,0,0,0,0,0,0,0,0,0,0,0,0,0,0,0.114615,0,0,0,0
"MtrNatGas",1,30,4,"",2.97721,0,0,0,2.8626,0,0,0,0,0,0,0,0,0,0,0,0,0,0,0,0.114615,0,0,0,0
"MtrNatGas",1,30,5,"",3.15072,0,0,0,3.0361,0,0,0,0,0,0,0,0,0,0,0,0,0,0,0,0.114615,0,0,0,0
"MtrNatGas",1,30,6,"",4.32879,0,0,0,3.92764,0,0,0,0,0,0,0,0,0,0,0,0,0,0,0,0.401154,0,0,0,0
"MtrNatGas",1,30,7,"",10.477,0,0,0,9.93255,0,0,0,0,0,0,0,0,0,0,0,0,0,0,0,0.544423,0,0,0,0
"MtrNatGas",1,30,8,"",19.9532,0,0,0,19.2369,0,0,0,0,0,0,0,0,0,0,0,0,0,0,0,0.716346,0,0,0,0
"MtrNatGas",1,30,9,"",30.1849,0,0,0,29.4399,0,0,0,0,0,0,0,0,0,0,0,0,0,0,0,0.745,0,0,0,0
"MtrNatGas",1,30,10,"",27.4466,0,0,0,24.3078,0,0,0,0,0,0,0,0,0,0,0,0,0,2.50833,0,0.630384,0,0,0,0
"MtrNatGas",1,30,11,"",24.6338,0,0,0,11.1348,0,0,0,0,0,0,0,0,0,0,0,0,0,12.8973,0,0.60173,0,0,0,0
"MtrNatGas",1,30,12,"",12.6895,0,0,0,11.8586,0,0,0,0,0,0,0,0,0,0,0,0,0,0,0,0.830961,0,0,0,0
"MtrNatGas",1,30,13,"",21.1552,0,0,0,12.4508,0,0,0,0,0,0,0,0,0,0,0,0,0,7.70155,0,1.00288,0,0,0,0
"MtrNatGas",1,30,14,"",9.3854,0,0,0,8.46848,0,0,0,0,0,0,0,0,0,0,0,0,0,0,0,0.916923,0,0,0,0
"MtrNatGas",1,30,15,"",18.8937,0,0,0,10.0705,0,0,0,0,0,0,0,0,0,0,0,0,0,7.8489,0,0.97423,0,0,0,0
"MtrNatGas",1,30,16,"",27.2099,0,0,0,10.5617,0,0,0,0,0,0,0,0,0,0,0,0,0,15.1582,0,1.49,0,0,0,0
"MtrNatGas",1,30,17,"",16.2803,0,0,0,5.18605,0,0,0,0,0,0,0,0,0,0,0,0,0,7.79904,0,3.29519,0,0,0,0
"MtrNatGas",1,30,18,"",11.4025,0,0,0,5.87229,0,0,0,0,0,0,0,0,0,0,0,0,0,0,0,5.53019,0,0,0,0
"MtrNatGas",1,30,19,"",21.3039,0,0,0,16.1462,0,0,0,0,0,0,0,0,0,0,0,0,0,0,0,5.15769,0,0,0,0
"MtrNatGas",1,30,20,"",7.96165,0,0,0,5.15358,0,0,0,0,0,0,0,0,0,0,0,0,0,0,0,2.80808,0,0,0,0
"MtrNatGas",1,30,21,"",22.9253,0,0,0,21.7218,0,0,0,0,0,0,0,0,0,0,0,0,0,0,0,1.20346,0,0,0,0
"MtrNatGas",1,30,22,"",13.6827,0,0,0,13.1096,0,0,0,0,0,0,0,0,0,0,0,0,0,0,0,0.573077,0,0,0,0
"MtrNatGas",1,30,23,"",9.97973,0,0,0,8.2231,0,0,0,0,0,0,0,0,0,0,0,0,0,1.41278,0,0.343846,0,0,0,0
"MtrNatGas",1,30,24,"",11.4348,0,0,0,7.43282,0,0,0,0,0,0,0,0,0,0,0,0,0,3.71548,0,0.286538,0,0,0,0
"MtrNatGas",1,31,1,"",8.52828,0,0,0,5.81023,0,0,0,0,0,0,0,0,0,0,0,0,0,2.57478,0,0.143269,0,0,0,0
"MtrNatGas",1,31,2,"",3.35092,0,0,0,3.23631,0,0,0,0,0,0,0,0,0,0,0,0,0,0,0,0.114615,0,0,0,0
"MtrNatGas",1,31,3,"",7.67223,0,0,0,7.58627,0,0,0,0,0,0,0,0,0,0,0,0,0,0,0,0.0859615,0,0,0,0
"MtrNatGas",1,31,4,"",6.48955,0,0,0,6.40359,0,0,0,0,0,0,0,0,0,0,0,0,0,0,0,0.0859615,0,0,0,0
"MtrNatGas",1,31,5,"",4.2343,0,0,0,4.14834,0,0,0,0,0,0,0,0,0,0,0,0,0,0,0,0.0859615,0,0,0,0
"MtrNatGas",1,31,6,"",3.15984,0,0,0,3.01658,0,0,0,0,0,0,0,0,0,0,0,0,0,0,0,0.143269,0,0,0,0
"MtrNatGas",1,31,7,"",3.65268,0,0,0,3.36614,0,0,0,0,0,0,0,0,0,0,0,0,0,0,0,0.286538,0,0,0,0
"MtrNatGas",1,31,8,"",6.56659,0,0,0,5.79294,0,0,0,0,0,0,0,0,0,0,0,0,0,0,0,0.773653,0,0,0,0
"MtrNatGas",1,31,9,"",21.5081,0,0,0,20.1327,0,0,0,0,0,0,0,0,0,0,0,0,0,0,0,1.37538,0,0,0,0
"MtrNatGas",1,31,10,"",42.6856,0,0,0,33.6087,0,0,0,0,0,0,0,0,0,0,0,0,0,7.70149,0,1.37538,0,0,0,0
"MtrNatGas",1,31,11,"",46.4347,0,0,0,29.7117,0,0,0,0,0,0,0,0,0,0,0,0,0,15.4049,0,1.31808,0,0,0,0
"MtrNatGas",1,31,12,"",38.7105,0,0,0,19.7668,0,0,0,0,0,0,0,0,0,0,0,0,0,17.3677,0,1.57596,0,0,0,0
"MtrNatGas",1,31,13,"",33.6838,0,0,0,12.238,0,0,0,0,0,0,0,0,0,0,0,0,0,19.6406,0,1.80519,0,0,0,0
"MtrNatGas",1,31,14,"",21.3083,0,0,0,10.4197,0,0,0,0,0,0,0,0,0,0,0,0,0,9.19796,0,1.69058,0,0,0,0
"MtrNatGas",1,31,15,"",13.9997,0,0,0,12.2231,0,0,0,0,0,0,0,0,0,0,0,0,0,0,0,1.77654,0,0,0,0
"MtrNatGas",1,31,16,"",24.8866,0,0,0,22.9382,0,0,0,0,0,0,0,0,0,0,0,0,0,0,0,1.94846,0,0,0,0
"MtrNatGas",1,31,17,"",32.8175,0,0,0,30.21,0,0,0,0,0,0,0,0,0,0,0,0,0,0,0,2.6075,0,0,0,0
"MtrNatGas",1,31,18,"",29.5657,0,0,0,17.8797,0,0,0,0,0,0,0,0,0,0,0,0,0,7.70314,0,3.98288,0,0,0,0
"MtrNatGas",1,31,19,"",31.3887,0,0,0,27.6924,0,0,0,0,0,0,0,0,0,0,0,0,0,0,0,3.69634,0,0,0,0
"MtrNatGas",1,31,20,"",25.8785,0,0,0,23.8155,0,0,0,0,0,0,0,0,0,0,0,0,0,0,0,2.06308,0,0,0,0
"MtrNatGas",1,31,21,"",22.3135,0,0,0,21.3966,0,0,0,0,0,0,0,0,0,0,0,0,0,0,0,0.916923,0,0,0,0
"MtrNatGas",1,31,22,"",21.2098,0,0,0,20.8087,0,0,0,0,0,0,0,0,0,0,0,0,0,0,0,0.401154,0,0,0,0
"MtrNatGas",1,31,23,"",6.46703,0,0,0,6.20915,0,0,0,0,0,0,0,0,0,0,0,0,0,0,0,0.257884,0,0,0,0
"MtrNatGas",1,31,24,"",17.0683,0,0,0,16.9251,0,0,0,0,0,0,0,0,0,0,0,0,0,0,0,0.143269,0,0,0,0
"MtrNatGas",2,1,1,"",4.89543,0,0,0,4.75596,0,0,0,0,0,0,0,0,0,0,0,0,0,0,0,0.139471,0,0,0,0
"MtrNatGas",2,1,2,"",2.96674,0,0,0,2.85516,0,0,0,0,0,0,0,0,0,0,0,0,0,0,0,0.111577,0,0,0,0
"MtrNatGas",2,1,3,"",4.05539,0,0,0,3.97171,0,0,0,0,0,0,0,0,0,0,0,0,0,0,0,0.0836828,0,0,0,0
"MtrNatGas",2,1,4,"",2.94234,0,0,0,2.85866,0,0,0,0,0,0,0,0,0,0,0,0,0,0,0,0.0836828,0,0,0,0
"MtrNatGas",2,1,5,"",2.9441,0,0,0,2.86041,0,0,0,0,0,0,0,0,0,0,0,0,0,0,0,0.0836828,0,0,0,0
"MtrNatGas",2,1,6,"",5.27992,0,0,0,5.14044,0,0,0,0,0,0,0,0,0,0,0,0,0,0,0,0.139471,0,0,0,0
"MtrNatGas",2,1,7,"",7.79464,0,0,0,7.5157,0,0,0,0,0,0,0,0,0,0,0,0,0,0,0,0.278943,0,0,0,0
"MtrNatGas",2,1,8,"",18.9709,0,0,0,13.8189,0,0,0,0,0,0,0,0,0,0,0,0,0,4.39885,0,0.753145,0,0,0,0
"MtrNatGas",2,1,9,"",29.0569,0,0,0,21.0067,0,0,0,0,0,0,0,0,0,0,0,0,0,6.7113,0,1.33892,0,0,0,0
"MtrNatGas",2,1,10,"",65.6484,0,0,0,60.0138,0,0,0,0,0,0,0,0,0,0,0,0,0,4.29572,0,1.33892,0,0,0,0
"MtrNatGas",2,1,11,"",46.9512,0,0,0,42.4863,0,0,0,0,0,0,0,0,0,0,0,0,0,3.18183,0,1.28314,0,0,0,0
"MtrNatGas",2,1,12,"",58.3653,0,0,0,42.1663,0,0,0,0,0,0,0,0,0,0,0,0,0,14.6649,0,1.53418,0,0,0,0
"MtrNatGas",2,1,13,"",51.8531,0,0,0,33.341,0,0,0,0,0,0,0,0,0,0,0,0,0,16.7547,0,1.75734,0,0,0,0
"MtrNatGas",2,1,14,"",38.5362,0,0,0,21.5321,0,0,0,0,0,0,0,0,0,0,0,0,0,15.3584,0,1.64576,0,0,0,0
"MtrNatGas",2,1,15,"",33.2057,0,0,0,19.8149,0,0,0,0,0,0,0,0,0,0,0,0,0,11.6613,0,1.72944,0,0,0,0
"MtrNatGas",2,1,16,"",20.8051,0,0,0,11.2067,0,0,0,0,0,0,0,0,0,0,0,0,0,7.70154,0,1.89681,0,0,0,0
"MtrNatGas",2,1,17,"",41.393,0,0,0,27.5737,0,0,0,0,0,0,0,0,0,0,0,0,0,11.2809,0,2.53838,0,0,0,0
"MtrNatGas",2,1,18,"",26.1831,0,0,0,18.1829,0,0,0,0,0,0,0,0,0,0,0,0,0,4.12283,0,3.8773,0,0,0,0
"MtrNatGas",2,1,19,"",19.2957,0,0,0,15.6973,0,0,0,0,0,0,0,0,0,0,0,0,0,0,0,3.59836,0,0,0,0
"MtrNatGas",2,1,20,"",17.0846,0,0,0,15.0762,0,0,0,0,0,0,0,0,0,0,0,0,0,0,0,2.00839,0,0,0,0
"MtrNatGas",2,1,21,"",24.5272,0,0,0,20.4748,0,0,0,0,0,0,0,0,0,0,0,0,0,3.15976,0,0.892617,0,0,0,0
"MtrNatGas",2,1,22,"",22.114,0,0,0,17.1826,0,0,0,0,0,0,0,0,0,0,0,0,0,4.54086,0,0.39052,0,0,0,0
"MtrNatGas",2,1,23,"",6.87835,0,0,0,6.6273,0,0,0,0,0,0,0,0,0,0,0,0,0,0,0,0.251048,0,0,0,0
"MtrNatGas",2,1,24,"",6.85831,0,0,0,6.71884,0,0,0,0,0,0,0,0,0,0,0,0,0,0,0,0.139471,0,0,0,0
"MtrNatGas",2,2,1,"",4.19297,0,0,0,4.05349,0,0,0,0,0,0,0,0,0,0,0,0,0,0,0,0.139471,0,0,0,0
"MtrNatGas",2,2,2,"",2.9733,0,0,0,2.86172,0,0,0,0,0,0,0,0,0,0,0,0,0,0,0,0.111577,0,0,0,0
"MtrNatGas",2,2,3,"",2.97461,0,0,0,2.86303,0,0,0,0,0,0,0,0,0,0,0,0,0,0,0,0.111577,0,0,0,0
"MtrNatGas",2,2,4,"",2.97548,0,0,0,2.86391,0,0,0,0,0,0,0,0,0,0,0,0,0,0,0,0.111577,0,0,0,0
"MtrNatGas",2,2,5,"",3.54153,0,0,0,3.42995,0,0,0,0,0,0,0,0,0,0,0,0,0,0,0,0.111577,0,0,0,0
"MtrNatGas",2,2,6,"",5.13966,0,0,0,4.74914,0,0,0,0,0,0,0,0,0,0,0,0,0,0,0,0.39052,0,0,0,0
"MtrNatGas",2,2,7,"",34.3073,0,0,0,33.7773,0,0,0,0,0,0,0,0,0,0,0,0,0,0,0,0.529991,0,0,0,0
"MtrNatGas",2,2,8,"",48.6096,0,0,0,47.9123,0,0,0,0,0,0,0,0,0,0,0,0,0,0,0,0.697357,0,0,0,0
"MtrNatGas",2,2,9,"",54.7595,0,0,0,46.3336,0,0,0,0,0,0,0,0,0,0,0,0,0,7.70058,0,0.725251,0,0,0,0
"MtrNatGas",2,2,10,"",15.5436,0,0,0,10.6175,0,0,0,0,0,0,0,0,0,0,0,0,0,4.31242,0,0.613674,0,0,0,0
"MtrNatGas",2,2,11,"",16.1111,0,0,0,12.1355,0,0,0,0,0,0,0,0,0,0,0,0,0,3.38981,0,0.58578,0,0,0,0
"MtrNatGas",2,2,12,"",19.5717,0,0,0,11.0619,0,0,0,0,0,0,0,0,0,0,0,0,0,7.70093,0,0.808934,0,0,0,0
"MtrNatGas",2,2,13,"",17.4138,0,0,0,8.73583,0,0,0,0,0,0,0,0,0,0,0,0,0,7.70162,0,0.976299,0,0,0,0
"MtrNatGas",2,2,14,"",9.83087,0,0,0,6.4413,0,0,0,0,0,0,0,0,0,0,0,0,0,2.49695,0,0.892617,0,0,0,0
"MtrNatGas",2,2,15,"",13.5526,0,0,0,7.39767,0,0,0,0,0,0,0,0,0,0,0,0,0,5.20652,0,0.948405,0,0,0,0
"MtrNatGas",2,2,16,"",9.03008,0,0,0,7.57958,0,0,0,0,0,0,0,0,0,0,0,0,0,0,0,1.4505,0,0,0,0
"MtrNatGas",2,2,17,"",20.4303,0,0,0,9.51997,0,0,0,0,0,0,0,0,0,0,0,0,0,7.70248,0,3.20784,0,0,0,0
"MtrNatGas",2,2,18,"",24.7967,0,0,0,11.7127,0,0,0,0,0,0,0,0,0,0,0,0,0,7.70039,0,5.38359,0,0,0,0
"MtrNatGas",2,2,19,"",25.8312,0,0,0,13.1088,0,0,0,0,0,0,0,0,0,0,0,0,0,7.70148,0,5.02097,0,0,0,0
"MtrNatGas",2,2,20,"",23.9735,0,0,0,21.2399,0,0,0,0,0,0,0,0,0,0,0,0,0,0,0,2.73364,0,0,0,0
"MtrNatGas",2,2,21,"",24.9713,0,0,0,23.7998,0,0,0,0,0,0,0,0,0,0,0,0,0,0,0,1.17156,0,0,0,0
"MtrNatGas",2,2,22,"",36.7839,0,0,0,36.226,0,0,0,0,0,0,0,0,0,0,0,0,0,0,0,0.557885,0,0,0,0
"MtrNatGas",2,2,23,"",18.5054,0,0,0,10.4678,0,0,0,0,0,0,0,0,0,0,0,0,0,7.70279,0,0.334731,0,0,0,0
"MtrNatGas",2,2,24,"",7.01912,0,0,0,6.74018,0,0,0,0,0,0,0,0,0,0,0,0,0,0,0,0.278943,0,0,0,0
"MtrNatGas",2,3,1,"",2.99463,0,0,0,2.85516,0,0,0,0,0,0,0,0,0,0,0,0,0,0,0,0.139471,0,0,0,0
"MtrNatGas",2,3,2,"",2.96718,0,0,0,2.8556,0,0,0,0,0,0,0,0,0,0,0,0,0,0,0,0.111577,0,0,0,0
"MtrNatGas",2,3,3,"",4.12874,0,0,0,4.01717,0,0,0,0,0,0,0,0,0,0,0,0,0,0,0,0.111577,0,0,0,0
"MtrNatGas",2,3,4,"",2.96805,0,0,0,2.85647,0,0,0,0,0,0,0,0,0,0,0,0,0,0,0,0.111577,0,0,0,0
"MtrNatGas",2,3,5,"",2.96893,0,0,0,2.85735,0,0,0,0,0,0,0,0,0,0,0,0,0,0,0,0.111577,0,0,0,0
"MtrNatGas",2,3,6,"",4.95664,0,0,0,4.56612,0,0,0,0,0,0,0,0,0,0,0,0,0,0,0,0.39052,0,0,0,0
"MtrNatGas",2,3,7,"",12.5359,0,0,0,12.0059,0,0,0,0,0,0,0,0,0,0,0,0,0,0,0,0.529991,0,0,0,0
"MtrNatGas",2,3,8,"",23.4424,0,0,0,22.7451,0,0,0,0,0,0,0,0,0,0,0,0,0,0,0,0.697357,0,0,0,0
"MtrNatGas",2,3,9,"",49.0743,0,0,0,48.349,0,0,0,0,0,0,0,0,0,0,0,0,0,0,0,0.725251,0,0,0,0
"MtrNatGas",2,3,10,"",20.2884,0,0,0,19.6747,0,0,0,0,0,0,0,0,0,0,0,0,0,0,0,0.613674,0,0,0,0
"MtrNatGas",2,3,11,"",7.87388,0,0,0,7.2881,0,0,0,0,0,0,0,0,0,0,0,0,0,0,0,0.58578,0,0,0,0
"MtrNatGas",2,3,12,"",13.0147,0,0,0,12.2057,0,0,0,0,0,0,0,0,0,0,0,0,0,0,0,0.808934,0,0,0,0
"MtrNatGas",2,3,13,"",14.3607,0,0,0,5.68288,0,0,0,0,0,0,0,0,0,0,0,0,0,7.70155,0,0.976299,0,0,0,0
"MtrNatGas",2,3,14,"",5.36853,0,0,0,4.47591,0,0,0,0,0,0,0,0,0,0,0,0,0,0,0,0.892617,0,0,0,0
"MtrNatGas",2,3,15,"",34.3138,0,0,0,33.3654,0,0,0,0,0,0,0,0,0,0,0,0,0,0,0,0.948405,0,0,0,0
"MtrNatGas",2,3,16,"",18.0686,0,0,0,16.6181,0,0,0,0,0,0,0,0,0,0,0,0,0,0,0,1.4505,0,0,0,0
"MtrNatGas",2,3,17,"",27.0084,0,0,0,16.098,0,0,0,0,0,0,0,0,0,0,0,0,0,7.70248,0,3.20784,0,0,0,0
"MtrNatGas",2,3,18,"",29.6293,0,0,0,16.5453,0,0,0,0,0,0,0,0,0,0,0,0,0,7.70039,0,5.38359,0,0,0,0
"MtrNatGas",2,3,19,"",32.1839,0,0,0,19.4614,0,0,0,0,0,0,0,0,0,0,0,0,0,7.70148,0,5.02097,0,0,0,0
"MtrNatGas",2,3,20,"",18.4079,0,0,0,15.6742,0,0,0,0,0,0,0,0,0,0,0,0,0,0,0,2.73364,0,0,0,0
"MtrNatGas",2,3,21,"",15.2815,0,0,0,14.1099,0,0,0,0,0,0,0,0,0,0,0,0,0,0,0,1.17156,0,0,0,0
"MtrNatGas",2,3,22,"",19.3662,0,0,0,18.8083,0,0,0,0,0,0,0,0,0,0,0,0,0,0,0,0.557885,0,0,0,0
"MtrNatGas",2,3,23,"",3.79288,0,0,0,3.45815,0,0,0,0,0,0,0,0,0,0,0,0,0,0,0,0.334731,0,0,0,0
"MtrNatGas",2,3,24,"",4.8499,0,0,0,4.57096,0,0,0,0,0,0,0,0,0,0,0,0,0,0,0,0.278943,0,0,0,0
"MtrNatGas",2,4,1,"",3.33922,0,0,0,3.19975,0,0,0,0,0,0,0,0,0,0,0,0,0,0,0,0.139471,0,0,0,0
"MtrNatGas",2,4,2,"",3.31427,0,0,0,3.2027,0,0,0,0,0,0,0,0,0,0,0,0,0,0,0,0.111577,0,0,0,0
"MtrNatGas",2,4,3,"",4.12446,0,0,0,4.01289,0,0,0,0,0,0,0,0,0,0,0,0,0,0,0,0.111577,0,0,0,0
"MtrNatGas",2,4,4,"",3.28413,0,0,0,3.17255,0,0,0,0,0,0,0,0,0,0,0,0,0,0,0,0.111577,0,0,0,0
"MtrNatGas",2,4,5,"",5.02973,0,0,0,4.91815,0,0,0,0,0,0,0,0,0,0,0,0,0,0,0,0.111577,0,0,0,0
"MtrNatGas",2,4,6,"",5.64311,0,0,0,5.25259,0,0,0,0,0,0,0,0,0,0,0,0,0,0,0,0.39052,0,0,0,0
"MtrNatGas",2,4,7,"",5.35737,0,0,0,4.82738,0,0,0,0,0,0,0,0,0,0,0,0,0,0,0,0.529991,0,0,0,0
"MtrNatGas",2,4,8,"",35.965,0,0,0,35.2677,0,0,0,0,0,0,0,0,0,0,0,0,0,0,0,0.697357,0,0,0,0
"MtrNatGas",2,4,9,"",47.178,0,0,0,38.7522,0,0,0,0,0,0,0,0,0,0,0,0,0,7.70058,0,0.725251,0,0,0,0
"MtrNatGas",2,4,10,"",26.5054,0,0,0,23.3834,0,0,0,0,0,0,0,0,0,0,0,0,0,2.50833,0,0.613674,0,0,0,0
"MtrNatGas",2,4,11,"",13.7536,0,0,0,7.97358,0,0,0,0,0,0,0,0,0,0,0,0,0,5.19421,0,0.58578,0,0,0,0
"MtrNatGas",2,4,12,"",12.1916,0,0,0,3.68174,0,0,0,0,0,0,0,0,0,0,0,0,0,7.70093,0,0.808934,0,0,0,0
"MtrNatGas",2,4,13,"",4.04531,0,0,0,3.06902,0,0,0,0,0,0,0,0,0,0,0,0,0,0,0,0.976299,0,0,0,0
"MtrNatGas",2,4,14,"",4.13463,0,0,0,3.24202,0,0,0,0,0,0,0,0,0,0,0,0,0,0,0,0.892617,0,0,0,0
"MtrNatGas",2,4,15,"",4.08225,0,0,0,3.13384,0,0,0,0,0,0,0,0,0,0,0,0,0,0,0,0.948405,0,0,0,0
"MtrNatGas",2,4,16,"",4.49341,0,0,0,3.04291,0,0,0,0,0,0,0,0,0,0,0,0,0,0,0,1.4505,0,0,0,0
"MtrNatGas",2,4,17,"",6.30228,0,0,0,3.09443,0,0,0,0,0,0,0,0,0,0,0,0,0,0,0,3.20784,0,0,0,0
"MtrNatGas",2,4,18,"",8.87873,0,0,0,3.49513,0,0,0,0,0,0,0,0,0,0,0,0,0,0,0,5.38359,0,0,0,0
"MtrNatGas",2,4,19,"",10.0687,0,0,0,5.04769,0,0,0,0,0,0,0,0,0,0,0,0,0,0,0,5.02097,0,0,0,0
"MtrNatGas",2,4,20,"",13.0096,0,0,0,4.35919,0,0,0,0,0,0,0,0,0,0,0,0,0,5.91673,0,2.73364,0,0,0,0
"MtrNatGas",2,4,21,"",17.7265,0,0,0,14.772,0,0,0,0,0,0,0,0,0,0,0,0,0,1.78296,0,1.17156,0,0,0,0
"MtrNatGas",2,4,22,"",22.6967,0,0,0,22.1389,0,0,0,0,0,0,0,0,0,0,0,0,0,0,0,0.557885,0,0,0,0
"MtrNatGas",2,4,23,"",7.17812,0,0,0,6.84339,0,0,0,0,0,0,0,0,0,0,0,0,0,0,0,0.334731,0,0,0,0
"MtrNatGas",2,4,24,"",7.74115,0,0,0,7.4622,0,0,0,0,0,0,0,0,0,0,0,0,0,0,0,0.278943,0,0,0,0
"MtrNatGas",2,5,1,"",3.00207,0,0,0,2.86259,0,0,0,0,0,0,0,0,0,0,0,0,0,0,0,0.139471,0,0,0,0
"MtrNatGas",2,5,2,"",2.97767,0,0,0,2.8661,0,0,0,0,0,0,0,0,0,0,0,0,0,0,0,0.111577,0,0,0,0
"MtrNatGas",2,5,3,"",4.63823,0,0,0,4.52666,0,0,0,0,0,0,0,0,0,0,0,0,0,0,0,0.111577,0,0,0,0
"MtrNatGas",2,5,4,"",3.06561,0,0,0,2.95403,0,0,0,0,0,0,0,0,0,0,0,0,0,0,0,0.111577,0,0,0,0
"MtrNatGas",2,5,5,"",3.31888,0,0,0,3.2073,0,0,0,0,0,0,0,0,0,0,0,0,0,0,0,0.111577,0,0,0,0
"MtrNatGas",2,5,6,"",4.35855,0,0,0,3.96803,0,0,0,0,0,0,0,0,0,0,0,0,0,0,0,0.39052,0,0,0,0
"MtrNatGas",2,5,7,"",21.951,0,0,0,21.421,0,0,0,0,0,0,0,0,0,0,0,0,0,0,0,0.529991,0,0,0,0
"MtrNatGas",2,5,8,"",24.6421,0,0,0,23.9448,0,0,0,0,0,0,0,0,0,0,0,0,0,0,0,0.697357,0,0,0,0
"MtrNatGas",2,5,9,"",17.8769,0,0,0,17.1516,0,0,0,0,0,0,0,0,0,0,0,0,0,0,0,0.725251,0,0,0,0
"MtrNatGas",2,5,10,"",47.8711,0,0,0,41.7722,0,0,0,0,0,0,0,0,0,0,0,0,0,5.48529,0,0.613674,0,0,0,0
"MtrNatGas",2,5,11,"",29.0677,0,0,0,14.3994,0,0,0,0,0,0,0,0,0,0,0,0,0,14.0825,0,0.58578,0,0,0,0
"MtrNatGas",2,5,12,"",13.772,0,0,0,9.42371,0,0,0,0,0,0,0,0,0,0,0,0,0,3.53936,0,0.808934,0,0,0,0
"MtrNatGas",2,5,13,"",16.9173,0,0,0,8.34491,0,0,0,0,0,0,0,0,0,0,0,0,0,7.59606,0,0.976299,0,0,0,0
"MtrNatGas",2,5,14,"",14.2303,0,0,0,8.6473,0,0,0,0,0,0,0,0,0,0,0,0,0,4.69042,0,0.892617,0,0,0,0
"MtrNatGas",2,5,15,"",16.6451,0,0,0,4.87554,0,0,0,0,0,0,0,0,0,0,0,0,0,10.8211,0,0.948405,0,0,0,0
"MtrNatGas",2,5,16,"",6.24695,0,0,0,4.79645,0,0,0,0,0,0,0,0,0,0,0,0,0,0,0,1.4505,0,0,0,0
"MtrNatGas",2,5,17,"",6.5958,0,0,0,3.38796,0,0,0,0,0,0,0,0,0,0,0,0,0,0,0,3.20784,0,0,0,0
"MtrNatGas",2,5,18,"",8.68666,0,0,0,3.30307,0,0,0,0,0,0,0,0,0,0,0,0,0,0,0,5.38359,0,0,0,0
"MtrNatGas",2,5,19,"",18.9178,0,0,0,13.8969,0,0,0,0,0,0,0,0,0,0,0,0,0,0,0,5.02097,0,0,0,0
"MtrNatGas",2,5,20,"",33.5097,0,0,0,30.7761,0,0,0,0,0,0,0,0,0,0,0,0,0,0,0,2.73364,0,0,0,0
"MtrNatGas",2,5,21,"",19.9002,0,0,0,18.7286,0,0,0,0,0,0,0,0,0,0,0,0,0,0,0,1.17156,0,0,0,0
"MtrNatGas",2,5,22,"",8.78382,0,0,0,8.22594,0,0,0,0,0,0,0,0,0,0,0,0,0,0,0,0.557885,0,0,0,0
"MtrNatGas",2,5,23,"",10.6682,0,0,0,8.92071,0,0,0,0,0,0,0,0,0,0,0,0,0,1.41278,0,0.334731,0,0,0,0
"MtrNatGas",2,5,24,"",13.6015,0,0,0,9.60712,0,0,0,0,0,0,0,0,0,0,0,0,0,3.71548,0,0.278943,0,0,0,0
"MtrNatGas",2,6,1,"",5.91998,0,0,0,3.20573,0,0,0,0,0,0,0,0,0,0,0,0,0,2.57478,0,0.139471,0,0,0,0
"MtrNatGas",2,6,2,"",5.55061,0,0,0,5.43903,0,0,0,0,0,0,0,0,0,0,0,0,0,0,0,0.111577,0,0,0,0
"MtrNatGas",2,6,3,"",7.16404,0,0,0,7.05246,0,0,0,0,0,0,0,0,0,0,0,0,0,0,0,0.111577,0,0,0,0
"MtrNatGas",2,6,4,"",3.15585,0,0,0,3.04428,0,0,0,0,0,0,0,0,0,0,0,0,0,0,0,0.111577,0,0,0,0
"MtrNatGas",2,6,5,"",2.98816,0,0,0,2.87659,0,0,0,0,0,0,0,0,0,0,0,0,0,0,0,0.111577,0,0,0,0
"MtrNatGas",2,6,6,"",5.62062,0,0,0,5.2301,0,0,0,0,0,0,0,0,0,0,0,0,0,0,0,0.39052,0,0,0,0
"MtrNatGas",2,6,7,"",12.8491,0,0,0,12.3191,0,0,0,0,0,0,0,0,0,0,0,0,0,0,0,0.529991,0,0,0,0
"MtrNatGas",2,6,8,"",42.3352,0,0,0,41.6378,0,0,0,0,0,0,0,0,0,0,0,0,0,0,0,0.697357,0,0,0,0
"MtrNatGas",2,6,9,"",16.6212,0,0,0,15.8959,0,0,0,0,0,0,0,0,0,0,0,0,0,0,0,0.725251,0,0,0,0
"MtrNatGas",2,6,10,"",35.8752,0,0,0,35.2616,0,0,0,0,0,0,0,0,0,0,0,0,0,0,0,0.613674,0,0,0,0
"MtrNatGas",2,6,11,"",12.5774,0,0,0,7.82978,0,0,0,0,0,0,0,0,0,0,0,0,0,4.16181,0,0.58578,0,0,0,0
"MtrNatGas",2,6,12,"",8.67215,0,0,0,4.32385,0,0,0,0,0,0,0,0,0,0,0,0,0,3.53936,0,0.808934,0,0,0,0
"MtrNatGas",2,6,13,"",6.18815,0,0,0,5.21185,0,0,0,0,0,0,0,0,0,0,0,0,0,0,0,0.976299,0,0,0,0
"MtrNatGas",2,6,14,"",4.35948,0,0,0,3.46686,0,0,0,0,0,0,0,0,0,0,0,0,0,0,0,0.892617,0,0,0,0
"MtrNatGas",2,6,15,"",4.56416,0,0,0,3.61576,0,0,0,0,0,0,0,0,0,0,0,0,0,0,0,0.948405,0,0,0,0
"MtrNatGas",2,6,16,"",5.55781,0,0,0,4.10731,0,0,0,0,0,0,0,0,0,0,0,0,0,0,0,1.4505,0,0,0,0
"MtrNatGas",2,6,17,"",6.54631,0,0,0,3.33847,0,0,0,0,0,0,0,0,0,0,0,0,0,0,0,3.20784,0,0,0,0
"MtrNatGas",2,6,18,"",9.77971,0,0,0,4.39612,0,0,0,0,0,0,0,0,0,0,0,0,0,0,0,5.38359,0,0,0,0
"MtrNatGas",2,6,19,"",13.0044,0,0,0,7.98342,0,0,0,0,0,0,0,0,0,0,0,0,0,0,0,5.02097,0,0,0,0
"MtrNatGas",2,6,20,"",7.90727,0,0,0,5.17363,0,0,0,0,0,0,0,0,0,0,0,0,0,0,0,2.73364,0,0,0,0
"MtrNatGas",2,6,21,"",10.2109,0,0,0,9.03938,0,0,0,0,0,0,0,0,0,0,0,0,0,0,0,1.17156,0,0,0,0
"MtrNatGas",2,6,22,"",7.8006,0,0,0,7.24271,0,0,0,0,0,0,0,0,0,0,0,0,0,0,0,0.557885,0,0,0,0
"MtrNatGas",2,6,23,"",19.2784,0,0,0,18.9437,0,0,0,0,0,0,0,0,0,0,0,0,0,0,0,0.334731,0,0,0,0
"MtrNatGas",2,6,24,"",5.19927,0,0,0,4.92033,0,0,0,0,0,0,0,0,0,0,0,0,0,0,0,0.278943,0,0,0,0
"MtrNatGas",2,7,1,"",3.6133,0,0,0,3.47383,0,0,0,0,0,0,0,0,0,0,0,0,0,0,0,0.139471,0,0,0,0
"MtrNatGas",2,7,2,"",3.14959,0,0,0,3.03802,0,0,0,0,0,0,0,0,0,0,0,0,0,0,0,0.111577,0,0,0,0
"MtrNatGas",2,7,3,"",2.94715,0,0,0,2.86347,0,0,0,0,0,0,0,0,0,0,0,0,0,0,0,0.0836828,0,0,0,0
"MtrNatGas",2,7,4,"",5.66667,0,0,0,5.58299,0,0,0,0,0,0,0,0,0,0,0,0,0,0,0,0.0836828,0,0,0,0
"MtrNatGas",2,7,5,"",2.94978,0,0,0,2.86609,0,0,0,0,0,0,0,0,0,0,0,0,0,0,0,0.0836828,0,0,0,0
"MtrNatGas",2,7,6,"",13.7298,0,0,0,13.5904,0,0,0,0,0,0,0,0,0,0,0,0,0,0,0,0.139471,0,0,0,0
"MtrNatGas",2,7,7,"",5.44082,0,0,0,5.16187,0,0,0,0,0,0,0,0,0,0,0,0,0,0,0,0.278943,0,0,0,0
"MtrNatGas",2,7,8,"",23.2009,0,0,0,22.4478,0,0,0,0,0,0,0,0,0,0,0,0,0,0,0,0.753145,0,0,0,0
"MtrNatGas",2,7,9,"",19.4558,0,0,0,18.1169,0,0,0,0,0,0,0,0,0,0,0,0,0,0,0,1.33892,0,0,0,0
"MtrNatGas",2,7,10,"",31.5926,0,0,0,30.2537,0,0,0,0,0,0,0,0,0,0,0,0,0,0,0,1.33892,0,0,0,0
"MtrNatGas",2,7,11,"",41.852,0,0,0,40.5689,0,0,0,0,0,0,0,0,0,0,0,0,0,0,0,1.28314,0,0,0,0
"MtrNatGas",2,7,12,"",27.454,0,0,0,19.0598,0,0,0,0,0,0,0,0,0,0,0,0,0,6.86007,0,1.53418,0,0,0,0
"MtrNatGas",2,7,13,"",29.5792,0,0,0,19.2803,0,0,0,0,0,0,0,0,0,0,0,0,0,8.54157,0,1.75734,0,0,0,0
"MtrNatGas",2,7,14,"",34.4191,0,0,0,17.3707,0,0,0,0,0,0,0,0,0,0,0,0,0,15.4026,0,1.64576,0,0,0,0
"MtrNatGas",2,7,15,"",13.9472,0,0,0,12.2178,0,0,0,0,0,0,0,0,0,0,0,0,0,0,0,1.72944,0,0,0,0
"MtrNatGas",2,7,16,"",14.6144,0,0,0,8.31632,0,0,0,0,0,0,0,0,0,0,0,0,0,4.40128,0,1.89681,0,0,0,0
"MtrNatGas",2,7,17,"",18.583,0,0,0,8.46629,0,0,0,0,0,0,0,0,0,0,0,0,0,7.57834,0,2.53838,0,0,0,0
"MtrNatGas",2,7,18,"",21.1612,0,0,0,9.64221,0,0,0,0,0,0,0,0,0,0,0,0,0,7.64172,0,3.8773,0,0,0,0
"MtrNatGas",2,7,19,"",40.0779,0,0,0,25.2966,0,0,0,0,0,0,0,0,0,0,0,0,0,11.1829,0,3.59836,0,0,0,0
"MtrNatGas",2,7,20,"",26.0667,0,0,0,24.0583,0,0,0,0,0,0,0,0,0,0,0,0,0,0,0,2.00839,0,0,0,0
"MtrNatGas",2,7,21,"",43.0052,0,0,0,42.1126,0,0,0,0,0,0,0,0,0,0,0,0,0,0,0,0.892617,0,0,0,0
"MtrNatGas",2,7,22,"",35.2854,0,0,0,31.7359,0,0,0,0,0,0,0,0,0,0,0,0,0,3.15903,0,0.39052,0,0,0,0
"MtrNatGas",2,7,23,"",16.4843,0,0,0,11.6913,0,0,0,0,0,0,0,0,0,0,0,0,0,4.54194,0,0.251048,0,0,0,0
"MtrNatGas",2,7,24,"",4.5519,0,0,0,4.41243,0,0,0,0,0,0,0,0,0,0,0,0,0,0,0,0.139471,0,0,0,0
"MtrNatGas",2,8,1,"",3.24112,0,0,0,3.10165,0,0,0,0,0,0,0,0,0,0,0,0,0,0,0,0.139471,0,0,0,0
"MtrNatGas",2,8,2,"",3.36245,0,0,0,3.25087,0,0,0,0,0,0,0,0,0,0,0,0,0,0,0,0.111577,0,0,0,0
"MtrNatGas",2,8,3,"",3.84267,0,0,0,3.75899,0,0,0,0,0,0,0,0,0,0,0,0,0,0,0,0.0836828,0,0,0,0
"MtrNatGas",2,8,4,"",3.29176,0,0,0,3.20807,0,0,0,0,0,0,0,0,0,0,0,0,0,0,0,0.0836828,0,0,0,0
"MtrNatGas",2,8,5,"",3.30582,0,0,0,3.22214,0,0,0,0,0,0,0,0,0,0,0,0,0,0,0,0.0836828,0,0,0,0
"MtrNatGas",2,8,6,"",3.17701,0,0,0,3.03754,0,0,0,0,0,0,0,0,0,0,0,0,0,0,0,0.139471,0,0,0,0
"MtrNatGas",2,8,7,"",3.86381,0,0,0,3.58487,0,0,0,0,0,0,0,0,0,0,0,0,0,0,0,0.278943,0,0,0,0
"MtrNatGas",2,8,8,"",6.26681,0,0,0,5.51367,0,0,0,0,0,0,0,0,0,0,0,0,0,0,0,0.753145,0,0,0,0
"MtrNatGas",2,8,9,"",16.2946,0,0,0,14.9557,0,0,0,0,0,0,0,0,0,0,0,0,0,0,0,1.33892,0,0,0,0
"MtrNatGas",2,8,10,"",13.858,0,0,0,12.519,0,0,0,0,0,0,0,0,0,0,0,0,0,0,0,1.33892,0,0,0,0
"MtrNatGas",2,8,11,"",18.209,0,0,0,16.9258,0,0,0,0,0,0,0,0,0,0,0,0,0,0,0,1.28314,0,0,0,0
"MtrNatGas",2,8,12,"",30.2935,0,0,0,12.3145,0,0,0,0,0,0,0,0,0,0,0,0,0,16.4448,0,1.53418,0,0,0,0
"MtrNatGas",2,8,13,"",14.1633,0,0,0,5.7472,0,0,0,0,0,0,0,0,0,0,0,0,0,6.65878,0,1.75734,0,0,0,0
"MtrNatGas",2,8,14,"",9.21025,0,0,0,7.56448,0,0,0,0,0,0,0,0,0,0,0,0,0,0,0,1.64576,0,0,0,0
"MtrNatGas",2,8,15,"",6.39754,0,0,0,4.6681,0,0,0,0,0,0,0,0,0,0,0,0,0,0,0,1.72944,0,0,0,0
"MtrNatGas",2,8,16,"",7.4234,0,0,0,5.52659,0,0,0,0,0,0,0,0,0,0,0,0,0,0,0,1.89681,0,0,0,0
"MtrNatGas",2,8,17,"",9.37511,0,0,0,6.83674,0,0,0,0,0,0,0,0,0,0,0,0,0,0,0,2.53838,0,0,0,0
"MtrNatGas",2,8,18,"",16.5163,0,0,0,12.639,0,0,0,0,0,0,0,0,0,0,0,0,0,0,0,3.8773,0,0,0,0
"MtrNatGas",2,8,19,"",30.4993,0,0,0,26.9009,0,0,0,0,0,0,0,0,0,0,0,0,0,0,0,3.59836,0,0,0,0
"MtrNatGas",2,8,20,"",15.0763,0,0,0,5.36587,0,0,0,0,0,0,0,0,0,0,0,0,0,7.70199,0,2.00839,0,0,0,0
"MtrNatGas",2,8,21,"",13.0161,0,0,0,11.2271,0,0,0,0,0,0,0,0,0,0,0,0,0,0.896423,0,0.892617,0,0,0,0
"MtrNatGas",2,8,22,"",31.356,0,0,0,24.1599,0,0,0,0,0,0,0,0,0,0,0,0,0,6.80559,0,0.39052,0,0,0,0
"MtrNatGas",2,8,23,"",12.0458,0,0,0,4.09401,0,0,0,0,0,0,0,0,0,0,0,0,0,7.70077,0,0.251048,0,0,0,0
"MtrNatGas",2,8,24,"",8.58715,0,0,0,8.44768,0,0,0,0,0,0,0,0,0,0,0,0,0,0,0,0.139471,0,0,0,0
"MtrNatGas",2,9,1,"",6.91021,0,0,0,6.77074,0,0,0,0,0,0,0,0,0,0,0,0,0,0,0,0.139471,0,0,0,0
"MtrNatGas",2,9,2,"",2.9593,0,0,0,2.84773,0,0,0,0,0,0,0,0,0,0,0,0,0,0,0,0.111577,0,0,0,0
"MtrNatGas",2,9,3,"",3.21875,0,0,0,3.10718,0,0,0,0,0,0,0,0,0,0,0,0,0,0,0,0.111577,0,0,0,0
"MtrNatGas",2,9,4,"",2.96324,0,0,0,2.85167,0,0,0,0,0,0,0,0,0,0,0,0,0,0,0,0.111577,0,0,0,0
"MtrNatGas",2,9,5,"",2.96499,0,0,0,2.85341,0,0,0,0,0,0,0,0,0,0,0,0,0,0,0,0.111577,0,0,0,0
"MtrNatGas",2,9,6,"",3.24568,0,0,0,2.85516,0,0,0,0,0,0,0,0,0,0,0,0,0,0,0,0.39052,0,0,0,0
"MtrNatGas",2,9,7,"",22.355,0,0,0,21.8251,0,0,0,0,0,0,0,0,0,0,0,0,0,0,0,0.529991,0,0,0,0
"MtrNatGas",2,9,8,"",24.0265,0,0,0,23.3292,0,0,0,0,0,0,0,0,0,0,0,0,0,0,0,0.697357,0,0,0,0
"MtrNatGas",2,9,9,"",41.1282,0,0,0,32.7024,0,0,0,0,0,0,0,0,0,0,0,0,0,7.70058,0,0.725251,0,0,0,0
"MtrNatGas",2,9,10,"",18.552,0,0,0,17.9383,0,0,0,0,0,0,0,0,0,0,0,0,0,0,0,0.613674,0,0,0,0
"MtrNatGas",2,9,11,"",18.2993,0,0,0,13.5517,0,0,0,0,0,0,0,0,0,0,0,0,0,4.16181,0,0.58578,0,0,0,0
"MtrNatGas",2,9,12,"",16.2747,0,0,0,4.22544,0,0,0,0,0,0,0,0,0,0,0,0,0,11.2403,0,0.808934,0,0,0,0
"MtrNatGas",2,9,13,"",7.82721,0,0,0,6.85091,0,0,0,0,0,0,0,0,0,0,0,0,0,0,0,0.976299,0,0,0,0
"MtrNatGas",2,9,14,"",21.9606,0,0,0,9.4989,0,0,0,0,0,0,0,0,0,0,0,0,0,11.5691,0,0.892617,0,0,0,0
"MtrNatGas",2,9,15,"",33.8663,0,0,0,13.6826,0,0,0,0,0,0,0,0,0,0,0,0,0,19.2352,0,0.948405,0,0,0,0
"MtrNatGas",2,9,16,"",10.8816,0,0,0,6.48975,0,0,0,0,0,0,0,0,0,0,0,0,0,2.94132,0,1.4505,0,0,0,0
"MtrNatGas",2,9,17,"",23.6904,0,0,0,15.7236,0,0,0,0,0,0,0,0,0,0,0,0,0,4.75893,0,3.20784,0,0,0,0
"MtrNatGas",2,9,18,"",13.5311,0,0,0,8.14748,0,0,0,0,0,0,0,0,0,0,0,0,0,0,0,5.38359,0,0,0,0
"MtrNatGas",2,9,19,"",31.6977,0,0,0,26.6767,0,0,0,0,0,0,0,0,0,0,0,0,0,0,0,5.02097,0,0,0,0
"MtrNatGas",2,9,20,"",21.0283,0,0,0,18.2947,0,0,0,0,0,0,0,0,0,0,0,0,0,0,0,2.73364,0,0,0,0
"MtrNatGas",2,9,21,"",27.1602,0,0,0,25.9886,0,0,0,0,0,0,0,0,0,0,0,0,0,0,0,1.17156,0,0,0,0
"MtrNatGas",2,9,22,"",23.8549,0,0,0,7.89159,0,0,0,0,0,0,0,0,0,0,0,0,0,15.4054,0,0.557885,0,0,0,0
"MtrNatGas",2,9,23,"",6.42606,0,0,0,6.09133,0,0,0,0,0,0,0,0,0,0,0,0,0,0,0,0.334731,0,0,0,0
"MtrNatGas",2,9,24,"",11.0839,0,0,0,8.84019,0,0,0,0,0,0,0,0,0,0,0,0,0,1.96479,0,0.278943,0,0,0,0
"MtrNatGas",2,10,1,"",8.71653,0,0,0,2.8416,0,0,0,0,0,0,0,0,0,0,0,0,0,5.73545,0,0.139471,0,0,0,0
"MtrNatGas",2,10,2,"",2.95755,0,0,0,2.84598,0,0,0,0,0,0,0,0,0,0,0,0,0,0,0,0.111577,0,0,0,0
"MtrNatGas",2,10,3,"",3.21896,0,0,0,3.10738,0,0,0,0,0,0,0,0,0,0,0,0,0,0,0,0.111577,0,0,0,0
"MtrNatGas",2,10,4,"",2.96542,0,0,0,2.85385,0,0,0,0,0,0,0,0,0,0,0,0,0,0,0,0.111577,0,0,0,0
"MtrNatGas",2,10,5,"",2.9698,0,0,0,2.85822,0,0,0,0,0,0,0,0,0,0,0,0,0,0,0,0.111577,0,0,0,0
"MtrNatGas",2,10,6,"",3.25268,0,0,0,2.86216,0,0,0,0,0,0,0,0,0,0,0,0,0,0,0,0.39052,0,0,0,0
"MtrNatGas",2,10,7,"",36.6908,0,0,0,36.1608,0,0,0,0,0,0,0,0,0,0,0,0,0,0,0,0.529991,0,0,0,0
"MtrNatGas",2,10,8,"",43.4782,0,0,0,42.7809,0,0,0,0,0,0,0,0,0,0,0,0,0,0,0,0.697357,0,0,0,0
"MtrNatGas",2,10,9,"",31.3286,0,0,0,22.9028,0,0,0,0,0,0,0,0,0,0,0,0,0,7.70058,0,0.725251,0,0,0,0
"MtrNatGas",2,10,10,"",35.3363,0,0,0,34.7226,0,0,0,0,0,0,0,0,0,0,0,0,0,0,0,0.613674,0,0,0,0
"MtrNatGas",2,10,11,"",18.9232,0,0,0,14.1757,0,0,0,0,0,0,0,0,0,0,0,0,0,4.16181,0,0.58578,0,0,0,0
"MtrNatGas",2,10,12,"",21.0864,0,0,0,3.7465,0,0,0,0,0,0,0,0,0,0,0,0,0,16.5309,0,0.808934,0,0,0,0
"MtrNatGas",2,10,13,"",6.56579,0,0,0,3.1795,0,0,0,0,0,0,0,0,0,0,0,0,0,2.40999,0,0.976299,0,0,0,0
"MtrNatGas",2,10,14,"",5.29015,0,0,0,4.39753,0,0,0,0,0,0,0,0,0,0,0,0,0,0,0,0.892617,0,0,0,0
"MtrNatGas",2,10,15,"",19.7072,0,0,0,3.35742,0,0,0,0,0,0,0,0,0,0,0,0,0,15.4014,0,0.948405,0,0,0,0
"MtrNatGas",2,10,16,"",7.84315,0,0,0,6.39265,0,0,0,0,0,0,0,0,0,0,0,0,0,0,0,1.4505,0,0,0,0
"MtrNatGas",2,10,17,"",12.1823,0,0,0,7.06312,0,0,0,0,0,0,0,0,0,0,0,0,0,1.91139,0,3.20784,0,0,0,0
"MtrNatGas",2,10,18,"",14.2089,0,0,0,5.0516,0,0,0,0,0,0,0,0,0,0,0,0,0,3.77373,0,5.38359,0,0,0,0
"MtrNatGas",2,10,19,"",19.2761,0,0,0,12.2398,0,0,0,0,0,0,0,0,0,0,0,0,0,2.01533,0,5.02097,0,0,0,0
"MtrNatGas",2,10,20,"",16.9654,0,0,0,14.2317,0,0,0,0,0,0,0,0,0,0,0,0,0,0,0,2.73364,0,0,0,0
"MtrNatGas",2,10,21,"",9.2355,0,0,0,8.06394,0,0,0,0,0,0,0,0,0,0,0,0,0,0,0,1.17156,0,0,0,0
"MtrNatGas",2,10,22,"",4.63279,0,0,0,4.07491,0,0,0,0,0,0,0,0,0,0,0,0,0,0,0,0.557885,0,0,0,0
"MtrNatGas",2,10,23,"",4.09253,0,0,0,3.7578,0,0,0,0,0,0,0,0,0,0,0,0,0,0,0,0.334731,0,0,0,0
"MtrNatGas",2,10,24,"",4.87462,0,0,0,4.59568,0,0,0,0,0,0,0,0,0,0,0,0,0,0,0,0.278943,0,0,0,0
"MtrNatGas",2,11,1,"",3.67119,0,0,0,3.53172,0,0,0,0,0,0,0,0,0,0,0,0,0,0,0,0.139471,0,0,0,0
"MtrNatGas",2,11,2,"",3.30045,0,0,0,3.18888,0,0,0,0,0,0,0,0,0,0,0,0,0,0,0,0.111577,0,0,0,0
"MtrNatGas",2,11,3,"",4.40859,0,0,0,4.29701,0,0,0,0,0,0,0,0,0,0,0,0,0,0,0,0.111577,0,0,0,0
"MtrNatGas",2,11,4,"",2.96674,0,0,0,2.85517,0,0,0,0,0,0,0,0,0,0,0,0,0,0,0,0.111577,0,0,0,0
"MtrNatGas",2,11,5,"",2.97024,0,0,0,2.85866,0,0,0,0,0,0,0,0,0,0,0,0,0,0,0,0.111577,0,0,0,0
"MtrNatGas",2,11,6,"",3.87563,0,0,0,3.48511,0,0,0,0,0,0,0,0,0,0,0,0,0,0,0,0.39052,0,0,0,0
"MtrNatGas",2,11,7,"",6.49574,0,0,0,5.96575,0,0,0,0,0,0,0,0,0,0,0,0,0,0,0,0.529991,0,0,0,0
"MtrNatGas",2,11,8,"",19.0319,0,0,0,18.3345,0,0,0,0,0,0,0,0,0,0,0,0,0,0,0,0.697357,0,0,0,0
"MtrNatGas",2,11,9,"",46.7066,0,0,0,38.2808,0,0,0,0,0,0,0,0,0,0,0,0,0,7.70058,0,0.725251,0,0,0,0
"MtrNatGas",2,11,10,"",45.6893,0,0,0,32.3596,0,0,0,0,0,0,0,0,0,0,0,0,0,12.716,0,0.613674,0,0,0,0
"MtrNatGas",2,11,11,"",27.4595,0,0,0,12.3235,0,0,0,0,0,0,0,0,0,0,0,0,0,14.5502,0,0.58578,0,0,0,0
"MtrNatGas",2,11,12,"",16.2241,0,0,0,4.17484,0,0,0,0,0,0,0,0,0,0,0,0,0,11.2403,0,0.808934,0,0,0,0
"MtrNatGas",2,11,13,"",7.49971,0,0,0,6.52341,0,0,0,0,0,0,0,0,0,0,0,0,0,0,0,0.976299,0,0,0,0
"MtrNatGas",2,11,14,"",9.7366,0,0,0,5.24222,0,0,0,0,0,0,0,0,0,0,0,0,0,3.60176,0,0.892617,0,0,0,0
"MtrNatGas",2,11,15,"",9.00925,0,0,0,3.96114,0,0,0,0,0,0,0,0,0,0,0,0,0,4.0997,0,0.948405,0,0,0,0
"MtrNatGas",2,11,16,"",6.24881,0,0,0,4.79831,0,0,0,0,0,0,0,0,0,0,0,0,0,0,0,1.4505,0,0,0,0
"MtrNatGas",2,11,17,"",17.9118,0,0,0,7.00149,0,0,0,0,0,0,0,0,0,0,0,0,0,7.70248,0,3.20784,0,0,0,0
"MtrNatGas",2,11,18,"",26.2761,0,0,0,13.1921,0,0,0,0,0,0,0,0,0,0,0,0,0,7.70039,0,5.38359,0,0,0,0
"MtrNatGas",2,11,19,"",26.8388,0,0,0,10.0714,0,0,0,0,0,0,0,0,0,0,0,0,0,11.7463,0,5.02097,0,0,0,0
"MtrNatGas",2,11,20,"",12.1701,0,0,0,5.77819,0,0,0,0,0,0,0,0,0,0,0,0,0,3.65827,0,2.73364,0,0,0,0
"MtrNatGas",2,11,21,"",8.49981,0,0,0,7.32825,0,0,0,0,0,0,0,0,0,0,0,0,0,0,0,1.17156,0,0,0,0
"MtrNatGas",2,11,22,"",15.4435,0,0,0,14.8856,0,0,0,0,0,0,0,0,0,0,0,0,0,0,0,0.557885,0,0,0,0
"MtrNatGas",2,11,23,"",7.01263,0,0,0,6.6779,0,0,0,0,0,0,0,0,0,0,0,0,0,0,0,0.334731,0,0,0,0
"MtrNatGas",2,11,24,"",11.0279,0,0,0,10.7489,0,0,0,0,0,0,0,0,0,0,0,0,0,0,0,0.278943,0,0,0,0
"MtrNatGas",2,12,1,"",3.32741,0,0,0,3.18794,0,0,0,0,0,0,0,0,0,0,0,0,0,0,0,0.139471,0,0,0,0
"MtrNatGas",2,12,2,"",3.12694,0,0,0,3.01536,0,0,0,0,0,0,0,0,0,0,0,0,0,0,0,0.111577,0,0,0,0
"MtrNatGas",2,12,3,"",3.48282,0,0,0,3.37124,0,0,0,0,0,0,0,0,0,0,0,0,0,0,0,0.111577,0,0,0,0
"MtrNatGas",2,12,4,"",2.95974,0,0,0,2.84816,0,0,0,0,0,0,0,0,0,0,0,0,0,0,0,0.111577,0,0,0,0
"MtrNatGas",2,12,5,"",2.96193,0,0,0,2.85035,0,0,0,0,0,0,0,0,0,0,0,0,0,0,0,0.111577,0,0,0,0
"MtrNatGas",2,12,6,"",5.89704,0,0,0,5.50652,0,0,0,0,0,0,0,0,0,0,0,0,0,0,0,0.39052,0,0,0,0
"MtrNatGas",2,12,7,"",12.5592,0,0,0,12.0292,0,0,0,0,0,0,0,0,0,0,0,0,0,0,0,0.529991,0,0,0,0
"MtrNatGas",2,12,8,"",32.7835,0,0,0,32.0862,0,0,0,0,0,0,0,0,0,0,0,0,0,0,0,0.697357,0,0,0,0
"MtrNatGas",2,12,9,"",13.1022,0,0,0,12.377,0,0,0,0,0,0,0,0,0,0,0,0,0,0,0,0.725251,0,0,0,0
"MtrNatGas",2,12,10,"",34.1564,0,0,0,31.0344,0,0,0,0,0,0,0,0,0,0,0,0,0,2.50833,0,0.613674,0,0,0,0
"MtrNatGas",2,12,11,"",21.2839,0,0,0,7.1803,0,0,0,0,0,0,0,0,0,0,0,0,0,13.5178,0,0.58578,0,0,0,0
"MtrNatGas",2,12,12,"",10.9725,0,0,0,3.08482,0,0,0,0,0,0,0,0,0,0,0,0,0,7.07872,0,0.808934,0,0,0,0
"MtrNatGas",2,12,13,"",5.12536,0,0,0,4.14906,0,0,0,0,0,0,0,0,0,0,0,0,0,0,0,0.976299,0,0,0,0
"MtrNatGas",2,12,14,"",4.01626,0,0,0,3.12365,0,0,0,0,0,0,0,0,0,0,0,0,0,0,0,0.892617,0,0,0,0
"MtrNatGas",2,12,15,"",3.00003,0,0,0,2.05163,0,0,0,0,0,0,0,0,0,0,0,0,0,0,0,0.948405,0,0,0,0
"MtrNatGas",2,12,16,"",2.96833,0,0,0,1.51782,0,0,0,0,0,0,0,0,0,0,0,0,0,0,0,1.4505,0,0,0,0
"MtrNatGas",2,12,17,"",4.51004,0,0,0,1.3022,0,0,0,0,0,0,0,0,0,0,0,0,0,0,0,3.20784,0,0,0,0
"MtrNatGas",2,12,18,"",6.86291,0,0,0,1.47932,0,0,0,0,0,0,0,0,0,0,0,0,0,0,0,5.38359,0,0,0,0
"MtrNatGas",2,12,19,"",11.6031,0,0,0,6.58214,0,0,0,0,0,0,0,0,0,0,0,0,0,0,0,5.02097,0,0,0,0
"MtrNatGas",2,12,20,"",12.3945,0,0,0,3.74415,0,0,0,0,0,0,0,0,0,0,0,0,0,5.91673,0,2.73364,0,0,0,0
"MtrNatGas",2,12,21,"",10.2803,0,0,0,7.32579,0,0,0,0,0,0,0,0,0,0,0,0,0,1.78296,0,1.17156,0,0,0,0
"MtrNatGas",2,12,22,"",4.63568,0,0,0,4.07779,0,0,0,0,0,0,0,0,0,0,0,0,0,0,0,0.557885,0,0,0,0
"MtrNatGas",2,12,23,"",5.78796,0,0,0,5.45323,0,0,0,0,0,0,0,0,0,0,0,0,0,0,0,0.334731,0,0,0,0
"MtrNatGas",2,12,24,"",5.08775,0,0,0,4.80881,0,0,0,0,0,0,0,0,0,0,0,0,0,0,0,0.278943,0,0,0,0
"MtrNatGas",2,13,1,"",3.3491,0,0,0,3.20963,0,0,0,0,0,0,0,0,0,0,0,0,0,0,0,0.139471,0,0,0,0
"MtrNatGas",2,13,2,"",5.48817,0,0,0,5.37659,0,0,0,0,0,0,0,0,0,0,0,0,0,0,0,0.111577,0,0,0,0
"MtrNatGas",2,13,3,"",5.57066,0,0,0,5.45908,0,0,0,0,0,0,0,0,0,0,0,0,0,0,0,0.111577,0,0,0,0
"MtrNatGas",2,13,4,"",2.9628,0,0,0,2.85123,0,0,0,0,0,0,0,0,0,0,0,0,0,0,0,0.111577,0,0,0,0
"MtrNatGas",2,13,5,"",3.29894,0,0,0,3.18737,0,0,0,0,0,0,0,0,0,0,0,0,0,0,0,0.111577,0,0,0,0
"MtrNatGas",2,13,6,"",3.86217,0,0,0,3.47165,0,0,0,0,0,0,0,0,0,0,0,0,0,0,0,0.39052,0,0,0,0
"MtrNatGas",2,13,7,"",7.90909,0,0,0,7.3791,0,0,0,0,0,0,0,0,0,0,0,0,0,0,0,0.529991,0,0,0,0
"MtrNatGas",2,13,8,"",19.9924,0,0,0,19.295,0,0,0,0,0,0,0,0,0,0,0,0,0,0,0,0.697357,0,0,0,0
"MtrNatGas",2,13,9,"",71.157,0,0,0,70.4318,0,0,0,0,0,0,0,0,0,0,0,0,0,0,0,0.725251,0,0,0,0
"MtrNatGas",2,13,10,"",49.4877,0,0,0,48.8741,0,0,0,0,0,0,0,0,0,0,0,0,0,0,0,0.613674,0,0,0,0
"MtrNatGas",2,13,11,"",39.5213,0,0,0,23.5293,0,0,0,0,0,0,0,0,0,0,0,0,0,15.4062,0,0.58578,0,0,0,0
"MtrNatGas",2,13,12,"",6.15666,0,0,0,5.34772,0,0,0,0,0,0,0,0,0,0,0,0,0,0,0,0.808934,0,0,0,0
"MtrNatGas",2,13,13,"",9.09163,0,0,0,8.11533,0,0,0,0,0,0,0,0,0,0,0,0,0,0,0,0.976299,0,0,0,0
"MtrNatGas",2,13,14,"",6.26004,0,0,0,5.36742,0,0,0,0,0,0,0,0,0,0,0,0,0,0,0,0.892617,0,0,0,0
"MtrNatGas",2,13,15,"",23.115,0,0,0,22.1666,0,0,0,0,0,0,0,0,0,0,0,0,0,0,0,0.948405,0,0,0,0
"MtrNatGas",2,13,16,"",16.4199,0,0,0,14.9694,0,0,0,0,0,0,0,0,0,0,0,0,0,0,0,1.4505,0,0,0,0
"MtrNatGas",2,13,17,"",26.5825,0,0,0,15.6722,0,0,0,0,0,0,0,0,0,0,0,0,0,7.70248,0,3.20784,0,0,0,0
"MtrNatGas",2,13,18,"",30.2773,0,0,0,17.1933,0,0,0,0,0,0,0,0,0,0,0,0,0,7.70039,0,5.38359,0,0,0,0
"MtrNatGas",2,13,19,"",23.8479,0,0,0,11.1255,0,0,0,0,0,0,0,0,0,0,0,0,0,7.70148,0,5.02097,0,0,0,0
"MtrNatGas",2,13,20,"",13.2837,0,0,0,10.55,0,0,0,0,0,0,0,0,0,0,0,0,0,0,0,2.73364,0,0,0,0
"MtrNatGas",2,13,21,"",10.479,0,0,0,9.30739,0,0,0,0,0,0,0,0,0,0,0,0,0,0,0,1.17156,0,0,0,0
"MtrNatGas",2,13,22,"",19.5094,0,0,0,18.9515,0,0,0,0,0,0,0,0,0,0,0,0,0,0,0,0.557885,0,0,0,0
"MtrNatGas",2,13,23,"",32.6073,0,0,0,22.0112,0,0,0,0,0,0,0,0,0,0,0,0,0,10.2613,0,0.334731,0,0,0,0
"MtrNatGas",2,13,24,"",20.0599,0,0,0,12.0836,0,0,0,0,0,0,0,0,0,0,0,0,0,7.69735,0,0.278943,0,0,0,0
"MtrNatGas",2,14,1,"",9.61394,0,0,0,4.32491,0,0,0,0,0,0,0,0,0,0,0,0,0,5.14956,0,0.139471,0,0,0,0
"MtrNatGas",2,14,2,"",4.78715,0,0,0,4.67558,0,0,0,0,0,0,0,0,0,0,0,0,0,0,0,0.111577,0,0,0,0
"MtrNatGas",2,14,3,"",3.10099,0,0,0,3.01731,0,0,0,0,0,0,0,0,0,0,0,0,0,0,0,0.0836828,0,0,0,0
"MtrNatGas",2,14,4,"",3.08558,0,0,0,3.0019,0,0,0,0,0,0,0,0,0,0,0,0,0,0,0,0.0836828,0,0,0,0
"MtrNatGas",2,14,5,"",3.12301,0,0,0,3.03933,0,0,0,0,0,0,0,0,0,0,0,0,0,0,0,0.0836828,0,0,0,0
"MtrNatGas",2,14,6,"",4.131,0,0,0,3.99153,0,0,0,0,0,0,0,0,0,0,0,0,0,0,0,0.139471,0,0,0,0
"MtrNatGas",2,14,7,"",8.16683,0,0,0,7.88789,0,0,0,0,0,0,0,0,0,0,0,0,0,0,0,0.278943,0,0,0,0
"MtrNatGas",2,14,8,"",29.8688,0,0,0,28.2712,0,0,0,0,0,0,0,0,0,0,0,0,0,0.84443,0,0.753145,0,0,0,0
"MtrNatGas",2,14,9,"",42.4107,0,0,0,37.4519,0,0,0,0,0,0,0,0,0,0,0,0,0,3.61978,0,1.33892,0,0,0,0
"MtrNatGas",2,14,10,"",52.0488,0,0,0,43.3041,0,0,0,0,0,0,0,0,0,0,0,0,0,7.40575,0,1.33892,0,0,0,0
"MtrNatGas",2,14,11,"",40.0232,0,0,0,32.3815,0,0,0,0,0,0,0,0,0,0,0,0,0,6.35855,0,1.28314,0,0,0,0
"MtrNatGas",2,14,12,"",48.6871,0,0,0,40.1707,0,0,0,0,0,0,0,0,0,0,0,0,0,6.98215,0,1.53418,0,0,0,0
"MtrNatGas",2,14,13,"",27.963,0,0,0,20.608,0,0,0,0,0,0,0,0,0,0,0,0,0,5.59761,0,1.75734,0,0,0,0
"MtrNatGas",2,14,14,"",30.2969,0,0,0,13.2501,0,0,0,0,0,0,0,0,0,0,0,0,0,15.4011,0,1.64576,0,0,0,0
"MtrNatGas",2,14,15,"",15.3312,0,0,0,13.6018,0,0,0,0,0,0,0,0,0,0,0,0,0,0,0,1.72944,0,0,0,0
"MtrNatGas",2,14,16,"",16.057,0,0,0,14.1602,0,0,0,0,0,0,0,0,0,0,0,0,0,0,0,1.89681,0,0,0,0
"MtrNatGas",2,14,17,"",8.65384,0,0,0,6.11546,0,0,0,0,0,0,0,0,0,0,0,0,0,0,0,2.53838,0,0,0,0
"MtrNatGas",2,14,18,"",38.7802,0,0,0,34.9029,0,0,0,0,0,0,0,0,0,0,0,0,0,0,0,3.8773,0,0,0,0
"MtrNatGas",2,14,19,"",41.7821,0,0,0,22.778,0,0,0,0,0,0,0,0,0,0,0,0,0,15.4057,0,3.59836,0,0,0,0
"MtrNatGas",2,14,20,"",43.9625,0,0,0,34.8134,0,0,0,0,0,0,0,0,0,0,0,0,0,7.1407,0,2.00839,0,0,0,0
"MtrNatGas",2,14,21,"",51.2291,0,0,0,30.7795,0,0,0,0,0,0,0,0,0,0,0,0,0,19.557,0,0.892617,0,0,0,0
"MtrNatGas",2,14,22,"",19.3782,0,0,0,14.8782,0,0,0,0,0,0,0,0,0,0,0,0,0,4.10952,0,0.39052,0,0,0,0
"MtrNatGas",2,14,23,"",7.69832,0,0,0,7.44727,0,0,0,0,0,0,0,0,0,0,0,0,0,0,0,0.251048,0,0,0,0
"MtrNatGas",2,14,24,"",3.47389,0,0,0,3.33442,0,0,0,0,0,0,0,0,0,0,0,0,0,0,0,0.139471,0,0,0,0
"MtrNatGas",2,15,1,"",12.1833,0,0,0,12.0438,0,0,0,0,0,0,0,0,0,0,0,0,0,0,0,0.139471,0,0,0,0
"MtrNatGas",2,15,2,"",2.97592,0,0,0,2.86435,0,0,0,0,0,0,0,0,0,0,0,0,0,0,0,0.111577,0,0,0,0
"MtrNatGas",2,15,3,"",5.3554,0,0,0,5.27172,0,0,0,0,0,0,0,0,0,0,0,0,0,0,0,0.0836828,0,0,0,0
"MtrNatGas",2,15,4,"",4.48516,0,0,0,4.40148,0,0,0,0,0,0,0,0,0,0,0,0,0,0,0,0.0836828,0,0,0,0
"MtrNatGas",2,15,5,"",3.27791,0,0,0,3.19422,0,0,0,0,0,0,0,0,0,0,0,0,0,0,0,0.0836828,0,0,0,0
"MtrNatGas",2,15,6,"",3.51631,0,0,0,3.37684,0,0,0,0,0,0,0,0,0,0,0,0,0,0,0,0.139471,0,0,0,0
"MtrNatGas",2,15,7,"",7.18991,0,0,0,6.91097,0,0,0,0,0,0,0,0,0,0,0,0,0,0,0,0.278943,0,0,0,0
"MtrNatGas",2,15,8,"",23.8867,0,0,0,23.1335,0,0,0,0,0,0,0,0,0,0,0,0,0,0,0,0.753145,0,0,0,0
"MtrNatGas",2,15,9,"",10.5924,0,0,0,9.25351,0,0,0,0,0,0,0,0,0,0,0,0,0,0,0,1.33892,0,0,0,0
"MtrNatGas",2,15,10,"",38.7969,0,0,0,37.458,0,0,0,0,0,0,0,0,0,0,0,0,0,0,0,1.33892,0,0,0,0
"MtrNatGas",2,15,11,"",33.2142,0,0,0,20.7904,0,0,0,0,0,0,0,0,0,0,0,0,0,11.1407,0,1.28314,0,0,0,0
"MtrNatGas",2,15,12,"",34.5577,0,0,0,14.7882,0,0,0,0,0,0,0,0,0,0,0,0,0,18.2353,0,1.53418,0,0,0,0
"MtrNatGas",2,15,13,"",28.5916,0,0,0,17.6977,0,0,0,0,0,0,0,0,0,0,0,0,0,9.13656,0,1.75734,0,0,0,0
"MtrNatGas",2,15,14,"",27.0569,0,0,0,10.0081,0,0,0,0,0,0,0,0,0,0,0,0,0,15.4031,0,1.64576,0,0,0,0
"MtrNatGas",2,15,15,"",11.2175,0,0,0,9.48801,0,0,0,0,0,0,0,0,0,0,0,0,0,0,0,1.72944,0,0,0,0
"MtrNatGas",2,15,16,"",6.72033,0,0,0,4.82352,0,0,0,0,0,0,0,0,0,0,0,0,0,0,0,1.89681,0,0,0,0
"MtrNatGas",2,15,17,"",8.85228,0,0,0,6.3139,0,0,0,0,0,0,0,0,0,0,0,0,0,0,0,2.53838,0,0,0,0
"MtrNatGas",2,15,18,"",17.4598,0,0,0,13.5825,0,0,0,0,0,0,0,0,0,0,0,0,0,0,0,3.8773,0,0,0,0
"MtrNatGas",2,15,19,"",12.4398,0,0,0,8.84145,0,0,0,0,0,0,0,0,0,0,0,0,0,0,0,3.59836,0,0,0,0
"MtrNatGas",2,15,20,"",15.0904,0,0,0,13.082,0,0,0,0,0,0,0,0,0,0,0,0,0,0,0,2.00839,0,0,0,0
"MtrNatGas",2,15,21,"",32.2069,0,0,0,31.3142,0,0,0,0,0,0,0,0,0,0,0,0,0,0,0,0.892617,0,0,0,0
"MtrNatGas",2,15,22,"",19.6959,0,0,0,14.6271,0,0,0,0,0,0,0,0,0,0,0,0,0,4.67826,0,0.39052,0,0,0,0
"MtrNatGas",2,15,23,"",18.8491,0,0,0,7.87065,0,0,0,0,0,0,0,0,0,0,0,0,0,10.7274,0,0.251048,0,0,0,0
"MtrNatGas",2,15,24,"",4.52429,0,0,0,4.38481,0,0,0,0,0,0,0,0,0,0,0,0,0,0,0,0.139471,0,0,0,0
"MtrNatGas",2,16,1,"",2.99376,0,0,0,2.85429,0,0,0,0,0,0,0,0,0,0,0,0,0,0,0,0.139471,0,0,0,0
"MtrNatGas",2,16,2,"",2.96849,0,0,0,2.85691,0,0,0,0,0,0,0,0,0,0,0,0,0,0,0,0.111577,0,0,0,0
"MtrNatGas",2,16,3,"",2.94365,0,0,0,2.85997,0,0,0,0,0,0,0,0,0,0,0,0,0,0,0,0.0836828,0,0,0,0
"MtrNatGas",2,16,4,"",3.12845,0,0,0,3.04477,0,0,0,0,0,0,0,0,0,0,0,0,0,0,0,0.0836828,0,0,0,0
"MtrNatGas",2,16,5,"",3.10042,0,0,0,3.01673,0,0,0,0,0,0,0,0,0,0,0,0,0,0,0,0.0836828,0,0,0,0
"MtrNatGas",2,16,6,"",4.53748,0,0,0,4.39801,0,0,0,0,0,0,0,0,0,0,0,0,0,0,0,0.139471,0,0,0,0
"MtrNatGas",2,16,7,"",8.81126,0,0,0,8.53231,0,0,0,0,0,0,0,0,0,0,0,0,0,0,0,0.278943,0,0,0,0
"MtrNatGas",2,16,8,"",6.75411,0,0,0,6.00097,0,0,0,0,0,0,0,0,0,0,0,0,0,0,0,0.753145,0,0,0,0
"MtrNatGas",2,16,9,"",18.0388,0,0,0,16.6998,0,0,0,0,0,0,0,0,0,0,0,0,0,0,0,1.33892,0,0,0,0
"MtrNatGas",2,16,10,"",35.6249,0,0,0,34.286,0,0,0,0,0,0,0,0,0,0,0,0,0,0,0,1.33892,0,0,0,0
"MtrNatGas",2,16,11,"",29.1133,0,0,0,20.1275,0,0,0,0,0,0,0,0,0,0,0,0,0,7.70264,0,1.28314,0,0,0,0
"MtrNatGas",2,16,12,"",20.8518,0,0,0,13.2057,0,0,0,0,0,0,0,0,0,0,0,0,0,6.1119,0,1.53418,0,0,0,0
"MtrNatGas",2,16,13,"",35.994,0,0,0,24.4437,0,0,0,0,0,0,0,0,0,0,0,0,0,9.79292,0,1.75734,0,0,0,0
"MtrNatGas",2,16,14,"",27.4199,0,0,0,9.51587,0,0,0,0,0,0,0,0,0,0,0,0,0,16.2582,0,1.64576,0,0,0,0
"MtrNatGas",2,16,15,"",25.7165,0,0,0,15.4131,0,0,0,0,0,0,0,0,0,0,0,0,0,8.57403,0,1.72944,0,0,0,0
"MtrNatGas",2,16,16,"",16.5739,0,0,0,9.2044,0,0,0,0,0,0,0,0,0,0,0,0,0,5.4727,0,1.89681,0,0,0,0
"MtrNatGas",2,16,17,"",7.64357,0,0,0,5.1052,0,0,0,0,0,0,0,0,0,0,0,0,0,0,0,2.53838,0,0,0,0
"MtrNatGas",2,16,18,"",12.8857,0,0,0,9.00843,0,0,0,0,0,0,0,0,0,0,0,0,0,0,0,3.8773,0,0,0,0
"MtrNatGas",2,16,19,"",39.1752,0,0,0,35.5768,0,0,0,0,0,0,0,0,0,0,0,0,0,0,0,3.59836,0,0,0,0
"MtrNatGas",2,16,20,"",23.8013,0,0,0,21.7929,0,0,0,0,0,0,0,0,0,0,0,0,0,0,0,2.00839,0,0,0,0
"MtrNatGas",2,16,21,"",21.7328,0,0,0,10.7284,0,0,0,0,0,0,0,0,0,0,0,0,0,10.1117,0,0.892617,0,0,0,0
"MtrNatGas",2,16,22,"",8.86275,0,0,0,3.18451,0,0,0,0,0,0,0,0,0,0,0,0,0,5.28772,0,0.39052,0,0,0,0
"MtrNatGas",2,16,23,"",3.36504,0,0,0,3.11399,0,0,0,0,0,0,0,0,0,0,0,0,0,0,0,0.251048,0,0,0,0
"MtrNatGas",2,16,24,"",3.50315,0,0,0,3.36368,0,0,0,0,0,0,0,0,0,0,0,0,0,0,0,0.139471,0,0,0,0
"MtrNatGas",2,17,1,"",3.34308,0,0,0,3.20361,0,0,0,0,0,0,0,0,0,0,0,0,0,0,0,0.139471,0,0,0,0
"MtrNatGas",2,17,2,"",5.72439,0,0,0,5.61281,0,0,0,0,0,0,0,0,0,0,0,0,0,0,0,0.111577,0,0,0,0
"MtrNatGas",2,17,3,"",4.55183,0,0,0,4.44025,0,0,0,0,0,0,0,0,0,0,0,0,0,0,0,0.111577,0,0,0,0
"MtrNatGas",2,17,4,"",3.04938,0,0,0,2.9378,0,0,0,0,0,0,0,0,0,0,0,0,0,0,0,0.111577,0,0,0,0
"MtrNatGas",2,17,5,"",3.30248,0,0,0,3.19091,0,0,0,0,0,0,0,0,0,0,0,0,0,0,0,0.111577,0,0,0,0
"MtrNatGas",2,17,6,"",4.49894,0,0,0,4.10842,0,0,0,0,0,0,0,0,0,0,0,0,0,0,0,0.39052,0,0,0,0
"MtrNatGas",2,17,7,"",11.9845,0,0,0,11.4545,0,0,0,0,0,0,0,0,0,0,0,0,0,0,0,0.529991,0,0,0,0
"MtrNatGas",2,17,8,"",51.2725,0,0,0,50.5752,0,0,0,0,0,0,0,0,0,0,0,0,0,0,0,0.697357,0,0,0,0
"MtrNatGas",2,17,9,"",27.6358,0,0,0,11.5094,0,0,0,0,0,0,0,0,0,0,0,0,0,15.4012,0,0.725251,0,0,0,0
"MtrNatGas",2,17,10,"",31.4218,0,0,0,22.8145,0,0,0,0,0,0,0,0,0,0,0,0,0,7.99362,0,0.613674,0,0,0,0
"MtrNatGas",2,17,11,"",35.0344,0,0,0,19.3337,0,0,0,0,0,0,0,0,0,0,0,0,0,15.1149,0,0.58578,0,0,0,0
"MtrNatGas",2,17,12,"",19.8606,0,0,0,3.64984,0,0,0,0,0,0,0,0,0,0,0,0,0,15.4019,0,0.808934,0,0,0,0
"MtrNatGas",2,17,13,"",5.43966,0,0,0,4.46336,0,0,0,0,0,0,0,0,0,0,0,0,0,0,0,0.976299,0,0,0,0
"MtrNatGas",2,17,14,"",4.71957,0,0,0,3.82695,0,0,0,0,0,0,0,0,0,0,0,0,0,0,0,0.892617,0,0,0,0
"MtrNatGas",2,17,15,"",4.93559,0,0,0,3.98718,0,0,0,0,0,0,0,0,0,0,0,0,0,0,0,0.948405,0,0,0,0
"MtrNatGas",2,17,16,"",5.42088,0,0,0,3.97037,0,0,0,0,0,0,0,0,0,0,0,0,0,0,0,1.4505,0,0,0,0
"MtrNatGas",2,17,17,"",6.37785,0,0,0,3.17001,0,0,0,0,0,0,0,0,0,0,0,0,0,0,0,3.20784,0,0,0,0
"MtrNatGas",2,17,18,"",8.64603,0,0,0,3.26244,0,0,0,0,0,0,0,0,0,0,0,0,0,0,0,5.38359,0,0,0,0
"MtrNatGas",2,17,19,"",10.7081,0,0,0,5.6871,0,0,0,0,0,0,0,0,0,0,0,0,0,0,0,5.02097,0,0,0,0
"MtrNatGas",2,17,20,"",12.295,0,0,0,9.56134,0,0,0,0,0,0,0,0,0,0,0,0,0,0,0,2.73364,0,0,0,0
"MtrNatGas",2,17,21,"",16.3564,0,0,0,15.1848,0,0,0,0,0,0,0,0,0,0,0,0,0,0,0,1.17156,0,0,0,0
"MtrNatGas",2,17,22,"",7.87397,0,0,0,7.31609,0,0,0,0,0,0,0,0,0,0,0,0,0,0,0,0.557885,0,0,0,0
"MtrNatGas",2,17,23,"",18.8131,0,0,0,17.0656,0,0,0,0,0,0,0,0,0,0,0,0,0,1.41278,0,0.334731,0,0,0,0
"MtrNatGas",2,17,24,"",14.6311,0,0,0,10.6367,0,0,0,0,0,0,0,0,0,0,0,0,0,3.71548,0,0.278943,0,0,0,0
"MtrNatGas",2,18,1,"",5.91135,0,0,0,3.1971,0,0,0,0,0,0,0,0,0,0,0,0,0,2.57478,0,0.139471,0,0,0,0
"MtrNatGas",2,18,2,"",2.96586,0,0,0,2.85429,0,0,0,0,0,0,0,0,0,0,0,0,0,0,0,0.111577,0,0,0,0
"MtrNatGas",2,18,3,"",3.44885,0,0,0,3.33727,0,0,0,0,0,0,0,0,0,0,0,0,0,0,0,0.111577,0,0,0,0
"MtrNatGas",2,18,4,"",3.13939,0,0,0,3.02782,0,0,0,0,0,0,0,0,0,0,0,0,0,0,0,0.111577,0,0,0,0
"MtrNatGas",2,18,5,"",4.29358,0,0,0,4.182,0,0,0,0,0,0,0,0,0,0,0,0,0,0,0,0.111577,0,0,0,0
"MtrNatGas",2,18,6,"",10.9766,0,0,0,10.586,0,0,0,0,0,0,0,0,0,0,0,0,0,0,0,0.39052,0,0,0,0
"MtrNatGas",2,18,7,"",27.4148,0,0,0,26.8848,0,0,0,0,0,0,0,0,0,0,0,0,0,0,0,0.529991,0,0,0,0
"MtrNatGas",2,18,8,"",37.1161,0,0,0,36.4187,0,0,0,0,0,0,0,0,0,0,0,0,0,0,0,0.697357,0,0,0,0
"MtrNatGas",2,18,9,"",14.5172,0,0,0,13.792,0,0,0,0,0,0,0,0,0,0,0,0,0,0,0,0.725251,0,0,0,0
"MtrNatGas",2,18,10,"",21.4842,0,0,0,16.5581,0,0,0,0,0,0,0,0,0,0,0,0,0,4.31242,0,0.613674,0,0,0,0
"MtrNatGas",2,18,11,"",15.3436,0,0,0,7.20622,0,0,0,0,0,0,0,0,0,0,0,0,0,7.55162,0,0.58578,0,0,0,0
"MtrNatGas",2,18,12,"",9.13006,0,0,0,4.78177,0,0,0,0,0,0,0,0,0,0,0,0,0,3.53936,0,0.808934,0,0,0,0
"MtrNatGas",2,18,13,"",6.88199,0,0,0,5.90569,0,0,0,0,0,0,0,0,0,0,0,0,0,0,0,0.976299,0,0,0,0
"MtrNatGas",2,18,14,"",5.52132,0,0,0,4.6287,0,0,0,0,0,0,0,0,0,0,0,0,0,0,0,0.892617,0,0,0,0
"MtrNatGas",2,18,15,"",5.99987,0,0,0,5.05147,0,0,0,0,0,0,0,0,0,0,0,0,0,0,0,0.948405,0,0,0,0
"MtrNatGas",2,18,16,"",13.2583,0,0,0,5.92513,0,0,0,0,0,0,0,0,0,0,0,0,0,5.88264,0,1.4505,0,0,0,0
"MtrNatGas",2,18,17,"",16.9993,0,0,0,4.27358,0,0,0,0,0,0,0,0,0,0,0,0,0,9.51787,0,3.20784,0,0,0,0
"MtrNatGas",2,18,18,"",10.8342,0,0,0,5.45062,0,0,0,0,0,0,0,0,0,0,0,0,0,0,0,5.38359,0,0,0,0
"MtrNatGas",2,18,19,"",14.5924,0,0,0,9.57143,0,0,0,0,0,0,0,0,0,0,0,0,0,0,0,5.02097,0,0,0,0
"MtrNatGas",2,18,20,"",13.5058,0,0,0,10.7721,0,0,0,0,0,0,0,0,0,0,0,0,0,0,0,2.73364,0,0,0,0
"MtrNatGas",2,18,21,"",14.7786,0,0,0,13.607,0,0,0,0,0,0,0,0,0,0,0,0,0,0,0,1.17156,0,0,0,0
"MtrNatGas",2,18,22,"",12.1984,0,0,0,11.6405,0,0,0,0,0,0,0,0,0,0,0,0,0,0,0,0.557885,0,0,0,0
"MtrNatGas",2,18,23,"",9.34518,0,0,0,9.01045,0,0,0,0,0,0,0,0,0,0,0,0,0,0,0,0.334731,0,0,0,0
"MtrNatGas",2,18,24,"",5.19948,0,0,0,4.92054,0,0,0,0,0,0,0,0,0,0,0,0,0,0,0,0.278943,0,0,0,0
"MtrNatGas",2,19,1,"",3.62731,0,0,0,3.48784,0,0,0,0,0,0,0,0,0,0,0,0,0,0,0,0.139471,0,0,0,0
"MtrNatGas",2,19,2,"",3.14502,0,0,0,3.03344,0,0,0,0,0,0,0,0,0,0,0,0,0,0,0,0.111577,0,0,0,0
"MtrNatGas",2,19,3,"",5.18077,0,0,0,5.06919,0,0,0,0,0,0,0,0,0,0,0,0,0,0,0,0.111577,0,0,0,0
"MtrNatGas",2,19,4,"",2.95625,0,0,0,2.84467,0,0,0,0,0,0,0,0,0,0,0,0,0,0,0,0.111577,0,0,0,0
"MtrNatGas",2,19,5,"",2.95625,0,0,0,2.84467,0,0,0,0,0,0,0,0,0,0,0,0,0,0,0,0.111577,0,0,0,0
"MtrNatGas",2,19,6,"",9.72812,0,0,0,9.3376,0,0,0,0,0,0,0,0,0,0,0,0,0,0,0,0.39052,0,0,0,0
"MtrNatGas",2,19,7,"",26.6176,0,0,0,18.3876,0,0,0,0,0,0,0,0,0,0,0,0,0,7.70002,0,0.529991,0,0,0,0
"MtrNatGas",2,19,8,"",34.1051,0,0,0,33.4077,0,0,0,0,0,0,0,0,0,0,0,0,0,0,0,0.697357,0,0,0,0
"MtrNatGas",2,19,9,"",18.7823,0,0,0,10.3565,0,0,0,0,0,0,0,0,0,0,0,0,0,7.70058,0,0.725251,0,0,0,0
"MtrNatGas",2,19,10,"",9.37883,0,0,0,8.76516,0,0,0,0,0,0,0,0,0,0,0,0,0,0,0,0.613674,0,0,0,0
"MtrNatGas",2,19,11,"",13.5551,0,0,0,12.9693,0,0,0,0,0,0,0,0,0,0,0,0,0,0,0,0.58578,0,0,0,0
"MtrNatGas",2,19,12,"",20.1779,0,0,0,11.668,0,0,0,0,0,0,0,0,0,0,0,0,0,7.70093,0,0.808934,0,0,0,0
"MtrNatGas",2,19,13,"",23.0762,0,0,0,22.0999,0,0,0,0,0,0,0,0,0,0,0,0,0,0,0,0.976299,0,0,0,0
"MtrNatGas",2,19,14,"",16.9551,0,0,0,16.0625,0,0,0,0,0,0,0,0,0,0,0,0,0,0,0,0.892617,0,0,0,0
"MtrNatGas",2,19,15,"",34.481,0,0,0,29.6081,0,0,0,0,0,0,0,0,0,0,0,0,0,3.92445,0,0.948405,0,0,0,0
"MtrNatGas",2,19,16,"",24.5191,0,0,0,15.4895,0,0,0,0,0,0,0,0,0,0,0,0,0,7.57911,0,1.4505,0,0,0,0
"MtrNatGas",2,19,17,"",22.7997,0,0,0,15.6924,0,0,0,0,0,0,0,0,0,0,0,0,0,3.89952,0,3.20784,0,0,0,0
"MtrNatGas",2,19,18,"",14.5637,0,0,0,9.18013,0,0,0,0,0,0,0,0,0,0,0,0,0,0,0,5.38359,0,0,0,0
"MtrNatGas",2,19,19,"",29.4255,0,0,0,24.4045,0,0,0,0,0,0,0,0,0,0,0,0,0,0,0,5.02097,0,0,0,0
"MtrNatGas",2,19,20,"",19.2463,0,0,0,16.5126,0,0,0,0,0,0,0,0,0,0,0,0,0,0,0,2.73364,0,0,0,0
"MtrNatGas",2,19,21,"",24.6831,0,0,0,23.5116,0,0,0,0,0,0,0,0,0,0,0,0,0,0,0,1.17156,0,0,0,0
"MtrNatGas",2,19,22,"",22.5131,0,0,0,21.9552,0,0,0,0,0,0,0,0,0,0,0,0,0,0,0,0.557885,0,0,0,0
"MtrNatGas",2,19,23,"",35.6516,0,0,0,23.9671,0,0,0,0,0,0,0,0,0,0,0,0,0,11.3498,0,0.334731,0,0,0,0
"MtrNatGas",2,19,24,"",52.4177,0,0,0,48.0852,0,0,0,0,0,0,0,0,0,0,0,0,0,4.05355,0,0.278943,0,0,0,0
"MtrNatGas",2,20,1,"",2.98677,0,0,0,2.84729,0,0,0,0,0,0,0,0,0,0,0,0,0,0,0,0.139471,0,0,0,0
"MtrNatGas",2,20,2,"",5.71653,0,0,0,5.60495,0,0,0,0,0,0,0,0,0,0,0,0,0,0,0,0.111577,0,0,0,0
"MtrNatGas",2,20,3,"",4.30945,0,0,0,4.19788,0,0,0,0,0,0,0,0,0,0,0,0,0,0,0,0.111577,0,0,0,0
"MtrNatGas",2,20,4,"",3.70898,0,0,0,3.5974,0,0,0,0,0,0,0,0,0,0,0,0,0,0,0,0.111577,0,0,0,0
"MtrNatGas",2,20,5,"",3.23859,0,0,0,3.12701,0,0,0,0,0,0,0,0,0,0,0,0,0,0,0,0.111577,0,0,0,0
"MtrNatGas",2,20,6,"",9.84887,0,0,0,9.45835,0,0,0,0,0,0,0,0,0,0,0,0,0,0,0,0.39052,0,0,0,0
"MtrNatGas",2,20,7,"",7.32094,0,0,0,6.79095,0,0,0,0,0,0,0,0,0,0,0,0,0,0,0,0.529991,0,0,0,0
"MtrNatGas",2,20,8,"",34.7236,0,0,0,34.0262,0,0,0,0,0,0,0,0,0,0,0,0,0,0,0,0.697357,0,0,0,0
"MtrNatGas",2,20,9,"",30.2805,0,0,0,29.5553,0,0,0,0,0,0,0,0,0,0,0,0,0,0,0,0.725251,0,0,0,0
"MtrNatGas",2,20,10,"",39.9927,0,0,0,31.6796,0,0,0,0,0,0,0,0,0,0,0,0,0,7.69937,0,0.613674,0,0,0,0
"MtrNatGas",2,20,11,"",20.8447,0,0,0,12.5558,0,0,0,0,0,0,0,0,0,0,0,0,0,7.70308,0,0.58578,0,0,0,0
"MtrNatGas",2,20,12,"",14.3915,0,0,0,13.5826,0,0,0,0,0,0,0,0,0,0,0,0,0,0,0,0.808934,0,0,0,0
"MtrNatGas",2,20,13,"",24.3146,0,0,0,15.6367,0,0,0,0,0,0,0,0,0,0,0,0,0,7.70155,0,0.976299,0,0,0,0
"MtrNatGas",2,20,14,"",10.8119,0,0,0,6.31749,0,0,0,0,0,0,0,0,0,0,0,0,0,3.60176,0,0.892617,0,0,0,0
"MtrNatGas",2,20,15,"",10.2776,0,0,0,5.22951,0,0,0,0,0,0,0,0,0,0,0,0,0,4.0997,0,0.948405,0,0,0,0
"MtrNatGas",2,20,16,"",8.15133,0,0,0,6.70083,0,0,0,0,0,0,0,0,0,0,0,0,0,0,0,1.4505,0,0,0,0
"MtrNatGas",2,20,17,"",11.9266,0,0,0,8.71872,0,0,0,0,0,0,0,0,0,0,0,0,0,0,0,3.20784,0,0,0,0
"MtrNatGas",2,20,18,"",17.462,0,0,0,12.0784,0,0,0,0,0,0,0,0,0,0,0,0,0,0,0,5.38359,0,0,0,0
"MtrNatGas",2,20,19,"",41.4539,0,0,0,32.388,0,0,0,0,0,0,0,0,0,0,0,0,0,4.04487,0,5.02097,0,0,0,0
"MtrNatGas",2,20,20,"",19.668,0,0,0,7.35937,0,0,0,0,0,0,0,0,0,0,0,0,0,9.575,0,2.73364,0,0,0,0
"MtrNatGas",2,20,21,"",17.3323,0,0,0,14.3778,0,0,0,0,0,0,0,0,0,0,0,0,0,1.78296,0,1.17156,0,0,0,0
"MtrNatGas",2,20,22,"",18.7218,0,0,0,18.1639,0,0,0,0,0,0,0,0,0,0,0,0,0,0,0,0.557885,0,0,0,0
"MtrNatGas",2,20,23,"",24.8348,0,0,0,23.0873,0,0,0,0,0,0,0,0,0,0,0,0,0,1.41278,0,0.334731,0,0,0,0
"MtrNatGas",2,20,24,"",18.6213,0,0,0,14.6269,0,0,0,0,0,0,0,0,0,0,0,0,0,3.71548,0,0.278943,0,0,0,0
"MtrNatGas",2,21,1,"",10.546,0,0,0,7.83176,0,0,0,0,0,0,0,0,0,0,0,0,0,2.57478,0,0.139471,0,0,0,0
"MtrNatGas",2,21,2,"",4.40031,0,0,0,4.28873,0,0,0,0,0,0,0,0,0,0,0,0,0,0,0,0.111577,0,0,0,0
"MtrNatGas",2,21,3,"",7.76778,0,0,0,7.6841,0,0,0,0,0,0,0,0,0,0,0,0,0,0,0,0.0836828,0,0,0,0
"MtrNatGas",2,21,4,"",6.01484,0,0,0,5.93116,0,0,0,0,0,0,0,0,0,0,0,0,0,0,0,0.0836828,0,0,0,0
"MtrNatGas",2,21,5,"",2.93578,0,0,0,2.8521,0,0,0,0,0,0,0,0,0,0,0,0,0,0,0,0.0836828,0,0,0,0
"MtrNatGas",2,21,6,"",2.99289,0,0,0,2.85342,0,0,0,0,0,0,0,0,0,0,0,0,0,0,0,0.139471,0,0,0,0
"MtrNatGas",2,21,7,"",23.486,0,0,0,23.2071,0,0,0,0,0,0,0,0,0,0,0,0,0,0,0,0.278943,0,0,0,0
"MtrNatGas",2,21,8,"",24.6274,0,0,0,23.8743,0,0,0,0,0,0,0,0,0,0,0,0,0,0,0,0.753145,0,0,0,0
"MtrNatGas",2,21,9,"",9.01901,0,0,0,7.68009,0,0,0,0,0,0,0,0,0,0,0,0,0,0,0,1.33892,0,0,0,0
"MtrNatGas",2,21,10,"",24.4666,0,0,0,23.1277,0,0,0,0,0,0,0,0,0,0,0,0,0,0,0,1.33892,0,0,0,0
"MtrNatGas",2,21,11,"",33.0188,0,0,0,8.62817,0,0,0,0,0,0,0,0,0,0,0,0,0,23.1075,0,1.28314,0,0,0,0
"MtrNatGas",2,21,12,"",15.6358,0,0,0,14.1016,0,0,0,0,0,0,0,0,0,0,0,0,0,0,0,1.53418,0,0,0,0
"MtrNatGas",2,21,13,"",19.0412,0,0,0,3.37862,0,0,0,0,0,0,0,0,0,0,0,0,0,13.9053,0,1.75734,0,0,0,0
"MtrNatGas",2,21,14,"",6.5089,0,0,0,3.36672,0,0,0,0,0,0,0,0,0,0,0,0,0,1.49641,0,1.64576,0,0,0,0
"MtrNatGas",2,21,15,"",5.59854,0,0,0,3.86909,0,0,0,0,0,0,0,0,0,0,0,0,0,0,0,1.72944,0,0,0,0
"MtrNatGas",2,21,16,"",6.18325,0,0,0,4.28644,0,0,0,0,0,0,0,0,0,0,0,0,0,0,0,1.89681,0,0,0,0
"MtrNatGas",2,21,17,"",6.47486,0,0,0,3.93648,0,0,0,0,0,0,0,0,0,0,0,0,0,0,0,2.53838,0,0,0,0
"MtrNatGas",2,21,18,"",9.31551,0,0,0,5.43821,0,0,0,0,0,0,0,0,0,0,0,0,0,0,0,3.8773,0,0,0,0
"MtrNatGas",2,21,19,"",43.4672,0,0,0,32.1662,0,0,0,0,0,0,0,0,0,0,0,0,0,7.7027,0,3.59836,0,0,0,0
"MtrNatGas",2,21,20,"",25.9601,0,0,0,23.9518,0,0,0,0,0,0,0,0,0,0,0,0,0,0,0,2.00839,0,0,0,0
"MtrNatGas",2,21,21,"",25.6479,0,0,0,21.8871,0,0,0,0,0,0,0,0,0,0,0,0,0,2.86817,0,0.892617,0,0,0,0
"MtrNatGas",2,21,22,"",10.4922,0,0,0,5.26782,0,0,0,0,0,0,0,0,0,0,0,0,0,4.83381,0,0.39052,0,0,0,0
"MtrNatGas",2,21,23,"",4.13869,0,0,0,3.88764,0,0,0,0,0,0,0,0,0,0,0,0,0,0,0,0.251048,0,0,0,0
"MtrNatGas",2,21,24,"",8.29755,0,0,0,8.15808,0,0,0,0,0,0,0,0,0,0,0,0,0,0,0,0.139471,0,0,0,0
"MtrNatGas",2,22,1,"",3.22916,0,0,0,3.08969,0,0,0,0,0,0,0,0,0,0,0,0,0,0,0,0.139471,0,0,0,0
"MtrNatGas",2,22,2,"",3.12206,0,0,0,3.01048,0,0,0,0,0,0,0,0,0,0,0,0,0,0,0,0.111577,0,0,0,0
"MtrNatGas",2,22,3,"",2.9336,0,0,0,2.84992,0,0,0,0,0,0,0,0,0,0,0,0,0,0,0,0.0836828,0,0,0,0
"MtrNatGas",2,22,4,"",3.32345,0,0,0,3.23976,0,0,0,0,0,0,0,0,0,0,0,0,0,0,0,0.0836828,0,0,0,0
"MtrNatGas",2,22,5,"",3.10136,0,0,0,3.01767,0,0,0,0,0,0,0,0,0,0,0,0,0,0,0,0.0836828,0,0,0,0
"MtrNatGas",2,22,6,"",2.99289,0,0,0,2.85341,0,0,0,0,0,0,0,0,0,0,0,0,0,0,0,0.139471,0,0,0,0
"MtrNatGas",2,22,7,"",5.49728,0,0,0,5.21834,0,0,0,0,0,0,0,0,0,0,0,0,0,0,0,0.278943,0,0,0,0
"MtrNatGas",2,22,8,"",21.6228,0,0,0,20.8697,0,0,0,0,0,0,0,0,0,0,0,0,0,0,0,0.753145,0,0,0,0
"MtrNatGas",2,22,9,"",7.82682,0,0,0,6.4879,0,0,0,0,0,0,0,0,0,0,0,0,0,0,0,1.33892,0,0,0,0
"MtrNatGas",2,22,10,"",10.6534,0,0,0,9.31446,0,0,0,0,0,0,0,0,0,0,0,0,0,0,0,1.33892,0,0,0,0
"MtrNatGas",2,22,11,"",41.1319,0,0,0,39.8487,0,0,0,0,0,0,0,0,0,0,0,0,0,0,0,1.28314,0,0,0,0
"MtrNatGas",2,22,12,"",38.3987,0,0,0,28.7134,0,0,0,0,0,0,0,0,0,0,0,0,0,8.15112,0,1.53418,0,0,0,0
"MtrNatGas",2,22,13,"",21.7167,0,0,0,12.7056,0,0,0,0,0,0,0,0,0,0,0,0,0,7.25377,0,1.75734,0,0,0,0
"MtrNatGas",2,22,14,"",18.9016,0,0,0,9.5543,0,0,0,0,0,0,0,0,0,0,0,0,0,7.70154,0,1.64576,0,0,0,0
"MtrNatGas",2,22,15,"",8.88528,0,0,0,7.15584,0,0,0,0,0,0,0,0,0,0,0,0,0,0,0,1.72944,0,0,0,0
"MtrNatGas",2,22,16,"",16.6491,0,0,0,7.84146,0,0,0,0,0,0,0,0,0,0,0,0,0,6.91084,0,1.89681,0,0,0,0
"MtrNatGas",2,22,17,"",22.8079,0,0,0,7.49952,0,0,0,0,0,0,0,0,0,0,0,0,0,12.77,0,2.53838,0,0,0,0
"MtrNatGas",2,22,18,"",22.5327,0,0,0,11.0137,0,0,0,0,0,0,0,0,0,0,0,0,0,7.64172,0,3.8773,0,0,0,0
"MtrNatGas",2,22,19,"",20.072,0,0,0,5.29071,0,0,0,0,0,0,0,0,0,0,0,0,0,11.1829,0,3.59836,0,0,0,0
"MtrNatGas",2,22,20,"",13.7888,0,0,0,11.7804,0,0,0,0,0,0,0,0,0,0,0,0,0,0,0,2.00839,0,0,0,0
"MtrNatGas",2,22,21,"",29.7346,0,0,0,28.842,0,0,0,0,0,0,0,0,0,0,0,0,0,0,0,0.892617,0,0,0,0
"MtrNatGas",2,22,22,"",17.4235,0,0,0,17.033,0,0,0,0,0,0,0,0,0,0,0,0,0,0,0,0.39052,0,0,0,0
"MtrNatGas",2,22,23,"",21.8685,0,0,0,6.21527,0,0,0,0,0,0,0,0,0,0,0,0,0,15.4022,0,0.251048,0,0,0,0
"MtrNatGas",2,22,24,"",6.50256,0,0,0,6.36309,0,0,0,0,0,0,0,0,0,0,0,0,0,0,0,0.139471,0,0,0,0
"MtrNatGas",2,23,1,"",2.99507,0,0,0,2.8556,0,0,0,0,0,0,0,0,0,0,0,0,0,0,0,0.139471,0,0,0,0
"MtrNatGas",2,23,2,"",2.96893,0,0,0,2.85735,0,0,0,0,0,0,0,0,0,0,0,0,0,0,0,0.111577,0,0,0,0
"MtrNatGas",2,23,3,"",5.31561,0,0,0,5.20404,0,0,0,0,0,0,0,0,0,0,0,0,0,0,0,0.111577,0,0,0,0
"MtrNatGas",2,23,4,"",2.9733,0,0,0,2.86172,0,0,0,0,0,0,0,0,0,0,0,0,0,0,0,0.111577,0,0,0,0
"MtrNatGas",2,23,5,"",2.97505,0,0,0,2.86347,0,0,0,0,0,0,0,0,0,0,0,0,0,0,0,0.111577,0,0,0,0
"MtrNatGas",2,23,6,"",6.54135,0,0,0,6.15083,0,0,0,0,0,0,0,0,0,0,0,0,0,0,0,0.39052,0,0,0,0
"MtrNatGas",2,23,7,"",25.472,0,0,0,24.942,0,0,0,0,0,0,0,0,0,0,0,0,0,0,0,0.529991,0,0,0,0
"MtrNatGas",2,23,8,"",29.2857,0,0,0,28.5884,0,0,0,0,0,0,0,0,0,0,0,0,0,0,0,0.697357,0,0,0,0
"MtrNatGas",2,23,9,"",13.296,0,0,0,12.5707,0,0,0,0,0,0,0,0,0,0,0,0,0,0,0,0.725251,0,0,0,0
"MtrNatGas",2,23,10,"",23.472,0,0,0,22.8583,0,0,0,0,0,0,0,0,0,0,0,0,0,0,0,0.613674,0,0,0,0
"MtrNatGas",2,23,11,"",4.664,0,0,0,4.07822,0,0,0,0,0,0,0,0,0,0,0,0,0,0,0,0.58578,0,0,0,0
"MtrNatGas",2,23,12,"",3.93166,0,0,0,3.12273,0,0,0,0,0,0,0,0,0,0,0,0,0,0,0,0.808934,0,0,0,0
"MtrNatGas",2,23,13,"",5.92583,0,0,0,4.94953,0,0,0,0,0,0,0,0,0,0,0,0,0,0,0,0.976299,0,0,0,0
"MtrNatGas",2,23,14,"",3.97257,0,0,0,3.07995,0,0,0,0,0,0,0,0,0,0,0,0,0,0,0,0.892617,0,0,0,0
"MtrNatGas",2,23,15,"",3.7887,0,0,0,2.8403,0,0,0,0,0,0,0,0,0,0,0,0,0,0,0,0.948405,0,0,0,0
"MtrNatGas",2,23,16,"",4.72759,0,0,0,3.27709,0,0,0,0,0,0,0,0,0,0,0,0,0,0,0,1.4505,0,0,0,0
"MtrNatGas",2,23,17,"",10.5995,0,0,0,7.39168,0,0,0,0,0,0,0,0,0,0,0,0,0,0,0,3.20784,0,0,0,0
"MtrNatGas",2,23,18,"",8.80917,0,0,0,3.42558,0,0,0,0,0,0,0,0,0,0,0,0,0,0,0,5.38359,0,0,0,0
"MtrNatGas",2,23,19,"",12.8744,0,0,0,7.85348,0,0,0,0,0,0,0,0,0,0,0,0,0,0,0,5.02097,0,0,0,0
"MtrNatGas",2,23,20,"",7.43817,0,0,0,4.70453,0,0,0,0,0,0,0,0,0,0,0,0,0,0,0,2.73364,0,0,0,0
"MtrNatGas",2,23,21,"",14.0532,0,0,0,12.8817,0,0,0,0,0,0,0,0,0,0,0,0,0,0,0,1.17156,0,0,0,0
"MtrNatGas",2,23,22,"",7.43254,0,0,0,6.87466,0,0,0,0,0,0,0,0,0,0,0,0,0,0,0,0.557885,0,0,0,0
"MtrNatGas",2,23,23,"",6.96526,0,0,0,6.63052,0,0,0,0,0,0,0,0,0,0,0,0,0,0,0,0.334731,0,0,0,0
"MtrNatGas",2,23,24,"",7.09502,0,0,0,6.81607,0,0,0,0,0,0,0,0,0,0,0,0,0,0,0,0.278943,0,0,0,0
"MtrNatGas",2,24,1,"",2.98851,0,0,0,2.84904,0,0,0,0,0,0,0,0,0,0,0,0,0,0,0,0.139471,0,0,0,0
"MtrNatGas",2,24,2,"",2.96149,0,0,0,2.84991,0,0,0,0,0,0,0,0,0,0,0,0,0,0,0,0.111577,0,0,0,0
"MtrNatGas",2,24,3,"",3.4914,0,0,0,3.37982,0,0,0,0,0,0,0,0,0,0,0,0,0,0,0,0.111577,0,0,0,0
"MtrNatGas",2,24,4,"",2.96324,0,0,0,2.85167,0,0,0,0,0,0,0,0,0,0,0,0,0,0,0,0.111577,0,0,0,0
"MtrNatGas",2,24,5,"",2.96412,0,0,0,2.85254,0,0,0,0,0,0,0,0,0,0,0,0,0,0,0,0.111577,0,0,0,0
"MtrNatGas",2,24,6,"",3.87403,0,0,0,3.48351,0,0,0,0,0,0,0,0,0,0,0,0,0,0,0,0.39052,0,0,0,0
"MtrNatGas",2,24,7,"",20.9872,0,0,0,20.4572,0,0,0,0,0,0,0,0,0,0,0,0,0,0,0,0.529991,0,0,0,0
"MtrNatGas",2,24,8,"",13.4877,0,0,0,12.7903,0,0,0,0,0,0,0,0,0,0,0,0,0,0,0,0.697357,0,0,0,0
"MtrNatGas",2,24,9,"",50.1452,0,0,0,49.42,0,0,0,0,0,0,0,0,0,0,0,0,0,0,0,0.725251,0,0,0,0
"MtrNatGas",2,24,10,"",46.0185,0,0,0,45.4048,0,0,0,0,0,0,0,0,0,0,0,0,0,0,0,0.613674,0,0,0,0
"MtrNatGas",2,24,11,"",31.4947,0,0,0,22.5853,0,0,0,0,0,0,0,0,0,0,0,0,0,8.32362,0,0.58578,0,0,0,0
"MtrNatGas",2,24,12,"",34.2122,0,0,0,18.8002,0,0,0,0,0,0,0,0,0,0,0,0,0,14.6031,0,0.808934,0,0,0,0
"MtrNatGas",2,24,13,"",26.711,0,0,0,10.2611,0,0,0,0,0,0,0,0,0,0,0,0,0,15.4737,0,0.976299,0,0,0,0
"MtrNatGas",2,24,14,"",17.6502,0,0,0,12.0671,0,0,0,0,0,0,0,0,0,0,0,0,0,4.69042,0,0.892617,0,0,0,0
"MtrNatGas",2,24,15,"",18.9115,0,0,0,7.14195,0,0,0,0,0,0,0,0,0,0,0,0,0,10.8211,0,0.948405,0,0,0,0
"MtrNatGas",2,24,16,"",12.5685,0,0,0,11.118,0,0,0,0,0,0,0,0,0,0,0,0,0,0,0,1.4505,0,0,0,0
"MtrNatGas",2,24,17,"",21.8535,0,0,0,10.9432,0,0,0,0,0,0,0,0,0,0,0,0,0,7.70248,0,3.20784,0,0,0,0
"MtrNatGas",2,24,18,"",25.388,0,0,0,12.304,0,0,0,0,0,0,0,0,0,0,0,0,0,7.70039,0,5.38359,0,0,0,0
"MtrNatGas",2,24,19,"",61.6583,0,0,0,48.9358,0,0,0,0,0,0,0,0,0,0,0,0,0,7.70148,0,5.02097,0,0,0,0
"MtrNatGas",2,24,20,"",39.1109,0,0,0,36.3773,0,0,0,0,0,0,0,0,0,0,0,0,0,0,0,2.73364,0,0,0,0
"MtrNatGas",2,24,21,"",35.5921,0,0,0,34.4206,0,0,0,0,0,0,0,0,0,0,0,0,0,0,0,1.17156,0,0,0,0
"MtrNatGas",2,24,22,"",17.0666,0,0,0,16.5087,0,0,0,0,0,0,0,0,0,0,0,0,0,0,0,0.557885,0,0,0,0
"MtrNatGas",2,24,23,"",7.66135,0,0,0,7.32662,0,0,0,0,0,0,0,0,0,0,0,0,0,0,0,0.334731,0,0,0,0
"MtrNatGas",2,24,24,"",4.86715,0,0,0,4.58821,0,0,0,0,0,0,0,0,0,0,0,0,0,0,0,0.278943,0,0,0,0
"MtrNatGas",2,25,1,"",4.71087,0,0,0,4.5714,0,0,0,0,0,0,0,0,0,0,0,0,0,0,0,0.139471,0,0,0,0
"MtrNatGas",2,25,2,"",3.13186,0,0,0,3.02029,0,0,0,0,0,0,0,0,0,0,0,0,0,0,0,0.111577,0,0,0,0
"MtrNatGas",2,25,3,"",5.12404,0,0,0,5.01246,0,0,0,0,0,0,0,0,0,0,0,0,0,0,0,0.111577,0,0,0,0
"MtrNatGas",2,25,4,"",3.57162,0,0,0,3.46004,0,0,0,0,0,0,0,0,0,0,0,0,0,0,0,0.111577,0,0,0,0
"MtrNatGas",2,25,5,"",4.8963,0,0,0,4.78472,0,0,0,0,0,0,0,0,0,0,0,0,0,0,0,0.111577,0,0,0,0
"MtrNatGas",2,25,6,"",9.45685,0,0,0,9.06633,0,0,0,0,0,0,0,0,0,0,0,0,0,0,0,0.39052,0,0,0,0
"MtrNatGas",2,25,7,"",8.25023,0,0,0,7.72024,0,0,0,0,0,0,0,0,0,0,0,0,0,0,0,0.529991,0,0,0,0
"MtrNatGas",2,25,8,"",41.1114,0,0,0,40.4141,0,0,0,0,0,0,0,0,0,0,0,0,0,0,0,0.697357,0,0,0,0
"MtrNatGas",2,25,9,"",47.4627,0,0,0,46.7374,0,0,0,0,0,0,0,0,0,0,0,0,0,0,0,0.725251,0,0,0,0
"MtrNatGas",2,25,10,"",26.9288,0,0,0,26.3151,0,0,0,0,0,0,0,0,0,0,0,0,0,0,0,0.613674,0,0,0,0
"MtrNatGas",2,25,11,"",29.7917,0,0,0,13.8035,0,0,0,0,0,0,0,0,0,0,0,0,0,15.4024,0,0.58578,0,0,0,0
"MtrNatGas",2,25,12,"",8.16218,0,0,0,7.35325,0,0,0,0,0,0,0,0,0,0,0,0,0,0,0,0.808934,0,0,0,0
"MtrNatGas",2,25,13,"",5.9732,0,0,0,4.9969,0,0,0,0,0,0,0,0,0,0,0,0,0,0,0,0.976299,0,0,0,0
"MtrNatGas",2,25,14,"",4.77651,0,0,0,3.88389,0,0,0,0,0,0,0,0,0,0,0,0,0,0,0,0.892617,0,0,0,0
"MtrNatGas",2,25,15,"",5.48916,0,0,0,4.54075,0,0,0,0,0,0,0,0,0,0,0,0,0,0,0,0.948405,0,0,0,0
"MtrNatGas",2,25,16,"",6.0329,0,0,0,4.5824,0,0,0,0,0,0,0,0,0,0,0,0,0,0,0,1.4505,0,0,0,0
"MtrNatGas",2,25,17,"",18.1806,0,0,0,7.27032,0,0,0,0,0,0,0,0,0,0,0,0,0,7.70248,0,3.20784,0,0,0,0
"MtrNatGas",2,25,18,"",23.5438,0,0,0,10.4599,0,0,0,0,0,0,0,0,0,0,0,0,0,7.70039,0,5.38359,0,0,0,0
"MtrNatGas",2,25,19,"",22.5109,0,0,0,9.78845,0,0,0,0,0,0,0,0,0,0,0,0,0,7.70148,0,5.02097,0,0,0,0
"MtrNatGas",2,25,20,"",14.4418,0,0,0,11.7081,0,0,0,0,0,0,0,0,0,0,0,0,0,0,0,2.73364,0,0,0,0
"MtrNatGas",2,25,21,"",14.2045,0,0,0,13.033,0,0,0,0,0,0,0,0,0,0,0,0,0,0,0,1.17156,0,0,0,0
"MtrNatGas",2,25,22,"",40.7447,0,0,0,40.1868,0,0,0,0,0,0,0,0,0,0,0,0,0,0,0,0.557885,0,0,0,0
"MtrNatGas",2,25,23,"",30.929,0,0,0,17.8317,0,0,0,0,0,0,0,0,0,0,0,0,0,12.7626,0,0.334731,0,0,0,0
"MtrNatGas",2,25,24,"",22.0639,0,0,0,14.0159,0,0,0,0,0,0,0,0,0,0,0,0,0,7.76903,0,0.278943,0,0,0,0
"MtrNatGas",2,26,1,"",9.53953,0,0,0,6.82528,0,0,0,0,0,0,0,0,0,0,0,0,0,2.57478,0,0.139471,0,0,0,0
"MtrNatGas",2,26,2,"",5.72505,0,0,0,5.61347,0,0,0,0,0,0,0,0,0,0,0,0,0,0,0,0.111577,0,0,0,0
"MtrNatGas",2,26,3,"",4.317,0,0,0,4.20542,0,0,0,0,0,0,0,0,0,0,0,0,0,0,0,0.111577,0,0,0,0
"MtrNatGas",2,26,4,"",3.70391,0,0,0,3.59233,0,0,0,0,0,0,0,0,0,0,0,0,0,0,0,0.111577,0,0,0,0
"MtrNatGas",2,26,5,"",3.06288,0,0,0,2.95131,0,0,0,0,0,0,0,0,0,0,0,0,0,0,0,0.111577,0,0,0,0
"MtrNatGas",2,26,6,"",9.36728,0,0,0,8.97676,0,0,0,0,0,0,0,0,0,0,0,0,0,0,0,0.39052,0,0,0,0
"MtrNatGas",2,26,7,"",12.9517,0,0,0,12.4217,0,0,0,0,0,0,0,0,0,0,0,0,0,0,0,0.529991,0,0,0,0
"MtrNatGas",2,26,8,"",29.1055,0,0,0,28.4082,0,0,0,0,0,0,0,0,0,0,0,0,0,0,0,0.697357,0,0,0,0
"MtrNatGas",2,26,9,"",34.2428,0,0,0,33.5176,0,0,0,0,0,0,0,0,0,0,0,0,0,0,0,0.725251,0,0,0,0
"MtrNatGas",2,26,10,"",28.0641,0,0,0,19.751,0,0,0,0,0,0,0,0,0,0,0,0,0,7.69937,0,0.613674,0,0,0,0
"MtrNatGas",2,26,11,"",11.1691,0,0,0,10.5833,0,0,0,0,0,0,0,0,0,0,0,0,0,0,0,0.58578,0,0,0,0
"MtrNatGas",2,26,12,"",13.9461,0,0,0,13.1372,0,0,0,0,0,0,0,0,0,0,0,0,0,0,0,0.808934,0,0,0,0
"MtrNatGas",2,26,13,"",28.7109,0,0,0,12.437,0,0,0,0,0,0,0,0,0,0,0,0,0,15.2976,0,0.976299,0,0,0,0
"MtrNatGas",2,26,14,"",20.7681,0,0,0,14.0803,0,0,0,0,0,0,0,0,0,0,0,0,0,5.79524,0,0.892617,0,0,0,0
"MtrNatGas",2,26,15,"",34.3458,0,0,0,15.9824,0,0,0,0,0,0,0,0,0,0,0,0,0,17.415,0,0.948405,0,0,0,0
"MtrNatGas",2,26,16,"",13.8117,0,0,0,9.41991,0,0,0,0,0,0,0,0,0,0,0,0,0,2.94132,0,1.4505,0,0,0,0
"MtrNatGas",2,26,17,"",22.2538,0,0,0,14.2871,0,0,0,0,0,0,0,0,0,0,0,0,0,4.75893,0,3.20784,0,0,0,0
"MtrNatGas",2,26,18,"",24.7511,0,0,0,19.3675,0,0,0,0,0,0,0,0,0,0,0,0,0,0,0,5.38359,0,0,0,0
"MtrNatGas",2,26,19,"",54.2661,0,0,0,45.2003,0,0,0,0,0,0,0,0,0,0,0,0,0,4.04487,0,5.02097,0,0,0,0
"MtrNatGas",2,26,20,"",32.8615,0,0,0,26.4696,0,0,0,0,0,0,0,0,0,0,0,0,0,3.65827,0,2.73364,0,0,0,0
"MtrNatGas",2,26,21,"",22.9535,0,0,0,21.782,0,0,0,0,0,0,0,0,0,0,0,0,0,0,0,1.17156,0,0,0,0
"MtrNatGas",2,26,22,"",17.9039,0,0,0,17.346,0,0,0,0,0,0,0,0,0,0,0,0,0,0,0,0.557885,0,0,0,0
"MtrNatGas",2,26,23,"",19.9196,0,0,0,19.5849,0,0,0,0,0,0,0,0,0,0,0,0,0,0,0,0.334731,0,0,0,0
"MtrNatGas",2,26,24,"",12.0178,0,0,0,9.77406,0,0,0,0,0,0,0,0,0,0,0,0,0,1.96479,0,0.278943,0,0,0,0
"MtrNatGas",2,27,1,"",10.0968,0,0,0,4.22183,0,0,0,0,0,0,0,0,0,0,0,0,0,5.73545,0,0.139471,0,0,0,0
"MtrNatGas",2,27,2,"",3.12378,0,0,0,3.0122,0,0,0,0,0,0,0,0,0,0,0,0,0,0,0,0.111577,0,0,0,0
"MtrNatGas",2,27,3,"",2.95668,0,0,0,2.84511,0,0,0,0,0,0,0,0,0,0,0,0,0,0,0,0.111577,0,0,0,0
"MtrNatGas",2,27,4,"",3.39112,0,0,0,3.27955,0,0,0,0,0,0,0,0,0,0,0,0,0,0,0,0.111577,0,0,0,0
"MtrNatGas",2,27,5,"",4.71095,0,0,0,4.59937,0,0,0,0,0,0,0,0,0,0,0,0,0,0,0,0.111577,0,0,0,0
"MtrNatGas",2,27,6,"",9.52019,0,0,0,9.12967,0,0,0,0,0,0,0,0,0,0,0,0,0,0,0,0.39052,0,0,0,0
"MtrNatGas",2,27,7,"",11.9781,0,0,0,11.4481,0,0,0,0,0,0,0,0,0,0,0,0,0,0,0,0.529991,0,0,0,0
"MtrNatGas",2,27,8,"",30.4862,0,0,0,29.7889,0,0,0,0,0,0,0,0,0,0,0,0,0,0,0,0.697357,0,0,0,0
"MtrNatGas",2,27,9,"",41.3361,0,0,0,40.6108,0,0,0,0,0,0,0,0,0,0,0,0,0,0,0,0.725251,0,0,0,0
"MtrNatGas",2,27,10,"",28.9197,0,0,0,20.6067,0,0,0,0,0,0,0,0,0,0,0,0,0,7.69937,0,0.613674,0,0,0,0
"MtrNatGas",2,27,11,"",13.2549,0,0,0,4.9698,0,0,0,0,0,0,0,0,0,0,0,0,0,7.69933,0,0.58578,0,0,0,0
"MtrNatGas",2,27,12,"",10.046,0,0,0,9.23708,0,0,0,0,0,0,0,0,0,0,0,0,0,0,0,0.808934,0,0,0,0
"MtrNatGas",2,27,13,"",17.0192,0,0,0,8.34136,0,0,0,0,0,0,0,0,0,0,0,0,0,7.70155,0,0.976299,0,0,0,0
"MtrNatGas",2,27,14,"",10.6548,0,0,0,6.16044,0,0,0,0,0,0,0,0,0,0,0,0,0,3.60176,0,0.892617,0,0,0,0
"MtrNatGas",2,27,15,"",17.8892,0,0,0,5.14041,0,0,0,0,0,0,0,0,0,0,0,0,0,11.8004,0,0.948405,0,0,0,0
"MtrNatGas",2,27,16,"",4.47482,0,0,0,3.02431,0,0,0,0,0,0,0,0,0,0,0,0,0,0,0,1.4505,0,0,0,0
"MtrNatGas",2,27,17,"",8.47535,0,0,0,5.26751,0,0,0,0,0,0,0,0,0,0,0,0,0,0,0,3.20784,0,0,0,0
"MtrNatGas",2,27,18,"",15.6576,0,0,0,10.274,0,0,0,0,0,0,0,0,0,0,0,0,0,0,0,5.38359,0,0,0,0
"MtrNatGas",2,27,19,"",33.9387,0,0,0,24.8729,0,0,0,0,0,0,0,0,0,0,0,0,0,4.04487,0,5.02097,0,0,0,0
"MtrNatGas",2,27,20,"",17.678,0,0,0,11.2861,0,0,0,0,0,0,0,0,0,0,0,0,0,3.65827,0,2.73364,0,0,0,0
"MtrNatGas",2,27,21,"",16.1629,0,0,0,14.9914,0,0,0,0,0,0,0,0,0,0,0,0,0,0,0,1.17156,0,0,0,0
"MtrNatGas",2,27,22,"",29.8274,0,0,0,29.2695,0,0,0,0,0,0,0,0,0,0,0,0,0,0,0,0.557885,0,0,0,0
"MtrNatGas",2,27,23,"",8.1002,0,0,0,7.76547,0,0,0,0,0,0,0,0,0,0,0,0,0,0,0,0.334731,0,0,0,0
"MtrNatGas",2,27,24,"",7.3087,0,0,0,7.02975,0,0,0,0,0,0,0,0,0,0,0,0,0,0,0,0.278943,0,0,0,0
"MtrNatGas",2,28,1,"",4.41486,0,0,0,4.27539,0,0,0,0,0,0,0,0,0,0,0,0,0,0,0,0.139471,0,0,0,0
"MtrNatGas",2,28,2,"",3.12785,0,0,0,3.01627,0,0,0,0,0,0,0,0,0,0,0,0,0,0,0,0.111577,0,0,0,0
"MtrNatGas",2,28,3,"",2.9266,0,0,0,2.84292,0,0,0,0,0,0,0,0,0,0,0,0,0,0,0,0.0836828,0,0,0,0
"MtrNatGas",2,28,4,"",2.93098,0,0,0,2.84729,0,0,0,0,0,0,0,0,0,0,0,0,0,0,0,0.0836828,0,0,0,0
"MtrNatGas",2,28,5,"",2.93491,0,0,0,2.85123,0,0,0,0,0,0,0,0,0,0,0,0,0,0,0,0.0836828,0,0,0,0
"MtrNatGas",2,28,6,"",3.924,0,0,0,3.78453,0,0,0,0,0,0,0,0,0,0,0,0,0,0,0,0.139471,0,0,0,0
"MtrNatGas",2,28,7,"",3.30014,0,0,0,3.0212,0,0,0,0,0,0,0,0,0,0,0,0,0,0,0,0.278943,0,0,0,0
"MtrNatGas",2,28,8,"",11.9405,0,0,0,11.1873,0,0,0,0,0,0,0,0,0,0,0,0,0,0,0,0.753145,0,0,0,0
"MtrNatGas",2,28,9,"",7.55423,0,0,0,6.21531,0,0,0,0,0,0,0,0,0,0,0,0,0,0,0,1.33892,0,0,0,0
"MtrNatGas",2,28,10,"",23.957,0,0,0,22.6181,0,0,0,0,0,0,0,0,0,0,0,0,0,0,0,1.33892,0,0,0,0
"MtrNatGas",2,28,11,"",23.2767,0,0,0,18.5555,0,0,0,0,0,0,0,0,0,0,0,0,0,3.4381,0,1.28314,0,0,0,0
"MtrNatGas",2,28,12,"",27.7974,0,0,0,10.5713,0,0,0,0,0,0,0,0,0,0,0,0,0,15.692,0,1.53418,0,0,0,0
"MtrNatGas",2,28,13,"",11.3991,0,0,0,5.66845,0,0,0,0,0,0,0,0,0,0,0,0,0,3.97329,0,1.75734,0,0,0,0
"MtrNatGas",2,28,14,"",6.52616,0,0,0,4.8804,0,0,0,0,0,0,0,0,0,0,0,0,0,0,0,1.64576,0,0,0,0
"MtrNatGas",2,28,15,"",6.20801,0,0,0,4.47856,0,0,0,0,0,0,0,0,0,0,0,0,0,0,0,1.72944,0,0,0,0
"MtrNatGas",2,28,16,"",5.69507,0,0,0,3.79826,0,0,0,0,0,0,0,0,0,0,0,0,0,0,0,1.89681,0,0,0,0
"MtrNatGas",2,28,17,"",6.10359,0,0,0,3.56521,0,0,0,0,0,0,0,0,0,0,0,0,0,0,0,2.53838,0,0,0,0
"MtrNatGas",2,28,18,"",10.0315,0,0,0,6.15416,0,0,0,0,0,0,0,0,0,0,0,0,0,0,0,3.8773,0,0,0,0
"MtrNatGas",2,28,19,"",32.1482,0,0,0,20.847,0,0,0,0,0,0,0,0,0,0,0,0,0,7.70286,0,3.59836,0,0,0,0
"MtrNatGas",2,28,20,"",11.6564,0,0,0,6.07762,0,0,0,0,0,0,0,0,0,0,0,0,0,3.57035,0,2.00839,0,0,0,0
"MtrNatGas",2,28,21,"",13.4433,0,0,0,8.41951,0,0,0,0,0,0,0,0,0,0,0,0,0,4.13114,0,0.892617,0,0,0,0
"MtrNatGas",2,28,22,"",12.0837,0,0,0,11.6932,0,0,0,0,0,0,0,0,0,0,0,0,0,0,0,0.39052,0,0,0,0
"MtrNatGas",2,28,23,"",6.33117,0,0,0,6.08013,0,0,0,0,0,0,0,0,0,0,0,0,0,0,0,0.251048,0,0,0,0
"MtrNatGas",2,28,24,"",6.21399,0,0,0,6.07451,0,0,0,0,0,0,0,0,0,0,0,0,0,0,0,0.139471,0,0,0,0
"MtrNatGas",3,1,1,"",3.82489,0,0,0,3.68424,0,0,0,0,0,0,0,0,0,0,0,0,0,0,0,0.14065,0,0,0,0
"MtrNatGas",3,1,2,"",3.13294,0,0,0,3.02042,0,0,0,0,0,0,0,0,0,0,0,0,0,0,0,0.11252,0,0,0,0
"MtrNatGas",3,1,3,"",2.92644,0,0,0,2.84205,0,0,0,0,0,0,0,0,0,0,0,0,0,0,0,0.08439,0,0,0,0
"MtrNatGas",3,1,4,"",2.92468,0,0,0,2.84029,0,0,0,0,0,0,0,0,0,0,0,0,0,0,0,0.08439,0,0,0,0
"MtrNatGas",3,1,5,"",2.92381,0,0,0,2.83942,0,0,0,0,0,0,0,0,0,0,0,0,0,0,0,0.08439,0,0,0,0
"MtrNatGas",3,1,6,"",3.49732,0,0,0,3.35667,0,0,0,0,0,0,0,0,0,0,0,0,0,0,0,0.14065,0,0,0,0
"MtrNatGas",3,1,7,"",3.66589,0,0,0,3.38459,0,0,0,0,0,0,0,0,0,0,0,0,0,0,0,0.2813,0,0,0,0
"MtrNatGas",3,1,8,"",13.0771,0,0,0,12.3176,0,0,0,0,0,0,0,0,0,0,0,0,0,0,0,0.75951,0,0,0,0
"MtrNatGas",3,1,9,"",13.1944,0,0,0,11.8442,0,0,0,0,0,0,0,0,0,0,0,0,0,0,0,1.35024,0,0,0,0
"MtrNatGas",3,1,10,"",25.7793,0,0,0,24.429,0,0,0,0,0,0,0,0,0,0,0,0,0,0,0,1.35024,0,0,0,0
"MtrNatGas",3,1,11,"",28.4862,0,0,0,23.7541,0,0,0,0,0,0,0,0,0,0,0,0,0,3.4381,0,1.29398,0,0,0,0
"MtrNatGas",3,1,12,"",37.6409,0,0,0,18.2079,0,0,0,0,0,0,0,0,0,0,0,0,0,17.8859,0,1.54715,0,0,0,0
"MtrNatGas",3,1,13,"",27.0229,0,0,0,11.9804,0,0,0,0,0,0,0,0,0,0,0,0,0,13.2704,0,1.77219,0,0,0,0
"MtrNatGas",3,1,14,"",25.2644,0,0,0,19.6879,0,0,0,0,0,0,0,0,0,0,0,0,0,3.91683,0,1.65967,0,0,0,0
"MtrNatGas",3,1,15,"",24.4381,0,0,0,14.9929,0,0,0,0,0,0,0,0,0,0,0,0,0,7.70123,0,1.74406,0,0,0,0
"MtrNatGas",3,1,16,"",15.2256,0,0,0,13.3127,0,0,0,0,0,0,0,0,0,0,0,0,0,0,0,1.91284,0,0,0,0
"MtrNatGas",3,1,17,"",18.0454,0,0,0,7.78465,0,0,0,0,0,0,0,0,0,0,0,0,0,7.70089,0,2.55983,0,0,0,0
"MtrNatGas",3,1,18,"",26.0792,0,0,0,22.1691,0,0,0,0,0,0,0,0,0,0,0,0,0,0,0,3.91007,0,0,0,0
"MtrNatGas",3,1,19,"",66.5814,0,0,0,47.5469,0,0,0,0,0,0,0,0,0,0,0,0,0,15.4057,0,3.62877,0,0,0,0
"MtrNatGas",3,1,20,"",19.5138,0,0,0,10.3477,0,0,0,0,0,0,0,0,0,0,0,0,0,7.1407,0,2.02536,0,0,0,0
"MtrNatGas",3,1,21,"",22.2413,0,0,0,13.0789,0,0,0,0,0,0,0,0,0,0,0,0,0,8.26228,0,0.90016,0,0,0,0
"MtrNatGas",3,1,22,"",12.7267,0,0,0,12.3329,0,0,0,0,0,0,0,0,0,0,0,0,0,0,0,0.39382,0,0,0,0
"MtrNatGas",3,1,23,"",7.61831,0,0,0,7.36514,0,0,0,0,0,0,0,0,0,0,0,0,0,0,0,0.25317,0,0,0,0
"MtrNatGas",3,1,24,"",4.35073,0,0,0,4.21008,0,0,0,0,0,0,0,0,0,0,0,0,0,0,0,0.14065,0,0,0,0
"MtrNatGas",3,2,1,"",8.48364,0,0,0,8.34299,0,0,0,0,0,0,0,0,0,0,0,0,0,0,0,0.14065,0,0,0,0
"MtrNatGas",3,2,2,"",3.11959,0,0,0,3.00707,0,0,0,0,0,0,0,0,0,0,0,0,0,0,0,0.11252,0,0,0,0
"MtrNatGas",3,2,3,"",3.43563,0,0,0,3.32311,0,0,0,0,0,0,0,0,0,0,0,0,0,0,0,0.11252,0,0,0,0
"MtrNatGas",3,2,4,"",3.87273,0,0,0,3.76021,0,0,0,0,0,0,0,0,0,0,0,0,0,0,0,0.11252,0,0,0,0
"MtrNatGas",3,2,5,"",3.05895,0,0,0,2.94643,0,0,0,0,0,0,0,0,0,0,0,0,0,0,0,0.11252,0,0,0,0
"MtrNatGas",3,2,6,"",9.68802,0,0,0,9.2942,0,0,0,0,0,0,0,0,0,0,0,0,0,0,0,0.39382,0,0,0,0
"MtrNatGas",3,2,7,"",13.7247,0,0,0,13.1903,0,0,0,0,0,0,0,0,0,0,0,0,0,0,0,0.53447,0,0,0,0
"MtrNatGas",3,2,8,"",35.4394,0,0,0,34.7362,0,0,0,0,0,0,0,0,0,0,0,0,0,0,0,0.70325,0,0,0,0
"MtrNatGas",3,2,9,"",16.8289,0,0,0,16.0975,0,0,0,0,0,0,0,0,0,0,0,0,0,0,0,0.73138,0,0,0,0
"MtrNatGas",3,2,10,"",20.9912,0,0,0,20.3723,0,0,0,0,0,0,0,0,0,0,0,0,0,0,0,0.61886,0,0,0,0
"MtrNatGas",3,2,11,"",18.0039,0,0,0,13.2514,0,0,0,0,0,0,0,0,0,0,0,0,0,4.16181,0,0.59073,0,0,0,0
"MtrNatGas",3,2,12,"",15.5336,0,0,0,11.1785,0,0,0,0,0,0,0,0,0,0,0,0,0,3.53936,0,0.81577,0,0,0,0
"MtrNatGas",3,2,13,"",10.6137,0,0,0,9.62911,0,0,0,0,0,0,0,0,0,0,0,0,0,0,0,0.98455,0,0,0,0
"MtrNatGas",3,2,14,"",10.1731,0,0,0,6.77598,0,0,0,0,0,0,0,0,0,0,0,0,0,2.49695,0,0.90016,0,0,0,0
"MtrNatGas",3,2,15,"",39.167,0,0,0,33.004,0,0,0,0,0,0,0,0,0,0,0,0,0,5.20652,0,0.95642,0,0,0,0
"MtrNatGas",3,2,16,"",12.3047,0,0,0,10.8419,0,0,0,0,0,0,0,0,0,0,0,0,0,0,0,1.46276,0,0,0,0
"MtrNatGas",3,2,17,"",18.0743,0,0,0,14.8393,0,0,0,0,0,0,0,0,0,0,0,0,0,0,0,3.23495,0,0,0,0
"MtrNatGas",3,2,18,"",21.8436,0,0,0,16.4145,0,0,0,0,0,0,0,0,0,0,0,0,0,0,0,5.42909,0,0,0,0
"MtrNatGas",3,2,19,"",28.9635,0,0,0,23.9001,0,0,0,0,0,0,0,0,0,0,0,0,0,0,0,5.0634,0,0,0,0
"MtrNatGas",3,2,20,"",31.0759,0,0,0,28.3191,0,0,0,0,0,0,0,0,0,0,0,0,0,0,0,2.75674,0,0,0,0
"MtrNatGas",3,2,21,"",22.6795,0,0,0,21.4981,0,0,0,0,0,0,0,0,0,0,0,0,0,0,0,1.18146,0,0,0,0
"MtrNatGas",3,2,22,"",17.5524,0,0,0,16.9898,0,0,0,0,0,0,0,0,0,0,0,0,0,0,0,0.5626,0,0,0,0
"MtrNatGas",3,2,23,"",11.1891,0,0,0,10.8515,0,0,0,0,0,0,0,0,0,0,0,0,0,0,0,0.33756,0,0,0,0
"MtrNatGas",3,2,24,"",10.8388,0,0,0,8.59268,0,0,0,0,0,0,0,0,0,0,0,0,0,1.96479,0,0.2813,0,0,0,0
"MtrNatGas",3,3,1,"",12.8344,0,0,0,6.95834,0,0,0,0,0,0,0,0,0,0,0,0,0,5.73545,0,0.14065,0,0,0,0
"MtrNatGas",3,3,2,"",3.13657,0,0,0,3.02405,0,0,0,0,0,0,0,0,0,0,0,0,0,0,0,0.11252,0,0,0,0
"MtrNatGas",3,3,3,"",3.38282,0,0,0,3.2703,0,0,0,0,0,0,0,0,0,0,0,0,0,0,0,0.11252,0,0,0,0
"MtrNatGas",3,3,4,"",3.37318,0,0,0,3.26066,0,0,0,0,0,0,0,0,0,0,0,0,0,0,0,0.11252,0,0,0,0
"MtrNatGas",3,3,5,"",3.12849,0,0,0,3.01597,0,0,0,0,0,0,0,0,0,0,0,0,0,0,0,0.11252,0,0,0,0
"MtrNatGas",3,3,6,"",10.2239,0,0,0,9.83004,0,0,0,0,0,0,0,0,0,0,0,0,0,0,0,0.39382,0,0,0,0
"MtrNatGas",3,3,7,"",6.19609,0,0,0,5.66162,0,0,0,0,0,0,0,0,0,0,0,0,0,0,0,0.53447,0,0,0,0
"MtrNatGas",3,3,8,"",22.8284,0,0,0,22.1251,0,0,0,0,0,0,0,0,0,0,0,0,0,0,0,0.70325,0,0,0,0
"MtrNatGas",3,3,9,"",64.1445,0,0,0,63.4131,0,0,0,0,0,0,0,0,0,0,0,0,0,0,0,0.73138,0,0,0,0
"MtrNatGas",3,3,10,"",29.1593,0,0,0,28.5404,0,0,0,0,0,0,0,0,0,0,0,0,0,0,0,0.61886,0,0,0,0
"MtrNatGas",3,3,11,"",23.7739,0,0,0,15.4801,0,0,0,0,0,0,0,0,0,0,0,0,0,7.70308,0,0.59073,0,0,0,0
"MtrNatGas",3,3,12,"",21.7937,0,0,0,20.9779,0,0,0,0,0,0,0,0,0,0,0,0,0,0,0,0.81577,0,0,0,0
"MtrNatGas",3,3,13,"",18.2741,0,0,0,17.2895,0,0,0,0,0,0,0,0,0,0,0,0,0,0,0,0.98455,0,0,0,0
"MtrNatGas",3,3,14,"",7.93297,0,0,0,7.03281,0,0,0,0,0,0,0,0,0,0,0,0,0,0,0,0.90016,0,0,0,0
"MtrNatGas",3,3,15,"",18.8713,0,0,0,14.4169,0,0,0,0,0,0,0,0,0,0,0,0,0,3.49802,0,0.95642,0,0,0,0
"MtrNatGas",3,3,16,"",21.7556,0,0,0,13.1496,0,0,0,0,0,0,0,0,0,0,0,0,0,7.14327,0,1.46276,0,0,0,0
"MtrNatGas",3,3,17,"",33.3073,0,0,0,17.6109,0,0,0,0,0,0,0,0,0,0,0,0,0,12.4614,0,3.23495,0,0,0,0
"MtrNatGas",3,3,18,"",32.8268,0,0,0,19.6973,0,0,0,0,0,0,0,0,0,0,0,0,0,7.70039,0,5.42909,0,0,0,0
"MtrNatGas",3,3,19,"",35.2651,0,0,0,22.5002,0,0,0,0,0,0,0,0,0,0,0,0,0,7.70148,0,5.0634,0,0,0,0
"MtrNatGas",3,3,20,"",23.225,0,0,0,20.4683,0,0,0,0,0,0,0,0,0,0,0,0,0,0,0,2.75674,0,0,0,0
"MtrNatGas",3,3,21,"",15.559,0,0,0,14.3775,0,0,0,0,0,0,0,0,0,0,0,0,0,0,0,1.18146,0,0,0,0
"MtrNatGas",3,3,22,"",44.52,0,0,0,43.9574,0,0,0,0,0,0,0,0,0,0,0,0,0,0,0,0.5626,0,0,0,0
"MtrNatGas",3,3,23,"",22.7718,0,0,0,13.5857,0,0,0,0,0,0,0,0,0,0,0,0,0,8.84855,0,0.33756,0,0,0,0
"MtrNatGas",3,3,24,"",14.3623,0,0,0,10.0991,0,0,0,0,0,0,0,0,0,0,0,0,0,3.98187,0,0.2813,0,0,0,0
"MtrNatGas",3,4,1,"",6.79475,0,0,0,4.07932,0,0,0,0,0,0,0,0,0,0,0,0,0,2.57478,0,0.14065,0,0,0,0
"MtrNatGas",3,4,2,"",2.94494,0,0,0,2.83242,0,0,0,0,0,0,0,0,0,0,0,0,0,0,0,0.11252,0,0,0,0
"MtrNatGas",3,4,3,"",4.11344,0,0,0,4.00092,0,0,0,0,0,0,0,0,0,0,0,0,0,0,0,0.11252,0,0,0,0
"MtrNatGas",3,4,4,"",2.94582,0,0,0,2.8333,0,0,0,0,0,0,0,0,0,0,0,0,0,0,0,0.11252,0,0,0,0
"MtrNatGas",3,4,5,"",3.11966,0,0,0,3.00714,0,0,0,0,0,0,0,0,0,0,0,0,0,0,0,0.11252,0,0,0,0
"MtrNatGas",3,4,6,"",6.88396,0,0,0,6.49014,0,0,0,0,0,0,0,0,0,0,0,0,0,0,0,0.39382,0,0,0,0
"MtrNatGas",3,4,7,"",16.8428,0,0,0,16.3083,0,0,0,0,0,0,0,0,0,0,0,0,0,0,0,0.53447,0,0,0,0
"MtrNatGas",3,4,8,"",31.2813,0,0,0,22.875,0,0,0,0,0,0,0,0,0,0,0,0,0,7.70312,0,0.70325,0,0,0,0
"MtrNatGas",3,4,9,"",20.7875,0,0,0,20.0561,0,0,0,0,0,0,0,0,0,0,0,0,0,0,0,0.73138,0,0,0,0
"MtrNatGas",3,4,10,"",31.3641,0,0,0,30.7452,0,0,0,0,0,0,0,0,0,0,0,0,0,0,0,0.61886,0,0,0,0
"MtrNatGas",3,4,11,"",25.1815,0,0,0,16.8877,0,0,0,0,0,0,0,0,0,0,0,0,0,7.70308,0,0.59073,0,0,0,0
"MtrNatGas",3,4,12,"",8.48751,0,0,0,7.67174,0,0,0,0,0,0,0,0,0,0,0,0,0,0,0,0.81577,0,0,0,0
"MtrNatGas",3,4,13,"",6.65575,0,0,0,5.6712,0,0,0,0,0,0,0,0,0,0,0,0,0,0,0,0.98455,0,0,0,0
"MtrNatGas",3,4,14,"",8.84208,0,0,0,5.44497,0,0,0,0,0,0,0,0,0,0,0,0,0,2.49695,0,0.90016,0,0,0,0
"MtrNatGas",3,4,15,"",12.7347,0,0,0,6.57173,0,0,0,0,0,0,0,0,0,0,0,0,0,5.20652,0,0.95642,0,0,0,0
"MtrNatGas",3,4,16,"",22.5477,0,0,0,11.3677,0,0,0,0,0,0,0,0,0,0,0,0,0,9.71727,0,1.46276,0,0,0,0
"MtrNatGas",3,4,17,"",22.5869,0,0,0,5.96846,0,0,0,0,0,0,0,0,0,0,0,0,0,13.3835,0,3.23495,0,0,0,0
"MtrNatGas",3,4,18,"",11.9998,0,0,0,6.57074,0,0,0,0,0,0,0,0,0,0,0,0,0,0,0,5.42909,0,0,0,0
"MtrNatGas",3,4,19,"",15.7283,0,0,0,10.6649,0,0,0,0,0,0,0,0,0,0,0,0,0,0,0,5.0634,0,0,0,0
"MtrNatGas",3,4,20,"",27.4115,0,0,0,16.954,0,0,0,0,0,0,0,0,0,0,0,0,0,7.70077,0,2.75674,0,0,0,0
"MtrNatGas",3,4,21,"",13.6723,0,0,0,12.4908,0,0,0,0,0,0,0,0,0,0,0,0,0,0,0,1.18146,0,0,0,0
"MtrNatGas",3,4,22,"",15.7677,0,0,0,15.2051,0,0,0,0,0,0,0,0,0,0,0,0,0,0,0,0.5626,0,0,0,0
"MtrNatGas",3,4,23,"",7.94542,0,0,0,6.19507,0,0,0,0,0,0,0,0,0,0,0,0,0,1.41278,0,0.33756,0,0,0,0
"MtrNatGas",3,4,24,"",10.9019,0,0,0,6.90512,0,0,0,0,0,0,0,0,0,0,0,0,0,3.71548,0,0.2813,0,0,0,0
"MtrNatGas",3,5,1,"",6.05856,0,0,0,3.34313,0,0,0,0,0,0,0,0,0,0,0,0,0,2.57478,0,0.14065,0,0,0,0
"MtrNatGas",3,5,2,"",3.27726,0,0,0,3.16474,0,0,0,0,0,0,0,0,0,0,0,0,0,0,0,0.11252,0,0,0,0
"MtrNatGas",3,5,3,"",4.13679,0,0,0,4.02427,0,0,0,0,0,0,0,0,0,0,0,0,0,0,0,0.11252,0,0,0,0
"MtrNatGas",3,5,4,"",3.3695,0,0,0,3.25698,0,0,0,0,0,0,0,0,0,0,0,0,0,0,0,0.11252,0,0,0,0
"MtrNatGas",3,5,5,"",3.37989,0,0,0,3.26737,0,0,0,0,0,0,0,0,0,0,0,0,0,0,0,0.11252,0,0,0,0
"MtrNatGas",3,5,6,"",3.40256,0,0,0,3.00874,0,0,0,0,0,0,0,0,0,0,0,0,0,0,0,0.39382,0,0,0,0
"MtrNatGas",3,5,7,"",27.7993,0,0,0,27.2649,0,0,0,0,0,0,0,0,0,0,0,0,0,0,0,0.53447,0,0,0,0
"MtrNatGas",3,5,8,"",9.78617,0,0,0,9.08292,0,0,0,0,0,0,0,0,0,0,0,0,0,0,0,0.70325,0,0,0,0
"MtrNatGas",3,5,9,"",22.5873,0,0,0,21.856,0,0,0,0,0,0,0,0,0,0,0,0,0,0,0,0.73138,0,0,0,0
"MtrNatGas",3,5,10,"",27.7614,0,0,0,20.3218,0,0,0,0,0,0,0,0,0,0,0,0,0,6.82074,0,0.61886,0,0,0,0
"MtrNatGas",3,5,11,"",20.3983,0,0,0,3.5242,0,0,0,0,0,0,0,0,0,0,0,0,0,16.2833,0,0.59073,0,0,0,0
"MtrNatGas",3,5,12,"",6.55975,0,0,0,5.74398,0,0,0,0,0,0,0,0,0,0,0,0,0,0,0,0.81577,0,0,0,0
"MtrNatGas",3,5,13,"",6.34712,0,0,0,5.36257,0,0,0,0,0,0,0,0,0,0,0,0,0,0,0,0.98455,0,0,0,0
"MtrNatGas",3,5,14,"",8.06449,0,0,0,4.66738,0,0,0,0,0,0,0,0,0,0,0,0,0,2.49695,0,0.90016,0,0,0,0
"MtrNatGas",3,5,15,"",9.34241,0,0,0,3.17947,0,0,0,0,0,0,0,0,0,0,0,0,0,5.20652,0,0.95642,0,0,0,0
"MtrNatGas",3,5,16,"",4.44817,0,0,0,2.98541,0,0,0,0,0,0,0,0,0,0,0,0,0,0,0,1.46276,0,0,0,0
"MtrNatGas",3,5,17,"",6.23935,0,0,0,3.0044,0,0,0,0,0,0,0,0,0,0,0,0,0,0,0,3.23495,0,0,0,0
"MtrNatGas",3,5,18,"",8.53894,0,0,0,3.10985,0,0,0,0,0,0,0,0,0,0,0,0,0,0,0,5.42909,0,0,0,0
"MtrNatGas",3,5,19,"",8.97535,0,0,0,3.91195,0,0,0,0,0,0,0,0,0,0,0,0,0,0,0,5.0634,0,0,0,0
"MtrNatGas",3,5,20,"",8.09606,0,0,0,5.33932,0,0,0,0,0,0,0,0,0,0,0,0,0,0,0,2.75674,0,0,0,0
"MtrNatGas",3,5,21,"",13.853,0,0,0,12.6715,0,0,0,0,0,0,0,0,0,0,0,0,0,0,0,1.18146,0,0,0,0
"MtrNatGas",3,5,22,"",14.6081,0,0,0,14.0455,0,0,0,0,0,0,0,0,0,0,0,0,0,0,0,0.5626,0,0,0,0
"MtrNatGas",3,5,23,"",9.45977,0,0,0,9.12221,0,0,0,0,0,0,0,0,0,0,0,0,0,0,0,0.33756,0,0,0,0
"MtrNatGas",3,5,24,"",8.17114,0,0,0,7.88984,0,0,0,0,0,0,0,0,0,0,0,0,0,0,0,0.2813,0,0,0,0
"MtrNatGas",3,6,1,"",2.96695,0,0,0,2.8263,0,0,0,0,0,0,0,0,0,0,0,0,0,0,0,0.14065,0,0,0,0
"MtrNatGas",3,6,2,"",3.10298,0,0,0,2.99046,0,0,0,0,0,0,0,0,0,0,0,0,0,0,0,0.11252,0,0,0,0
"MtrNatGas",3,6,3,"",2.93795,0,0,0,2.82543,0,0,0,0,0,0,0,0,0,0,0,0,0,0,0,0.11252,0,0,0,0
"MtrNatGas",3,6,4,"",3.68097,0,0,0,3.56845,0,0,0,0,0,0,0,0,0,0,0,0,0,0,0,0.11252,0,0,0,0
"MtrNatGas",3,6,5,"",3.0417,0,0,0,2.92918,0,0,0,0,0,0,0,0,0,0,0,0,0,0,0,0.11252,0,0,0,0
"MtrNatGas",3,6,6,"",15.0667,0,0,0,14.6729,0,0,0,0,0,0,0,0,0,0,0,0,0,0,0,0.39382,0,0,0,0
"MtrNatGas",3,6,7,"",17.7885,0,0,0,17.254,0,0,0,0,0,0,0,0,0,0,0,0,0,0,0,0.53447,0,0,0,0
"MtrNatGas",3,6,8,"",71.4361,0,0,0,63.0297,0,0,0,0,0,0,0,0,0,0,0,0,0,7.70312,0,0.70325,0,0,0,0
"MtrNatGas",3,6,9,"",33.1688,0,0,0,32.4374,0,0,0,0,0,0,0,0,0,0,0,0,0,0,0,0.73138,0,0,0,0
"MtrNatGas",3,6,10,"",7.38928,0,0,0,6.77042,0,0,0,0,0,0,0,0,0,0,0,0,0,0,0,0.61886,0,0,0,0
"MtrNatGas",3,6,11,"",7.95534,0,0,0,7.36461,0,0,0,0,0,0,0,0,0,0,0,0,0,0,0,0.59073,0,0,0,0
"MtrNatGas",3,6,12,"",8.28426,0,0,0,7.46849,0,0,0,0,0,0,0,0,0,0,0,0,0,0,0,0.81577,0,0,0,0
"MtrNatGas",3,6,13,"",12.1743,0,0,0,3.48823,0,0,0,0,0,0,0,0,0,0,0,0,0,7.70155,0,0.98455,0,0,0,0
"MtrNatGas",3,6,14,"",3.75703,0,0,0,2.85687,0,0,0,0,0,0,0,0,0,0,0,0,0,0,0,0.90016,0,0,0,0
"MtrNatGas",3,6,15,"",2.64513,0,0,0,1.68871,0,0,0,0,0,0,0,0,0,0,0,0,0,0,0,0.95642,0,0,0,0
"MtrNatGas",3,6,16,"",7.97057,0,0,0,2.67318,0,0,0,0,0,0,0,0,0,0,0,0,0,3.83464,0,1.46276,0,0,0,0
"MtrNatGas",3,6,17,"",10.7478,0,0,0,3.64721,0,0,0,0,0,0,0,0,0,0,0,0,0,3.86561,0,3.23495,0,0,0,0
"MtrNatGas",3,6,18,"",10.7206,0,0,0,5.29151,0,0,0,0,0,0,0,0,0,0,0,0,0,0,0,5.42909,0,0,0,0
"MtrNatGas",3,6,19,"",26.0058,0,0,0,20.9424,0,0,0,0,0,0,0,0,0,0,0,0,0,0,0,5.0634,0,0,0,0
"MtrNatGas",3,6,20,"",24.3592,0,0,0,13.9017,0,0,0,0,0,0,0,0,0,0,0,0,0,7.70077,0,2.75674,0,0,0,0
"MtrNatGas",3,6,21,"",14.7365,0,0,0,13.5551,0,0,0,0,0,0,0,0,0,0,0,0,0,0,0,1.18146,0,0,0,0
"MtrNatGas",3,6,22,"",9.90671,0,0,0,9.34411,0,0,0,0,0,0,0,0,0,0,0,0,0,0,0,0.5626,0,0,0,0
"MtrNatGas",3,6,23,"",11.2278,0,0,0,3.18742,0,0,0,0,0,0,0,0,0,0,0,0,0,7.70279,0,0.33756,0,0,0,0
"MtrNatGas",3,6,24,"",3.94323,0,0,0,3.66193,0,0,0,0,0,0,0,0,0,0,0,0,0,0,0,0.2813,0,0,0,0
"MtrNatGas",3,7,1,"",4.10792,0,0,0,3.96727,0,0,0,0,0,0,0,0,0,0,0,0,0,0,0,0.14065,0,0,0,0
"MtrNatGas",3,7,2,"",2.9327,0,0,0,2.82018,0,0,0,0,0,0,0,0,0,0,0,0,0,0,0,0.11252,0,0,0,0
"MtrNatGas",3,7,3,"",2.90413,0,0,0,2.81974,0,0,0,0,0,0,0,0,0,0,0,0,0,0,0,0.08439,0,0,0,0
"MtrNatGas",3,7,4,"",5.61236,0,0,0,5.52797,0,0,0,0,0,0,0,0,0,0,0,0,0,0,0,0.08439,0,0,0,0
"MtrNatGas",3,7,5,"",2.90369,0,0,0,2.8193,0,0,0,0,0,0,0,0,0,0,0,0,0,0,0,0.08439,0,0,0,0
"MtrNatGas",3,7,6,"",15.6379,0,0,0,15.4972,0,0,0,0,0,0,0,0,0,0,0,0,0,0,0,0.14065,0,0,0,0
"MtrNatGas",3,7,7,"",15.2977,0,0,0,15.0164,0,0,0,0,0,0,0,0,0,0,0,0,0,0,0,0.2813,0,0,0,0
"MtrNatGas",3,7,8,"",22.655,0,0,0,17.4966,0,0,0,0,0,0,0,0,0,0,0,0,0,4.39885,0,0.75951,0,0,0,0
"MtrNatGas",3,7,9,"",30.9496,0,0,0,22.888,0,0,0,0,0,0,0,0,0,0,0,0,0,6.7113,0,1.35024,0,0,0,0
"MtrNatGas",3,7,10,"",45.7763,0,0,0,32.7626,0,0,0,0,0,0,0,0,0,0,0,0,0,11.6634,0,1.35024,0,0,0,0
"MtrNatGas",3,7,11,"",16.7656,0,0,0,15.1394,0,0,0,0,0,0,0,0,0,0,0,0,0,0.332263,0,1.29398,0,0,0,0
"MtrNatGas",3,7,12,"",35.9713,0,0,0,29.4075,0,0,0,0,0,0,0,0,0,0,0,0,0,5.01664,0,1.54715,0,0,0,0
"MtrNatGas",3,7,13,"",13.4721,0,0,0,9.01443,0,0,0,0,0,0,0,0,0,0,0,0,0,2.68549,0,1.77219,0,0,0,0
"MtrNatGas",3,7,14,"",8.50631,0,0,0,6.84664,0,0,0,0,0,0,0,0,0,0,0,0,0,0,0,1.65967,0,0,0,0
"MtrNatGas",3,7,15,"",7.9209,0,0,0,6.17684,0,0,0,0,0,0,0,0,0,0,0,0,0,0,0,1.74406,0,0,0,0
"MtrNatGas",3,7,16,"",6.4374,0,0,0,4.52456,0,0,0,0,0,0,0,0,0,0,0,0,0,0,0,1.91284,0,0,0,0
"MtrNatGas",3,7,17,"",9.25746,0,0,0,6.69763,0,0,0,0,0,0,0,0,0,0,0,0,0,0,0,2.55983,0,0,0,0
"MtrNatGas",3,7,18,"",16.6337,0,0,0,12.7236,0,0,0,0,0,0,0,0,0,0,0,0,0,0,0,3.91007,0,0,0,0
"MtrNatGas",3,7,19,"",37.3962,0,0,0,33.7675,0,0,0,0,0,0,0,0,0,0,0,0,0,0,0,3.62877,0,0,0,0
"MtrNatGas",3,7,20,"",31.517,0,0,0,21.7896,0,0,0,0,0,0,0,0,0,0,0,0,0,7.70199,0,2.02536,0,0,0,0
"MtrNatGas",3,7,21,"",36.3575,0,0,0,34.561,0,0,0,0,0,0,0,0,0,0,0,0,0,0.896423,0,0.90016,0,0,0,0
"MtrNatGas",3,7,22,"",31.2947,0,0,0,20.9363,0,0,0,0,0,0,0,0,0,0,0,0,0,9.96462,0,0.39382,0,0,0,0
"MtrNatGas",3,7,23,"",16.4216,0,0,0,3.92573,0,0,0,0,0,0,0,0,0,0,0,0,0,12.2427,0,0.25317,0,0,0,0
"MtrNatGas",3,7,24,"",4.3047,0,0,0,4.16405,0,0,0,0,0,0,0,0,0,0,0,0,0,0,0,0.14065,0,0,0,0
"MtrNatGas",3,8,1,"",2.96827,0,0,0,2.82762,0,0,0,0,0,0,0,0,0,0,0,0,0,0,0,0.14065,0,0,0,0
"MtrNatGas",3,8,2,"",2.94275,0,0,0,2.83023,0,0,0,0,0,0,0,0,0,0,0,0,0,0,0,0.11252,0,0,0,0
"MtrNatGas",3,8,4,"",3.32108,0,0,0,3.23669,0,0,0,0,0,0,0,0,0,0,0,0,0,0,0,0.08439,0,0,0,0
"MtrNatGas",3,8,5,"",2.91944,0,0,0,2.83505,0,0,0,0,0,0,0,0,0,0,0,0,0,0,0,0.08439,0,0,0,0
"MtrNatGas",3,8,6,"",5.00173,0,0,0,4.86108,0,0,0,0,0,0,0,0,0,0,0,0,0,0,0,0.14065,0,0,0,0
"MtrNatGas",3,8,7,"",7.74983,0,0,0,7.46853,0,0,0,0,0,0,0,0,0,0,0,0,0,0,0,0.2813,0,0,0,0
"MtrNatGas",3,8,8,"",30.3709,0,0,0,25.2125,0,0,0,0,0,0,0,0,0,0,0,0,0,4.39885,0,0.75951,0,0,0,0
"MtrNatGas",3,8,9,"",63.5152,0,0,0,55.4536,0,0,0,0,0,0,0,0,0,0,0,0,0,6.7113,0,1.35024,0,0,0,0
"MtrNatGas",3,8,10,"",41.0157,0,0,0,19.9668,0,0,0,0,0,0,0,0,0,0,0,0,0,19.6987,0,1.35024,0,0,0,0
"MtrNatGas",3,8,11,"",23.9899,0,0,0,22.6959,0,0,0,0,0,0,0,0,0,0,0,0,0,0,0,1.29398,0,0,0,0
"MtrNatGas",3,8,12,"",31.3524,0,0,0,24.1951,0,0,0,0,0,0,0,0,0,0,0,0,0,5.61013,0,1.54715,0,0,0,0
"MtrNatGas",3,8,13,"",21.1092,0,0,0,9.54718,0,0,0,0,0,0,0,0,0,0,0,0,0,9.78983,0,1.77219,0,0,0,0
"MtrNatGas",3,8,14,"",17.4939,0,0,0,15.8342,0,0,0,0,0,0,0,0,0,0,0,0,0,0,0,1.65967,0,0,0,0
"MtrNatGas",3,8,15,"",23.2209,0,0,0,21.4768,0,0,0,0,0,0,0,0,0,0,0,0,0,0,0,1.74406,0,0,0,0
"MtrNatGas",3,8,16,"",25.6619,0,0,0,19.3477,0,0,0,0,0,0,0,0,0,0,0,0,0,4.40128,0,1.91284,0,0,0,0
"MtrNatGas",3,8,17,"",23.6254,0,0,0,13.4873,0,0,0,0,0,0,0,0,0,0,0,0,0,7.57834,0,2.55983,0,0,0,0
"MtrNatGas",3,8,18,"",24.4992,0,0,0,12.9474,0,0,0,0,0,0,0,0,0,0,0,0,0,7.64172,0,3.91007,0,0,0,0
"MtrNatGas",3,8,19,"",18.9384,0,0,0,4.12672,0,0,0,0,0,0,0,0,0,0,0,0,0,11.1829,0,3.62877,0,0,0,0
"MtrNatGas",3,8,20,"",19.1378,0,0,0,17.1124,0,0,0,0,0,0,0,0,0,0,0,0,0,0,0,2.02536,0,0,0,0
"MtrNatGas",3,8,21,"",21.1146,0,0,0,20.2144,0,0,0,0,0,0,0,0,0,0,0,0,0,0,0,0.90016,0,0,0,0
"MtrNatGas",3,8,22,"",13.6811,0,0,0,13.2873,0,0,0,0,0,0,0,0,0,0,0,0,0,0,0,0.39382,0,0,0,0
"MtrNatGas",3,8,23,"",4.32804,0,0,0,4.07486,0,0,0,0,0,0,0,0,0,0,0,0,0,0,0,0.25317,0,0,0,0
"MtrNatGas",3,8,24,"",3.11094,0,0,0,2.97029,0,0,0,0,0,0,0,0,0,0,0,0,0,0,0,0.14065,0,0,0,0
"MtrNatGas",3,9,1,"",4.53187,0,0,0,4.39122,0,0,0,0,0,0,0,0,0,0,0,0,0,0,0,0.14065,0,0,0,0
"MtrNatGas",3,9,2,"",5.81781,0,0,0,5.70529,0,0,0,0,0,0,0,0,0,0,0,0,0,0,0,0.11252,0,0,0,0
"MtrNatGas",3,9,3,"",4.5229,0,0,0,4.41038,0,0,0,0,0,0,0,0,0,0,0,0,0,0,0,0.11252,0,0,0,0
"MtrNatGas",3,9,4,"",3.66795,0,0,0,3.55543,0,0,0,0,0,0,0,0,0,0,0,0,0,0,0,0.11252,0,0,0,0
"MtrNatGas",3,9,5,"",3.04149,0,0,0,2.92897,0,0,0,0,0,0,0,0,0,0,0,0,0,0,0,0.11252,0,0,0,0
"MtrNatGas",3,9,6,"",9.19667,0,0,0,8.80285,0,0,0,0,0,0,0,0,0,0,0,0,0,0,0,0.39382,0,0,0,0
"MtrNatGas",3,9,7,"",28.1242,0,0,0,27.5897,0,0,0,0,0,0,0,0,0,0,0,0,0,0,0,0.53447,0,0,0,0
"MtrNatGas",3,9,8,"",28.8323,0,0,0,28.1291,0,0,0,0,0,0,0,0,0,0,0,0,0,0,0,0.70325,0,0,0,0
"MtrNatGas",3,9,9,"",25.5607,0,0,0,24.8293,0,0,0,0,0,0,0,0,0,0,0,0,0,0,0,0.73138,0,0,0,0
"MtrNatGas",3,9,10,"",31.5404,0,0,0,24.1008,0,0,0,0,0,0,0,0,0,0,0,0,0,6.82074,0,0.61886,0,0,0,0
"MtrNatGas",3,9,11,"",20.4757,0,0,0,7.13915,0,0,0,0,0,0,0,0,0,0,0,0,0,12.7458,0,0.59073,0,0,0,0
"MtrNatGas",3,9,12,"",11.3314,0,0,0,6.97631,0,0,0,0,0,0,0,0,0,0,0,0,0,3.53936,0,0.81577,0,0,0,0
"MtrNatGas",3,9,13,"",7.04623,0,0,0,6.06168,0,0,0,0,0,0,0,0,0,0,0,0,0,0,0,0.98455,0,0,0,0
"MtrNatGas",3,9,14,"",8.41884,0,0,0,5.02173,0,0,0,0,0,0,0,0,0,0,0,0,0,2.49695,0,0.90016,0,0,0,0
"MtrNatGas",3,9,15,"",11.3662,0,0,0,5.20329,0,0,0,0,0,0,0,0,0,0,0,0,0,5.20652,0,0.95642,0,0,0,0
"MtrNatGas",3,9,16,"",5.1295,0,0,0,3.66674,0,0,0,0,0,0,0,0,0,0,0,0,0,0,0,1.46276,0,0,0,0
"MtrNatGas",3,9,17,"",7.09165,0,0,0,3.8567,0,0,0,0,0,0,0,0,0,0,0,0,0,0,0,3.23495,0,0,0,0
"MtrNatGas",3,9,18,"",9.55743,0,0,0,4.12834,0,0,0,0,0,0,0,0,0,0,0,0,0,0,0,5.42909,0,0,0,0
"MtrNatGas",3,9,19,"",16.8022,0,0,0,11.7388,0,0,0,0,0,0,0,0,0,0,0,0,0,0,0,5.0634,0,0,0,0
"MtrNatGas",3,9,20,"",14.4354,0,0,0,11.6787,0,0,0,0,0,0,0,0,0,0,0,0,0,0,0,2.75674,0,0,0,0
"MtrNatGas",3,9,21,"",21.399,0,0,0,20.2175,0,0,0,0,0,0,0,0,0,0,0,0,0,0,0,1.18146,0,0,0,0
"MtrNatGas",3,9,22,"",13.5146,0,0,0,12.952,0,0,0,0,0,0,0,0,0,0,0,0,0,0,0,0.5626,0,0,0,0
"MtrNatGas",3,9,23,"",17.9078,0,0,0,17.5702,0,0,0,0,0,0,0,0,0,0,0,0,0,0,0,0.33756,0,0,0,0
"MtrNatGas",3,9,24,"",4.50477,0,0,0,4.22347,0,0,0,0,0,0,0,0,0,0,0,0,0,0,0,0.2813,0,0,0,0
"MtrNatGas",3,10,1,"",4.14174,0,0,0,4.00109,0,0,0,0,0,0,0,0,0,0,0,0,0,0,0,0.14065,0,0,0,0
"MtrNatGas",3,10,2,"",2.93401,0,0,0,2.82149,0,0,0,0,0,0,0,0,0,0,0,0,0,0,0,0.11252,0,0,0,0
"MtrNatGas",3,10,3,"",2.93838,0,0,0,2.82586,0,0,0,0,0,0,0,0,0,0,0,0,0,0,0,0.11252,0,0,0,0
"MtrNatGas",3,10,4,"",2.9432,0,0,0,2.83068,0,0,0,0,0,0,0,0,0,0,0,0,0,0,0,0.11252,0,0,0,0
"MtrNatGas",3,10,5,"",2.948,0,0,0,2.83548,0,0,0,0,0,0,0,0,0,0,0,0,0,0,0,0.11252,0,0,0,0
"MtrNatGas",3,10,6,"",4.71781,0,0,0,4.32399,0,0,0,0,0,0,0,0,0,0,0,0,0,0,0,0.39382,0,0,0,0
"MtrNatGas",3,10,7,"",6.18123,0,0,0,5.64676,0,0,0,0,0,0,0,0,0,0,0,0,0,0,0,0.53447,0,0,0,0
"MtrNatGas",3,10,8,"",16.5242,0,0,0,15.821,0,0,0,0,0,0,0,0,0,0,0,0,0,0,0,0.70325,0,0,0,0
"MtrNatGas",3,10,9,"",51.1304,0,0,0,42.6984,0,0,0,0,0,0,0,0,0,0,0,0,0,7.70058,0,0.73138,0,0,0,0
"MtrNatGas",3,10,10,"",17.202,0,0,0,16.5831,0,0,0,0,0,0,0,0,0,0,0,0,0,0,0,0.61886,0,0,0,0
"MtrNatGas",3,10,11,"",11.2799,0,0,0,10.6892,0,0,0,0,0,0,0,0,0,0,0,0,0,0,0,0.59073,0,0,0,0
"MtrNatGas",3,10,12,"",12.8052,0,0,0,4.28851,0,0,0,0,0,0,0,0,0,0,0,0,0,7.70093,0,0.81577,0,0,0,0
"MtrNatGas",3,10,13,"",4.17596,0,0,0,3.19141,0,0,0,0,0,0,0,0,0,0,0,0,0,0,0,0.98455,0,0,0,0
"MtrNatGas",3,10,14,"",4.70349,0,0,0,3.80333,0,0,0,0,0,0,0,0,0,0,0,0,0,0,0,0.90016,0,0,0,0
"MtrNatGas",3,10,15,"",12.3966,0,0,0,3.7395,0,0,0,0,0,0,0,0,0,0,0,0,0,7.7007,0,0.95642,0,0,0,0
"MtrNatGas",3,10,16,"",5.3862,0,0,0,3.92344,0,0,0,0,0,0,0,0,0,0,0,0,0,0,0,1.46276,0,0,0,0
"MtrNatGas",3,10,17,"",16.5714,0,0,0,5.63397,0,0,0,0,0,0,0,0,0,0,0,0,0,7.70248,0,3.23495,0,0,0,0
"MtrNatGas",3,10,18,"",19.7625,0,0,0,6.63302,0,0,0,0,0,0,0,0,0,0,0,0,0,7.70039,0,5.42909,0,0,0,0
"MtrNatGas",3,10,19,"",20.8517,0,0,0,8.0868,0,0,0,0,0,0,0,0,0,0,0,0,0,7.70148,0,5.0634,0,0,0,0
"MtrNatGas",3,10,20,"",15.0212,0,0,0,6.34772,0,0,0,0,0,0,0,0,0,0,0,0,0,5.91673,0,2.75674,0,0,0,0
"MtrNatGas",3,10,21,"",9.9245,0,0,0,6.96009,0,0,0,0,0,0,0,0,0,0,0,0,0,1.78296,0,1.18146,0,0,0,0
"MtrNatGas",3,10,22,"",13.4847,0,0,0,12.9221,0,0,0,0,0,0,0,0,0,0,0,0,0,0,0,0.5626,0,0,0,0
"MtrNatGas",3,10,23,"",8.27452,0,0,0,7.93696,0,0,0,0,0,0,0,0,0,0,0,0,0,0,0,0.33756,0,0,0,0
"MtrNatGas",3,10,24,"",8.77582,0,0,0,8.49452,0,0,0,0,0,0,0,0,0,0,0,0,0,0,0,0.2813,0,0,0,0
"MtrNatGas",3,11,1,"",3.30232,0,0,0,3.16167,0,0,0,0,0,0,0,0,0,0,0,0,0,0,0,0.14065,0,0,0,0
"MtrNatGas",3,11,2,"",2.94538,0,0,0,2.83286,0,0,0,0,0,0,0,0,0,0,0,0,0,0,0,0.11252,0,0,0,0
"MtrNatGas",3,11,3,"",3.16179,0,0,0,3.04927,0,0,0,0,0,0,0,0,0,0,0,0,0,0,0,0.11252,0,0,0,0
"MtrNatGas",3,11,4,"",3.11699,0,0,0,3.00447,0,0,0,0,0,0,0,0,0,0,0,0,0,0,0,0.11252,0,0,0,0
"MtrNatGas",3,11,5,"",2.95413,0,0,0,2.84161,0,0,0,0,0,0,0,0,0,0,0,0,0,0,0,0.11252,0,0,0,0
"MtrNatGas",3,11,6,"",7.79491,0,0,0,7.40109,0,0,0,0,0,0,0,0,0,0,0,0,0,0,0,0.39382,0,0,0,0
"MtrNatGas",3,11,7,"",28.4671,0,0,0,27.9326,0,0,0,0,0,0,0,0,0,0,0,0,0,0,0,0.53447,0,0,0,0
"MtrNatGas",3,11,8,"",33.7204,0,0,0,25.314,0,0,0,0,0,0,0,0,0,0,0,0,0,7.70312,0,0.70325,0,0,0,0
"MtrNatGas",3,11,9,"",42.9781,0,0,0,42.2467,0,0,0,0,0,0,0,0,0,0,0,0,0,0,0,0.73138,0,0,0,0
"MtrNatGas",3,11,10,"",6.48626,0,0,0,5.8674,0,0,0,0,0,0,0,0,0,0,0,0,0,0,0,0.61886,0,0,0,0
"MtrNatGas",3,11,11,"",11.0838,0,0,0,10.4931,0,0,0,0,0,0,0,0,0,0,0,0,0,0,0,0.59073,0,0,0,0
"MtrNatGas",3,11,12,"",9.44546,0,0,0,8.62969,0,0,0,0,0,0,0,0,0,0,0,0,0,0,0,0.81577,0,0,0,0
"MtrNatGas",3,11,13,"",7.05605,0,0,0,6.0715,0,0,0,0,0,0,0,0,0,0,0,0,0,0,0,0.98455,0,0,0,0
"MtrNatGas",3,11,14,"",9.89391,0,0,0,6.49681,0,0,0,0,0,0,0,0,0,0,0,0,0,2.49695,0,0.90016,0,0,0,0
"MtrNatGas",3,11,15,"",20.095,0,0,0,13.9321,0,0,0,0,0,0,0,0,0,0,0,0,0,5.20652,0,0.95642,0,0,0,0
"MtrNatGas",3,11,16,"",25.9152,0,0,0,17.6765,0,0,0,0,0,0,0,0,0,0,0,0,0,6.77595,0,1.46276,0,0,0,0
"MtrNatGas",3,11,17,"",32.4338,0,0,0,12.8718,0,0,0,0,0,0,0,0,0,0,0,0,0,16.327,0,3.23495,0,0,0,0
"MtrNatGas",3,11,18,"",29.3457,0,0,0,16.2163,0,0,0,0,0,0,0,0,0,0,0,0,0,7.70039,0,5.42909,0,0,0,0
"MtrNatGas",3,11,19,"",32.3384,0,0,0,19.5735,0,0,0,0,0,0,0,0,0,0,0,0,0,7.70148,0,5.0634,0,0,0,0
"MtrNatGas",3,11,20,"",42.4557,0,0,0,31.9982,0,0,0,0,0,0,0,0,0,0,0,0,0,7.70077,0,2.75674,0,0,0,0
"MtrNatGas",3,11,21,"",44.1948,0,0,0,35.3114,0,0,0,0,0,0,0,0,0,0,0,0,0,7.70188,0,1.18146,0,0,0,0
"MtrNatGas",3,11,22,"",26.1526,0,0,0,20.0302,0,0,0,0,0,0,0,0,0,0,0,0,0,5.55984,0,0.5626,0,0,0,0
"MtrNatGas",3,11,23,"",15.0483,0,0,0,12.5688,0,0,0,0,0,0,0,0,0,0,0,0,0,2.14188,0,0.33756,0,0,0,0
"MtrNatGas",3,11,24,"",7.80107,0,0,0,7.51977,0,0,0,0,0,0,0,0,0,0,0,0,0,0,0,0.2813,0,0,0,0
"MtrNatGas",3,12,1,"",3.30632,0,0,0,3.16567,0,0,0,0,0,0,0,0,0,0,0,0,0,0,0,0.14065,0,0,0,0
"MtrNatGas",3,12,2,"",5.64344,0,0,0,5.53092,0,0,0,0,0,0,0,0,0,0,0,0,0,0,0,0.11252,0,0,0,0
"MtrNatGas",3,12,3,"",4.26286,0,0,0,4.15034,0,0,0,0,0,0,0,0,0,0,0,0,0,0,0,0.11252,0,0,0,0
"MtrNatGas",3,12,4,"",2.94319,0,0,0,2.83067,0,0,0,0,0,0,0,0,0,0,0,0,0,0,0,0.11252,0,0,0,0
"MtrNatGas",3,12,5,"",3.11459,0,0,0,3.00207,0,0,0,0,0,0,0,0,0,0,0,0,0,0,0,0.11252,0,0,0,0
"MtrNatGas",3,12,6,"",3.22843,0,0,0,2.83461,0,0,0,0,0,0,0,0,0,0,0,0,0,0,0,0.39382,0,0,0,0
"MtrNatGas",3,12,7,"",7.77511,0,0,0,7.24064,0,0,0,0,0,0,0,0,0,0,0,0,0,0,0,0.53447,0,0,0,0
"MtrNatGas",3,12,8,"",21.9341,0,0,0,21.2308,0,0,0,0,0,0,0,0,0,0,0,0,0,0,0,0.70325,0,0,0,0
"MtrNatGas",3,12,9,"",38.6077,0,0,0,30.1757,0,0,0,0,0,0,0,0,0,0,0,0,0,7.70058,0,0.73138,0,0,0,0
"MtrNatGas",3,12,10,"",26.2586,0,0,0,23.1315,0,0,0,0,0,0,0,0,0,0,0,0,0,2.50833,0,0.61886,0,0,0,0
"MtrNatGas",3,12,11,"",27.4273,0,0,0,13.9393,0,0,0,0,0,0,0,0,0,0,0,0,0,12.8973,0,0.59073,0,0,0,0
"MtrNatGas",3,12,12,"",17.5436,0,0,0,9.02686,0,0,0,0,0,0,0,0,0,0,0,0,0,7.70093,0,0.81577,0,0,0,0
"MtrNatGas",3,12,13,"",13.0543,0,0,0,4.36824,0,0,0,0,0,0,0,0,0,0,0,0,0,7.70155,0,0.98455,0,0,0,0
"MtrNatGas",3,12,14,"",4.47047,0,0,0,3.57031,0,0,0,0,0,0,0,0,0,0,0,0,0,0,0,0.90016,0,0,0,0
"MtrNatGas",3,12,15,"",6.59427,0,0,0,5.63785,0,0,0,0,0,0,0,0,0,0,0,0,0,0,0,0.95642,0,0,0,0
"MtrNatGas",3,12,16,"",5.57468,0,0,0,4.11192,0,0,0,0,0,0,0,0,0,0,0,0,0,0,0,1.46276,0,0,0,0
"MtrNatGas",3,12,17,"",8.48868,0,0,0,5.25373,0,0,0,0,0,0,0,0,0,0,0,0,0,0,0,3.23495,0,0,0,0
"MtrNatGas",3,12,18,"",11.0552,0,0,0,5.62611,0,0,0,0,0,0,0,0,0,0,0,0,0,0,0,5.42909,0,0,0,0
"MtrNatGas",3,12,19,"",14.8709,0,0,0,9.80748,0,0,0,0,0,0,0,0,0,0,0,0,0,0,0,5.0634,0,0,0,0
"MtrNatGas",3,12,20,"",9.97479,0,0,0,7.21805,0,0,0,0,0,0,0,0,0,0,0,0,0,0,0,2.75674,0,0,0,0
"MtrNatGas",3,12,21,"",14.8143,0,0,0,13.6328,0,0,0,0,0,0,0,0,0,0,0,0,0,0,0,1.18146,0,0,0,0
"MtrNatGas",3,12,22,"",6.31355,0,0,0,5.75095,0,0,0,0,0,0,0,0,0,0,0,0,0,0,0,0.5626,0,0,0,0
"MtrNatGas",3,12,23,"",18.4253,0,0,0,16.675,0,0,0,0,0,0,0,0,0,0,0,0,0,1.41278,0,0.33756,0,0,0,0
"MtrNatGas",3,12,24,"",13.0828,0,0,0,9.08605,0,0,0,0,0,0,0,0,0,0,0,0,0,3.71548,0,0.2813,0,0,0,0
"MtrNatGas",3,13,1,"",5.53911,0,0,0,2.82368,0,0,0,0,0,0,0,0,0,0,0,0,0,2.57478,0,0.14065,0,0,0,0
"MtrNatGas",3,13,2,"",3.12174,0,0,0,3.00922,0,0,0,0,0,0,0,0,0,0,0,0,0,0,0,0.11252,0,0,0,0
"MtrNatGas",3,13,3,"",3.31841,0,0,0,3.20589,0,0,0,0,0,0,0,0,0,0,0,0,0,0,0,0.11252,0,0,0,0
"MtrNatGas",3,13,4,"",2.94101,0,0,0,2.82849,0,0,0,0,0,0,0,0,0,0,0,0,0,0,0,0.11252,0,0,0,0
"MtrNatGas",3,13,5,"",2.94232,0,0,0,2.8298,0,0,0,0,0,0,0,0,0,0,0,0,0,0,0,0.11252,0,0,0,0
"MtrNatGas",3,13,6,"",4.98444,0,0,0,4.59062,0,0,0,0,0,0,0,0,0,0,0,0,0,0,0,0.39382,0,0,0,0
"MtrNatGas",3,13,7,"",29.0807,0,0,0,28.5462,0,0,0,0,0,0,0,0,0,0,0,0,0,0,0,0.53447,0,0,0,0
"MtrNatGas",3,13,8,"",11.0381,0,0,0,10.3348,0,0,0,0,0,0,0,0,0,0,0,0,0,0,0,0.70325,0,0,0,0
"MtrNatGas",3,13,9,"",14.2171,0,0,0,13.4857,0,0,0,0,0,0,0,0,0,0,0,0,0,0,0,0.73138,0,0,0,0
"MtrNatGas",3,13,10,"",4.58904,0,0,0,3.97018,0,0,0,0,0,0,0,0,0,0,0,0,0,0,0,0.61886,0,0,0,0
"MtrNatGas",3,13,11,"",5.77394,0,0,0,5.18321,0,0,0,0,0,0,0,0,0,0,0,0,0,0,0,0.59073,0,0,0,0
"MtrNatGas",3,13,12,"",5.40369,0,0,0,4.58792,0,0,0,0,0,0,0,0,0,0,0,0,0,0,0,0.81577,0,0,0,0
"MtrNatGas",3,13,13,"",7.09597,0,0,0,6.11142,0,0,0,0,0,0,0,0,0,0,0,0,0,0,0,0.98455,0,0,0,0
"MtrNatGas",3,13,14,"",6.29401,0,0,0,5.39385,0,0,0,0,0,0,0,0,0,0,0,0,0,0,0,0.90016,0,0,0,0
"MtrNatGas",3,13,15,"",10.2683,0,0,0,5.38744,0,0,0,0,0,0,0,0,0,0,0,0,0,3.92445,0,0.95642,0,0,0,0
"MtrNatGas",3,13,16,"",21.4807,0,0,0,6.55618,0,0,0,0,0,0,0,0,0,0,0,0,0,13.4617,0,1.46276,0,0,0,0
"MtrNatGas",3,13,17,"",20.0396,0,0,0,3.38729,0,0,0,0,0,0,0,0,0,0,0,0,0,13.4174,0,3.23495,0,0,0,0
"MtrNatGas",3,13,18,"",10.7698,0,0,0,5.34069,0,0,0,0,0,0,0,0,0,0,0,0,0,0,0,5.42909,0,0,0,0
"MtrNatGas",3,13,19,"",14.9335,0,0,0,9.87013,0,0,0,0,0,0,0,0,0,0,0,0,0,0,0,5.0634,0,0,0,0
"MtrNatGas",3,13,20,"",13.5616,0,0,0,10.8048,0,0,0,0,0,0,0,0,0,0,0,0,0,0,0,2.75674,0,0,0,0
"MtrNatGas",3,13,21,"",61.3792,0,0,0,44.794,0,0,0,0,0,0,0,0,0,0,0,0,0,15.4038,0,1.18146,0,0,0,0
"MtrNatGas",3,13,22,"",22.9319,0,0,0,11.2496,0,0,0,0,0,0,0,0,0,0,0,0,0,11.1197,0,0.5626,0,0,0,0
"MtrNatGas",3,13,23,"",21.7057,0,0,0,17.0844,0,0,0,0,0,0,0,0,0,0,0,0,0,4.28376,0,0.33756,0,0,0,0
"MtrNatGas",3,13,24,"",6.84673,0,0,0,6.56543,0,0,0,0,0,0,0,0,0,0,0,0,0,0,0,0.2813,0,0,0,0
"MtrNatGas",3,14,1,"",7.53764,0,0,0,7.39699,0,0,0,0,0,0,0,0,0,0,0,0,0,0,0,0.14065,0,0,0,0
"MtrNatGas",3,14,2,"",3.28282,0,0,0,3.1703,0,0,0,0,0,0,0,0,0,0,0,0,0,0,0,0.11252,0,0,0,0
"MtrNatGas",3,14,3,"",2.92468,0,0,0,2.84029,0,0,0,0,0,0,0,0,0,0,0,0,0,0,0,0.08439,0,0,0,0
"MtrNatGas",3,14,4,"",2.92731,0,0,0,2.84292,0,0,0,0,0,0,0,0,0,0,0,0,0,0,0,0.08439,0,0,0,0
"MtrNatGas",3,14,5,"",3.09025,0,0,0,3.00586,0,0,0,0,0,0,0,0,0,0,0,0,0,0,0,0.08439,0,0,0,0
"MtrNatGas",3,14,6,"",3.718,0,0,0,3.57735,0,0,0,0,0,0,0,0,0,0,0,0,0,0,0,0.14065,0,0,0,0
"MtrNatGas",3,14,7,"",23.0115,0,0,0,22.7302,0,0,0,0,0,0,0,0,0,0,0,0,0,0,0,0.2813,0,0,0,0
"MtrNatGas",3,14,8,"",46.9125,0,0,0,46.153,0,0,0,0,0,0,0,0,0,0,0,0,0,0,0,0.75951,0,0,0,0
"MtrNatGas",3,14,9,"",31.903,0,0,0,30.5527,0,0,0,0,0,0,0,0,0,0,0,0,0,0,0,1.35024,0,0,0,0
"MtrNatGas",3,14,10,"",26.684,0,0,0,25.3338,0,0,0,0,0,0,0,0,0,0,0,0,0,0,0,1.35024,0,0,0,0
"MtrNatGas",3,14,11,"",10.8592,0,0,0,9.5652,0,0,0,0,0,0,0,0,0,0,0,0,0,0,0,1.29398,0,0,0,0
"MtrNatGas",3,14,12,"",36.0368,0,0,0,24.4564,0,0,0,0,0,0,0,0,0,0,0,0,0,10.0333,0,1.54715,0,0,0,0
"MtrNatGas",3,14,13,"",18.017,0,0,0,10.8738,0,0,0,0,0,0,0,0,0,0,0,0,0,5.37099,0,1.77219,0,0,0,0
"MtrNatGas",3,14,14,"",18.8579,0,0,0,17.1982,0,0,0,0,0,0,0,0,0,0,0,0,0,0,0,1.65967,0,0,0,0
"MtrNatGas",3,14,15,"",11.4231,0,0,0,9.67899,0,0,0,0,0,0,0,0,0,0,0,0,0,0,0,1.74406,0,0,0,0
"MtrNatGas",3,14,16,"",5.86193,0,0,0,3.94909,0,0,0,0,0,0,0,0,0,0,0,0,0,0,0,1.91284,0,0,0,0
"MtrNatGas",3,14,17,"",6.77446,0,0,0,4.21463,0,0,0,0,0,0,0,0,0,0,0,0,0,0,0,2.55983,0,0,0,0
"MtrNatGas",3,14,18,"",7.93631,0,0,0,4.02624,0,0,0,0,0,0,0,0,0,0,0,0,0,0,0,3.91007,0,0,0,0
"MtrNatGas",3,14,19,"",15.273,0,0,0,11.6443,0,0,0,0,0,0,0,0,0,0,0,0,0,0,0,3.62877,0,0,0,0
"MtrNatGas",3,14,20,"",7.71259,0,0,0,5.68723,0,0,0,0,0,0,0,0,0,0,0,0,0,0,0,2.02536,0,0,0,0
"MtrNatGas",3,14,21,"",18.1005,0,0,0,17.2003,0,0,0,0,0,0,0,0,0,0,0,0,0,0,0,0.90016,0,0,0,0
"MtrNatGas",3,14,22,"",26.9023,0,0,0,23.0367,0,0,0,0,0,0,0,0,0,0,0,0,0,3.47176,0,0.39382,0,0,0,0
"MtrNatGas",3,14,23,"",32.6677,0,0,0,5.08148,0,0,0,0,0,0,0,0,0,0,0,0,0,27.3331,0,0.25317,0,0,0,0
"MtrNatGas",3,14,24,"",6.35046,0,0,0,6.20981,0,0,0,0,0,0,0,0,0,0,0,0,0,0,0,0.14065,0,0,0,0
"MtrNatGas",3,15,1,"",3.33957,0,0,0,3.19892,0,0,0,0,0,0,0,0,0,0,0,0,0,0,0,0.14065,0,0,0,0
"MtrNatGas",3,15,2,"",3.27783,0,0,0,3.16531,0,0,0,0,0,0,0,0,0,0,0,0,0,0,0,0.11252,0,0,0,0
"MtrNatGas",3,15,3,"",3.07988,0,0,0,2.99549,0,0,0,0,0,0,0,0,0,0,0,0,0,0,0,0.08439,0,0,0,0
"MtrNatGas",3,15,4,"",3.70791,0,0,0,3.62352,0,0,0,0,0,0,0,0,0,0,0,0,0,0,0,0.08439,0,0,0,0
"MtrNatGas",3,15,5,"",3.24194,0,0,0,3.15755,0,0,0,0,0,0,0,0,0,0,0,0,0,0,0,0.08439,0,0,0,0
"MtrNatGas",3,15,6,"",3.94483,0,0,0,3.80418,0,0,0,0,0,0,0,0,0,0,0,0,0,0,0,0.14065,0,0,0,0
"MtrNatGas",3,15,7,"",14.6197,0,0,0,14.3384,0,0,0,0,0,0,0,0,0,0,0,0,0,0,0,0.2813,0,0,0,0
"MtrNatGas",3,15,8,"",18.2201,0,0,0,16.6161,0,0,0,0,0,0,0,0,0,0,0,0,0,0.84443,0,0.75951,0,0,0,0
"MtrNatGas",3,15,9,"",31.2789,0,0,0,26.3089,0,0,0,0,0,0,0,0,0,0,0,0,0,3.61978,0,1.35024,0,0,0,0
"MtrNatGas",3,15,10,"",34.7679,0,0,0,30.1798,0,0,0,0,0,0,0,0,0,0,0,0,0,3.23787,0,1.35024,0,0,0,0
"MtrNatGas",3,15,11,"",33.9884,0,0,0,28.0598,0,0,0,0,0,0,0,0,0,0,0,0,0,4.63465,0,1.29398,0,0,0,0
"MtrNatGas",3,15,12,"",26.1597,0,0,0,13.8412,0,0,0,0,0,0,0,0,0,0,0,0,0,10.7713,0,1.54715,0,0,0,0
"MtrNatGas",3,15,13,"",7.53962,0,0,0,5.76743,0,0,0,0,0,0,0,0,0,0,0,0,0,0,0,1.77219,0,0,0,0
"MtrNatGas",3,15,14,"",10.7494,0,0,0,6.52203,0,0,0,0,0,0,0,0,0,0,0,0,0,2.56769,0,1.65967,0,0,0,0
"MtrNatGas",3,15,15,"",10.986,0,0,0,4.10798,0,0,0,0,0,0,0,0,0,0,0,0,0,5.13393,0,1.74406,0,0,0,0
"MtrNatGas",3,15,16,"",8.63187,0,0,0,4.20948,0,0,0,0,0,0,0,0,0,0,0,0,0,2.50955,0,1.91284,0,0,0,0
"MtrNatGas",3,15,17,"",11.1027,0,0,0,3.35119,0,0,0,0,0,0,0,0,0,0,0,0,0,5.19166,0,2.55983,0,0,0,0
"MtrNatGas",3,15,18,"",9.69104,0,0,0,5.78097,0,0,0,0,0,0,0,0,0,0,0,0,0,0,0,3.91007,0,0,0,0
"MtrNatGas",3,15,19,"",36.7691,0,0,0,33.1404,0,0,0,0,0,0,0,0,0,0,0,0,0,0,0,3.62877,0,0,0,0
"MtrNatGas",3,15,20,"",17.5916,0,0,0,7.86462,0,0,0,0,0,0,0,0,0,0,0,0,0,7.70157,0,2.02536,0,0,0,0
"MtrNatGas",3,15,21,"",10.5759,0,0,0,9.6757,0,0,0,0,0,0,0,0,0,0,0,0,0,0,0,0.90016,0,0,0,0
"MtrNatGas",3,15,22,"",10.804,0,0,0,10.4102,0,0,0,0,0,0,0,0,0,0,0,0,0,0,0,0.39382,0,0,0,0
"MtrNatGas",3,15,23,"",7.17854,0,0,0,6.92537,0,0,0,0,0,0,0,0,0,0,0,0,0,0,0,0.25317,0,0,0,0
"MtrNatGas",3,15,24,"",7.12426,0,0,0,6.98361,0,0,0,0,0,0,0,0,0,0,0,0,0,0,0,0.14065,0,0,0,0
"MtrNatGas",3,16,1,"",4.1662,0,0,0,4.02555,0,0,0,0,0,0,0,0,0,0,0,0,0,0,0,0.14065,0,0,0,0
"MtrNatGas",3,16,2,"",8.13264,0,0,0,8.02012,0,0,0,0,0,0,0,0,0,0,0,0,0,0,0,0.11252,0,0,0,0
"MtrNatGas",3,16,3,"",5.55512,0,0,0,5.4426,0,0,0,0,0,0,0,0,0,0,0,0,0,0,0,0.11252,0,0,0,0
"MtrNatGas",3,16,4,"",3.24969,0,0,0,3.13717,0,0,0,0,0,0,0,0,0,0,0,0,0,0,0,0.11252,0,0,0,0
"MtrNatGas",3,16,5,"",6.2176,0,0,0,6.10508,0,0,0,0,0,0,0,0,0,0,0,0,0,0,0,0.11252,0,0,0,0
"MtrNatGas",3,16,6,"",10.0421,0,0,0,9.64826,0,0,0,0,0,0,0,0,0,0,0,0,0,0,0,0.39382,0,0,0,0
"MtrNatGas",3,16,7,"",38.7662,0,0,0,38.2317,0,0,0,0,0,0,0,0,0,0,0,0,0,0,0,0.53447,0,0,0,0
"MtrNatGas",3,16,8,"",30.901,0,0,0,30.1978,0,0,0,0,0,0,0,0,0,0,0,0,0,0,0,0.70325,0,0,0,0
"MtrNatGas",3,16,9,"",31.8234,0,0,0,23.3915,0,0,0,0,0,0,0,0,0,0,0,0,0,7.70058,0,0.73138,0,0,0,0
"MtrNatGas",3,16,10,"",36.7518,0,0,0,36.1329,0,0,0,0,0,0,0,0,0,0,0,0,0,0,0,0.61886,0,0,0,0
"MtrNatGas",3,16,11,"",24.2632,0,0,0,15.9693,0,0,0,0,0,0,0,0,0,0,0,0,0,7.70315,0,0.59073,0,0,0,0
"MtrNatGas",3,16,12,"",20.067,0,0,0,6.25972,0,0,0,0,0,0,0,0,0,0,0,0,0,12.9916,0,0.81577,0,0,0,0
"MtrNatGas",3,16,13,"",7.73848,0,0,0,4.34394,0,0,0,0,0,0,0,0,0,0,0,0,0,2.40999,0,0.98455,0,0,0,0
"MtrNatGas",3,16,14,"",4.15496,0,0,0,3.2548,0,0,0,0,0,0,0,0,0,0,0,0,0,0,0,0.90016,0,0,0,0
"MtrNatGas",3,16,15,"",4.50539,0,0,0,3.54897,0,0,0,0,0,0,0,0,0,0,0,0,0,0,0,0.95642,0,0,0,0
"MtrNatGas",3,16,16,"",4.58191,0,0,0,3.11915,0,0,0,0,0,0,0,0,0,0,0,0,0,0,0,1.46276,0,0,0,0
"MtrNatGas",3,16,17,"",8.61589,0,0,0,3.46955,0,0,0,0,0,0,0,0,0,0,0,0,0,1.91139,0,3.23495,0,0,0,0
"MtrNatGas",3,16,18,"",13.083,0,0,0,3.88017,0,0,0,0,0,0,0,0,0,0,0,0,0,3.77373,0,5.42909,0,0,0,0
"MtrNatGas",3,16,19,"",12.7537,0,0,0,5.67501,0,0,0,0,0,0,0,0,0,0,0,0,0,2.01533,0,5.0634,0,0,0,0
"MtrNatGas",3,16,20,"",7.00231,0,0,0,4.24557,0,0,0,0,0,0,0,0,0,0,0,0,0,0,0,2.75674,0,0,0,0
"MtrNatGas",3,16,21,"",17.8622,0,0,0,16.6807,0,0,0,0,0,0,0,0,0,0,0,0,0,0,0,1.18146,0,0,0,0
"MtrNatGas",3,16,22,"",35.2215,0,0,0,34.6589,0,0,0,0,0,0,0,0,0,0,0,0,0,0,0,0.5626,0,0,0,0
"MtrNatGas",3,16,23,"",29.7553,0,0,0,29.4177,0,0,0,0,0,0,0,0,0,0,0,0,0,0,0,0.33756,0,0,0,0
"MtrNatGas",3,16,24,"",4.88374,0,0,0,4.60244,0,0,0,0,0,0,0,0,0,0,0,0,0,0,0,0.2813,0,0,0,0
"MtrNatGas",3,17,1,"",2.95602,0,0,0,2.81537,0,0,0,0,0,0,0,0,0,0,0,0,0,0,0,0.14065,0,0,0,0
"MtrNatGas",3,17,2,"",7.97683,0,0,0,7.86431,0,0,0,0,0,0,0,0,0,0,0,0,0,0,0,0.11252,0,0,0,0
"MtrNatGas",3,17,3,"",5.56415,0,0,0,5.45163,0,0,0,0,0,0,0,0,0,0,0,0,0,0,0,0.11252,0,0,0,0
"MtrNatGas",3,17,4,"",2.94276,0,0,0,2.83024,0,0,0,0,0,0,0,0,0,0,0,0,0,0,0,0.11252,0,0,0,0
"MtrNatGas",3,17,5,"",2.94801,0,0,0,2.83549,0,0,0,0,0,0,0,0,0,0,0,0,0,0,0,0.11252,0,0,0,0
"MtrNatGas",3,17,6,"",3.23411,0,0,0,2.84029,0,0,0,0,0,0,0,0,0,0,0,0,0,0,0,0.39382,0,0,0,0
"MtrNatGas",3,17,7,"",45.2335,0,0,0,44.6991,0,0,0,0,0,0,0,0,0,0,0,0,0,0,0,0.53447,0,0,0,0
"MtrNatGas",3,17,8,"",16.6805,0,0,0,15.9773,0,0,0,0,0,0,0,0,0,0,0,0,0,0,0,0.70325,0,0,0,0
"MtrNatGas",3,17,9,"",19.7748,0,0,0,19.0434,0,0,0,0,0,0,0,0,0,0,0,0,0,0,0,0.73138,0,0,0,0
"MtrNatGas",3,17,10,"",34.9973,0,0,0,34.3784,0,0,0,0,0,0,0,0,0,0,0,0,0,0,0,0.61886,0,0,0,0
"MtrNatGas",3,17,11,"",16.776,0,0,0,16.1853,0,0,0,0,0,0,0,0,0,0,0,0,0,0,0,0.59073,0,0,0,0
"MtrNatGas",3,17,12,"",22.2507,0,0,0,8.62001,0,0,0,0,0,0,0,0,0,0,0,0,0,12.815,0,0.81577,0,0,0,0
"MtrNatGas",3,17,13,"",8.99326,0,0,0,5.42265,0,0,0,0,0,0,0,0,0,0,0,0,0,2.58606,0,0.98455,0,0,0,0
"MtrNatGas",3,17,14,"",9.52342,0,0,0,6.12632,0,0,0,0,0,0,0,0,0,0,0,0,0,2.49695,0,0.90016,0,0,0,0
"MtrNatGas",3,17,15,"",23.5436,0,0,0,9.68,0,0,0,0,0,0,0,0,0,0,0,0,0,12.9072,0,0.95642,0,0,0,0
"MtrNatGas",3,17,16,"",7.01008,0,0,0,5.54732,0,0,0,0,0,0,0,0,0,0,0,0,0,0,0,1.46276,0,0,0,0
"MtrNatGas",3,17,17,"",12.4963,0,0,0,7.34999,0,0,0,0,0,0,0,0,0,0,0,0,0,1.91139,0,3.23495,0,0,0,0
"MtrNatGas",3,17,18,"",17.2708,0,0,0,8.06794,0,0,0,0,0,0,0,0,0,0,0,0,0,3.77373,0,5.42909,0,0,0,0
"MtrNatGas",3,17,19,"",28.2568,0,0,0,21.1781,0,0,0,0,0,0,0,0,0,0,0,0,0,2.01533,0,5.0634,0,0,0,0
"MtrNatGas",3,17,20,"",30.1435,0,0,0,27.3868,0,0,0,0,0,0,0,0,0,0,0,0,0,0,0,2.75674,0,0,0,0
"MtrNatGas",3,17,21,"",25.0277,0,0,0,23.8462,0,0,0,0,0,0,0,0,0,0,0,0,0,0,0,1.18146,0,0,0,0
"MtrNatGas",3,17,22,"",16.6514,0,0,0,16.0888,0,0,0,0,0,0,0,0,0,0,0,0,0,0,0,0.5626,0,0,0,0
"MtrNatGas",3,17,23,"",27.5225,0,0,0,27.185,0,0,0,0,0,0,0,0,0,0,0,0,0,0,0,0.33756,0,0,0,0
"MtrNatGas",3,17,24,"",3.0993,0,0,0,2.818,0,0,0,0,0,0,0,0,0,0,0,0,0,0,0,0.2813,0,0,0,0
"MtrNatGas",3,18,1,"",2.96214,0,0,0,2.82149,0,0,0,0,0,0,0,0,0,0,0,0,0,0,0,0.14065,0,0,0,0
"MtrNatGas",3,18,2,"",2.93751,0,0,0,2.82499,0,0,0,0,0,0,0,0,0,0,0,0,0,0,0,0.11252,0,0,0,0
"MtrNatGas",3,18,3,"",3.4239,0,0,0,3.31138,0,0,0,0,0,0,0,0,0,0,0,0,0,0,0,0.11252,0,0,0,0
"MtrNatGas",3,18,4,"",3.02393,0,0,0,2.91141,0,0,0,0,0,0,0,0,0,0,0,0,0,0,0,0.11252,0,0,0,0
"MtrNatGas",3,18,5,"",3.2719,0,0,0,3.15938,0,0,0,0,0,0,0,0,0,0,0,0,0,0,0,0.11252,0,0,0,0
"MtrNatGas",3,18,6,"",5.93035,0,0,0,5.53653,0,0,0,0,0,0,0,0,0,0,0,0,0,0,0,0.39382,0,0,0,0
"MtrNatGas",3,18,7,"",13.893,0,0,0,13.3585,0,0,0,0,0,0,0,0,0,0,0,0,0,0,0,0.53447,0,0,0,0
"MtrNatGas",3,18,8,"",31.7438,0,0,0,31.0406,0,0,0,0,0,0,0,0,0,0,0,0,0,0,0,0.70325,0,0,0,0
"MtrNatGas",3,18,9,"",41.7427,0,0,0,41.0113,0,0,0,0,0,0,0,0,0,0,0,0,0,0,0,0.73138,0,0,0,0
"MtrNatGas",3,18,10,"",37.1876,0,0,0,31.0835,0,0,0,0,0,0,0,0,0,0,0,0,0,5.48529,0,0.61886,0,0,0,0
"MtrNatGas",3,18,11,"",29.1139,0,0,0,14.4407,0,0,0,0,0,0,0,0,0,0,0,0,0,14.0825,0,0.59073,0,0,0,0
"MtrNatGas",3,18,12,"",8.00741,0,0,0,3.65228,0,0,0,0,0,0,0,0,0,0,0,0,0,3.53936,0,0.81577,0,0,0,0
"MtrNatGas",3,18,13,"",5.14544,0,0,0,4.16089,0,0,0,0,0,0,0,0,0,0,0,0,0,0,0,0.98455,0,0,0,0
"MtrNatGas",3,18,14,"",5.54254,0,0,0,4.64238,0,0,0,0,0,0,0,0,0,0,0,0,0,0,0,0.90016,0,0,0,0
"MtrNatGas",3,18,15,"",11.7858,0,0,0,3.12873,0,0,0,0,0,0,0,0,0,0,0,0,0,7.7007,0,0.95642,0,0,0,0
"MtrNatGas",3,18,16,"",4.40249,0,0,0,2.93974,0,0,0,0,0,0,0,0,0,0,0,0,0,0,0,1.46276,0,0,0,0
"MtrNatGas",3,18,17,"",14.0951,0,0,0,3.15767,0,0,0,0,0,0,0,0,0,0,0,0,0,7.70248,0,3.23495,0,0,0,0
"MtrNatGas",3,18,18,"",16.8483,0,0,0,3.71882,0,0,0,0,0,0,0,0,0,0,0,0,0,7.70039,0,5.42909,0,0,0,0
"MtrNatGas",3,18,19,"",20.989,0,0,0,8.22412,0,0,0,0,0,0,0,0,0,0,0,0,0,7.70148,0,5.0634,0,0,0,0
"MtrNatGas",3,18,20,"",16.1704,0,0,0,13.4137,0,0,0,0,0,0,0,0,0,0,0,0,0,0,0,2.75674,0,0,0,0
"MtrNatGas",3,18,21,"",10.08,0,0,0,8.89858,0,0,0,0,0,0,0,0,0,0,0,0,0,0,0,1.18146,0,0,0,0
"MtrNatGas",3,18,22,"",13.7105,0,0,0,13.1479,0,0,0,0,0,0,0,0,0,0,0,0,0,0,0,0.5626,0,0,0,0
"MtrNatGas",3,18,23,"",8.52003,0,0,0,6.76968,0,0,0,0,0,0,0,0,0,0,0,0,0,1.41278,0,0.33756,0,0,0,0
"MtrNatGas",3,18,24,"",12.0099,0,0,0,8.01316,0,0,0,0,0,0,0,0,0,0,0,0,0,3.71548,0,0.2813,0,0,0,0
"MtrNatGas",3,19,1,"",8.62957,0,0,0,5.91415,0,0,0,0,0,0,0,0,0,0,0,0,0,2.57478,0,0.14065,0,0,0,0
"MtrNatGas",3,19,2,"",3.11344,0,0,0,3.00092,0,0,0,0,0,0,0,0,0,0,0,0,0,0,0,0.11252,0,0,0,0
"MtrNatGas",3,19,3,"",3.16193,0,0,0,3.04941,0,0,0,0,0,0,0,0,0,0,0,0,0,0,0,0.11252,0,0,0,0
"MtrNatGas",3,19,4,"",3.11696,0,0,0,3.00444,0,0,0,0,0,0,0,0,0,0,0,0,0,0,0,0.11252,0,0,0,0
"MtrNatGas",3,19,5,"",2.95457,0,0,0,2.84205,0,0,0,0,0,0,0,0,0,0,0,0,0,0,0,0.11252,0,0,0,0
"MtrNatGas",3,19,6,"",3.7687,0,0,0,3.37488,0,0,0,0,0,0,0,0,0,0,0,0,0,0,0,0.39382,0,0,0,0
"MtrNatGas",3,19,7,"",34.6553,0,0,0,34.1208,0,0,0,0,0,0,0,0,0,0,0,0,0,0,0,0.53447,0,0,0,0
"MtrNatGas",3,19,8,"",20.5013,0,0,0,19.7981,0,0,0,0,0,0,0,0,0,0,0,0,0,0,0,0.70325,0,0,0,0
"MtrNatGas",3,19,9,"",21.5393,0,0,0,20.8079,0,0,0,0,0,0,0,0,0,0,0,0,0,0,0,0.73138,0,0,0,0
"MtrNatGas",3,19,10,"",35.3375,0,0,0,32.2103,0,0,0,0,0,0,0,0,0,0,0,0,0,2.50833,0,0.61886,0,0,0,0
"MtrNatGas",3,19,11,"",16.3022,0,0,0,10.5172,0,0,0,0,0,0,0,0,0,0,0,0,0,5.19421,0,0.59073,0,0,0,0
"MtrNatGas",3,19,12,"",12.2761,0,0,0,6.16975,0,0,0,0,0,0,0,0,0,0,0,0,0,5.29063,0,0.81577,0,0,0,0
"MtrNatGas",3,19,13,"",9.2507,0,0,0,5.85617,0,0,0,0,0,0,0,0,0,0,0,0,0,2.40999,0,0.98455,0,0,0,0
"MtrNatGas",3,19,14,"",4.53614,0,0,0,3.63598,0,0,0,0,0,0,0,0,0,0,0,0,0,0,0,0.90016,0,0,0,0
"MtrNatGas",3,19,15,"",5.3454,0,0,0,4.38898,0,0,0,0,0,0,0,0,0,0,0,0,0,0,0,0.95642,0,0,0,0
"MtrNatGas",3,19,16,"",4.61806,0,0,0,3.1553,0,0,0,0,0,0,0,0,0,0,0,0,0,0,0,1.46276,0,0,0,0
"MtrNatGas",3,19,17,"",9.73434,0,0,0,4.588,0,0,0,0,0,0,0,0,0,0,0,0,0,1.91139,0,3.23495,0,0,0,0
"MtrNatGas",3,19,18,"",14.9278,0,0,0,5.72497,0,0,0,0,0,0,0,0,0,0,0,0,0,3.77373,0,5.42909,0,0,0,0
"MtrNatGas",3,19,19,"",14.4423,0,0,0,7.36358,0,0,0,0,0,0,0,0,0,0,0,0,0,2.01533,0,5.0634,0,0,0,0
"MtrNatGas",3,19,20,"",9.81326,0,0,0,7.05652,0,0,0,0,0,0,0,0,0,0,0,0,0,0,0,2.75674,0,0,0,0
"MtrNatGas",3,19,21,"",9.01029,0,0,0,7.82882,0,0,0,0,0,0,0,0,0,0,0,0,0,0,0,1.18146,0,0,0,0
"MtrNatGas",3,19,22,"",28.2495,0,0,0,27.6869,0,0,0,0,0,0,0,0,0,0,0,0,0,0,0,0.5626,0,0,0,0
"MtrNatGas",3,19,23,"",12.1809,0,0,0,11.8434,0,0,0,0,0,0,0,0,0,0,0,0,0,0,0,0.33756,0,0,0,0
"MtrNatGas",3,19,24,"",8.97917,0,0,0,8.69787,0,0,0,0,0,0,0,0,0,0,0,0,0,0,0,0.2813,0,0,0,0
"MtrNatGas",3,20,1,"",3.69641,0,0,0,3.55576,0,0,0,0,0,0,0,0,0,0,0,0,0,0,0,0.14065,0,0,0,0
"MtrNatGas",3,20,2,"",3.1227,0,0,0,3.01018,0,0,0,0,0,0,0,0,0,0,0,0,0,0,0,0.11252,0,0,0,0
"MtrNatGas",3,20,3,"",3.36188,0,0,0,3.24936,0,0,0,0,0,0,0,0,0,0,0,0,0,0,0,0.11252,0,0,0,0
"MtrNatGas",3,20,4,"",3.11453,0,0,0,3.00201,0,0,0,0,0,0,0,0,0,0,0,0,0,0,0,0.11252,0,0,0,0
"MtrNatGas",3,20,5,"",3.11767,0,0,0,3.00515,0,0,0,0,0,0,0,0,0,0,0,0,0,0,0,0.11252,0,0,0,0
"MtrNatGas",3,20,6,"",3.59075,0,0,0,3.19693,0,0,0,0,0,0,0,0,0,0,0,0,0,0,0,0.39382,0,0,0,0
"MtrNatGas",3,20,7,"",11.1159,0,0,0,10.5814,0,0,0,0,0,0,0,0,0,0,0,0,0,0,0,0.53447,0,0,0,0
"MtrNatGas",3,20,8,"",20.3363,0,0,0,19.6331,0,0,0,0,0,0,0,0,0,0,0,0,0,0,0,0.70325,0,0,0,0
"MtrNatGas",3,20,9,"",57.9062,0,0,0,49.4743,0,0,0,0,0,0,0,0,0,0,0,0,0,7.70058,0,0.73138,0,0,0,0
"MtrNatGas",3,20,10,"",32.3316,0,0,0,31.7127,0,0,0,0,0,0,0,0,0,0,0,0,0,0,0,0.61886,0,0,0,0
"MtrNatGas",3,20,11,"",26.1466,0,0,0,17.8528,0,0,0,0,0,0,0,0,0,0,0,0,0,7.70308,0,0.59073,0,0,0,0
"MtrNatGas",3,20,12,"",16.5921,0,0,0,8.07538,0,0,0,0,0,0,0,0,0,0,0,0,0,7.70093,0,0.81577,0,0,0,0
"MtrNatGas",3,20,13,"",16.7897,0,0,0,8.20907,0,0,0,0,0,0,0,0,0,0,0,0,0,7.59606,0,0.98455,0,0,0,0
"MtrNatGas",3,20,14,"",18.0142,0,0,0,14.9206,0,0,0,0,0,0,0,0,0,0,0,0,0,2.19348,0,0.90016,0,0,0,0
"MtrNatGas",3,20,15,"",37.0648,0,0,0,7.39172,0,0,0,0,0,0,0,0,0,0,0,0,0,28.7167,0,0.95642,0,0,0,0
"MtrNatGas",3,20,16,"",7.80794,0,0,0,6.34518,0,0,0,0,0,0,0,0,0,0,0,0,0,0,0,1.46276,0,0,0,0
"MtrNatGas",3,20,17,"",10.7349,0,0,0,7.49999,0,0,0,0,0,0,0,0,0,0,0,0,0,0,0,3.23495,0,0,0,0
"MtrNatGas",3,20,18,"",10.9033,0,0,0,5.47426,0,0,0,0,0,0,0,0,0,0,0,0,0,0,0,5.42909,0,0,0,0
"MtrNatGas",3,20,19,"",23.5554,0,0,0,18.492,0,0,0,0,0,0,0,0,0,0,0,0,0,0,0,5.0634,0,0,0,0
"MtrNatGas",3,20,20,"",30.2993,0,0,0,27.5426,0,0,0,0,0,0,0,0,0,0,0,0,0,0,0,2.75674,0,0,0,0
"MtrNatGas",3,20,21,"",18.2695,0,0,0,17.088,0,0,0,0,0,0,0,0,0,0,0,0,0,0,0,1.18146,0,0,0,0
"MtrNatGas",3,20,22,"",18.098,0,0,0,17.5354,0,0,0,0,0,0,0,0,0,0,0,0,0,0,0,0.5626,0,0,0,0
"MtrNatGas",3,20,23,"",20.2447,0,0,0,11.0586,0,0,0,0,0,0,0,0,0,0,0,0,0,8.84855,0,0.33756,0,0,0,0
"MtrNatGas",3,20,24,"",14.119,0,0,0,9.85584,0,0,0,0,0,0,0,0,0,0,0,0,0,3.98187,0,0.2813,0,0,0,0
"MtrNatGas",3,21,1,"",5.54261,0,0,0,2.82718,0,0,0,0,0,0,0,0,0,0,0,0,0,2.57478,0,0.14065,0,0,0,0
"MtrNatGas",3,21,2,"",2.94057,0,0,0,2.82805,0,0,0,0,0,0,0,0,0,0,0,0,0,0,0,0.11252,0,0,0,0
"MtrNatGas",3,21,3,"",2.91332,0,0,0,2.82893,0,0,0,0,0,0,0,0,0,0,0,0,0,0,0,0.08439,0,0,0,0
"MtrNatGas",3,21,4,"",2.91419,0,0,0,2.8298,0,0,0,0,0,0,0,0,0,0,0,0,0,0,0,0.08439,0,0,0,0
"MtrNatGas",3,21,5,"",2.91506,0,0,0,2.83067,0,0,0,0,0,0,0,0,0,0,0,0,0,0,0,0.08439,0,0,0,0
"MtrNatGas",3,21,6,"",3.31086,0,0,0,3.17021,0,0,0,0,0,0,0,0,0,0,0,0,0,0,0,0.14065,0,0,0,0
"MtrNatGas",3,21,7,"",4.76181,0,0,0,4.48051,0,0,0,0,0,0,0,0,0,0,0,0,0,0,0,0.2813,0,0,0,0
"MtrNatGas",3,21,8,"",5.74819,0,0,0,4.98868,0,0,0,0,0,0,0,0,0,0,0,0,0,0,0,0.75951,0,0,0,0
"MtrNatGas",3,21,9,"",20.8199,0,0,0,19.4696,0,0,0,0,0,0,0,0,0,0,0,0,0,0,0,1.35024,0,0,0,0
"MtrNatGas",3,21,10,"",33.7548,0,0,0,32.4045,0,0,0,0,0,0,0,0,0,0,0,0,0,0,0,1.35024,0,0,0,0
"MtrNatGas",3,21,11,"",24.6965,0,0,0,15.7002,0,0,0,0,0,0,0,0,0,0,0,0,0,7.70236,0,1.29398,0,0,0,0
"MtrNatGas",3,21,12,"",25.5636,0,0,0,24.0165,0,0,0,0,0,0,0,0,0,0,0,0,0,0,0,1.54715,0,0,0,0
"MtrNatGas",3,21,13,"",18.9389,0,0,0,10.9626,0,0,0,0,0,0,0,0,0,0,0,0,0,6.20416,0,1.77219,0,0,0,0
"MtrNatGas",3,21,14,"",26.7375,0,0,0,21.0137,0,0,0,0,0,0,0,0,0,0,0,0,0,4.0641,0,1.65967,0,0,0,0
"MtrNatGas",3,21,15,"",13.0487,0,0,0,6.17072,0,0,0,0,0,0,0,0,0,0,0,0,0,5.13393,0,1.74406,0,0,0,0
"MtrNatGas",3,21,16,"",6.69733,0,0,0,4.78449,0,0,0,0,0,0,0,0,0,0,0,0,0,0,0,1.91284,0,0,0,0
"MtrNatGas",3,21,17,"",7.13413,0,0,0,4.5743,0,0,0,0,0,0,0,0,0,0,0,0,0,0,0,2.55983,0,0,0,0
"MtrNatGas",3,21,18,"",9.14728,0,0,0,5.23721,0,0,0,0,0,0,0,0,0,0,0,0,0,0,0,3.91007,0,0,0,0
"MtrNatGas",3,21,19,"",25.3697,0,0,0,14.0381,0,0,0,0,0,0,0,0,0,0,0,0,0,7.70286,0,3.62877,0,0,0,0
"MtrNatGas",3,21,20,"",30.8927,0,0,0,17.5954,0,0,0,0,0,0,0,0,0,0,0,0,0,11.2719,0,2.02536,0,0,0,0
"MtrNatGas",3,21,21,"",20.8575,0,0,0,15.8262,0,0,0,0,0,0,0,0,0,0,0,0,0,4.13114,0,0.90016,0,0,0,0
"MtrNatGas",3,21,22,"",11.4517,0,0,0,11.0579,0,0,0,0,0,0,0,0,0,0,0,0,0,0,0,0.39382,0,0,0,0
"MtrNatGas",3,21,23,"",9.27193,0,0,0,9.01876,0,0,0,0,0,0,0,0,0,0,0,0,0,0,0,0.25317,0,0,0,0
"MtrNatGas",3,21,24,"",4.9225,0,0,0,4.78185,0,0,0,0,0,0,0,0,0,0,0,0,0,0,0,0.14065,0,0,0,0
"MtrNatGas",3,22,1,"",4.36316,0,0,0,4.22251,0,0,0,0,0,0,0,0,0,0,0,0,0,0,0,0.14065,0,0,0,0
"MtrNatGas",3,22,2,"",2.94101,0,0,0,2.82849,0,0,0,0,0,0,0,0,0,0,0,0,0,0,0,0.11252,0,0,0,0
"MtrNatGas",3,22,3,"",2.91376,0,0,0,2.82937,0,0,0,0,0,0,0,0,0,0,0,0,0,0,0,0.08439,0,0,0,0
"MtrNatGas",3,22,4,"",5.50411,0,0,0,5.41972,0,0,0,0,0,0,0,0,0,0,0,0,0,0,0,0.08439,0,0,0,0
"MtrNatGas",3,22,5,"",2.91507,0,0,0,2.83068,0,0,0,0,0,0,0,0,0,0,0,0,0,0,0,0.08439,0,0,0,0
"MtrNatGas",3,22,6,"",12.4225,0,0,0,12.2819,0,0,0,0,0,0,0,0,0,0,0,0,0,0,0,0.14065,0,0,0,0
"MtrNatGas",3,22,7,"",8.01408,0,0,0,7.73278,0,0,0,0,0,0,0,0,0,0,0,0,0,0,0,0.2813,0,0,0,0
"MtrNatGas",3,22,8,"",24.9149,0,0,0,24.1554,0,0,0,0,0,0,0,0,0,0,0,0,0,0,0,0.75951,0,0,0,0
"MtrNatGas",3,22,9,"",17.4583,0,0,0,16.108,0,0,0,0,0,0,0,0,0,0,0,0,0,0,0,1.35024,0,0,0,0
"MtrNatGas",3,22,10,"",60.1728,0,0,0,58.8225,0,0,0,0,0,0,0,0,0,0,0,0,0,0,0,1.35024,0,0,0,0
"MtrNatGas",3,22,11,"",28.6926,0,0,0,27.3986,0,0,0,0,0,0,0,0,0,0,0,0,0,0,0,1.29398,0,0,0,0
"MtrNatGas",3,22,12,"",57.017,0,0,0,43.2426,0,0,0,0,0,0,0,0,0,0,0,0,0,12.2272,0,1.54715,0,0,0,0
"MtrNatGas",3,22,13,"",67.8736,0,0,0,51.4334,0,0,0,0,0,0,0,0,0,0,0,0,0,14.6681,0,1.77219,0,0,0,0
"MtrNatGas",3,22,14,"",24.2681,0,0,0,18.6916,0,0,0,0,0,0,0,0,0,0,0,0,0,3.91683,0,1.65967,0,0,0,0
"MtrNatGas",3,22,15,"",30.6533,0,0,0,21.208,0,0,0,0,0,0,0,0,0,0,0,0,0,7.70123,0,1.74406,0,0,0,0
"MtrNatGas",3,22,16,"",35.986,0,0,0,14.2688,0,0,0,0,0,0,0,0,0,0,0,0,0,19.8044,0,1.91284,0,0,0,0
"MtrNatGas",3,22,17,"",32.2988,0,0,0,14.4598,0,0,0,0,0,0,0,0,0,0,0,0,0,15.2792,0,2.55983,0,0,0,0
"MtrNatGas",3,22,18,"",30.6556,0,0,0,19.1039,0,0,0,0,0,0,0,0,0,0,0,0,0,7.64172,0,3.91007,0,0,0,0
"MtrNatGas",3,22,19,"",47.0221,0,0,0,32.2105,0,0,0,0,0,0,0,0,0,0,0,0,0,11.1829,0,3.62877,0,0,0,0
"MtrNatGas",3,22,20,"",25.1778,0,0,0,23.1524,0,0,0,0,0,0,0,0,0,0,0,0,0,0,0,2.02536,0,0,0,0
"MtrNatGas",3,22,21,"",36.9427,0,0,0,36.0425,0,0,0,0,0,0,0,0,0,0,0,0,0,0,0,0.90016,0,0,0,0
"MtrNatGas",3,22,22,"",33.0962,0,0,0,29.5434,0,0,0,0,0,0,0,0,0,0,0,0,0,3.15903,0,0.39382,0,0,0,0
"MtrNatGas",3,22,23,"",28.9724,0,0,0,8.77571,0,0,0,0,0,0,0,0,0,0,0,0,0,19.9435,0,0.25317,0,0,0,0
"MtrNatGas",3,22,24,"",5.04876,0,0,0,4.90811,0,0,0,0,0,0,0,0,0,0,0,0,0,0,0,0.14065,0,0,0,0
"MtrNatGas",3,23,1,"",6.87644,0,0,0,6.73579,0,0,0,0,0,0,0,0,0,0,0,0,0,0,0,0.14065,0,0,0,0
"MtrNatGas",3,23,2,"",3.10537,0,0,0,2.99285,0,0,0,0,0,0,0,0,0,0,0,0,0,0,0,0.11252,0,0,0,0
"MtrNatGas",3,23,3,"",2.94669,0,0,0,2.83417,0,0,0,0,0,0,0,0,0,0,0,0,0,0,0,0.11252,0,0,0,0
"MtrNatGas",3,23,4,"",3.36027,0,0,0,3.24775,0,0,0,0,0,0,0,0,0,0,0,0,0,0,0,0.11252,0,0,0,0
"MtrNatGas",3,23,5,"",3.36978,0,0,0,3.25726,0,0,0,0,0,0,0,0,0,0,0,0,0,0,0,0.11252,0,0,0,0
"MtrNatGas",3,23,6,"",4.44872,0,0,0,4.0549,0,0,0,0,0,0,0,0,0,0,0,0,0,0,0,0.39382,0,0,0,0
"MtrNatGas",3,23,7,"",12.1014,0,0,0,11.5669,0,0,0,0,0,0,0,0,0,0,0,0,0,0,0,0.53447,0,0,0,0
"MtrNatGas",3,23,8,"",21.431,0,0,0,20.7277,0,0,0,0,0,0,0,0,0,0,0,0,0,0,0,0.70325,0,0,0,0
"MtrNatGas",3,23,9,"",65.3146,0,0,0,56.8826,0,0,0,0,0,0,0,0,0,0,0,0,0,7.70058,0,0.73138,0,0,0,0
"MtrNatGas",3,23,10,"",19.0448,0,0,0,18.426,0,0,0,0,0,0,0,0,0,0,0,0,0,0,0,0.61886,0,0,0,0
"MtrNatGas",3,23,11,"",23.4603,0,0,0,15.1703,0,0,0,0,0,0,0,0,0,0,0,0,0,7.69933,0,0.59073,0,0,0,0
"MtrNatGas",3,23,12,"",28.1975,0,0,0,19.6808,0,0,0,0,0,0,0,0,0,0,0,0,0,7.70093,0,0.81577,0,0,0,0
"MtrNatGas",3,23,13,"",22.3055,0,0,0,5.91782,0,0,0,0,0,0,0,0,0,0,0,0,0,15.4031,0,0.98455,0,0,0,0
"MtrNatGas",3,23,14,"",8.31415,0,0,0,7.41399,0,0,0,0,0,0,0,0,0,0,0,0,0,0,0,0.90016,0,0,0,0
"MtrNatGas",3,23,15,"",18.7703,0,0,0,10.1132,0,0,0,0,0,0,0,0,0,0,0,0,0,7.7007,0,0.95642,0,0,0,0
"MtrNatGas",3,23,16,"",5.09582,0,0,0,3.63306,0,0,0,0,0,0,0,0,0,0,0,0,0,0,0,1.46276,0,0,0,0
"MtrNatGas",3,23,17,"",9.79836,0,0,0,6.56341,0,0,0,0,0,0,0,0,0,0,0,0,0,0,0,3.23495,0,0,0,0
"MtrNatGas",3,23,18,"",11.9932,0,0,0,6.56408,0,0,0,0,0,0,0,0,0,0,0,0,0,0,0,5.42909,0,0,0,0
"MtrNatGas",3,23,19,"",29.002,0,0,0,23.9386,0,0,0,0,0,0,0,0,0,0,0,0,0,0,0,5.0634,0,0,0,0
"MtrNatGas",3,23,20,"",13.7103,0,0,0,10.9536,0,0,0,0,0,0,0,0,0,0,0,0,0,0,0,2.75674,0,0,0,0
"MtrNatGas",3,23,21,"",24.8785,0,0,0,23.6971,0,0,0,0,0,0,0,0,0,0,0,0,0,0,0,1.18146,0,0,0,0
"MtrNatGas",3,23,22,"",11.0759,0,0,0,10.5133,0,0,0,0,0,0,0,0,0,0,0,0,0,0,0,0.5626,0,0,0,0
"MtrNatGas",3,23,23,"",14.7013,0,0,0,6.66099,0,0,0,0,0,0,0,0,0,0,0,0,0,7.70279,0,0.33756,0,0,0,0
"MtrNatGas",3,23,24,"",11.0177,0,0,0,8.77161,0,0,0,0,0,0,0,0,0,0,0,0,0,1.96479,0,0.2813,0,0,0,0
"MtrNatGas",3,24,1,"",13.9153,0,0,0,8.03918,0,0,0,0,0,0,0,0,0,0,0,0,0,5.73545,0,0.14065,0,0,0,0
"MtrNatGas",3,24,2,"",2.93838,0,0,0,2.82586,0,0,0,0,0,0,0,0,0,0,0,0,0,0,0,0.11252,0,0,0,0
"MtrNatGas",3,24,3,"",2.93882,0,0,0,2.8263,0,0,0,0,0,0,0,0,0,0,0,0,0,0,0,0.11252,0,0,0,0
"MtrNatGas",3,24,4,"",2.93926,0,0,0,2.82674,0,0,0,0,0,0,0,0,0,0,0,0,0,0,0,0.11252,0,0,0,0
"MtrNatGas",3,24,5,"",2.93926,0,0,0,2.82674,0,0,0,0,0,0,0,0,0,0,0,0,0,0,0,0.11252,0,0,0,0
"MtrNatGas",3,24,6,"",6.73805,0,0,0,6.34423,0,0,0,0,0,0,0,0,0,0,0,0,0,0,0,0.39382,0,0,0,0
"MtrNatGas",3,24,7,"",35.6262,0,0,0,35.0917,0,0,0,0,0,0,0,0,0,0,0,0,0,0,0,0.53447,0,0,0,0
"MtrNatGas",3,24,8,"",38.2582,0,0,0,29.8518,0,0,0,0,0,0,0,0,0,0,0,0,0,7.70312,0,0.70325,0,0,0,0
"MtrNatGas",3,24,9,"",16.276,0,0,0,15.5446,0,0,0,0,0,0,0,0,0,0,0,0,0,0,0,0.73138,0,0,0,0
"MtrNatGas",3,24,10,"",14.1688,0,0,0,13.55,0,0,0,0,0,0,0,0,0,0,0,0,0,0,0,0.61886,0,0,0,0
"MtrNatGas",3,24,11,"",19.184,0,0,0,18.5933,0,0,0,0,0,0,0,0,0,0,0,0,0,0,0,0.59073,0,0,0,0
"MtrNatGas",3,24,12,"",17.9095,0,0,0,9.39085,0,0,0,0,0,0,0,0,0,0,0,0,0,7.70286,0,0.81577,0,0,0,0
"MtrNatGas",3,24,13,"",21.171,0,0,0,20.1864,0,0,0,0,0,0,0,0,0,0,0,0,0,0,0,0.98455,0,0,0,0
"MtrNatGas",3,24,14,"",19.8811,0,0,0,8.7827,0,0,0,0,0,0,0,0,0,0,0,0,0,10.1982,0,0.90016,0,0,0,0
"MtrNatGas",3,24,15,"",28.5485,0,0,0,22.3856,0,0,0,0,0,0,0,0,0,0,0,0,0,5.20652,0,0.95642,0,0,0,0
"MtrNatGas",3,24,16,"",18.5485,0,0,0,13.2511,0,0,0,0,0,0,0,0,0,0,0,0,0,3.83464,0,1.46276,0,0,0,0
"MtrNatGas",3,24,17,"",16.7551,0,0,0,9.65455,0,0,0,0,0,0,0,0,0,0,0,0,0,3.86561,0,3.23495,0,0,0,0
"MtrNatGas",3,24,18,"",15.5407,0,0,0,10.1117,0,0,0,0,0,0,0,0,0,0,0,0,0,0,0,5.42909,0,0,0,0
"MtrNatGas",3,24,19,"",19.2353,0,0,0,14.1719,0,0,0,0,0,0,0,0,0,0,0,0,0,0,0,5.0634,0,0,0,0
"MtrNatGas",3,24,20,"",46.9787,0,0,0,36.5211,0,0,0,0,0,0,0,0,0,0,0,0,0,7.70077,0,2.75674,0,0,0,0
"MtrNatGas",3,24,21,"",16.2608,0,0,0,15.0793,0,0,0,0,0,0,0,0,0,0,0,0,0,0,0,1.18146,0,0,0,0
"MtrNatGas",3,24,22,"",10.4568,0,0,0,9.89421,0,0,0,0,0,0,0,0,0,0,0,0,0,0,0,0.5626,0,0,0,0
"MtrNatGas",3,24,23,"",8.00727,0,0,0,7.66971,0,0,0,0,0,0,0,0,0,0,0,0,0,0,0,0.33756,0,0,0,0
"MtrNatGas",3,24,24,"",27.9227,0,0,0,25.6767,0,0,0,0,0,0,0,0,0,0,0,0,0,1.96479,0,0.2813,0,0,0,0
"MtrNatGas",3,25,1,"",10.3399,0,0,0,4.46383,0,0,0,0,0,0,0,0,0,0,0,0,0,5.73545,0,0.14065,0,0,0,0
"MtrNatGas",3,25,2,"",3.28596,0,0,0,3.17344,0,0,0,0,0,0,0,0,0,0,0,0,0,0,0,0.11252,0,0,0,0
"MtrNatGas",3,25,3,"",3.59264,0,0,0,3.48012,0,0,0,0,0,0,0,0,0,0,0,0,0,0,0,0.11252,0,0,0,0
"MtrNatGas",3,25,4,"",3.64909,0,0,0,3.53657,0,0,0,0,0,0,0,0,0,0,0,0,0,0,0,0.11252,0,0,0,0
"MtrNatGas",3,25,5,"",4.93505,0,0,0,4.82253,0,0,0,0,0,0,0,0,0,0,0,0,0,0,0,0.11252,0,0,0,0
"MtrNatGas",3,25,6,"",11.9345,0,0,0,11.5406,0,0,0,0,0,0,0,0,0,0,0,0,0,0,0,0.39382,0,0,0,0
"MtrNatGas",3,25,7,"",8.62717,0,0,0,8.0927,0,0,0,0,0,0,0,0,0,0,0,0,0,0,0,0.53447,0,0,0,0
"MtrNatGas",3,25,8,"",41.1058,0,0,0,40.4025,0,0,0,0,0,0,0,0,0,0,0,0,0,0,0,0.70325,0,0,0,0
"MtrNatGas",3,25,9,"",45.7364,0,0,0,45.005,0,0,0,0,0,0,0,0,0,0,0,0,0,0,0,0.73138,0,0,0,0
"MtrNatGas",3,25,10,"",20.1458,0,0,0,19.527,0,0,0,0,0,0,0,0,0,0,0,0,0,0,0,0.61886,0,0,0,0
"MtrNatGas",3,25,11,"",11.8726,0,0,0,7.12011,0,0,0,0,0,0,0,0,0,0,0,0,0,4.16181,0,0.59073,0,0,0,0
"MtrNatGas",3,25,12,"",26.4424,0,0,0,22.0872,0,0,0,0,0,0,0,0,0,0,0,0,0,3.53936,0,0.81577,0,0,0,0
"MtrNatGas",3,25,13,"",18.5692,0,0,0,17.5847,0,0,0,0,0,0,0,0,0,0,0,0,0,0,0,0.98455,0,0,0,0
"MtrNatGas",3,25,14,"",6.81516,0,0,0,5.915,0,0,0,0,0,0,0,0,0,0,0,0,0,0,0,0.90016,0,0,0,0
"MtrNatGas",3,25,15,"",27.8918,0,0,0,23.4374,0,0,0,0,0,0,0,0,0,0,0,0,0,3.49802,0,0.95642,0,0,0,0
"MtrNatGas",3,25,16,"",27.502,0,0,0,21.8373,0,0,0,0,0,0,0,0,0,0,0,0,0,4.20196,0,1.46276,0,0,0,0
"MtrNatGas",3,25,17,"",12.4393,0,0,0,9.20438,0,0,0,0,0,0,0,0,0,0,0,0,0,0,0,3.23495,0,0,0,0
"MtrNatGas",3,25,18,"",16.8217,0,0,0,11.3926,0,0,0,0,0,0,0,0,0,0,0,0,0,0,0,5.42909,0,0,0,0
"MtrNatGas",3,25,19,"",25.1594,0,0,0,20.096,0,0,0,0,0,0,0,0,0,0,0,0,0,0,0,5.0634,0,0,0,0
"MtrNatGas",3,25,20,"",24.2228,0,0,0,21.466,0,0,0,0,0,0,0,0,0,0,0,0,0,0,0,2.75674,0,0,0,0
"MtrNatGas",3,25,21,"",24.5348,0,0,0,23.3533,0,0,0,0,0,0,0,0,0,0,0,0,0,0,0,1.18146,0,0,0,0
"MtrNatGas",3,25,22,"",42.5885,0,0,0,42.0259,0,0,0,0,0,0,0,0,0,0,0,0,0,0,0,0.5626,0,0,0,0
"MtrNatGas",3,25,23,"",19.853,0,0,0,12.0796,0,0,0,0,0,0,0,0,0,0,0,0,0,7.43576,0,0.33756,0,0,0,0
"MtrNatGas",3,25,24,"",5.3358,0,0,0,4.7881,0,0,0,0,0,0,0,0,0,0,0,0,0,0.266395,0,0.2813,0,0,0,0
"MtrNatGas",3,26,1,"",8.92294,0,0,0,8.78229,0,0,0,0,0,0,0,0,0,0,0,0,0,0,0,0.14065,0,0,0,0
"MtrNatGas",3,26,2,"",12.0032,0,0,0,4.18905,0,0,0,0,0,0,0,0,0,0,0,0,0,7.7016,0,0.11252,0,0,0,0
"MtrNatGas",3,26,3,"",2.93882,0,0,0,2.8263,0,0,0,0,0,0,0,0,0,0,0,0,0,0,0,0.11252,0,0,0,0
"MtrNatGas",3,26,4,"",3.24909,0,0,0,3.13657,0,0,0,0,0,0,0,0,0,0,0,0,0,0,0,0.11252,0,0,0,0
"MtrNatGas",3,26,5,"",5.10981,0,0,0,4.99729,0,0,0,0,0,0,0,0,0,0,0,0,0,0,0,0.11252,0,0,0,0
"MtrNatGas",3,26,6,"",14.2151,0,0,0,13.8213,0,0,0,0,0,0,0,0,0,0,0,0,0,0,0,0.39382,0,0,0,0
"MtrNatGas",3,26,7,"",10.7513,0,0,0,10.2169,0,0,0,0,0,0,0,0,0,0,0,0,0,0,0,0.53447,0,0,0,0
"MtrNatGas",3,26,8,"",21.4367,0,0,0,20.7334,0,0,0,0,0,0,0,0,0,0,0,0,0,0,0,0.70325,0,0,0,0
"MtrNatGas",3,26,9,"",19.0131,0,0,0,18.2818,0,0,0,0,0,0,0,0,0,0,0,0,0,0,0,0.73138,0,0,0,0
"MtrNatGas",3,26,10,"",10.9287,0,0,0,7.80155,0,0,0,0,0,0,0,0,0,0,0,0,0,2.50833,0,0.61886,0,0,0,0
"MtrNatGas",3,26,11,"",16.4013,0,0,0,10.6163,0,0,0,0,0,0,0,0,0,0,0,0,0,5.19421,0,0.59073,0,0,0,0
"MtrNatGas",3,26,12,"",27.954,0,0,0,22.0664,0,0,0,0,0,0,0,0,0,0,0,0,0,5.07181,0,0.81577,0,0,0,0
"MtrNatGas",3,26,13,"",10.3633,0,0,0,6.74918,0,0,0,0,0,0,0,0,0,0,0,0,0,2.62961,0,0.98455,0,0,0,0
"MtrNatGas",3,26,14,"",4.49724,0,0,0,3.59708,0,0,0,0,0,0,0,0,0,0,0,0,0,0,0,0.90016,0,0,0,0
"MtrNatGas",3,26,15,"",11.3218,0,0,0,10.3654,0,0,0,0,0,0,0,0,0,0,0,0,0,0,0,0.95642,0,0,0,0
"MtrNatGas",3,26,16,"",10.0577,0,0,0,8.5949,0,0,0,0,0,0,0,0,0,0,0,0,0,0,0,1.46276,0,0,0,0
"MtrNatGas",3,26,17,"",23.8432,0,0,0,15.5795,0,0,0,0,0,0,0,0,0,0,0,0,0,5.0288,0,3.23495,0,0,0,0
"MtrNatGas",3,26,18,"",14.4919,0,0,0,6.3882,0,0,0,0,0,0,0,0,0,0,0,0,0,2.67465,0,5.42909,0,0,0,0
"MtrNatGas",3,26,19,"",11.8175,0,0,0,6.75415,0,0,0,0,0,0,0,0,0,0,0,0,0,0,0,5.0634,0,0,0,0
"MtrNatGas",3,26,20,"",16.3781,0,0,0,13.6214,0,0,0,0,0,0,0,0,0,0,0,0,0,0,0,2.75674,0,0,0,0
"MtrNatGas",3,26,21,"",19.2312,0,0,0,18.0497,0,0,0,0,0,0,0,0,0,0,0,0,0,0,0,1.18146,0,0,0,0
"MtrNatGas",3,26,22,"",32.2963,0,0,0,31.7337,0,0,0,0,0,0,0,0,0,0,0,0,0,0,0,0.5626,0,0,0,0
"MtrNatGas",3,26,23,"",15.689,0,0,0,7.6498,0,0,0,0,0,0,0,0,0,0,0,0,0,7.7016,0,0.33756,0,0,0,0
"MtrNatGas",3,26,24,"",4.56423,0,0,0,4.28293,0,0,0,0,0,0,0,0,0,0,0,0,0,0,0,0.2813,0,0,0,0
"MtrNatGas",3,27,1,"",3.68769,0,0,0,3.54704,0,0,0,0,0,0,0,0,0,0,0,0,0,0,0,0.14065,0,0,0,0
"MtrNatGas",3,27,2,"",3.28353,0,0,0,3.17101,0,0,0,0,0,0,0,0,0,0,0,0,0,0,0,0.11252,0,0,0,0
"MtrNatGas",3,27,3,"",3.39249,0,0,0,3.27997,0,0,0,0,0,0,0,0,0,0,0,0,0,0,0,0.11252,0,0,0,0
"MtrNatGas",3,27,4,"",2.94626,0,0,0,2.83374,0,0,0,0,0,0,0,0,0,0,0,0,0,0,0,0.11252,0,0,0,0
"MtrNatGas",3,27,5,"",2.94713,0,0,0,2.83461,0,0,0,0,0,0,0,0,0,0,0,0,0,0,0,0.11252,0,0,0,0
"MtrNatGas",3,27,6,"",5.42891,0,0,0,5.03509,0,0,0,0,0,0,0,0,0,0,0,0,0,0,0,0.39382,0,0,0,0
"MtrNatGas",3,27,7,"",11.2952,0,0,0,10.7608,0,0,0,0,0,0,0,0,0,0,0,0,0,0,0,0.53447,0,0,0,0
"MtrNatGas",3,27,8,"",52.3912,0,0,0,51.688,0,0,0,0,0,0,0,0,0,0,0,0,0,0,0,0.70325,0,0,0,0
"MtrNatGas",3,27,9,"",44.6845,0,0,0,43.9531,0,0,0,0,0,0,0,0,0,0,0,0,0,0,0,0.73138,0,0,0,0
"MtrNatGas",3,27,10,"",21.442,0,0,0,18.3148,0,0,0,0,0,0,0,0,0,0,0,0,0,2.50833,0,0.61886,0,0,0,0
"MtrNatGas",3,27,11,"",14.9203,0,0,0,4.97352,0,0,0,0,0,0,0,0,0,0,0,0,0,9.35601,0,0.59073,0,0,0,0
"MtrNatGas",3,27,12,"",14.143,0,0,0,9.78787,0,0,0,0,0,0,0,0,0,0,0,0,0,3.53936,0,0.81577,0,0,0,0
"MtrNatGas",3,27,13,"",6.56748,0,0,0,5.58293,0,0,0,0,0,0,0,0,0,0,0,0,0,0,0,0.98455,0,0,0,0
"MtrNatGas",3,27,14,"",5.89575,0,0,0,4.99559,0,0,0,0,0,0,0,0,0,0,0,0,0,0,0,0.90016,0,0,0,0
"MtrNatGas",3,27,15,"",3.89825,0,0,0,2.94183,0,0,0,0,0,0,0,0,0,0,0,0,0,0,0,0.95642,0,0,0,0
"MtrNatGas",3,27,16,"",5.40407,0,0,0,3.94131,0,0,0,0,0,0,0,0,0,0,0,0,0,0,0,1.46276,0,0,0,0
"MtrNatGas",3,27,17,"",7.08648,0,0,0,3.85153,0,0,0,0,0,0,0,0,0,0,0,0,0,0,0,3.23495,0,0,0,0
"MtrNatGas",3,27,18,"",10.33,0,0,0,4.90089,0,0,0,0,0,0,0,0,0,0,0,0,0,0,0,5.42909,0,0,0,0
"MtrNatGas",3,27,19,"",13.528,0,0,0,8.46463,0,0,0,0,0,0,0,0,0,0,0,0,0,0,0,5.0634,0,0,0,0
"MtrNatGas",3,27,20,"",14.0445,0,0,0,3.58721,0,0,0,0,0,0,0,0,0,0,0,0,0,7.70051,0,2.75674,0,0,0,0
"MtrNatGas",3,27,21,"",8.40734,0,0,0,7.22588,0,0,0,0,0,0,0,0,0,0,0,0,0,0,0,1.18146,0,0,0,0
"MtrNatGas",3,27,22,"",17.5836,0,0,0,17.021,0,0,0,0,0,0,0,0,0,0,0,0,0,0,0,0.5626,0,0,0,0
"MtrNatGas",3,27,23,"",28.3007,0,0,0,12.8271,0,0,0,0,0,0,0,0,0,0,0,0,0,15.136,0,0.33756,0,0,0,0
"MtrNatGas",3,27,24,"",3.93556,0,0,0,3.38787,0,0,0,0,0,0,0,0,0,0,0,0,0,0.266395,0,0.2813,0,0,0,0
"MtrNatGas",3,28,1,"",3.79132,0,0,0,3.65067,0,0,0,0,0,0,0,0,0,0,0,0,0,0,0,0.14065,0,0,0,0
"MtrNatGas",3,28,2,"",3.16036,0,0,0,3.04784,0,0,0,0,0,0,0,0,0,0,0,0,0,0,0,0.11252,0,0,0,0
"MtrNatGas",3,28,3,"",3.7851,0,0,0,3.70071,0,0,0,0,0,0,0,0,0,0,0,0,0,0,0,0.08439,0,0,0,0
"MtrNatGas",3,28,4,"",5.82228,0,0,0,5.73789,0,0,0,0,0,0,0,0,0,0,0,0,0,0,0,0.08439,0,0,0,0
"MtrNatGas",3,28,5,"",3.2734,0,0,0,3.18901,0,0,0,0,0,0,0,0,0,0,0,0,0,0,0,0.08439,0,0,0,0
"MtrNatGas",3,28,6,"",12.8929,0,0,0,12.7523,0,0,0,0,0,0,0,0,0,0,0,0,0,0,0,0.14065,0,0,0,0
"MtrNatGas",3,28,7,"",5.34533,0,0,0,5.06403,0,0,0,0,0,0,0,0,0,0,0,0,0,0,0,0.2813,0,0,0,0
"MtrNatGas",3,28,8,"",19.8107,0,0,0,19.0512,0,0,0,0,0,0,0,0,0,0,0,0,0,0,0,0.75951,0,0,0,0
"MtrNatGas",3,28,9,"",30.3545,0,0,0,29.0043,0,0,0,0,0,0,0,0,0,0,0,0,0,0,0,1.35024,0,0,0,0
"MtrNatGas",3,28,10,"",28.3158,0,0,0,26.9655,0,0,0,0,0,0,0,0,0,0,0,0,0,0,0,1.35024,0,0,0,0
"MtrNatGas",3,28,11,"",24.2565,0,0,0,22.9626,0,0,0,0,0,0,0,0,0,0,0,0,0,0,0,1.29398,0,0,0,0
"MtrNatGas",3,28,12,"",21.6937,0,0,0,12.444,0,0,0,0,0,0,0,0,0,0,0,0,0,7.70259,0,1.54715,0,0,0,0
"MtrNatGas",3,28,13,"",15.7354,0,0,0,13.9632,0,0,0,0,0,0,0,0,0,0,0,0,0,0,0,1.77219,0,0,0,0
"MtrNatGas",3,28,14,"",10.4807,0,0,0,8.82099,0,0,0,0,0,0,0,0,0,0,0,0,0,0,0,1.65967,0,0,0,0
"MtrNatGas",3,28,15,"",11.8498,0,0,0,10.1057,0,0,0,0,0,0,0,0,0,0,0,0,0,0,0,1.74406,0,0,0,0
"MtrNatGas",3,28,16,"",16.8685,0,0,0,10.5544,0,0,0,0,0,0,0,0,0,0,0,0,0,4.40128,0,1.91284,0,0,0,0
"MtrNatGas",3,28,17,"",24.1742,0,0,0,14.036,0,0,0,0,0,0,0,0,0,0,0,0,0,7.57834,0,2.55983,0,0,0,0
"MtrNatGas",3,28,18,"",38.3619,0,0,0,26.8101,0,0,0,0,0,0,0,0,0,0,0,0,0,7.64172,0,3.91007,0,0,0,0
"MtrNatGas",3,28,19,"",61.1819,0,0,0,38.6674,0,0,0,0,0,0,0,0,0,0,0,0,0,18.8858,0,3.62877,0,0,0,0
"MtrNatGas",3,28,20,"",34.595,0,0,0,21.2973,0,0,0,0,0,0,0,0,0,0,0,0,0,11.2723,0,2.02536,0,0,0,0
"MtrNatGas",3,28,21,"",42.9891,0,0,0,37.0614,0,0,0,0,0,0,0,0,0,0,0,0,0,5.02756,0,0.90016,0,0,0,0
"MtrNatGas",3,28,22,"",37.2004,0,0,0,26.8419,0,0,0,0,0,0,0,0,0,0,0,0,0,9.96462,0,0.39382,0,0,0,0
"MtrNatGas",3,28,23,"",12.2665,0,0,0,7.47143,0,0,0,0,0,0,0,0,0,0,0,0,0,4.54194,0,0.25317,0,0,0,0
"MtrNatGas",3,28,24,"",8.89884,0,0,0,8.75819,0,0,0,0,0,0,0,0,0,0,0,0,0,0,0,0.14065,0,0,0,0
"MtrNatGas",3,29,1,"",4.35605,0,0,0,4.2154,0,0,0,0,0,0,0,0,0,0,0,0,0,0,0,0.14065,0,0,0,0
"MtrNatGas",3,29,2,"",2.94975,0,0,0,2.83723,0,0,0,0,0,0,0,0,0,0,0,0,0,0,0,0.11252,0,0,0,0
"MtrNatGas",3,29,3,"",2.92468,0,0,0,2.84029,0,0,0,0,0,0,0,0,0,0,0,0,0,0,0,0.08439,0,0,0,0
"MtrNatGas",3,29,4,"",2.92775,0,0,0,2.84336,0,0,0,0,0,0,0,0,0,0,0,0,0,0,0,0.08439,0,0,0,0
"MtrNatGas",3,29,5,"",2.93037,0,0,0,2.84598,0,0,0,0,0,0,0,0,0,0,0,0,0,0,0,0.08439,0,0,0,0
"MtrNatGas",3,29,6,"",8.83419,0,0,0,8.69354,0,0,0,0,0,0,0,0,0,0,0,0,0,0,0,0.14065,0,0,0,0
"MtrNatGas",3,29,7,"",11.5814,0,0,0,11.3001,0,0,0,0,0,0,0,0,0,0,0,0,0,0,0,0.2813,0,0,0,0
"MtrNatGas",3,29,8,"",34.2941,0,0,0,20.338,0,0,0,0,0,0,0,0,0,0,0,0,0,13.1966,0,0.75951,0,0,0,0
"MtrNatGas",3,29,9,"",60.7853,0,0,0,39.3012,0,0,0,0,0,0,0,0,0,0,0,0,0,20.1339,0,1.35024,0,0,0,0
"MtrNatGas",3,29,10,"",39.4177,0,0,0,25.1803,0,0,0,0,0,0,0,0,0,0,0,0,0,12.8872,0,1.35024,0,0,0,0
"MtrNatGas",3,29,11,"",13.4209,0,0,0,12.127,0,0,0,0,0,0,0,0,0,0,0,0,0,0,0,1.29398,0,0,0,0
"MtrNatGas",3,29,12,"",15.834,0,0,0,14.2868,0,0,0,0,0,0,0,0,0,0,0,0,0,0,0,1.54715,0,0,0,0
"MtrNatGas",3,29,13,"",6.62782,0,0,0,4.85563,0,0,0,0,0,0,0,0,0,0,0,0,0,0,0,1.77219,0,0,0,0
"MtrNatGas",3,29,14,"",7.45193,0,0,0,5.79226,0,0,0,0,0,0,0,0,0,0,0,0,0,0,0,1.65967,0,0,0,0
"MtrNatGas",3,29,15,"",11.4364,0,0,0,9.69236,0,0,0,0,0,0,0,0,0,0,0,0,0,0,0,1.74406,0,0,0,0
"MtrNatGas",3,29,16,"",5.73691,0,0,0,3.82407,0,0,0,0,0,0,0,0,0,0,0,0,0,0,0,1.91284,0,0,0,0
"MtrNatGas",3,29,17,"",18.1528,0,0,0,15.5929,0,0,0,0,0,0,0,0,0,0,0,0,0,0,0,2.55983,0,0,0,0
"MtrNatGas",3,29,18,"",12.7498,0,0,0,8.8397,0,0,0,0,0,0,0,0,0,0,0,0,0,0,0,3.91007,0,0,0,0
"MtrNatGas",3,29,19,"",23.5516,0,0,0,12.22,0,0,0,0,0,0,0,0,0,0,0,0,0,7.70286,0,3.62877,0,0,0,0
"MtrNatGas",3,29,20,"",13.4469,0,0,0,7.85117,0,0,0,0,0,0,0,0,0,0,0,0,0,3.57035,0,2.02536,0,0,0,0
"MtrNatGas",3,29,21,"",13.8336,0,0,0,8.80231,0,0,0,0,0,0,0,0,0,0,0,0,0,4.13114,0,0.90016,0,0,0,0
"MtrNatGas",3,29,22,"",18.9059,0,0,0,18.5121,0,0,0,0,0,0,0,0,0,0,0,0,0,0,0,0.39382,0,0,0,0
"MtrNatGas",3,29,23,"",5.71001,0,0,0,5.45684,0,0,0,0,0,0,0,0,0,0,0,0,0,0,0,0.25317,0,0,0,0
"MtrNatGas",3,29,24,"",5.96532,0,0,0,5.82467,0,0,0,0,0,0,0,0,0,0,0,0,0,0,0,0.14065,0,0,0,0
"MtrNatGas",3,30,1,"",3.29292,0,0,0,3.15227,0,0,0,0,0,0,0,0,0,0,0,0,0,0,0,0.14065,0,0,0,0
"MtrNatGas",3,30,2,"",2.94057,0,0,0,2.82805,0,0,0,0,0,0,0,0,0,0,0,0,0,0,0,0.11252,0,0,0,0
"MtrNatGas",3,30,3,"",5.4043,0,0,0,5.29178,0,0,0,0,0,0,0,0,0,0,0,0,0,0,0,0.11252,0,0,0,0
"MtrNatGas",3,30,4,"",3.10751,0,0,0,2.99499,0,0,0,0,0,0,0,0,0,0,0,0,0,0,0,0.11252,0,0,0,0
"MtrNatGas",3,30,5,"",2.9467,0,0,0,2.83418,0,0,0,0,0,0,0,0,0,0,0,0,0,0,0,0.11252,0,0,0,0
"MtrNatGas",3,30,6,"",4.43465,0,0,0,4.04083,0,0,0,0,0,0,0,0,0,0,0,0,0,0,0,0.39382,0,0,0,0
"MtrNatGas",3,30,7,"",7.0784,0,0,0,6.54393,0,0,0,0,0,0,0,0,0,0,0,0,0,0,0,0.53447,0,0,0,0
"MtrNatGas",3,30,8,"",39.3723,0,0,0,38.6691,0,0,0,0,0,0,0,0,0,0,0,0,0,0,0,0.70325,0,0,0,0
"MtrNatGas",3,30,9,"",29.6096,0,0,0,28.8782,0,0,0,0,0,0,0,0,0,0,0,0,0,0,0,0.73138,0,0,0,0
"MtrNatGas",3,30,10,"",24.0849,0,0,0,23.4661,0,0,0,0,0,0,0,0,0,0,0,0,0,0,0,0.61886,0,0,0,0
"MtrNatGas",3,30,11,"",6.08474,0,0,0,5.49401,0,0,0,0,0,0,0,0,0,0,0,0,0,0,0,0.59073,0,0,0,0
"MtrNatGas",3,30,12,"",4.86468,0,0,0,4.04891,0,0,0,0,0,0,0,0,0,0,0,0,0,0,0,0.81577,0,0,0,0
"MtrNatGas",3,30,13,"",5.6076,0,0,0,4.62305,0,0,0,0,0,0,0,0,0,0,0,0,0,0,0,0.98455,0,0,0,0
"MtrNatGas",3,30,14,"",4.33387,0,0,0,3.43371,0,0,0,0,0,0,0,0,0,0,0,0,0,0,0,0.90016,0,0,0,0
"MtrNatGas",3,30,15,"",3.06819,0,0,0,2.11177,0,0,0,0,0,0,0,0,0,0,0,0,0,0,0,0.95642,0,0,0,0
"MtrNatGas",3,30,16,"",5.92657,0,0,0,1.52249,0,0,0,0,0,0,0,0,0,0,0,0,0,2.94132,0,1.46276,0,0,0,0
"MtrNatGas",3,30,17,"",10.565,0,0,0,2.57111,0,0,0,0,0,0,0,0,0,0,0,0,0,4.75893,0,3.23495,0,0,0,0
"MtrNatGas",3,30,18,"",9.01361,0,0,0,3.58452,0,0,0,0,0,0,0,0,0,0,0,0,0,0,0,5.42909,0,0,0,0
"MtrNatGas",3,30,19,"",9.34174,0,0,0,4.27834,0,0,0,0,0,0,0,0,0,0,0,0,0,0,0,5.0634,0,0,0,0
"MtrNatGas",3,30,20,"",6.85496,0,0,0,4.09822,0,0,0,0,0,0,0,0,0,0,0,0,0,0,0,2.75674,0,0,0,0
"MtrNatGas",3,30,21,"",5.83273,0,0,0,4.65127,0,0,0,0,0,0,0,0,0,0,0,0,0,0,0,1.18146,0,0,0,0
"MtrNatGas",3,30,22,"",6.80567,0,0,0,6.24307,0,0,0,0,0,0,0,0,0,0,0,0,0,0,0,0.5626,0,0,0,0
"MtrNatGas",3,30,23,"",7.38545,0,0,0,7.04789,0,0,0,0,0,0,0,0,0,0,0,0,0,0,0,0.33756,0,0,0,0
"MtrNatGas",3,30,24,"",7.76733,0,0,0,7.48603,0,0,0,0,0,0,0,0,0,0,0,0,0,0,0,0.2813,0,0,0,0
"MtrNatGas",3,31,1,"",4.77793,0,0,0,4.63728,0,0,0,0,0,0,0,0,0,0,0,0,0,0,0,0.14065,0,0,0,0
"MtrNatGas",3,31,2,"",7.86919,0,0,0,7.75667,0,0,0,0,0,0,0,0,0,0,0,0,0,0,0,0.11252,0,0,0,0
"MtrNatGas",3,31,3,"",3.11646,0,0,0,3.03207,0,0,0,0,0,0,0,0,0,0,0,0,0,0,0,0.08439,0,0,0,0
"MtrNatGas",3,31,4,"",2.92775,0,0,0,2.84336,0,0,0,0,0,0,0,0,0,0,0,0,0,0,0,0.08439,0,0,0,0
"MtrNatGas",3,31,5,"",5.3448,0,0,0,5.26041,0,0,0,0,0,0,0,0,0,0,0,0,0,0,0,0.08439,0,0,0,0
"MtrNatGas",3,31,6,"",7.69075,0,0,0,7.5501,0,0,0,0,0,0,0,0,0,0,0,0,0,0,0,0.14065,0,0,0,0
"MtrNatGas",3,31,7,"",29.2301,0,0,0,28.9488,0,0,0,0,0,0,0,0,0,0,0,0,0,0,0,0.2813,0,0,0,0
"MtrNatGas",3,31,8,"",13.2347,0,0,0,12.4752,0,0,0,0,0,0,0,0,0,0,0,0,0,0,0,0.75951,0,0,0,0
"MtrNatGas",3,31,9,"",39.5037,0,0,0,38.1535,0,0,0,0,0,0,0,0,0,0,0,0,0,0,0,1.35024,0,0,0,0
"MtrNatGas",3,31,10,"",45.0548,0,0,0,30.7414,0,0,0,0,0,0,0,0,0,0,0,0,0,12.9632,0,1.35024,0,0,0,0
"MtrNatGas",3,31,11,"",24.769,0,0,0,13.3332,0,0,0,0,0,0,0,0,0,0,0,0,0,10.1419,0,1.29398,0,0,0,0
"MtrNatGas",3,31,12,"",28.6609,0,0,0,21.0018,0,0,0,0,0,0,0,0,0,0,0,0,0,6.1119,0,1.54715,0,0,0,0
"MtrNatGas",3,31,13,"",16.4771,0,0,0,7.30755,0,0,0,0,0,0,0,0,0,0,0,0,0,7.39734,0,1.77219,0,0,0,0
"MtrNatGas",3,31,14,"",12.4129,0,0,0,7.50372,0,0,0,0,0,0,0,0,0,0,0,0,0,3.24953,0,1.65967,0,0,0,0
"MtrNatGas",3,31,15,"",20.6528,0,0,0,10.3347,0,0,0,0,0,0,0,0,0,0,0,0,0,8.57403,0,1.74406,0,0,0,0
"MtrNatGas",3,31,16,"",10.9101,0,0,0,3.52454,0,0,0,0,0,0,0,0,0,0,0,0,0,5.4727,0,1.91284,0,0,0,0
"MtrNatGas",3,31,17,"",7.03201,0,0,0,4.47218,0,0,0,0,0,0,0,0,0,0,0,0,0,0,0,2.55983,0,0,0,0
"MtrNatGas",3,31,18,"",15.2794,0,0,0,11.3693,0,0,0,0,0,0,0,0,0,0,0,0,0,0,0,3.91007,0,0,0,0
"MtrNatGas",3,31,19,"",28.9605,0,0,0,25.3317,0,0,0,0,0,0,0,0,0,0,0,0,0,0,0,3.62877,0,0,0,0
"MtrNatGas",3,31,20,"",21.9615,0,0,0,19.9362,0,0,0,0,0,0,0,0,0,0,0,0,0,0,0,2.02536,0,0,0,0
"MtrNatGas",3,31,21,"",11.6601,0,0,0,10.7599,0,0,0,0,0,0,0,0,0,0,0,0,0,0,0,0.90016,0,0,0,0
"MtrNatGas",3,31,22,"",25.1774,0,0,0,24.7836,0,0,0,0,0,0,0,0,0,0,0,0,0,0,0,0.39382,0,0,0,0
"MtrNatGas",3,31,23,"",10.859,0,0,0,10.6059,0,0,0,0,0,0,0,0,0,0,0,0,0,0,0,0.25317,0,0,0,0
"MtrNatGas",3,31,24,"",5.16712,0,0,0,5.02647,0,0,0,0,0,0,0,0,0,0,0,0,0,0,0,0.14065,0,0,0,0
"MtrNatGas",4,1,1,"",2.94535,0,0,0,2.82893,0,0,0,0,0,0,0,0,0,0,0,0,0,0,0,0.116423,0,0,0,0
"MtrNatGas",4,1,2,"",5.38124,0,0,0,5.2881,0,0,0,0,0,0,0,0,0,0,0,0,0,0,0,0.0931381,0,0,0,0
"MtrNatGas",4,1,3,"",5.31473,0,0,0,5.22159,0,0,0,0,0,0,0,0,0,0,0,0,0,0,0,0.0931381,0,0,0,0
"MtrNatGas",4,1,4,"",2.92294,0,0,0,2.8298,0,0,0,0,0,0,0,0,0,0,0,0,0,0,0,0.0931381,0,0,0,0
"MtrNatGas",4,1,5,"",2.92338,0,0,0,2.83024,0,0,0,0,0,0,0,0,0,0,0,0,0,0,0,0.0931381,0,0,0,0
"MtrNatGas",4,1,6,"",3.15754,0,0,0,2.83155,0,0,0,0,0,0,0,0,0,0,0,0,0,0,0,0.325983,0,0,0,0
"MtrNatGas",4,1,7,"",20.1957,0,0,0,19.7533,0,0,0,0,0,0,0,0,0,0,0,0,0,0,0,0.442406,0,0,0,0
"MtrNatGas",4,1,8,"",28.4224,0,0,0,27.8403,0,0,0,0,0,0,0,0,0,0,0,0,0,0,0,0.582113,0,0,0,0
"MtrNatGas",4,1,9,"",23.9605,0,0,0,23.3551,0,0,0,0,0,0,0,0,0,0,0,0,0,0,0,0.605397,0,0,0,0
"MtrNatGas",4,1,10,"",23.2188,0,0,0,18.3941,0,0,0,0,0,0,0,0,0,0,0,0,0,4.31242,0,0.512259,0,0,0,0
"MtrNatGas",4,1,11,"",8.13435,0,0,0,4.25556,0,0,0,0,0,0,0,0,0,0,0,0,0,3.38981,0,0.488975,0,0,0,0
"MtrNatGas",4,1,12,"",8.44205,0,0,0,7.76679,0,0,0,0,0,0,0,0,0,0,0,0,0,0,0,0.675251,0,0,0,0
"MtrNatGas",4,1,13,"",14.1199,0,0,0,5.60338,0,0,0,0,0,0,0,0,0,0,0,0,0,7.70155,0,0.814958,0,0,0,0
"MtrNatGas",4,1,14,"",4.40576,0,0,0,3.66066,0,0,0,0,0,0,0,0,0,0,0,0,0,0,0,0.745104,0,0,0,0
"MtrNatGas",4,1,15,"",5.68631,0,0,0,4.89463,0,0,0,0,0,0,0,0,0,0,0,0,0,0,0,0.791673,0,0,0,0
"MtrNatGas",4,1,16,"",9.87062,0,0,0,8.65983,0,0,0,0,0,0,0,0,0,0,0,0,0,0,0,1.21079,0,0,0,0
"MtrNatGas",4,1,17,"",9.06957,0,0,0,6.39185,0,0,0,0,0,0,0,0,0,0,0,0,0,0,0,2.67772,0,0,0,0
"MtrNatGas",4,1,18,"",11.2682,0,0,0,6.77424,0,0,0,0,0,0,0,0,0,0,0,0,0,0,0,4.49391,0,0,0,0
"MtrNatGas",4,1,19,"",18.2063,0,0,0,14.0151,0,0,0,0,0,0,0,0,0,0,0,0,0,0,0,4.19121,0,0,0,0
"MtrNatGas",4,1,20,"",13.2464,0,0,0,10.9645,0,0,0,0,0,0,0,0,0,0,0,0,0,0,0,2.28188,0,0,0,0
"MtrNatGas",4,1,21,"",15.3241,0,0,0,14.3462,0,0,0,0,0,0,0,0,0,0,0,0,0,0,0,0.977949,0,0,0,0
"MtrNatGas",4,1,22,"",12.7071,0,0,0,12.2414,0,0,0,0,0,0,0,0,0,0,0,0,0,0,0,0.46569,0,0,0,0
"MtrNatGas",4,1,23,"",17.1872,0,0,0,16.9078,0,0,0,0,0,0,0,0,0,0,0,0,0,0,0,0.279414,0,0,0,0
"MtrNatGas",4,1,24,"",6.10412,0,0,0,5.87127,0,0,0,0,0,0,0,0,0,0,0,0,0,0,0,0.232845,0,0,0,0
"MtrNatGas",4,2,1,"",2.94448,0,0,0,2.82806,0,0,0,0,0,0,0,0,0,0,0,0,0,0,0,0.116423,0,0,0,0
"MtrNatGas",4,2,2,"",2.92207,0,0,0,2.82893,0,0,0,0,0,0,0,0,0,0,0,0,0,0,0,0.0931381,0,0,0,0
"MtrNatGas",4,2,3,"",3.17326,0,0,0,3.08013,0,0,0,0,0,0,0,0,0,0,0,0,0,0,0,0.0931381,0,0,0,0
"MtrNatGas",4,2,4,"",2.92338,0,0,0,2.83024,0,0,0,0,0,0,0,0,0,0,0,0,0,0,0,0.0931381,0,0,0,0
"MtrNatGas",4,2,5,"",4.16207,0,0,0,4.06893,0,0,0,0,0,0,0,0,0,0,0,0,0,0,0,0.0931381,0,0,0,0
"MtrNatGas",4,2,6,"",8.54246,0,0,0,8.21648,0,0,0,0,0,0,0,0,0,0,0,0,0,0,0,0.325983,0,0,0,0
"MtrNatGas",4,2,7,"",7.79874,0,0,0,7.35633,0,0,0,0,0,0,0,0,0,0,0,0,0,0,0,0.442406,0,0,0,0
"MtrNatGas",4,2,8,"",25.0873,0,0,0,24.5052,0,0,0,0,0,0,0,0,0,0,0,0,0,0,0,0.582113,0,0,0,0
"MtrNatGas",4,2,9,"",54.8217,0,0,0,46.5157,0,0,0,0,0,0,0,0,0,0,0,0,0,7.70058,0,0.605397,0,0,0,0
"MtrNatGas",4,2,10,"",21.8832,0,0,0,21.3709,0,0,0,0,0,0,0,0,0,0,0,0,0,0,0,0.512259,0,0,0,0
"MtrNatGas",4,2,11,"",19.2989,0,0,0,14.6481,0,0,0,0,0,0,0,0,0,0,0,0,0,4.16181,0,0.488975,0,0,0,0
"MtrNatGas",4,2,12,"",23.364,0,0,0,11.4485,0,0,0,0,0,0,0,0,0,0,0,0,0,11.2403,0,0.675251,0,0,0,0
"MtrNatGas",4,2,13,"",13.2942,0,0,0,4.77774,0,0,0,0,0,0,0,0,0,0,0,0,0,7.70155,0,0.814958,0,0,0,0
"MtrNatGas",4,2,14,"",9.80747,0,0,0,9.06236,0,0,0,0,0,0,0,0,0,0,0,0,0,0,0,0.745104,0,0,0,0
"MtrNatGas",4,2,15,"",16.0508,0,0,0,7.55847,0,0,0,0,0,0,0,0,0,0,0,0,0,7.7007,0,0.791673,0,0,0,0
"MtrNatGas",4,2,16,"",15.0355,0,0,0,10.8834,0,0,0,0,0,0,0,0,0,0,0,0,0,2.94132,0,1.21079,0,0,0,0
"MtrNatGas",4,2,17,"",26.0614,0,0,0,10.9223,0,0,0,0,0,0,0,0,0,0,0,0,0,12.4614,0,2.67772,0,0,0,0
"MtrNatGas",4,2,18,"",21.1031,0,0,0,8.9088,0,0,0,0,0,0,0,0,0,0,0,0,0,7.70039,0,4.49391,0,0,0,0
"MtrNatGas",4,2,19,"",32.9188,0,0,0,21.0262,0,0,0,0,0,0,0,0,0,0,0,0,0,7.70148,0,4.19121,0,0,0,0
"MtrNatGas",4,2,20,"",16.5252,0,0,0,14.2433,0,0,0,0,0,0,0,0,0,0,0,0,0,0,0,2.28188,0,0,0,0
"MtrNatGas",4,2,21,"",14.5345,0,0,0,13.5565,0,0,0,0,0,0,0,0,0,0,0,0,0,0,0,0.977949,0,0,0,0
"MtrNatGas",4,2,22,"",10.2388,0,0,0,9.77312,0,0,0,0,0,0,0,0,0,0,0,0,0,0,0,0.46569,0,0,0,0
"MtrNatGas",4,2,23,"",4.91989,0,0,0,4.64047,0,0,0,0,0,0,0,0,0,0,0,0,0,0,0,0.279414,0,0,0,0
"MtrNatGas",4,2,24,"",6.44408,0,0,0,6.21124,0,0,0,0,0,0,0,0,0,0,0,0,0,0,0,0.232845,0,0,0,0
"MtrNatGas",4,3,1,"",4.58304,0,0,0,4.46662,0,0,0,0,0,0,0,0,0,0,0,0,0,0,0,0.116423,0,0,0,0
"MtrNatGas",4,3,2,"",3.2502,0,0,0,3.15706,0,0,0,0,0,0,0,0,0,0,0,0,0,0,0,0.0931381,0,0,0,0
"MtrNatGas",4,3,3,"",3.17304,0,0,0,3.0799,0,0,0,0,0,0,0,0,0,0,0,0,0,0,0,0.0931381,0,0,0,0
"MtrNatGas",4,3,4,"",3.33649,0,0,0,3.24335,0,0,0,0,0,0,0,0,0,0,0,0,0,0,0,0.0931381,0,0,0,0
"MtrNatGas",4,3,5,"",3.34574,0,0,0,3.2526,0,0,0,0,0,0,0,0,0,0,0,0,0,0,0,0.0931381,0,0,0,0
"MtrNatGas",4,3,6,"",3.33214,0,0,0,3.00616,0,0,0,0,0,0,0,0,0,0,0,0,0,0,0,0.325983,0,0,0,0
"MtrNatGas",4,3,7,"",6.3426,0,0,0,5.9002,0,0,0,0,0,0,0,0,0,0,0,0,0,0,0,0.442406,0,0,0,0
"MtrNatGas",4,3,8,"",10.3132,0,0,0,9.73114,0,0,0,0,0,0,0,0,0,0,0,0,0,0,0,0.582113,0,0,0,0
"MtrNatGas",4,3,9,"",21.1177,0,0,0,20.5123,0,0,0,0,0,0,0,0,0,0,0,0,0,0,0,0.605397,0,0,0,0
"MtrNatGas",4,3,10,"",25.0297,0,0,0,22.0091,0,0,0,0,0,0,0,0,0,0,0,0,0,2.50833,0,0.512259,0,0,0,0
"MtrNatGas",4,3,11,"",23.9923,0,0,0,6.44796,0,0,0,0,0,0,0,0,0,0,0,0,0,17.0553,0,0.488975,0,0,0,0
"MtrNatGas",4,3,12,"",7.92997,0,0,0,3.71536,0,0,0,0,0,0,0,0,0,0,0,0,0,3.53936,0,0.675251,0,0,0,0
"MtrNatGas",4,3,13,"",4.49548,0,0,0,3.68052,0,0,0,0,0,0,0,0,0,0,0,0,0,0,0,0.814958,0,0,0,0
"MtrNatGas",4,3,14,"",4.08641,0,0,0,3.3413,0,0,0,0,0,0,0,0,0,0,0,0,0,0,0,0.745104,0,0,0,0
"MtrNatGas",4,3,15,"",16.6396,0,0,0,15.8479,0,0,0,0,0,0,0,0,0,0,0,0,0,0,0,0.791673,0,0,0,0
"MtrNatGas",4,3,16,"",10.0132,0,0,0,8.80237,0,0,0,0,0,0,0,0,0,0,0,0,0,0,0,1.21079,0,0,0,0
"MtrNatGas",4,3,17,"",11.8982,0,0,0,9.22051,0,0,0,0,0,0,0,0,0,0,0,0,0,0,0,2.67772,0,0,0,0
"MtrNatGas",4,3,18,"",14.4157,0,0,0,9.9218,0,0,0,0,0,0,0,0,0,0,0,0,0,0,0,4.49391,0,0,0,0
"MtrNatGas",4,3,19,"",11.8488,0,0,0,7.65762,0,0,0,0,0,0,0,0,0,0,0,0,0,0,0,4.19121,0,0,0,0
"MtrNatGas",4,3,20,"",14.2451,0,0,0,11.9632,0,0,0,0,0,0,0,0,0,0,0,0,0,0,0,2.28188,0,0,0,0
"MtrNatGas",4,3,21,"",5.20299,0,0,0,4.22504,0,0,0,0,0,0,0,0,0,0,0,0,0,0,0,0.977949,0,0,0,0
"MtrNatGas",4,3,22,"",16.1158,0,0,0,15.6501,0,0,0,0,0,0,0,0,0,0,0,0,0,0,0,0.46569,0,0,0,0
"MtrNatGas",4,3,23,"",7.36236,0,0,0,7.08295,0,0,0,0,0,0,0,0,0,0,0,0,0,0,0,0.279414,0,0,0,0
"MtrNatGas",4,3,24,"",4.8577,0,0,0,4.62485,0,0,0,0,0,0,0,0,0,0,0,0,0,0,0,0.232845,0,0,0,0
"MtrNatGas",4,4,1,"",3.71224,0,0,0,3.59582,0,0,0,0,0,0,0,0,0,0,0,0,0,0,0,0.116423,0,0,0,0
"MtrNatGas",4,4,2,"",2.93781,0,0,0,2.84467,0,0,0,0,0,0,0,0,0,0,0,0,0,0,0,0.0931381,0,0,0,0
"MtrNatGas",4,4,3,"",3.97539,0,0,0,3.90553,0,0,0,0,0,0,0,0,0,0,0,0,0,0,0,0.0698535,0,0,0,0
"MtrNatGas",4,4,4,"",2.91671,0,0,0,2.84686,0,0,0,0,0,0,0,0,0,0,0,0,0,0,0,0.0698535,0,0,0,0
"MtrNatGas",4,4,5,"",2.91758,0,0,0,2.84773,0,0,0,0,0,0,0,0,0,0,0,0,0,0,0,0.0698535,0,0,0,0
"MtrNatGas",4,4,6,"",3.78585,0,0,0,3.66943,0,0,0,0,0,0,0,0,0,0,0,0,0,0,0,0.116423,0,0,0,0
"MtrNatGas",4,4,7,"",12.0835,0,0,0,11.8507,0,0,0,0,0,0,0,0,0,0,0,0,0,0,0,0.232845,0,0,0,0
"MtrNatGas",4,4,8,"",21.3248,0,0,0,20.6961,0,0,0,0,0,0,0,0,0,0,0,0,0,0,0,0.628682,0,0,0,0
"MtrNatGas",4,4,9,"",22.796,0,0,0,21.6784,0,0,0,0,0,0,0,0,0,0,0,0,0,0,0,1.11766,0,0,0,0
"MtrNatGas",4,4,10,"",30.0089,0,0,0,28.8912,0,0,0,0,0,0,0,0,0,0,0,0,0,0,0,1.11766,0,0,0,0
"MtrNatGas",4,4,11,"",45.748,0,0,0,41.2388,0,0,0,0,0,0,0,0,0,0,0,0,0,3.4381,0,1.07109,0,0,0,0
"MtrNatGas",4,4,12,"",57.8819,0,0,0,33.7966,0,0,0,0,0,0,0,0,0,0,0,0,0,22.8047,0,1.28065,0,0,0,0
"MtrNatGas",4,4,13,"",20.2748,0,0,0,14.2396,0,0,0,0,0,0,0,0,0,0,0,0,0,4.56828,0,1.46692,0,0,0,0
"MtrNatGas",4,4,14,"",31.3448,0,0,0,18.5295,0,0,0,0,0,0,0,0,0,0,0,0,0,11.4415,0,1.37379,0,0,0,0
"MtrNatGas",4,4,15,"",10.4197,0,0,0,5.01598,0,0,0,0,0,0,0,0,0,0,0,0,0,3.96011,0,1.44364,0,0,0,0
"MtrNatGas",4,4,16,"",5.00747,0,0,0,3.42413,0,0,0,0,0,0,0,0,0,0,0,0,0,0,0,1.58335,0,0,0,0
"MtrNatGas",4,4,17,"",8.77872,0,0,0,6.65983,0,0,0,0,0,0,0,0,0,0,0,0,0,0,0,2.11889,0,0,0,0
"MtrNatGas",4,4,18,"",25.9478,0,0,0,22.7113,0,0,0,0,0,0,0,0,0,0,0,0,0,0,0,3.23655,0,0,0,0
"MtrNatGas",4,4,19,"",17.2488,0,0,0,14.2451,0,0,0,0,0,0,0,0,0,0,0,0,0,0,0,3.0037,0,0,0,0
"MtrNatGas",4,4,20,"",14.9914,0,0,0,13.315,0,0,0,0,0,0,0,0,0,0,0,0,0,0,0,1.67648,0,0,0,0
"MtrNatGas",4,4,21,"",16.1605,0,0,0,15.4154,0,0,0,0,0,0,0,0,0,0,0,0,0,0,0,0.745104,0,0,0,0
"MtrNatGas",4,4,22,"",9.98009,0,0,0,9.6541,0,0,0,0,0,0,0,0,0,0,0,0,0,0,0,0.325983,0,0,0,0
"MtrNatGas",4,4,23,"",5.92753,0,0,0,5.71797,0,0,0,0,0,0,0,0,0,0,0,0,0,0,0,0.209561,0,0,0,0
"MtrNatGas",4,4,24,"",3.50116,0,0,0,3.38474,0,0,0,0,0,0,0,0,0,0,0,0,0,0,0,0.116423,0,0,0,0
"MtrNatGas",4,5,1,"",4.66363,0,0,0,4.5472,0,0,0,0,0,0,0,0,0,0,0,0,0,0,0,0.116423,0,0,0,0
"MtrNatGas",4,5,2,"",3.45449,0,0,0,3.36135,0,0,0,0,0,0,0,0,0,0,0,0,0,0,0,0.0931381,0,0,0,0
"MtrNatGas",4,5,3,"",6.1714,0,0,0,6.10155,0,0,0,0,0,0,0,0,0,0,0,0,0,0,0,0.0698535,0,0,0,0
"MtrNatGas",4,5,4,"",5.64167,0,0,0,5.57181,0,0,0,0,0,0,0,0,0,0,0,0,0,0,0,0.0698535,0,0,0,0
"MtrNatGas",4,5,5,"",3.55204,0,0,0,3.48219,0,0,0,0,0,0,0,0,0,0,0,0,0,0,0,0.0698535,0,0,0,0
"MtrNatGas",4,5,6,"",3.64966,0,0,0,3.53324,0,0,0,0,0,0,0,0,0,0,0,0,0,0,0,0.116423,0,0,0,0
"MtrNatGas",4,5,7,"",3.72232,0,0,0,3.48947,0,0,0,0,0,0,0,0,0,0,0,0,0,0,0,0.232845,0,0,0,0
"MtrNatGas",4,5,8,"",4.92319,0,0,0,4.29451,0,0,0,0,0,0,0,0,0,0,0,0,0,0,0,0.628682,0,0,0,0
"MtrNatGas",4,5,9,"",20.7385,0,0,0,19.6208,0,0,0,0,0,0,0,0,0,0,0,0,0,0,0,1.11766,0,0,0,0
"MtrNatGas",4,5,10,"",47.5279,0,0,0,38.7087,0,0,0,0,0,0,0,0,0,0,0,0,0,7.70149,0,1.11766,0,0,0,0
"MtrNatGas",4,5,11,"",35.619,0,0,0,17.3345,0,0,0,0,0,0,0,0,0,0,0,0,0,17.2134,0,1.07109,0,0,0,0
"MtrNatGas",4,5,12,"",47.8109,0,0,0,25.1111,0,0,0,0,0,0,0,0,0,0,0,0,0,21.4192,0,1.28065,0,0,0,0
"MtrNatGas",4,5,13,"",24.1806,0,0,0,8.92909,0,0,0,0,0,0,0,0,0,0,0,0,0,13.7846,0,1.46692,0,0,0,0
"MtrNatGas",4,5,14,"",12.5842,0,0,0,9.71401,0,0,0,0,0,0,0,0,0,0,0,0,0,1.49641,0,1.37379,0,0,0,0
"MtrNatGas",4,5,15,"",10.7205,0,0,0,9.27683,0,0,0,0,0,0,0,0,0,0,0,0,0,0,0,1.44364,0,0,0,0
"MtrNatGas",4,5,16,"",11.387,0,0,0,9.80368,0,0,0,0,0,0,0,0,0,0,0,0,0,0,0,1.58335,0,0,0,0
"MtrNatGas",4,5,17,"",11.975,0,0,0,9.85606,0,0,0,0,0,0,0,0,0,0,0,0,0,0,0,2.11889,0,0,0,0
"MtrNatGas",4,5,18,"",15.9873,0,0,0,12.7508,0,0,0,0,0,0,0,0,0,0,0,0,0,0,0,3.23655,0,0,0,0
"MtrNatGas",4,5,19,"",25.5177,0,0,0,22.514,0,0,0,0,0,0,0,0,0,0,0,0,0,0,0,3.0037,0,0,0,0
"MtrNatGas",4,5,20,"",22.0024,0,0,0,20.3259,0,0,0,0,0,0,0,0,0,0,0,0,0,0,0,1.67648,0,0,0,0
"MtrNatGas",4,5,21,"",16.0183,0,0,0,15.2732,0,0,0,0,0,0,0,0,0,0,0,0,0,0,0,0.745104,0,0,0,0
"MtrNatGas",4,5,22,"",15.4425,0,0,0,15.1165,0,0,0,0,0,0,0,0,0,0,0,0,0,0,0,0.325983,0,0,0,0
"MtrNatGas",4,5,23,"",12.5086,0,0,0,4.59828,0,0,0,0,0,0,0,0,0,0,0,0,0,7.70077,0,0.209561,0,0,0,0
"MtrNatGas",4,5,24,"",11.2665,0,0,0,11.1501,0,0,0,0,0,0,0,0,0,0,0,0,0,0,0,0.116423,0,0,0,0
"MtrNatGas",4,6,1,"",7.31757,0,0,0,7.20115,0,0,0,0,0,0,0,0,0,0,0,0,0,0,0,0.116423,0,0,0,0
"MtrNatGas",4,6,2,"",10.792,0,0,0,2.99727,0,0,0,0,0,0,0,0,0,0,0,0,0,7.7016,0,0.0931381,0,0,0,0
"MtrNatGas",4,6,3,"",2.92644,0,0,0,2.8333,0,0,0,0,0,0,0,0,0,0,0,0,0,0,0,0.0931381,0,0,0,0
"MtrNatGas",4,6,4,"",2.926,0,0,0,2.83286,0,0,0,0,0,0,0,0,0,0,0,0,0,0,0,0.0931381,0,0,0,0
"MtrNatGas",4,6,5,"",2.92512,0,0,0,2.83199,0,0,0,0,0,0,0,0,0,0,0,0,0,0,0,0.0931381,0,0,0,0
"MtrNatGas",4,6,6,"",5.58046,0,0,0,5.25447,0,0,0,0,0,0,0,0,0,0,0,0,0,0,0,0.325983,0,0,0,0
"MtrNatGas",4,6,7,"",23.5181,0,0,0,23.0757,0,0,0,0,0,0,0,0,0,0,0,0,0,0,0,0.442406,0,0,0,0
"MtrNatGas",4,6,8,"",30.037,0,0,0,29.4548,0,0,0,0,0,0,0,0,0,0,0,0,0,0,0,0.582113,0,0,0,0
"MtrNatGas",4,6,9,"",19.5367,0,0,0,18.9313,0,0,0,0,0,0,0,0,0,0,0,0,0,0,0,0.605397,0,0,0,0
"MtrNatGas",4,6,10,"",24.4289,0,0,0,13.7089,0,0,0,0,0,0,0,0,0,0,0,0,0,10.2077,0,0.512259,0,0,0,0
"MtrNatGas",4,6,11,"",10.944,0,0,0,5.26078,0,0,0,0,0,0,0,0,0,0,0,0,0,5.19421,0,0.488975,0,0,0,0
"MtrNatGas",4,6,12,"",15.8197,0,0,0,15.1444,0,0,0,0,0,0,0,0,0,0,0,0,0,0,0,0.675251,0,0,0,0
"MtrNatGas",4,6,13,"",16.6871,0,0,0,15.8722,0,0,0,0,0,0,0,0,0,0,0,0,0,0,0,0.814958,0,0,0,0
"MtrNatGas",4,6,14,"",19.3028,0,0,0,12.459,0,0,0,0,0,0,0,0,0,0,0,0,0,6.09871,0,0.745104,0,0,0,0
"MtrNatGas",4,6,15,"",23.036,0,0,0,5.23745,0,0,0,0,0,0,0,0,0,0,0,0,0,17.0069,0,0.791673,0,0,0,0
"MtrNatGas",4,6,16,"",9.38439,0,0,0,5.23228,0,0,0,0,0,0,0,0,0,0,0,0,0,2.94132,0,1.21079,0,0,0,0
"MtrNatGas",4,6,17,"",17.169,0,0,0,9.73233,0,0,0,0,0,0,0,0,0,0,0,0,0,4.75893,0,2.67772,0,0,0,0
"MtrNatGas",4,6,18,"",14.0508,0,0,0,9.55692,0,0,0,0,0,0,0,0,0,0,0,0,0,0,0,4.49391,0,0,0,0
"MtrNatGas",4,6,19,"",22.2553,0,0,0,14.0192,0,0,0,0,0,0,0,0,0,0,0,0,0,4.04487,0,4.19121,0,0,0,0
"MtrNatGas",4,6,20,"",16.8442,0,0,0,10.9041,0,0,0,0,0,0,0,0,0,0,0,0,0,3.65827,0,2.28188,0,0,0,0
"MtrNatGas",4,6,21,"",18.6719,0,0,0,17.6939,0,0,0,0,0,0,0,0,0,0,0,0,0,0,0,0.977949,0,0,0,0
"MtrNatGas",4,6,22,"",18.2281,0,0,0,17.7624,0,0,0,0,0,0,0,0,0,0,0,0,0,0,0,0.46569,0,0,0,0
"MtrNatGas",4,6,23,"",13.1363,0,0,0,5.15527,0,0,0,0,0,0,0,0,0,0,0,0,0,7.7016,0,0.279414,0,0,0,0
"MtrNatGas",4,6,24,"",6.5602,0,0,0,6.32735,0,0,0,0,0,0,0,0,0,0,0,0,0,0,0,0.232845,0,0,0,0
"MtrNatGas",4,7,1,"",3.66846,0,0,0,3.55204,0,0,0,0,0,0,0,0,0,0,0,0,0,0,0,0.116423,0,0,0,0
"MtrNatGas",4,7,2,"",3.42317,0,0,0,3.33003,0,0,0,0,0,0,0,0,0,0,0,0,0,0,0,0.0931381,0,0,0,0
"MtrNatGas",4,7,3,"",4.22968,0,0,0,4.13654,0,0,0,0,0,0,0,0,0,0,0,0,0,0,0,0.0931381,0,0,0,0
"MtrNatGas",4,7,4,"",3.63432,0,0,0,3.54118,0,0,0,0,0,0,0,0,0,0,0,0,0,0,0,0.0931381,0,0,0,0
"MtrNatGas",4,7,5,"",3.02524,0,0,0,2.9321,0,0,0,0,0,0,0,0,0,0,0,0,0,0,0,0.0931381,0,0,0,0
"MtrNatGas",4,7,6,"",9.9897,0,0,0,9.66371,0,0,0,0,0,0,0,0,0,0,0,0,0,0,0,0.325983,0,0,0,0
"MtrNatGas",4,7,7,"",11.3165,0,0,0,10.8741,0,0,0,0,0,0,0,0,0,0,0,0,0,0,0,0.442406,0,0,0,0
"MtrNatGas",4,7,8,"",30.4186,0,0,0,29.8365,0,0,0,0,0,0,0,0,0,0,0,0,0,0,0,0.582113,0,0,0,0
"MtrNatGas",4,7,9,"",57.5176,0,0,0,56.9122,0,0,0,0,0,0,0,0,0,0,0,0,0,0,0,0.605397,0,0,0,0
"MtrNatGas",4,7,10,"",27.8328,0,0,0,24.8122,0,0,0,0,0,0,0,0,0,0,0,0,0,2.50833,0,0.512259,0,0,0,0
"MtrNatGas",4,7,11,"",10.9376,0,0,0,5.25445,0,0,0,0,0,0,0,0,0,0,0,0,0,5.19421,0,0.488975,0,0,0,0
"MtrNatGas",4,7,12,"",18.7385,0,0,0,18.0632,0,0,0,0,0,0,0,0,0,0,0,0,0,0,0,0.675251,0,0,0,0
"MtrNatGas",4,7,13,"",24.9326,0,0,0,8.71455,0,0,0,0,0,0,0,0,0,0,0,0,0,15.4031,0,0.814958,0,0,0,0
"MtrNatGas",4,7,14,"",4.87553,0,0,0,4.13043,0,0,0,0,0,0,0,0,0,0,0,0,0,0,0,0.745104,0,0,0,0
"MtrNatGas",4,7,15,"",3.96816,0,0,0,3.17649,0,0,0,0,0,0,0,0,0,0,0,0,0,0,0,0.791673,0,0,0,0
"MtrNatGas",4,7,16,"",4.90184,0,0,0,3.69105,0,0,0,0,0,0,0,0,0,0,0,0,0,0,0,1.21079,0,0,0,0
"MtrNatGas",4,7,17,"",6.01089,0,0,0,3.33317,0,0,0,0,0,0,0,0,0,0,0,0,0,0,0,2.67772,0,0,0,0
"MtrNatGas",4,7,18,"",7.90234,0,0,0,3.40843,0,0,0,0,0,0,0,0,0,0,0,0,0,0,0,4.49391,0,0,0,0
"MtrNatGas",4,7,19,"",20.3888,0,0,0,16.1976,0,0,0,0,0,0,0,0,0,0,0,0,0,0,0,4.19121,0,0,0,0
"MtrNatGas",4,7,20,"",8.37986,0,0,0,6.09797,0,0,0,0,0,0,0,0,0,0,0,0,0,0,0,2.28188,0,0,0,0
"MtrNatGas",4,7,21,"",25.9628,0,0,0,24.9848,0,0,0,0,0,0,0,0,0,0,0,0,0,0,0,0.977949,0,0,0,0
"MtrNatGas",4,7,22,"",14.643,0,0,0,14.1773,0,0,0,0,0,0,0,0,0,0,0,0,0,0,0,0.46569,0,0,0,0
"MtrNatGas",4,7,23,"",13.9087,0,0,0,6.1935,0,0,0,0,0,0,0,0,0,0,0,0,0,7.43576,0,0.279414,0,0,0,0
"MtrNatGas",4,7,24,"",4.44875,0,0,0,3.94951,0,0,0,0,0,0,0,0,0,0,0,0,0,0.266395,0,0.232845,0,0,0,0
"MtrNatGas",4,8,1,"",4.72669,0,0,0,4.61027,0,0,0,0,0,0,0,0,0,0,0,0,0,0,0,0.116423,0,0,0,0
"MtrNatGas",4,8,2,"",2.94699,0,0,0,2.85385,0,0,0,0,0,0,0,0,0,0,0,0,0,0,0,0.0931381,0,0,0,0
"MtrNatGas",4,8,3,"",4.266,0,0,0,4.17286,0,0,0,0,0,0,0,0,0,0,0,0,0,0,0,0.0931381,0,0,0,0
"MtrNatGas",4,8,4,"",3.11091,0,0,0,3.01777,0,0,0,0,0,0,0,0,0,0,0,0,0,0,0,0.0931381,0,0,0,0
"MtrNatGas",4,8,5,"",2.95005,0,0,0,2.85691,0,0,0,0,0,0,0,0,0,0,0,0,0,0,0,0.0931381,0,0,0,0
"MtrNatGas",4,8,6,"",3.5307,0,0,0,3.20471,0,0,0,0,0,0,0,0,0,0,0,0,0,0,0,0.325983,0,0,0,0
"MtrNatGas",4,8,7,"",8.79489,0,0,0,8.35249,0,0,0,0,0,0,0,0,0,0,0,0,0,0,0,0.442406,0,0,0,0
"MtrNatGas",4,8,8,"",59.5325,0,0,0,58.9504,0,0,0,0,0,0,0,0,0,0,0,0,0,0,0,0.582113,0,0,0,0
"MtrNatGas",4,8,9,"",14.8557,0,0,0,14.2503,0,0,0,0,0,0,0,0,0,0,0,0,0,0,0,0.605397,0,0,0,0
"MtrNatGas",4,8,10,"",33.5943,0,0,0,33.082,0,0,0,0,0,0,0,0,0,0,0,0,0,0,0,0.512259,0,0,0,0
"MtrNatGas",4,8,11,"",9.33907,0,0,0,8.85009,0,0,0,0,0,0,0,0,0,0,0,0,0,0,0,0.488975,0,0,0,0
"MtrNatGas",4,8,12,"",22.0165,0,0,0,13.5973,0,0,0,0,0,0,0,0,0,0,0,0,0,7.74396,0,0.675251,0,0,0,0
"MtrNatGas",4,8,13,"",19.876,0,0,0,7.40156,0,0,0,0,0,0,0,0,0,0,0,0,0,11.6595,0,0.814958,0,0,0,0
"MtrNatGas",4,8,14,"",16.0121,0,0,0,3.87113,0,0,0,0,0,0,0,0,0,0,0,0,0,11.3958,0,0.745104,0,0,0,0
"MtrNatGas",4,8,15,"",4.1156,0,0,0,3.32393,0,0,0,0,0,0,0,0,0,0,0,0,0,0,0,0.791673,0,0,0,0
"MtrNatGas",4,8,16,"",7.01301,0,0,0,5.80221,0,0,0,0,0,0,0,0,0,0,0,0,0,0,0,1.21079,0,0,0,0
"MtrNatGas",4,8,17,"",9.08226,0,0,0,6.40454,0,0,0,0,0,0,0,0,0,0,0,0,0,0,0,2.67772,0,0,0,0
"MtrNatGas",4,8,18,"",20.0332,0,0,0,15.5393,0,0,0,0,0,0,0,0,0,0,0,0,0,0,0,4.49391,0,0,0,0
"MtrNatGas",4,8,19,"",28.321,0,0,0,20.2861,0,0,0,0,0,0,0,0,0,0,0,0,0,3.84377,0,4.19121,0,0,0,0
"MtrNatGas",4,8,20,"",22.9502,0,0,0,9.117,0,0,0,0,0,0,0,0,0,0,0,0,0,11.5513,0,2.28188,0,0,0,0
"MtrNatGas",4,8,21,"",21.2891,0,0,0,20.3111,0,0,0,0,0,0,0,0,0,0,0,0,0,0,0,0.977949,0,0,0,0
"MtrNatGas",4,8,22,"",13.5675,0,0,0,13.1019,0,0,0,0,0,0,0,0,0,0,0,0,0,0,0,0.46569,0,0,0,0
"MtrNatGas",4,8,23,"",6.82868,0,0,0,6.54927,0,0,0,0,0,0,0,0,0,0,0,0,0,0,0,0.279414,0,0,0,0
"MtrNatGas",4,8,24,"",9.5459,0,0,0,9.31305,0,0,0,0,0,0,0,0,0,0,0,0,0,0,0,0.232845,0,0,0,0
"MtrNatGas",4,9,1,"",7.02788,0,0,0,6.91145,0,0,0,0,0,0,0,0,0,0,0,0,0,0,0,0.116423,0,0,0,0
"MtrNatGas",4,9,2,"",10.8384,0,0,0,3.04368,0,0,0,0,0,0,0,0,0,0,0,0,0,7.7016,0,0.0931381,0,0,0,0
"MtrNatGas",4,9,3,"",3.32807,0,0,0,3.23494,0,0,0,0,0,0,0,0,0,0,0,0,0,0,0,0.0931381,0,0,0,0
"MtrNatGas",4,9,4,"",2.96098,0,0,0,2.86784,0,0,0,0,0,0,0,0,0,0,0,0,0,0,0,0.0931381,0,0,0,0
"MtrNatGas",4,9,5,"",4.22263,0,0,0,4.12949,0,0,0,0,0,0,0,0,0,0,0,0,0,0,0,0.0931381,0,0,0,0
"MtrNatGas",4,9,6,"",12.1226,0,0,0,11.7967,0,0,0,0,0,0,0,0,0,0,0,0,0,0,0,0.325983,0,0,0,0
"MtrNatGas",4,9,7,"",28.2654,0,0,0,27.823,0,0,0,0,0,0,0,0,0,0,0,0,0,0,0,0.442406,0,0,0,0
"MtrNatGas",4,9,8,"",41.1334,0,0,0,32.8482,0,0,0,0,0,0,0,0,0,0,0,0,0,7.70312,0,0.582113,0,0,0,0
"MtrNatGas",4,9,9,"",19.7827,0,0,0,11.4767,0,0,0,0,0,0,0,0,0,0,0,0,0,7.70058,0,0.605397,0,0,0,0
"MtrNatGas",4,9,10,"",12.5268,0,0,0,7.70214,0,0,0,0,0,0,0,0,0,0,0,0,0,4.31242,0,0.512259,0,0,0,0
"MtrNatGas",4,9,11,"",15.6867,0,0,0,11.8079,0,0,0,0,0,0,0,0,0,0,0,0,0,3.38981,0,0.488975,0,0,0,0
"MtrNatGas",4,9,12,"",18.7878,0,0,0,10.4116,0,0,0,0,0,0,0,0,0,0,0,0,0,7.70093,0,0.675251,0,0,0,0
"MtrNatGas",4,9,13,"",9.9818,0,0,0,9.16684,0,0,0,0,0,0,0,0,0,0,0,0,0,0,0,0.814958,0,0,0,0
"MtrNatGas",4,9,14,"",6.32902,0,0,0,5.58391,0,0,0,0,0,0,0,0,0,0,0,0,0,0,0,0.745104,0,0,0,0
"MtrNatGas",4,9,15,"",21.5002,0,0,0,16.7841,0,0,0,0,0,0,0,0,0,0,0,0,0,3.92445,0,0.791673,0,0,0,0
"MtrNatGas",4,9,16,"",24.5459,0,0,0,11.9214,0,0,0,0,0,0,0,0,0,0,0,0,0,11.4137,0,1.21079,0,0,0,0
"MtrNatGas",4,9,17,"",23.0555,0,0,0,12.6126,0,0,0,0,0,0,0,0,0,0,0,0,0,7.76513,0,2.67772,0,0,0,0
"MtrNatGas",4,9,18,"",11.9935,0,0,0,7.49956,0,0,0,0,0,0,0,0,0,0,0,0,0,0,0,4.49391,0,0,0,0
"MtrNatGas",4,9,19,"",14.38,0,0,0,10.1888,0,0,0,0,0,0,0,0,0,0,0,0,0,0,0,4.19121,0,0,0,0
"MtrNatGas",4,9,20,"",28.5809,0,0,0,18.5983,0,0,0,0,0,0,0,0,0,0,0,0,0,7.70077,0,2.28188,0,0,0,0
"MtrNatGas",4,9,21,"",15.6269,0,0,0,14.6489,0,0,0,0,0,0,0,0,0,0,0,0,0,0,0,0.977949,0,0,0,0
"MtrNatGas",4,9,22,"",14.0281,0,0,0,13.5624,0,0,0,0,0,0,0,0,0,0,0,0,0,0,0,0.46569,0,0,0,0
"MtrNatGas",4,9,23,"",14.767,0,0,0,6.78598,0,0,0,0,0,0,0,0,0,0,0,0,0,7.7016,0,0.279414,0,0,0,0
"MtrNatGas",4,9,24,"",5.67136,0,0,0,5.43851,0,0,0,0,0,0,0,0,0,0,0,0,0,0,0,0.232845,0,0,0,0
"MtrNatGas",4,10,1,"",4.60469,0,0,0,4.48827,0,0,0,0,0,0,0,0,0,0,0,0,0,0,0,0.116423,0,0,0,0
"MtrNatGas",4,10,2,"",5.90745,0,0,0,5.81431,0,0,0,0,0,0,0,0,0,0,0,0,0,0,0,0.0931381,0,0,0,0
"MtrNatGas",4,10,3,"",5.59464,0,0,0,5.5015,0,0,0,0,0,0,0,0,0,0,0,0,0,0,0,0.0931381,0,0,0,0
"MtrNatGas",4,10,4,"",3.25871,0,0,0,3.16557,0,0,0,0,0,0,0,0,0,0,0,0,0,0,0,0.0931381,0,0,0,0
"MtrNatGas",4,10,5,"",4.92181,0,0,0,4.82867,0,0,0,0,0,0,0,0,0,0,0,0,0,0,0,0.0931381,0,0,0,0
"MtrNatGas",4,10,6,"",12.9234,0,0,0,12.5974,0,0,0,0,0,0,0,0,0,0,0,0,0,0,0,0.325983,0,0,0,0
"MtrNatGas",4,10,7,"",9.3204,0,0,0,8.878,0,0,0,0,0,0,0,0,0,0,0,0,0,0,0,0.442406,0,0,0,0
"MtrNatGas",4,10,8,"",30.104,0,0,0,29.5219,0,0,0,0,0,0,0,0,0,0,0,0,0,0,0,0.582113,0,0,0,0
"MtrNatGas",4,10,9,"",46.8487,0,0,0,46.2433,0,0,0,0,0,0,0,0,0,0,0,0,0,0,0,0.605397,0,0,0,0
"MtrNatGas",4,10,10,"",30.0556,0,0,0,29.5434,0,0,0,0,0,0,0,0,0,0,0,0,0,0,0,0.512259,0,0,0,0
"MtrNatGas",4,10,11,"",22.0233,0,0,0,17.3725,0,0,0,0,0,0,0,0,0,0,0,0,0,4.16181,0,0.488975,0,0,0,0
"MtrNatGas",4,10,12,"",21.2236,0,0,0,11.9372,0,0,0,0,0,0,0,0,0,0,0,0,0,8.61117,0,0.675251,0,0,0,0
"MtrNatGas",4,10,13,"",8.91562,0,0,0,5.47106,0,0,0,0,0,0,0,0,0,0,0,0,0,2.62961,0,0.814958,0,0,0,0
"MtrNatGas",4,10,14,"",4.70114,0,0,0,3.95603,0,0,0,0,0,0,0,0,0,0,0,0,0,0,0,0.745104,0,0,0,0
"MtrNatGas",4,10,15,"",6.08571,0,0,0,5.29403,0,0,0,0,0,0,0,0,0,0,0,0,0,0,0,0.791673,0,0,0,0
"MtrNatGas",4,10,16,"",10.7055,0,0,0,9.49475,0,0,0,0,0,0,0,0,0,0,0,0,0,0,0,1.21079,0,0,0,0
"MtrNatGas",4,10,17,"",23.13,0,0,0,12.7498,0,0,0,0,0,0,0,0,0,0,0,0,0,7.70248,0,2.67772,0,0,0,0
"MtrNatGas",4,10,18,"",23.127,0,0,0,10.9327,0,0,0,0,0,0,0,0,0,0,0,0,0,7.70039,0,4.49391,0,0,0,0
"MtrNatGas",4,10,19,"",25.1081,0,0,0,13.2154,0,0,0,0,0,0,0,0,0,0,0,0,0,7.70148,0,4.19121,0,0,0,0
"MtrNatGas",4,10,20,"",10.0921,0,0,0,7.81018,0,0,0,0,0,0,0,0,0,0,0,0,0,0,0,2.28188,0,0,0,0
"MtrNatGas",4,10,21,"",16.7135,0,0,0,15.7355,0,0,0,0,0,0,0,0,0,0,0,0,0,0,0,0.977949,0,0,0,0
"MtrNatGas",4,10,22,"",30.3274,0,0,0,29.8617,0,0,0,0,0,0,0,0,0,0,0,0,0,0,0,0.46569,0,0,0,0
"MtrNatGas",4,10,23,"",18.8848,0,0,0,18.6054,0,0,0,0,0,0,0,0,0,0,0,0,0,0,0,0.279414,0,0,0,0
"MtrNatGas",4,10,24,"",5.16863,0,0,0,4.93578,0,0,0,0,0,0,0,0,0,0,0,0,0,0,0,0.232845,0,0,0,0
"MtrNatGas",4,11,1,"",3.50796,0,0,0,3.39153,0,0,0,0,0,0,0,0,0,0,0,0,0,0,0,0.116423,0,0,0,0
"MtrNatGas",4,11,2,"",2.93955,0,0,0,2.84641,0,0,0,0,0,0,0,0,0,0,0,0,0,0,0,0.0931381,0,0,0,0
"MtrNatGas",4,11,3,"",3.98866,0,0,0,3.91881,0,0,0,0,0,0,0,0,0,0,0,0,0,0,0,0.0698535,0,0,0,0
"MtrNatGas",4,11,4,"",2.91758,0,0,0,2.84773,0,0,0,0,0,0,0,0,0,0,0,0,0,0,0,0.0698535,0,0,0,0
"MtrNatGas",4,11,5,"",2.91802,0,0,0,2.84817,0,0,0,0,0,0,0,0,0,0,0,0,0,0,0,0.0698535,0,0,0,0
"MtrNatGas",4,11,6,"",3.53471,0,0,0,3.41829,0,0,0,0,0,0,0,0,0,0,0,0,0,0,0,0.116423,0,0,0,0
"MtrNatGas",4,11,7,"",6.34198,0,0,0,6.10913,0,0,0,0,0,0,0,0,0,0,0,0,0,0,0,0.232845,0,0,0,0
"MtrNatGas",4,11,8,"",10.891,0,0,0,9.41793,0,0,0,0,0,0,0,0,0,0,0,0,0,0.84443,0,0.628682,0,0,0,0
"MtrNatGas",4,11,9,"",20.6768,0,0,0,15.9393,0,0,0,0,0,0,0,0,0,0,0,0,0,3.61978,0,1.11766,0,0,0,0
"MtrNatGas",4,11,10,"",37.2985,0,0,0,32.9429,0,0,0,0,0,0,0,0,0,0,0,0,0,3.23787,0,1.11766,0,0,0,0
"MtrNatGas",4,11,11,"",66.7397,0,0,0,59.6606,0,0,0,0,0,0,0,0,0,0,0,0,0,6.00801,0,1.07109,0,0,0,0
"MtrNatGas",4,11,12,"",46.2913,0,0,0,30.7977,0,0,0,0,0,0,0,0,0,0,0,0,0,14.2129,0,1.28065,0,0,0,0
"MtrNatGas",4,11,13,"",14.2526,0,0,0,9.89632,0,0,0,0,0,0,0,0,0,0,0,0,0,2.88934,0,1.46692,0,0,0,0
"MtrNatGas",4,11,14,"",16.31,0,0,0,8.62856,0,0,0,0,0,0,0,0,0,0,0,0,0,6.30767,0,1.37379,0,0,0,0
"MtrNatGas",4,11,15,"",16.0574,0,0,0,5.51967,0,0,0,0,0,0,0,0,0,0,0,0,0,9.09405,0,1.44364,0,0,0,0
"MtrNatGas",4,11,16,"",10.595,0,0,0,6.50213,0,0,0,0,0,0,0,0,0,0,0,0,0,2.50955,0,1.58335,0,0,0,0
"MtrNatGas",4,11,17,"",19.3917,0,0,0,8.50109,0,0,0,0,0,0,0,0,0,0,0,0,0,8.77169,0,2.11889,0,0,0,0
"MtrNatGas",4,11,18,"",25.4117,0,0,0,18.0523,0,0,0,0,0,0,0,0,0,0,0,0,0,4.12283,0,3.23655,0,0,0,0
"MtrNatGas",4,11,19,"",22.6697,0,0,0,19.666,0,0,0,0,0,0,0,0,0,0,0,0,0,0,0,3.0037,0,0,0,0
"MtrNatGas",4,11,20,"",26.7001,0,0,0,17.3221,0,0,0,0,0,0,0,0,0,0,0,0,0,7.70157,0,1.67648,0,0,0,0
"MtrNatGas",4,11,21,"",23.8959,0,0,0,19.9911,0,0,0,0,0,0,0,0,0,0,0,0,0,3.15976,0,0.745104,0,0,0,0
"MtrNatGas",4,11,22,"",14.7922,0,0,0,9.92532,0,0,0,0,0,0,0,0,0,0,0,0,0,4.54086,0,0.325983,0,0,0,0
"MtrNatGas",4,11,23,"",9.30946,0,0,0,9.0999,0,0,0,0,0,0,0,0,0,0,0,0,0,0,0,0.209561,0,0,0,0
"MtrNatGas",4,11,24,"",6.60535,0,0,0,6.48893,0,0,0,0,0,0,0,0,0,0,0,0,0,0,0,0.116423,0,0,0,0
"MtrNatGas",4,12,1,"",3.95075,0,0,0,3.83433,0,0,0,0,0,0,0,0,0,0,0,0,0,0,0,0.116423,0,0,0,0
"MtrNatGas",4,12,2,"",3.14282,0,0,0,3.04969,0,0,0,0,0,0,0,0,0,0,0,0,0,0,0,0.0931381,0,0,0,0
"MtrNatGas",4,12,3,"",3.99588,0,0,0,3.92603,0,0,0,0,0,0,0,0,0,0,0,0,0,0,0,0.0698535,0,0,0,0
"MtrNatGas",4,12,4,"",3.24701,0,0,0,3.17716,0,0,0,0,0,0,0,0,0,0,0,0,0,0,0,0.0698535,0,0,0,0
"MtrNatGas",4,12,5,"",3.26057,0,0,0,3.19072,0,0,0,0,0,0,0,0,0,0,0,0,0,0,0,0.0698535,0,0,0,0
"MtrNatGas",4,12,6,"",5.35269,0,0,0,5.23627,0,0,0,0,0,0,0,0,0,0,0,0,0,0,0,0.116423,0,0,0,0
"MtrNatGas",4,12,7,"",15.0331,0,0,0,14.8002,0,0,0,0,0,0,0,0,0,0,0,0,0,0,0,0.232845,0,0,0,0
"MtrNatGas",4,12,8,"",38.4319,0,0,0,25.7035,0,0,0,0,0,0,0,0,0,0,0,0,0,12.0998,0,0.628682,0,0,0,0
"MtrNatGas",4,12,9,"",41.7482,0,0,0,27.9323,0,0,0,0,0,0,0,0,0,0,0,0,0,12.6982,0,1.11766,0,0,0,0
"MtrNatGas",4,12,10,"",63.3753,0,0,0,40.8426,0,0,0,0,0,0,0,0,0,0,0,0,0,21.415,0,1.11766,0,0,0,0
"MtrNatGas",4,12,11,"",40.7711,0,0,0,39.7,0,0,0,0,0,0,0,0,0,0,0,0,0,0,0,1.07109,0,0,0,0
"MtrNatGas",4,12,12,"",24.3606,0,0,0,15.3773,0,0,0,0,0,0,0,0,0,0,0,0,0,7.70259,0,1.28065,0,0,0,0
"MtrNatGas",4,12,13,"",26.0827,0,0,0,24.6158,0,0,0,0,0,0,0,0,0,0,0,0,0,0,0,1.46692,0,0,0,0
"MtrNatGas",4,12,14,"",23.8952,0,0,0,19.9537,0,0,0,0,0,0,0,0,0,0,0,0,0,2.56769,0,1.37379,0,0,0,0
"MtrNatGas",4,12,15,"",23.7929,0,0,0,17.2153,0,0,0,0,0,0,0,0,0,0,0,0,0,5.13393,0,1.44364,0,0,0,0
"MtrNatGas",4,12,16,"",19.2636,0,0,0,9.97869,0,0,0,0,0,0,0,0,0,0,0,0,0,7.70154,0,1.58335,0,0,0,0
"MtrNatGas",4,12,17,"",26.8876,0,0,0,24.7687,0,0,0,0,0,0,0,0,0,0,0,0,0,0,0,2.11889,0,0,0,0
"MtrNatGas",4,12,18,"",45.3952,0,0,0,42.1586,0,0,0,0,0,0,0,0,0,0,0,0,0,0,0,3.23655,0,0,0,0
"MtrNatGas",4,12,19,"",31.8025,0,0,0,21.0959,0,0,0,0,0,0,0,0,0,0,0,0,0,7.70286,0,3.0037,0,0,0,0
"MtrNatGas",4,12,20,"",27.0702,0,0,0,14.1218,0,0,0,0,0,0,0,0,0,0,0,0,0,11.2719,0,1.67648,0,0,0,0
"MtrNatGas",4,12,21,"",19.4315,0,0,0,14.5553,0,0,0,0,0,0,0,0,0,0,0,0,0,4.13114,0,0.745104,0,0,0,0
"MtrNatGas",4,12,22,"",21.321,0,0,0,20.995,0,0,0,0,0,0,0,0,0,0,0,0,0,0,0,0.325983,0,0,0,0
"MtrNatGas",4,12,23,"",13.3443,0,0,0,13.1347,0,0,0,0,0,0,0,0,0,0,0,0,0,0,0,0.209561,0,0,0,0
"MtrNatGas",4,12,24,"",10.3281,0,0,0,10.2117,0,0,0,0,0,0,0,0,0,0,0,0,0,0,0,0.116423,0,0,0,0
"MtrNatGas",4,13,1,"",3.29193,0,0,0,3.17551,0,0,0,0,0,0,0,0,0,0,0,0,0,0,0,0.116423,0,0,0,0
"MtrNatGas",4,13,2,"",5.57117,0,0,0,5.47803,0,0,0,0,0,0,0,0,0,0,0,0,0,0,0,0.0931381,0,0,0,0
"MtrNatGas",4,13,3,"",4.22247,0,0,0,4.12933,0,0,0,0,0,0,0,0,0,0,0,0,0,0,0,0.0931381,0,0,0,0
"MtrNatGas",4,13,4,"",2.93343,0,0,0,2.84029,0,0,0,0,0,0,0,0,0,0,0,0,0,0,0,0.0931381,0,0,0,0
"MtrNatGas",4,13,5,"",2.93343,0,0,0,2.84029,0,0,0,0,0,0,0,0,0,0,0,0,0,0,0,0.0931381,0,0,0,0
"MtrNatGas",4,13,6,"",4.38324,0,0,0,4.05726,0,0,0,0,0,0,0,0,0,0,0,0,0,0,0,0.325983,0,0,0,0
"MtrNatGas",4,13,7,"",9.46426,0,0,0,9.02185,0,0,0,0,0,0,0,0,0,0,0,0,0,0,0,0.442406,0,0,0,0
"MtrNatGas",4,13,8,"",14.0542,0,0,0,13.4721,0,0,0,0,0,0,0,0,0,0,0,0,0,0,0,0.582113,0,0,0,0
"MtrNatGas",4,13,9,"",8.31016,0,0,0,7.70476,0,0,0,0,0,0,0,0,0,0,0,0,0,0,0,0.605397,0,0,0,0
"MtrNatGas",4,13,10,"",10.4212,0,0,0,7.40058,0,0,0,0,0,0,0,0,0,0,0,0,0,2.50833,0,0.512259,0,0,0,0
"MtrNatGas",4,13,11,"",9.58729,0,0,0,3.90411,0,0,0,0,0,0,0,0,0,0,0,0,0,5.19421,0,0.488975,0,0,0,0
"MtrNatGas",4,13,12,"",4.00513,0,0,0,3.32988,0,0,0,0,0,0,0,0,0,0,0,0,0,0,0,0.675251,0,0,0,0
"MtrNatGas",4,13,13,"",4.73176,0,0,0,3.9168,0,0,0,0,0,0,0,0,0,0,0,0,0,0,0,0.814958,0,0,0,0
"MtrNatGas",4,13,14,"",4.23019,0,0,0,3.48508,0,0,0,0,0,0,0,0,0,0,0,0,0,0,0,0.745104,0,0,0,0
"MtrNatGas",4,13,15,"",4.70865,0,0,0,3.91697,0,0,0,0,0,0,0,0,0,0,0,0,0,0,0,0.791673,0,0,0,0
"MtrNatGas",4,13,16,"",9.92872,0,0,0,5.77661,0,0,0,0,0,0,0,0,0,0,0,0,0,2.94132,0,1.21079,0,0,0,0
"MtrNatGas",4,13,17,"",12.3058,0,0,0,4.86914,0,0,0,0,0,0,0,0,0,0,0,0,0,4.75893,0,2.67772,0,0,0,0
"MtrNatGas",4,13,18,"",10.0698,0,0,0,5.57593,0,0,0,0,0,0,0,0,0,0,0,0,0,0,0,4.49391,0,0,0,0
"MtrNatGas",4,13,19,"",10.2281,0,0,0,6.03684,0,0,0,0,0,0,0,0,0,0,0,0,0,0,0,4.19121,0,0,0,0
"MtrNatGas",4,13,20,"",12.1758,0,0,0,9.89387,0,0,0,0,0,0,0,0,0,0,0,0,0,0,0,2.28188,0,0,0,0
"MtrNatGas",4,13,21,"",7.27474,0,0,0,6.29679,0,0,0,0,0,0,0,0,0,0,0,0,0,0,0,0.977949,0,0,0,0
"MtrNatGas",4,13,22,"",11.4693,0,0,0,11.0036,0,0,0,0,0,0,0,0,0,0,0,0,0,0,0,0.46569,0,0,0,0
"MtrNatGas",4,13,23,"",15.6198,0,0,0,15.3404,0,0,0,0,0,0,0,0,0,0,0,0,0,0,0,0.279414,0,0,0,0
"MtrNatGas",4,13,24,"",3.96699,0,0,0,3.73414,0,0,0,0,0,0,0,0,0,0,0,0,0,0,0,0.232845,0,0,0,0
"MtrNatGas",4,14,1,"",2.96415,0,0,0,2.84773,0,0,0,0,0,0,0,0,0,0,0,0,0,0,0,0.116423,0,0,0,0
"MtrNatGas",4,14,2,"",2.94218,0,0,0,2.84904,0,0,0,0,0,0,0,0,0,0,0,0,0,0,0,0.0931381,0,0,0,0
"MtrNatGas",4,14,3,"",4.0913,0,0,0,3.99816,0,0,0,0,0,0,0,0,0,0,0,0,0,0,0,0.0931381,0,0,0,0
"MtrNatGas",4,14,4,"",2.94436,0,0,0,2.85122,0,0,0,0,0,0,0,0,0,0,0,0,0,0,0,0.0931381,0,0,0,0
"MtrNatGas",4,14,5,"",2.94524,0,0,0,2.8521,0,0,0,0,0,0,0,0,0,0,0,0,0,0,0,0.0931381,0,0,0,0
"MtrNatGas",4,14,6,"",3.1794,0,0,0,2.85341,0,0,0,0,0,0,0,0,0,0,0,0,0,0,0,0.325983,0,0,0,0
"MtrNatGas",4,14,7,"",12.8502,0,0,0,12.4078,0,0,0,0,0,0,0,0,0,0,0,0,0,0,0,0.442406,0,0,0,0
"MtrNatGas",4,14,8,"",40.9912,0,0,0,40.4091,0,0,0,0,0,0,0,0,0,0,0,0,0,0,0,0.582113,0,0,0,0
"MtrNatGas",4,14,9,"",39.2166,0,0,0,38.6112,0,0,0,0,0,0,0,0,0,0,0,0,0,0,0,0.605397,0,0,0,0
"MtrNatGas",4,14,10,"",24.574,0,0,0,16.3624,0,0,0,0,0,0,0,0,0,0,0,0,0,7.69937,0,0.512259,0,0,0,0
"MtrNatGas",4,14,11,"",3.89505,0,0,0,3.40607,0,0,0,0,0,0,0,0,0,0,0,0,0,0,0,0.488975,0,0,0,0
"MtrNatGas",4,14,12,"",4.14494,0,0,0,3.46969,0,0,0,0,0,0,0,0,0,0,0,0,0,0,0,0.675251,0,0,0,0
"MtrNatGas",4,14,13,"",9.33598,0,0,0,8.52102,0,0,0,0,0,0,0,0,0,0,0,0,0,0,0,0.814958,0,0,0,0
"MtrNatGas",4,14,14,"",20.9515,0,0,0,5.03549,0,0,0,0,0,0,0,0,0,0,0,0,0,15.1709,0,0.745104,0,0,0,0
"MtrNatGas",4,14,15,"",18.6451,0,0,0,9.91991,0,0,0,0,0,0,0,0,0,0,0,0,0,7.93351,0,0.791673,0,0,0,0
"MtrNatGas",4,14,16,"",10.6505,0,0,0,9.43972,0,0,0,0,0,0,0,0,0,0,0,0,0,0,0,1.21079,0,0,0,0
"MtrNatGas",4,14,17,"",13.6462,0,0,0,10.9685,0,0,0,0,0,0,0,0,0,0,0,0,0,0,0,2.67772,0,0,0,0
"MtrNatGas",4,14,18,"",19.2319,0,0,0,14.738,0,0,0,0,0,0,0,0,0,0,0,0,0,0,0,4.49391,0,0,0,0
"MtrNatGas",4,14,19,"",22.7302,0,0,0,14.4941,0,0,0,0,0,0,0,0,0,0,0,0,0,4.04487,0,4.19121,0,0,0,0
"MtrNatGas",4,14,20,"",24.513,0,0,0,18.5729,0,0,0,0,0,0,0,0,0,0,0,0,0,3.65827,0,2.28188,0,0,0,0
"MtrNatGas",4,14,21,"",16.9861,0,0,0,16.0082,0,0,0,0,0,0,0,0,0,0,0,0,0,0,0,0.977949,0,0,0,0
"MtrNatGas",4,14,22,"",34.4226,0,0,0,18.5515,0,0,0,0,0,0,0,0,0,0,0,0,0,15.4054,0,0.46569,0,0,0,0
"MtrNatGas",4,14,23,"",5.46474,0,0,0,5.18533,0,0,0,0,0,0,0,0,0,0,0,0,0,0,0,0.279414,0,0,0,0
"MtrNatGas",4,14,24,"",6.94271,0,0,0,6.70986,0,0,0,0,0,0,0,0,0,0,0,0,0,0,0,0.232845,0,0,0,0
"MtrNatGas",4,15,1,"",4.46671,0,0,0,4.35029,0,0,0,0,0,0,0,0,0,0,0,0,0,0,0,0.116423,0,0,0,0
"MtrNatGas",4,15,2,"",2.92425,0,0,0,2.83111,0,0,0,0,0,0,0,0,0,0,0,0,0,0,0,0.0931381,0,0,0,0
"MtrNatGas",4,15,3,"",3.88057,0,0,0,3.78743,0,0,0,0,0,0,0,0,0,0,0,0,0,0,0,0.0931381,0,0,0,0
"MtrNatGas",4,15,4,"",3.09044,0,0,0,2.9973,0,0,0,0,0,0,0,0,0,0,0,0,0,0,0,0.0931381,0,0,0,0
"MtrNatGas",4,15,5,"",3.09406,0,0,0,3.00092,0,0,0,0,0,0,0,0,0,0,0,0,0,0,0,0.0931381,0,0,0,0
"MtrNatGas",4,15,6,"",3.51413,0,0,0,3.18815,0,0,0,0,0,0,0,0,0,0,0,0,0,0,0,0.325983,0,0,0,0
"MtrNatGas",4,15,7,"",5.11757,0,0,0,4.67516,0,0,0,0,0,0,0,0,0,0,0,0,0,0,0,0.442406,0,0,0,0
"MtrNatGas",4,15,8,"",26.162,0,0,0,25.5798,0,0,0,0,0,0,0,0,0,0,0,0,0,0,0,0.582113,0,0,0,0
"MtrNatGas",4,15,9,"",25.1666,0,0,0,16.8607,0,0,0,0,0,0,0,0,0,0,0,0,0,7.70058,0,0.605397,0,0,0,0
"MtrNatGas",4,15,10,"",58.7941,0,0,0,50.5824,0,0,0,0,0,0,0,0,0,0,0,0,0,7.69937,0,0.512259,0,0,0,0
"MtrNatGas",4,15,11,"",43.3118,0,0,0,22.6343,0,0,0,0,0,0,0,0,0,0,0,0,0,20.1885,0,0.488975,0,0,0,0
"MtrNatGas",4,15,12,"",24.7287,0,0,0,5.73441,0,0,0,0,0,0,0,0,0,0,0,0,0,18.319,0,0.675251,0,0,0,0
"MtrNatGas",4,15,13,"",11.558,0,0,0,10.7431,0,0,0,0,0,0,0,0,0,0,0,0,0,0,0,0.814958,0,0,0,0
"MtrNatGas",4,15,14,"",9.3818,0,0,0,5.03494,0,0,0,0,0,0,0,0,0,0,0,0,0,3.60176,0,0.745104,0,0,0,0
"MtrNatGas",4,15,15,"",12.4786,0,0,0,7.5872,0,0,0,0,0,0,0,0,0,0,0,0,0,4.0997,0,0.791673,0,0,0,0
"MtrNatGas",4,15,16,"",5.8806,0,0,0,4.6698,0,0,0,0,0,0,0,0,0,0,0,0,0,0,0,1.21079,0,0,0,0
"MtrNatGas",4,15,17,"",10.0213,0,0,0,7.34359,0,0,0,0,0,0,0,0,0,0,0,0,0,0,0,2.67772,0,0,0,0
"MtrNatGas",4,15,18,"",15.7262,0,0,0,11.2323,0,0,0,0,0,0,0,0,0,0,0,0,0,0,0,4.49391,0,0,0,0
"MtrNatGas",4,15,19,"",23.6874,0,0,0,15.4513,0,0,0,0,0,0,0,0,0,0,0,0,0,4.04487,0,4.19121,0,0,0,0
"MtrNatGas",4,15,20,"",14.2716,0,0,0,8.33145,0,0,0,0,0,0,0,0,0,0,0,0,0,3.65827,0,2.28188,0,0,0,0
"MtrNatGas",4,15,21,"",10.7702,0,0,0,9.79227,0,0,0,0,0,0,0,0,0,0,0,0,0,0,0,0.977949,0,0,0,0
"MtrNatGas",4,15,22,"",22.3961,0,0,0,21.9305,0,0,0,0,0,0,0,0,0,0,0,0,0,0,0,0.46569,0,0,0,0
"MtrNatGas",4,15,23,"",16.2142,0,0,0,14.522,0,0,0,0,0,0,0,0,0,0,0,0,0,1.41278,0,0.279414,0,0,0,0
"MtrNatGas",4,15,24,"",16.8335,0,0,0,12.8852,0,0,0,0,0,0,0,0,0,0,0,0,0,3.71548,0,0.232845,0,0,0,0
"MtrNatGas",4,16,1,"",6.93457,0,0,0,4.24337,0,0,0,0,0,0,0,0,0,0,0,0,0,2.57478,0,0.116423,0,0,0,0
"MtrNatGas",4,16,2,"",2.90851,0,0,0,2.81537,0,0,0,0,0,0,0,0,0,0,0,0,0,0,0,0.0931381,0,0,0,0
"MtrNatGas",4,16,3,"",2.91026,0,0,0,2.81712,0,0,0,0,0,0,0,0,0,0,0,0,0,0,0,0.0931381,0,0,0,0
"MtrNatGas",4,16,4,"",2.91201,0,0,0,2.81887,0,0,0,0,0,0,0,0,0,0,0,0,0,0,0,0.0931381,0,0,0,0
"MtrNatGas",4,16,5,"",2.91419,0,0,0,2.82106,0,0,0,0,0,0,0,0,0,0,0,0,0,0,0,0.0931381,0,0,0,0
"MtrNatGas",4,16,6,"",6.64265,0,0,0,6.31667,0,0,0,0,0,0,0,0,0,0,0,0,0,0,0,0.325983,0,0,0,0
"MtrNatGas",4,16,7,"",64.249,0,0,0,63.8066,0,0,0,0,0,0,0,0,0,0,0,0,0,0,0,0.442406,0,0,0,0
"MtrNatGas",4,16,8,"",27.8319,0,0,0,19.5466,0,0,0,0,0,0,0,0,0,0,0,0,0,7.70312,0,0.582113,0,0,0,0
"MtrNatGas",4,16,9,"",24.6357,0,0,0,24.0303,0,0,0,0,0,0,0,0,0,0,0,0,0,0,0,0.605397,0,0,0,0
"MtrNatGas",4,16,10,"",43.883,0,0,0,43.3707,0,0,0,0,0,0,0,0,0,0,0,0,0,0,0,0.512259,0,0,0,0
"MtrNatGas",4,16,11,"",35.6816,0,0,0,27.4895,0,0,0,0,0,0,0,0,0,0,0,0,0,7.70315,0,0.488975,0,0,0,0
"MtrNatGas",4,16,12,"",29.2848,0,0,0,8.09171,0,0,0,0,0,0,0,0,0,0,0,0,0,20.5178,0,0.675251,0,0,0,0
"MtrNatGas",4,16,13,"",13.9134,0,0,0,10.5124,0,0,0,0,0,0,0,0,0,0,0,0,0,2.58606,0,0.814958,0,0,0,0
"MtrNatGas",4,16,14,"",19.415,0,0,0,8.47172,0,0,0,0,0,0,0,0,0,0,0,0,0,10.1982,0,0.745104,0,0,0,0
"MtrNatGas",4,16,15,"",21.4795,0,0,0,7.78056,0,0,0,0,0,0,0,0,0,0,0,0,0,12.9072,0,0.791673,0,0,0,0
"MtrNatGas",4,16,16,"",14.3559,0,0,0,6.36919,0,0,0,0,0,0,0,0,0,0,0,0,0,6.77595,0,1.21079,0,0,0,0
"MtrNatGas",4,16,17,"",19.6499,0,0,0,6.43627,0,0,0,0,0,0,0,0,0,0,0,0,0,10.5359,0,2.67772,0,0,0,0
"MtrNatGas",4,16,18,"",14.9297,0,0,0,6.66209,0,0,0,0,0,0,0,0,0,0,0,0,0,3.77373,0,4.49391,0,0,0,0
"MtrNatGas",4,16,19,"",23.4399,0,0,0,17.2334,0,0,0,0,0,0,0,0,0,0,0,0,0,2.01533,0,4.19121,0,0,0,0
"MtrNatGas",4,16,20,"",45.2503,0,0,0,35.2676,0,0,0,0,0,0,0,0,0,0,0,0,0,7.70077,0,2.28188,0,0,0,0
"MtrNatGas",4,16,21,"",23.6571,0,0,0,22.6792,0,0,0,0,0,0,0,0,0,0,0,0,0,0,0,0.977949,0,0,0,0
"MtrNatGas",4,16,22,"",12.6123,0,0,0,12.1466,0,0,0,0,0,0,0,0,0,0,0,0,0,0,0,0.46569,0,0,0,0
"MtrNatGas",4,16,23,"",5.42018,0,0,0,5.14076,0,0,0,0,0,0,0,0,0,0,0,0,0,0,0,0.279414,0,0,0,0
"MtrNatGas",4,16,24,"",18.9721,0,0,0,18.7393,0,0,0,0,0,0,0,0,0,0,0,0,0,0,0,0.232845,0,0,0,0
"MtrNatGas",4,17,1,"",3.46274,0,0,0,3.34632,0,0,0,0,0,0,0,0,0,0,0,0,0,0,0,0.116423,0,0,0,0
"MtrNatGas",4,17,2,"",3.07786,0,0,0,2.98472,0,0,0,0,0,0,0,0,0,0,0,0,0,0,0,0.0931381,0,0,0,0
"MtrNatGas",4,17,3,"",4.0297,0,0,0,3.93656,0,0,0,0,0,0,0,0,0,0,0,0,0,0,0,0.0931381,0,0,0,0
"MtrNatGas",4,17,4,"",2.91857,0,0,0,2.82543,0,0,0,0,0,0,0,0,0,0,0,0,0,0,0,0.0931381,0,0,0,0
"MtrNatGas",4,17,5,"",2.92163,0,0,0,2.82849,0,0,0,0,0,0,0,0,0,0,0,0,0,0,0,0.0931381,0,0,0,0
"MtrNatGas",4,17,6,"",5.70827,0,0,0,5.38229,0,0,0,0,0,0,0,0,0,0,0,0,0,0,0,0.325983,0,0,0,0
"MtrNatGas",4,17,7,"",17.6437,0,0,0,17.2013,0,0,0,0,0,0,0,0,0,0,0,0,0,0,0,0.442406,0,0,0,0
"MtrNatGas",4,17,8,"",20.3718,0,0,0,19.7897,0,0,0,0,0,0,0,0,0,0,0,0,0,0,0,0.582113,0,0,0,0
"MtrNatGas",4,17,9,"",43.1091,0,0,0,34.8031,0,0,0,0,0,0,0,0,0,0,0,0,0,7.70058,0,0.605397,0,0,0,0
"MtrNatGas",4,17,10,"",19.051,0,0,0,16.0304,0,0,0,0,0,0,0,0,0,0,0,0,0,2.50833,0,0.512259,0,0,0,0
"MtrNatGas",4,17,11,"",15.3568,0,0,0,9.67361,0,0,0,0,0,0,0,0,0,0,0,0,0,5.19421,0,0.488975,0,0,0,0
"MtrNatGas",4,17,12,"",12.8527,0,0,0,4.47655,0,0,0,0,0,0,0,0,0,0,0,0,0,7.70093,0,0.675251,0,0,0,0
"MtrNatGas",4,17,13,"",10.092,0,0,0,5.27022,0,0,0,0,0,0,0,0,0,0,0,0,0,4.00679,0,0.814958,0,0,0,0
"MtrNatGas",4,17,14,"",15.7298,0,0,0,3.58882,0,0,0,0,0,0,0,0,0,0,0,0,0,11.3958,0,0.745104,0,0,0,0
"MtrNatGas",4,17,15,"",3.95333,0,0,0,3.16165,0,0,0,0,0,0,0,0,0,0,0,0,0,0,0,0.791673,0,0,0,0
"MtrNatGas",4,17,16,"",2.96489,0,0,0,1.7541,0,0,0,0,0,0,0,0,0,0,0,0,0,0,0,1.21079,0,0,0,0
"MtrNatGas",4,17,17,"",12.1237,0,0,0,1.74349,0,0,0,0,0,0,0,0,0,0,0,0,0,7.70248,0,2.67772,0,0,0,0
"MtrNatGas",4,17,18,"",15.2213,0,0,0,3.02699,0,0,0,0,0,0,0,0,0,0,0,0,0,7.70039,0,4.49391,0,0,0,0
"MtrNatGas",4,17,19,"",22.1714,0,0,0,6.43494,0,0,0,0,0,0,0,0,0,0,0,0,0,11.5453,0,4.19121,0,0,0,0
"MtrNatGas",4,17,20,"",18.6556,0,0,0,4.8224,0,0,0,0,0,0,0,0,0,0,0,0,0,11.5513,0,2.28188,0,0,0,0
"MtrNatGas",4,17,21,"",6.71549,0,0,0,5.73754,0,0,0,0,0,0,0,0,0,0,0,0,0,0,0,0.977949,0,0,0,0
"MtrNatGas",4,17,22,"",6.06634,0,0,0,5.60065,0,0,0,0,0,0,0,0,0,0,0,0,0,0,0,0.46569,0,0,0,0
"MtrNatGas",4,17,23,"",4.63691,0,0,0,4.3575,0,0,0,0,0,0,0,0,0,0,0,0,0,0,0,0.279414,0,0,0,0
"MtrNatGas",4,17,24,"",6.97704,0,0,0,6.7442,0,0,0,0,0,0,0,0,0,0,0,0,0,0,0,0.232845,0,0,0,0
"MtrNatGas",4,18,1,"",2.93923,0,0,0,2.82281,0,0,0,0,0,0,0,0,0,0,0,0,0,0,0,0.116423,0,0,0,0
"MtrNatGas",4,18,2,"",2.91595,0,0,0,2.82281,0,0,0,0,0,0,0,0,0,0,0,0,0,0,0,0.0931381,0,0,0,0
"MtrNatGas",4,18,3,"",2.89266,0,0,0,2.82281,0,0,0,0,0,0,0,0,0,0,0,0,0,0,0,0.0698535,0,0,0,0
"MtrNatGas",4,18,4,"",2.89266,0,0,0,2.82281,0,0,0,0,0,0,0,0,0,0,0,0,0,0,0,0.0698535,0,0,0,0
"MtrNatGas",4,18,5,"",2.89266,0,0,0,2.82281,0,0,0,0,0,0,0,0,0,0,0,0,0,0,0,0.0698535,0,0,0,0
"MtrNatGas",4,18,6,"",3.38845,0,0,0,3.27203,0,0,0,0,0,0,0,0,0,0,0,0,0,0,0,0.116423,0,0,0,0
"MtrNatGas",4,18,7,"",4.68134,0,0,0,4.4485,0,0,0,0,0,0,0,0,0,0,0,0,0,0,0,0.232845,0,0,0,0
"MtrNatGas",4,18,8,"",23.913,0,0,0,23.2843,0,0,0,0,0,0,0,0,0,0,0,0,0,0,0,0.628682,0,0,0,0
"MtrNatGas",4,18,9,"",29.0304,0,0,0,20.213,0,0,0,0,0,0,0,0,0,0,0,0,0,7.69983,0,1.11766,0,0,0,0
"MtrNatGas",4,18,10,"",58.798,0,0,0,57.6804,0,0,0,0,0,0,0,0,0,0,0,0,0,0,0,1.11766,0,0,0,0
"MtrNatGas",4,18,11,"",25.1213,0,0,0,12.9102,0,0,0,0,0,0,0,0,0,0,0,0,0,11.1401,0,1.07109,0,0,0,0
"MtrNatGas",4,18,12,"",24.9645,0,0,0,11.7175,0,0,0,0,0,0,0,0,0,0,0,0,0,11.9664,0,1.28065,0,0,0,0
"MtrNatGas",4,18,13,"",24.11,0,0,0,22.6431,0,0,0,0,0,0,0,0,0,0,0,0,0,0,0,1.46692,0,0,0,0
"MtrNatGas",4,18,14,"",15.7252,0,0,0,14.3515,0,0,0,0,0,0,0,0,0,0,0,0,0,0,0,1.37379,0,0,0,0
"MtrNatGas",4,18,15,"",23.0674,0,0,0,17.0566,0,0,0,0,0,0,0,0,0,0,0,0,0,4.56719,0,1.44364,0,0,0,0
"MtrNatGas",4,18,16,"",21.1397,0,0,0,8.71996,0,0,0,0,0,0,0,0,0,0,0,0,0,10.8363,0,1.58335,0,0,0,0
"MtrNatGas",4,18,17,"",9.97301,0,0,0,7.85412,0,0,0,0,0,0,0,0,0,0,0,0,0,0,0,2.11889,0,0,0,0
"MtrNatGas",4,18,18,"",33.9644,0,0,0,30.7279,0,0,0,0,0,0,0,0,0,0,0,0,0,0,0,3.23655,0,0,0,0
"MtrNatGas",4,18,19,"",23.3734,0,0,0,20.3697,0,0,0,0,0,0,0,0,0,0,0,0,0,0,0,3.0037,0,0,0,0
"MtrNatGas",4,18,20,"",16.5031,0,0,0,7.12466,0,0,0,0,0,0,0,0,0,0,0,0,0,7.70199,0,1.67648,0,0,0,0
"MtrNatGas",4,18,21,"",11.7558,0,0,0,10.1143,0,0,0,0,0,0,0,0,0,0,0,0,0,0.896423,0,0.745104,0,0,0,0
"MtrNatGas",4,18,22,"",20.8784,0,0,0,13.7468,0,0,0,0,0,0,0,0,0,0,0,0,0,6.80559,0,0.325983,0,0,0,0
"MtrNatGas",4,18,23,"",4.97329,0,0,0,4.76373,0,0,0,0,0,0,0,0,0,0,0,0,0,0,0,0.209561,0,0,0,0
"MtrNatGas",4,18,24,"",3.26315,0,0,0,3.14673,0,0,0,0,0,0,0,0,0,0,0,0,0,0,0,0.116423,0,0,0,0
"MtrNatGas",4,19,1,"",2.94535,0,0,0,2.82893,0,0,0,0,0,0,0,0,0,0,0,0,0,0,0,0.116423,0,0,0,0
"MtrNatGas",4,19,2,"",2.92163,0,0,0,2.82849,0,0,0,0,0,0,0,0,0,0,0,0,0,0,0,0.0931381,0,0,0,0
"MtrNatGas",4,19,3,"",2.89834,0,0,0,2.82849,0,0,0,0,0,0,0,0,0,0,0,0,0,0,0,0.0698535,0,0,0,0
"MtrNatGas",4,19,4,"",3.04812,0,0,0,2.97826,0,0,0,0,0,0,0,0,0,0,0,0,0,0,0,0.0698535,0,0,0,0
"MtrNatGas",4,19,5,"",2.89747,0,0,0,2.82761,0,0,0,0,0,0,0,0,0,0,0,0,0,0,0,0.0698535,0,0,0,0
"MtrNatGas",4,19,6,"",3.91883,0,0,0,3.8024,0,0,0,0,0,0,0,0,0,0,0,0,0,0,0,0.116423,0,0,0,0
"MtrNatGas",4,19,7,"",8.21968,0,0,0,7.98684,0,0,0,0,0,0,0,0,0,0,0,0,0,0,0,0.232845,0,0,0,0
"MtrNatGas",4,19,8,"",29.5616,0,0,0,21.2329,0,0,0,0,0,0,0,0,0,0,0,0,0,7.69998,0,0.628682,0,0,0,0
"MtrNatGas",4,19,9,"",20.5697,0,0,0,19.452,0,0,0,0,0,0,0,0,0,0,0,0,0,0,0,1.11766,0,0,0,0
"MtrNatGas",4,19,10,"",31.6724,0,0,0,24.7163,0,0,0,0,0,0,0,0,0,0,0,0,0,5.83849,0,1.11766,0,0,0,0
"MtrNatGas",4,19,11,"",35.48,0,0,0,23.7754,0,0,0,0,0,0,0,0,0,0,0,0,0,10.6335,0,1.07109,0,0,0,0
"MtrNatGas",4,19,12,"",42.274,0,0,0,11.2542,0,0,0,0,0,0,0,0,0,0,0,0,0,29.7392,0,1.28065,0,0,0,0
"MtrNatGas",4,19,13,"",11.584,0,0,0,10.117,0,0,0,0,0,0,0,0,0,0,0,0,0,0,0,1.46692,0,0,0,0
"MtrNatGas",4,19,14,"",15.3182,0,0,0,7.73577,0,0,0,0,0,0,0,0,0,0,0,0,0,6.2087,0,1.37379,0,0,0,0
"MtrNatGas",4,19,15,"",18.0813,0,0,0,7.44308,0,0,0,0,0,0,0,0,0,0,0,0,0,9.19458,0,1.44364,0,0,0,0
"MtrNatGas",4,19,16,"",7.78702,0,0,0,6.20368,0,0,0,0,0,0,0,0,0,0,0,0,0,0,0,1.58335,0,0,0,0
"MtrNatGas",4,19,17,"",6.09668,0,0,0,3.97779,0,0,0,0,0,0,0,0,0,0,0,0,0,0,0,2.11889,0,0,0,0
"MtrNatGas",4,19,18,"",19.403,0,0,0,16.1665,0,0,0,0,0,0,0,0,0,0,0,0,0,0,0,3.23655,0,0,0,0
"MtrNatGas",4,19,19,"",38.4643,0,0,0,27.7578,0,0,0,0,0,0,0,0,0,0,0,0,0,7.70286,0,3.0037,0,0,0,0
"MtrNatGas",4,19,20,"",21.411,0,0,0,8.46215,0,0,0,0,0,0,0,0,0,0,0,0,0,11.2723,0,1.67648,0,0,0,0
"MtrNatGas",4,19,21,"",30.3884,0,0,0,24.6157,0,0,0,0,0,0,0,0,0,0,0,0,0,5.02756,0,0.745104,0,0,0,0
"MtrNatGas",4,19,22,"",33.2746,0,0,0,26.143,0,0,0,0,0,0,0,0,0,0,0,0,0,6.80559,0,0.325983,0,0,0,0
"MtrNatGas",4,19,23,"",5.07947,0,0,0,4.86991,0,0,0,0,0,0,0,0,0,0,0,0,0,0,0,0.209561,0,0,0,0
"MtrNatGas",4,19,24,"",3.09942,0,0,0,2.983,0,0,0,0,0,0,0,0,0,0,0,0,0,0,0,0.116423,0,0,0,0
"MtrNatGas",4,20,1,"",2.94885,0,0,0,2.83243,0,0,0,0,0,0,0,0,0,0,0,0,0,0,0,0.116423,0,0,0,0
"MtrNatGas",4,20,2,"",2.92556,0,0,0,2.83243,0,0,0,0,0,0,0,0,0,0,0,0,0,0,0,0.0931381,0,0,0,0
"MtrNatGas",4,20,3,"",3.17193,0,0,0,3.07879,0,0,0,0,0,0,0,0,0,0,0,0,0,0,0,0.0931381,0,0,0,0
"MtrNatGas",4,20,4,"",2.92513,0,0,0,2.83199,0,0,0,0,0,0,0,0,0,0,0,0,0,0,0,0.0931381,0,0,0,0
"MtrNatGas",4,20,5,"",5.44836,0,0,0,5.35522,0,0,0,0,0,0,0,0,0,0,0,0,0,0,0,0.0931381,0,0,0,0
"MtrNatGas",4,20,6,"",15.1293,0,0,0,14.8033,0,0,0,0,0,0,0,0,0,0,0,0,0,0,0,0.325983,0,0,0,0
"MtrNatGas",4,20,7,"",11.8975,0,0,0,11.4551,0,0,0,0,0,0,0,0,0,0,0,0,0,0,0,0.442406,0,0,0,0
"MtrNatGas",4,20,8,"",41.6681,0,0,0,41.086,0,0,0,0,0,0,0,0,0,0,0,0,0,0,0,0.582113,0,0,0,0
"MtrNatGas",4,20,9,"",42.0963,0,0,0,33.7903,0,0,0,0,0,0,0,0,0,0,0,0,0,7.70058,0,0.605397,0,0,0,0
"MtrNatGas",4,20,10,"",17.8373,0,0,0,17.3251,0,0,0,0,0,0,0,0,0,0,0,0,0,0,0,0.512259,0,0,0,0
"MtrNatGas",4,20,11,"",17.8733,0,0,0,13.2225,0,0,0,0,0,0,0,0,0,0,0,0,0,4.16181,0,0.488975,0,0,0,0
"MtrNatGas",4,20,12,"",16.9354,0,0,0,5.01984,0,0,0,0,0,0,0,0,0,0,0,0,0,11.2403,0,0.675251,0,0,0,0
"MtrNatGas",4,20,13,"",5.40758,0,0,0,4.59262,0,0,0,0,0,0,0,0,0,0,0,0,0,0,0,0.814958,0,0,0,0
"MtrNatGas",4,20,14,"",4.74718,0,0,0,4.00208,0,0,0,0,0,0,0,0,0,0,0,0,0,0,0,0.745104,0,0,0,0
"MtrNatGas",4,20,15,"",10.2942,0,0,0,9.50251,0,0,0,0,0,0,0,0,0,0,0,0,0,0,0,0.791673,0,0,0,0
"MtrNatGas",4,20,16,"",10.4143,0,0,0,9.20348,0,0,0,0,0,0,0,0,0,0,0,0,0,0,0,1.21079,0,0,0,0
"MtrNatGas",4,20,17,"",19.0757,0,0,0,8.69553,0,0,0,0,0,0,0,0,0,0,0,0,0,7.70248,0,2.67772,0,0,0,0
"MtrNatGas",4,20,18,"",21.473,0,0,0,9.27866,0,0,0,0,0,0,0,0,0,0,0,0,0,7.70039,0,4.49391,0,0,0,0
"MtrNatGas",4,20,19,"",21.0748,0,0,0,9.18213,0,0,0,0,0,0,0,0,0,0,0,0,0,7.70148,0,4.19121,0,0,0,0
"MtrNatGas",4,20,20,"",11.2374,0,0,0,8.95547,0,0,0,0,0,0,0,0,0,0,0,0,0,0,0,2.28188,0,0,0,0
"MtrNatGas",4,20,21,"",9.88546,0,0,0,8.90751,0,0,0,0,0,0,0,0,0,0,0,0,0,0,0,0.977949,0,0,0,0
"MtrNatGas",4,20,22,"",16.3636,0,0,0,15.8979,0,0,0,0,0,0,0,0,0,0,0,0,0,0,0,0.46569,0,0,0,0
"MtrNatGas",4,20,23,"",13.2914,0,0,0,5.30916,0,0,0,0,0,0,0,0,0,0,0,0,0,7.70279,0,0.279414,0,0,0,0
"MtrNatGas",4,20,24,"",6.42988,0,0,0,6.19703,0,0,0,0,0,0,0,0,0,0,0,0,0,0,0,0.232845,0,0,0,0
"MtrNatGas",4,21,1,"",3.44138,0,0,0,3.32495,0,0,0,0,0,0,0,0,0,0,0,0,0,0,0,0.116423,0,0,0,0
"MtrNatGas",4,21,2,"",3.24822,0,0,0,3.15508,0,0,0,0,0,0,0,0,0,0,0,0,0,0,0,0.0931381,0,0,0,0
"MtrNatGas",4,21,3,"",2.92644,0,0,0,2.8333,0,0,0,0,0,0,0,0,0,0,0,0,0,0,0,0.0931381,0,0,0,0
"MtrNatGas",4,21,4,"",3.33341,0,0,0,3.24027,0,0,0,0,0,0,0,0,0,0,0,0,0,0,0,0.0931381,0,0,0,0
"MtrNatGas",4,21,5,"",3.3412,0,0,0,3.24806,0,0,0,0,0,0,0,0,0,0,0,0,0,0,0,0.0931381,0,0,0,0
"MtrNatGas",4,21,6,"",8.6908,0,0,0,8.36482,0,0,0,0,0,0,0,0,0,0,0,0,0,0,0,0.325983,0,0,0,0
"MtrNatGas",4,21,7,"",19.2528,0,0,0,18.8104,0,0,0,0,0,0,0,0,0,0,0,0,0,0,0,0.442406,0,0,0,0
"MtrNatGas",4,21,8,"",28.9979,0,0,0,20.7127,0,0,0,0,0,0,0,0,0,0,0,0,0,7.70312,0,0.582113,0,0,0,0
"MtrNatGas",4,21,9,"",35.9419,0,0,0,35.3365,0,0,0,0,0,0,0,0,0,0,0,0,0,0,0,0.605397,0,0,0,0
"MtrNatGas",4,21,10,"",17.4789,0,0,0,14.4583,0,0,0,0,0,0,0,0,0,0,0,0,0,2.50833,0,0.512259,0,0,0,0
"MtrNatGas",4,21,11,"",21.0936,0,0,0,7.71104,0,0,0,0,0,0,0,0,0,0,0,0,0,12.8935,0,0.488975,0,0,0,0
"MtrNatGas",4,21,12,"",10.0625,0,0,0,9.3872,0,0,0,0,0,0,0,0,0,0,0,0,0,0,0,0.675251,0,0,0,0
"MtrNatGas",4,21,13,"",13.1654,0,0,0,4.64888,0,0,0,0,0,0,0,0,0,0,0,0,0,7.70155,0,0.814958,0,0,0,0
"MtrNatGas",4,21,14,"",4.34777,0,0,0,3.60267,0,0,0,0,0,0,0,0,0,0,0,0,0,0,0,0.745104,0,0,0,0
"MtrNatGas",4,21,15,"",6.5092,0,0,0,5.71753,0,0,0,0,0,0,0,0,0,0,0,0,0,0,0,0.791673,0,0,0,0
"MtrNatGas",4,21,16,"",10.3521,0,0,0,5.30665,0,0,0,0,0,0,0,0,0,0,0,0,0,3.83464,0,1.21079,0,0,0,0
"MtrNatGas",4,21,17,"",11.2601,0,0,0,4.71677,0,0,0,0,0,0,0,0,0,0,0,0,0,3.86561,0,2.67772,0,0,0,0
"MtrNatGas",4,21,18,"",10.438,0,0,0,5.94407,0,0,0,0,0,0,0,0,0,0,0,0,0,0,0,4.49391,0,0,0,0
"MtrNatGas",4,21,19,"",16.6889,0,0,0,12.4977,0,0,0,0,0,0,0,0,0,0,0,0,0,0,0,4.19121,0,0,0,0
"MtrNatGas",4,21,20,"",26.3242,0,0,0,16.3416,0,0,0,0,0,0,0,0,0,0,0,0,0,7.70077,0,2.28188,0,0,0,0
"MtrNatGas",4,21,21,"",14.5823,0,0,0,13.6044,0,0,0,0,0,0,0,0,0,0,0,0,0,0,0,0.977949,0,0,0,0
"MtrNatGas",4,21,22,"",6.41255,0,0,0,5.94686,0,0,0,0,0,0,0,0,0,0,0,0,0,0,0,0.46569,0,0,0,0
"MtrNatGas",4,21,23,"",5.77511,0,0,0,5.4957,0,0,0,0,0,0,0,0,0,0,0,0,0,0,0,0.279414,0,0,0,0
"MtrNatGas",4,21,24,"",5.44305,0,0,0,5.2102,0,0,0,0,0,0,0,0,0,0,0,0,0,0,0,0.232845,0,0,0,0
"MtrNatGas",4,22,1,"",3.56988,0,0,0,3.45346,0,0,0,0,0,0,0,0,0,0,0,0,0,0,0,0.116423,0,0,0,0
"MtrNatGas",4,22,2,"",8.02347,0,0,0,7.93034,0,0,0,0,0,0,0,0,0,0,0,0,0,0,0,0.0931381,0,0,0,0
"MtrNatGas",4,22,3,"",7.00356,0,0,0,6.91042,0,0,0,0,0,0,0,0,0,0,0,0,0,0,0,0.0931381,0,0,0,0
"MtrNatGas",4,22,4,"",2.92512,0,0,0,2.83199,0,0,0,0,0,0,0,0,0,0,0,0,0,0,0,0.0931381,0,0,0,0
"MtrNatGas",4,22,5,"",2.92512,0,0,0,2.83199,0,0,0,0,0,0,0,0,0,0,0,0,0,0,0,0.0931381,0,0,0,0
"MtrNatGas",4,22,6,"",6.82545,0,0,0,6.49947,0,0,0,0,0,0,0,0,0,0,0,0,0,0,0,0.325983,0,0,0,0
"MtrNatGas",4,22,7,"",10.9497,0,0,0,10.5073,0,0,0,0,0,0,0,0,0,0,0,0,0,0,0,0.442406,0,0,0,0
"MtrNatGas",4,22,8,"",30.1571,0,0,0,21.8719,0,0,0,0,0,0,0,0,0,0,0,0,0,7.70312,0,0.582113,0,0,0,0
"MtrNatGas",4,22,9,"",18.3106,0,0,0,17.7052,0,0,0,0,0,0,0,0,0,0,0,0,0,0,0,0.605397,0,0,0,0
"MtrNatGas",4,22,10,"",33.8284,0,0,0,33.3161,0,0,0,0,0,0,0,0,0,0,0,0,0,0,0,0.512259,0,0,0,0
"MtrNatGas",4,22,11,"",11.4575,0,0,0,10.9685,0,0,0,0,0,0,0,0,0,0,0,0,0,0,0,0.488975,0,0,0,0
"MtrNatGas",4,22,12,"",14.153,0,0,0,9.60581,0,0,0,0,0,0,0,0,0,0,0,0,0,3.87198,0,0.675251,0,0,0,0
"MtrNatGas",4,22,13,"",11.7171,0,0,0,7.07581,0,0,0,0,0,0,0,0,0,0,0,0,0,3.82636,0,0.814958,0,0,0,0
"MtrNatGas",4,22,14,"",6.36188,0,0,0,5.61678,0,0,0,0,0,0,0,0,0,0,0,0,0,0,0,0.745104,0,0,0,0
"MtrNatGas",4,22,15,"",20.9624,0,0,0,16.2463,0,0,0,0,0,0,0,0,0,0,0,0,0,3.92445,0,0.791673,0,0,0,0
"MtrNatGas",4,22,16,"",29.3409,0,0,0,16.7164,0,0,0,0,0,0,0,0,0,0,0,0,0,11.4137,0,1.21079,0,0,0,0
"MtrNatGas",4,22,17,"",16.8806,0,0,0,6.43779,0,0,0,0,0,0,0,0,0,0,0,0,0,7.76513,0,2.67772,0,0,0,0
"MtrNatGas",4,22,18,"",17.5314,0,0,0,13.0375,0,0,0,0,0,0,0,0,0,0,0,0,0,0,0,4.49391,0,0,0,0
"MtrNatGas",4,22,19,"",24.124,0,0,0,19.9328,0,0,0,0,0,0,0,0,0,0,0,0,0,0,0,4.19121,0,0,0,0
"MtrNatGas",4,22,20,"",33.2647,0,0,0,17.3653,0,0,0,0,0,0,0,0,0,0,0,0,0,13.6175,0,2.28188,0,0,0,0
"MtrNatGas",4,22,21,"",17.5315,0,0,0,14.7706,0,0,0,0,0,0,0,0,0,0,0,0,0,1.78296,0,0.977949,0,0,0,0
"MtrNatGas",4,22,22,"",8.55822,0,0,0,8.09252,0,0,0,0,0,0,0,0,0,0,0,0,0,0,0,0.46569,0,0,0,0
"MtrNatGas",4,22,23,"",26.4028,0,0,0,26.1234,0,0,0,0,0,0,0,0,0,0,0,0,0,0,0,0.279414,0,0,0,0
"MtrNatGas",4,22,24,"",7.06566,0,0,0,6.83281,0,0,0,0,0,0,0,0,0,0,0,0,0,0,0,0.232845,0,0,0,0
"MtrNatGas",4,23,1,"",2.95759,0,0,0,2.84117,0,0,0,0,0,0,0,0,0,0,0,0,0,0,0,0.116423,0,0,0,0
"MtrNatGas",4,23,2,"",3.09277,0,0,0,2.99964,0,0,0,0,0,0,0,0,0,0,0,0,0,0,0,0.0931381,0,0,0,0
"MtrNatGas",4,23,3,"",2.93562,0,0,0,2.84248,0,0,0,0,0,0,0,0,0,0,0,0,0,0,0,0.0931381,0,0,0,0
"MtrNatGas",4,23,4,"",3.6492,0,0,0,3.55606,0,0,0,0,0,0,0,0,0,0,0,0,0,0,0,0.0931381,0,0,0,0
"MtrNatGas",4,23,5,"",3.03767,0,0,0,2.94453,0,0,0,0,0,0,0,0,0,0,0,0,0,0,0,0.0931381,0,0,0,0
"MtrNatGas",4,23,6,"",9.02155,0,0,0,8.69557,0,0,0,0,0,0,0,0,0,0,0,0,0,0,0,0.325983,0,0,0,0
"MtrNatGas",4,23,7,"",34.5663,0,0,0,34.1239,0,0,0,0,0,0,0,0,0,0,0,0,0,0,0,0.442406,0,0,0,0
"MtrNatGas",4,23,8,"",21.3626,0,0,0,20.7805,0,0,0,0,0,0,0,0,0,0,0,0,0,0,0,0.582113,0,0,0,0
"MtrNatGas",4,23,9,"",11.0508,0,0,0,10.4454,0,0,0,0,0,0,0,0,0,0,0,0,0,0,0,0.605397,0,0,0,0
"MtrNatGas",4,23,10,"",9.69583,0,0,0,4.87116,0,0,0,0,0,0,0,0,0,0,0,0,0,4.31242,0,0.512259,0,0,0,0
"MtrNatGas",4,23,11,"",7.673,0,0,0,3.79421,0,0,0,0,0,0,0,0,0,0,0,0,0,3.38981,0,0.488975,0,0,0,0
"MtrNatGas",4,23,12,"",6.74328,0,0,0,6.06803,0,0,0,0,0,0,0,0,0,0,0,0,0,0,0,0.675251,0,0,0,0
"MtrNatGas",4,23,13,"",8.03112,0,0,0,7.21616,0,0,0,0,0,0,0,0,0,0,0,0,0,0,0,0.814958,0,0,0,0
"MtrNatGas",4,23,14,"",8.87843,0,0,0,5.63638,0,0,0,0,0,0,0,0,0,0,0,0,0,2.49695,0,0.745104,0,0,0,0
"MtrNatGas",4,23,15,"",9.62588,0,0,0,3.62769,0,0,0,0,0,0,0,0,0,0,0,0,0,5.20652,0,0.791673,0,0,0,0
"MtrNatGas",4,23,16,"",7.93494,0,0,0,3.78283,0,0,0,0,0,0,0,0,0,0,0,0,0,2.94132,0,1.21079,0,0,0,0
"MtrNatGas",4,23,17,"",10.5841,0,0,0,3.14749,0,0,0,0,0,0,0,0,0,0,0,0,0,4.75893,0,2.67772,0,0,0,0
"MtrNatGas",4,23,18,"",7.87125,0,0,0,3.37734,0,0,0,0,0,0,0,0,0,0,0,0,0,0,0,4.49391,0,0,0,0
"MtrNatGas",4,23,19,"",13.528,0,0,0,9.33675,0,0,0,0,0,0,0,0,0,0,0,0,0,0,0,4.19121,0,0,0,0
"MtrNatGas",4,23,20,"",17.5613,0,0,0,15.2794,0,0,0,0,0,0,0,0,0,0,0,0,0,0,0,2.28188,0,0,0,0
"MtrNatGas",4,23,21,"",45.5061,0,0,0,36.8262,0,0,0,0,0,0,0,0,0,0,0,0,0,7.70188,0,0.977949,0,0,0,0
"MtrNatGas",4,23,22,"",18.5379,0,0,0,12.5123,0,0,0,0,0,0,0,0,0,0,0,0,0,5.55984,0,0.46569,0,0,0,0
"MtrNatGas",4,23,23,"",17.2837,0,0,0,14.8624,0,0,0,0,0,0,0,0,0,0,0,0,0,2.14188,0,0.279414,0,0,0,0
"MtrNatGas",4,23,24,"",9.95207,0,0,0,9.71923,0,0,0,0,0,0,0,0,0,0,0,0,0,0,0,0.232845,0,0,0,0
"MtrNatGas",4,24,1,"",3.27681,0,0,0,3.16038,0,0,0,0,0,0,0,0,0,0,0,0,0,0,0,0.116423,0,0,0,0
"MtrNatGas",4,24,2,"",5.39247,0,0,0,5.29933,0,0,0,0,0,0,0,0,0,0,0,0,0,0,0,0.0931381,0,0,0,0
"MtrNatGas",4,24,3,"",4.42285,0,0,0,4.32971,0,0,0,0,0,0,0,0,0,0,0,0,0,0,0,0.0931381,0,0,0,0
"MtrNatGas",4,24,4,"",3.09431,0,0,0,3.00117,0,0,0,0,0,0,0,0,0,0,0,0,0,0,0,0.0931381,0,0,0,0
"MtrNatGas",4,24,5,"",2.933,0,0,0,2.83986,0,0,0,0,0,0,0,0,0,0,0,0,0,0,0,0.0931381,0,0,0,0
"MtrNatGas",4,24,6,"",7.08739,0,0,0,6.76141,0,0,0,0,0,0,0,0,0,0,0,0,0,0,0,0.325983,0,0,0,0
"MtrNatGas",4,24,7,"",17.6832,0,0,0,17.2408,0,0,0,0,0,0,0,0,0,0,0,0,0,0,0,0.442406,0,0,0,0
"MtrNatGas",4,24,8,"",27.878,0,0,0,27.2959,0,0,0,0,0,0,0,0,0,0,0,0,0,0,0,0.582113,0,0,0,0
"MtrNatGas",4,24,9,"",50.5522,0,0,0,49.9468,0,0,0,0,0,0,0,0,0,0,0,0,0,0,0,0.605397,0,0,0,0
"MtrNatGas",4,24,10,"",18.952,0,0,0,18.4398,0,0,0,0,0,0,0,0,0,0,0,0,0,0,0,0.512259,0,0,0,0
"MtrNatGas",4,24,11,"",16.9067,0,0,0,16.4177,0,0,0,0,0,0,0,0,0,0,0,0,0,0,0,0.488975,0,0,0,0
"MtrNatGas",4,24,12,"",22.004,0,0,0,13.8044,0,0,0,0,0,0,0,0,0,0,0,0,0,7.52434,0,0.675251,0,0,0,0
"MtrNatGas",4,24,13,"",23.1893,0,0,0,14.4967,0,0,0,0,0,0,0,0,0,0,0,0,0,7.87762,0,0.814958,0,0,0,0
"MtrNatGas",4,24,14,"",12.1995,0,0,0,11.4544,0,0,0,0,0,0,0,0,0,0,0,0,0,0,0,0.745104,0,0,0,0
"MtrNatGas",4,24,15,"",7.87269,0,0,0,7.08101,0,0,0,0,0,0,0,0,0,0,0,0,0,0,0,0.791673,0,0,0,0
"MtrNatGas",4,24,16,"",9.90804,0,0,0,8.69724,0,0,0,0,0,0,0,0,0,0,0,0,0,0,0,1.21079,0,0,0,0
"MtrNatGas",4,24,17,"",21.1381,0,0,0,10.7579,0,0,0,0,0,0,0,0,0,0,0,0,0,7.70248,0,2.67772,0,0,0,0
"MtrNatGas",4,24,18,"",25.0974,0,0,0,12.9031,0,0,0,0,0,0,0,0,0,0,0,0,0,7.70039,0,4.49391,0,0,0,0
"MtrNatGas",4,24,19,"",42.9311,0,0,0,31.0384,0,0,0,0,0,0,0,0,0,0,0,0,0,7.70148,0,4.19121,0,0,0,0
"MtrNatGas",4,24,20,"",24.5429,0,0,0,22.261,0,0,0,0,0,0,0,0,0,0,0,0,0,0,0,2.28188,0,0,0,0
"MtrNatGas",4,24,21,"",30.7099,0,0,0,29.7319,0,0,0,0,0,0,0,0,0,0,0,0,0,0,0,0.977949,0,0,0,0
"MtrNatGas",4,24,22,"",16.0562,0,0,0,15.5905,0,0,0,0,0,0,0,0,0,0,0,0,0,0,0,0.46569,0,0,0,0
"MtrNatGas",4,24,23,"",22.8207,0,0,0,22.5413,0,0,0,0,0,0,0,0,0,0,0,0,0,0,0,0.279414,0,0,0,0
"MtrNatGas",4,24,24,"",41.8318,0,0,0,41.599,0,0,0,0,0,0,0,0,0,0,0,0,0,0,0,0.232845,0,0,0,0
"MtrNatGas",4,25,1,"",8.23846,0,0,0,8.12204,0,0,0,0,0,0,0,0,0,0,0,0,0,0,0,0.116423,0,0,0,0
"MtrNatGas",4,25,2,"",7.52895,0,0,0,7.43581,0,0,0,0,0,0,0,0,0,0,0,0,0,0,0,0.0931381,0,0,0,0
"MtrNatGas",4,25,3,"",7.6625,0,0,0,7.59264,0,0,0,0,0,0,0,0,0,0,0,0,0,0,0,0.0698535,0,0,0,0
"MtrNatGas",4,25,4,"",6.32628,0,0,0,6.25642,0,0,0,0,0,0,0,0,0,0,0,0,0,0,0,0.0698535,0,0,0,0
"MtrNatGas",4,25,5,"",2.91307,0,0,0,2.84322,0,0,0,0,0,0,0,0,0,0,0,0,0,0,0,0.0698535,0,0,0,0
"MtrNatGas",4,25,6,"",3.71831,0,0,0,3.60189,0,0,0,0,0,0,0,0,0,0,0,0,0,0,0,0.116423,0,0,0,0
"MtrNatGas",4,25,7,"",3.22238,0,0,0,2.98954,0,0,0,0,0,0,0,0,0,0,0,0,0,0,0,0.232845,0,0,0,0
"MtrNatGas",4,25,8,"",19.8194,0,0,0,19.1907,0,0,0,0,0,0,0,0,0,0,0,0,0,0,0,0.628682,0,0,0,0
"MtrNatGas",4,25,9,"",47.8083,0,0,0,46.6907,0,0,0,0,0,0,0,0,0,0,0,0,0,0,0,1.11766,0,0,0,0
"MtrNatGas",4,25,10,"",68.2375,0,0,0,55.2505,0,0,0,0,0,0,0,0,0,0,0,0,0,11.8694,0,1.11766,0,0,0,0
"MtrNatGas",4,25,11,"",50.3577,0,0,0,30.3491,0,0,0,0,0,0,0,0,0,0,0,0,0,18.9375,0,1.07109,0,0,0,0
"MtrNatGas",4,25,12,"",23.9001,0,0,0,19.8144,0,0,0,0,0,0,0,0,0,0,0,0,0,2.80506,0,1.28065,0,0,0,0
"MtrNatGas",4,25,13,"",19.5886,0,0,0,5.52567,0,0,0,0,0,0,0,0,0,0,0,0,0,12.596,0,1.46692,0,0,0,0
"MtrNatGas",4,25,14,"",10.2938,0,0,0,8.91999,0,0,0,0,0,0,0,0,0,0,0,0,0,0,0,1.37379,0,0,0,0
"MtrNatGas",4,25,15,"",10.0136,0,0,0,8.56992,0,0,0,0,0,0,0,0,0,0,0,0,0,0,0,1.44364,0,0,0,0
"MtrNatGas",4,25,16,"",16.3925,0,0,0,14.8092,0,0,0,0,0,0,0,0,0,0,0,0,0,0,0,1.58335,0,0,0,0
"MtrNatGas",4,25,17,"",17.5795,0,0,0,10.0955,0,0,0,0,0,0,0,0,0,0,0,0,0,5.36514,0,2.11889,0,0,0,0
"MtrNatGas",4,25,18,"",16.9374,0,0,0,11.3656,0,0,0,0,0,0,0,0,0,0,0,0,0,2.33523,0,3.23655,0,0,0,0
"MtrNatGas",4,25,19,"",23.4679,0,0,0,12.7615,0,0,0,0,0,0,0,0,0,0,0,0,0,7.7027,0,3.0037,0,0,0,0
"MtrNatGas",4,25,20,"",26.8671,0,0,0,25.1906,0,0,0,0,0,0,0,0,0,0,0,0,0,0,0,1.67648,0,0,0,0
"MtrNatGas",4,25,21,"",40.2968,0,0,0,28.9813,0,0,0,0,0,0,0,0,0,0,0,0,0,10.5705,0,0.745104,0,0,0,0
"MtrNatGas",4,25,22,"",20.7175,0,0,0,15.5577,0,0,0,0,0,0,0,0,0,0,0,0,0,4.83381,0,0.325983,0,0,0,0
"MtrNatGas",4,25,23,"",3.70205,0,0,0,3.49249,0,0,0,0,0,0,0,0,0,0,0,0,0,0,0,0.209561,0,0,0,0
"MtrNatGas",4,25,24,"",7.50085,0,0,0,7.38443,0,0,0,0,0,0,0,0,0,0,0,0,0,0,0,0.116423,0,0,0,0
"MtrNatGas",4,26,1,"",7.1628,0,0,0,7.04638,0,0,0,0,0,0,0,0,0,0,0,0,0,0,0,0.116423,0,0,0,0
"MtrNatGas",4,26,2,"",4.44199,0,0,0,4.34885,0,0,0,0,0,0,0,0,0,0,0,0,0,0,0,0.0931381,0,0,0,0
"MtrNatGas",4,26,3,"",5.19192,0,0,0,5.12207,0,0,0,0,0,0,0,0,0,0,0,0,0,0,0,0.0698535,0,0,0,0
"MtrNatGas",4,26,4,"",4.72992,0,0,0,4.66006,0,0,0,0,0,0,0,0,0,0,0,0,0,0,0,0.0698535,0,0,0,0
"MtrNatGas",4,26,5,"",3.05816,0,0,0,2.9883,0,0,0,0,0,0,0,0,0,0,0,0,0,0,0,0.0698535,0,0,0,0
"MtrNatGas",4,26,6,"",2.94797,0,0,0,2.83155,0,0,0,0,0,0,0,0,0,0,0,0,0,0,0,0.116423,0,0,0,0
"MtrNatGas",4,26,7,"",3.80092,0,0,0,3.56808,0,0,0,0,0,0,0,0,0,0,0,0,0,0,0,0.232845,0,0,0,0
"MtrNatGas",4,26,8,"",7.33842,0,0,0,6.70974,0,0,0,0,0,0,0,0,0,0,0,0,0,0,0,0.628682,0,0,0,0
"MtrNatGas",4,26,9,"",26.4489,0,0,0,25.3313,0,0,0,0,0,0,0,0,0,0,0,0,0,0,0,1.11766,0,0,0,0
"MtrNatGas",4,26,10,"",35.9303,0,0,0,34.8126,0,0,0,0,0,0,0,0,0,0,0,0,0,0,0,1.11766,0,0,0,0
"MtrNatGas",4,26,11,"",30.1209,0,0,0,13.6449,0,0,0,0,0,0,0,0,0,0,0,0,0,15.4049,0,1.07109,0,0,0,0
"MtrNatGas",4,26,12,"",19.3786,0,0,0,18.098,0,0,0,0,0,0,0,0,0,0,0,0,0,0,0,1.28065,0,0,0,0
"MtrNatGas",4,26,13,"",19.2186,0,0,0,3.84637,0,0,0,0,0,0,0,0,0,0,0,0,0,13.9053,0,1.46692,0,0,0,0
"MtrNatGas",4,26,14,"",8.68013,0,0,0,5.80993,0,0,0,0,0,0,0,0,0,0,0,0,0,1.49641,0,1.37379,0,0,0,0
"MtrNatGas",4,26,15,"",5.70335,0,0,0,4.25971,0,0,0,0,0,0,0,0,0,0,0,0,0,0,0,1.44364,0,0,0,0
"MtrNatGas",4,26,16,"",5.27646,0,0,0,3.69311,0,0,0,0,0,0,0,0,0,0,0,0,0,0,0,1.58335,0,0,0,0
"MtrNatGas",4,26,17,"",5.35555,0,0,0,3.23666,0,0,0,0,0,0,0,0,0,0,0,0,0,0,0,2.11889,0,0,0,0
"MtrNatGas",4,26,18,"",7.56791,0,0,0,4.33137,0,0,0,0,0,0,0,0,0,0,0,0,0,0,0,3.23655,0,0,0,0
"MtrNatGas",4,26,19,"",29.1574,0,0,0,18.451,0,0,0,0,0,0,0,0,0,0,0,0,0,7.7027,0,3.0037,0,0,0,0
"MtrNatGas",4,26,20,"",32.7858,0,0,0,23.4073,0,0,0,0,0,0,0,0,0,0,0,0,0,7.70199,0,1.67648,0,0,0,0
"MtrNatGas",4,26,21,"",42.9591,0,0,0,38.4494,0,0,0,0,0,0,0,0,0,0,0,0,0,3.7646,0,0.745104,0,0,0,0
"MtrNatGas",4,26,22,"",31.8418,0,0,0,19.8764,0,0,0,0,0,0,0,0,0,0,0,0,0,11.6394,0,0.325983,0,0,0,0
"MtrNatGas",4,26,23,"",12.1425,0,0,0,4.23149,0,0,0,0,0,0,0,0,0,0,0,0,0,7.7014,0,0.209561,0,0,0,0
"MtrNatGas",4,26,24,"",8.40851,0,0,0,8.29209,0,0,0,0,0,0,0,0,0,0,0,0,0,0,0,0.116423,0,0,0,0
"MtrNatGas",4,27,1,"",14.5395,0,0,0,14.4231,0,0,0,0,0,0,0,0,0,0,0,0,0,0,0,0.116423,0,0,0,0
"MtrNatGas",4,27,2,"",10.7929,0,0,0,2.9982,0,0,0,0,0,0,0,0,0,0,0,0,0,7.7016,0,0.0931381,0,0,0,0
"MtrNatGas",4,27,3,"",2.9295,0,0,0,2.83636,0,0,0,0,0,0,0,0,0,0,0,0,0,0,0,0.0931381,0,0,0,0
"MtrNatGas",4,27,4,"",2.93081,0,0,0,2.83767,0,0,0,0,0,0,0,0,0,0,0,0,0,0,0,0.0931381,0,0,0,0
"MtrNatGas",4,27,5,"",2.93212,0,0,0,2.83898,0,0,0,0,0,0,0,0,0,0,0,0,0,0,0,0.0931381,0,0,0,0
"MtrNatGas",4,27,6,"",3.87707,0,0,0,3.55109,0,0,0,0,0,0,0,0,0,0,0,0,0,0,0,0.325983,0,0,0,0
"MtrNatGas",4,27,7,"",8.58013,0,0,0,8.13772,0,0,0,0,0,0,0,0,0,0,0,0,0,0,0,0.442406,0,0,0,0
"MtrNatGas",4,27,8,"",21.606,0,0,0,21.0239,0,0,0,0,0,0,0,0,0,0,0,0,0,0,0,0.582113,0,0,0,0
"MtrNatGas",4,27,9,"",25.6186,0,0,0,17.3126,0,0,0,0,0,0,0,0,0,0,0,0,0,7.70058,0,0.605397,0,0,0,0
"MtrNatGas",4,27,10,"",18.5261,0,0,0,15.5055,0,0,0,0,0,0,0,0,0,0,0,0,0,2.50833,0,0.512259,0,0,0,0
"MtrNatGas",4,27,11,"",20.7251,0,0,0,15.0419,0,0,0,0,0,0,0,0,0,0,0,0,0,5.19421,0,0.488975,0,0,0,0
"MtrNatGas",4,27,12,"",19.8452,0,0,0,11.469,0,0,0,0,0,0,0,0,0,0,0,0,0,7.70093,0,0.675251,0,0,0,0
"MtrNatGas",4,27,13,"",8.30856,0,0,0,7.4936,0,0,0,0,0,0,0,0,0,0,0,0,0,0,0,0.814958,0,0,0,0
"MtrNatGas",4,27,14,"",5.80635,0,0,0,5.06124,0,0,0,0,0,0,0,0,0,0,0,0,0,0,0,0.745104,0,0,0,0
"MtrNatGas",4,27,15,"",26.6627,0,0,0,25.8711,0,0,0,0,0,0,0,0,0,0,0,0,0,0,0,0.791673,0,0,0,0
"MtrNatGas",4,27,16,"",9.04303,0,0,0,7.83223,0,0,0,0,0,0,0,0,0,0,0,0,0,0,0,1.21079,0,0,0,0
"MtrNatGas",4,27,17,"",20.2412,0,0,0,17.5635,0,0,0,0,0,0,0,0,0,0,0,0,0,0,0,2.67772,0,0,0,0
"MtrNatGas",4,27,18,"",17.0238,0,0,0,12.5299,0,0,0,0,0,0,0,0,0,0,0,0,0,0,0,4.49391,0,0,0,0
"MtrNatGas",4,27,19,"",16.7306,0,0,0,12.5394,0,0,0,0,0,0,0,0,0,0,0,0,0,0,0,4.19121,0,0,0,0
"MtrNatGas",4,27,20,"",22.2667,0,0,0,14.0681,0,0,0,0,0,0,0,0,0,0,0,0,0,5.91673,0,2.28188,0,0,0,0
"MtrNatGas",4,27,21,"",15.6688,0,0,0,12.9079,0,0,0,0,0,0,0,0,0,0,0,0,0,1.78296,0,0.977949,0,0,0,0
"MtrNatGas",4,27,22,"",14.9044,0,0,0,14.4387,0,0,0,0,0,0,0,0,0,0,0,0,0,0,0,0.46569,0,0,0,0
"MtrNatGas",4,27,23,"",17.1781,0,0,0,9.19707,0,0,0,0,0,0,0,0,0,0,0,0,0,7.7016,0,0.279414,0,0,0,0
"MtrNatGas",4,27,24,"",20.0373,0,0,0,15.8749,0,0,0,0,0,0,0,0,0,0,0,0,0,3.92958,0,0.232845,0,0,0,0
"MtrNatGas",4,28,1,"",22.1202,0,0,0,10.5329,0,0,0,0,0,0,0,0,0,0,0,0,0,11.4709,0,0.116423,0,0,0,0
"MtrNatGas",4,28,2,"",10.7802,0,0,0,2.98542,0,0,0,0,0,0,0,0,0,0,0,0,0,7.7016,0,0.0931381,0,0,0,0
"MtrNatGas",4,28,3,"",2.92338,0,0,0,2.83024,0,0,0,0,0,0,0,0,0,0,0,0,0,0,0,0.0931381,0,0,0,0
"MtrNatGas",4,28,4,"",3.63471,0,0,0,3.54157,0,0,0,0,0,0,0,0,0,0,0,0,0,0,0,0.0931381,0,0,0,0
"MtrNatGas",4,28,5,"",3.02758,0,0,0,2.93444,0,0,0,0,0,0,0,0,0,0,0,0,0,0,0,0.0931381,0,0,0,0
"MtrNatGas",4,28,6,"",9.79317,0,0,0,9.46719,0,0,0,0,0,0,0,0,0,0,0,0,0,0,0,0.325983,0,0,0,0
"MtrNatGas",4,28,7,"",10.3423,0,0,0,9.89991,0,0,0,0,0,0,0,0,0,0,0,0,0,0,0,0.442406,0,0,0,0
"MtrNatGas",4,28,8,"",46.5732,0,0,0,45.9911,0,0,0,0,0,0,0,0,0,0,0,0,0,0,0,0.582113,0,0,0,0
"MtrNatGas",4,28,9,"",33.1781,0,0,0,32.5727,0,0,0,0,0,0,0,0,0,0,0,0,0,0,0,0.605397,0,0,0,0
"MtrNatGas",4,28,10,"",6.91171,0,0,0,6.39945,0,0,0,0,0,0,0,0,0,0,0,0,0,0,0,0.512259,0,0,0,0
"MtrNatGas",4,28,11,"",10.4147,0,0,0,9.92571,0,0,0,0,0,0,0,0,0,0,0,0,0,0,0,0.488975,0,0,0,0
"MtrNatGas",4,28,12,"",10.3442,0,0,0,9.66891,0,0,0,0,0,0,0,0,0,0,0,0,0,0,0,0.675251,0,0,0,0
"MtrNatGas",4,28,13,"",6.24471,0,0,0,5.42975,0,0,0,0,0,0,0,0,0,0,0,0,0,0,0,0.814958,0,0,0,0
"MtrNatGas",4,28,14,"",5.10632,0,0,0,4.36121,0,0,0,0,0,0,0,0,0,0,0,0,0,0,0,0.745104,0,0,0,0
"MtrNatGas",4,28,15,"",15.6189,0,0,0,14.8272,0,0,0,0,0,0,0,0,0,0,0,0,0,0,0,0.791673,0,0,0,0
"MtrNatGas",4,28,16,"",25.4924,0,0,0,21.3403,0,0,0,0,0,0,0,0,0,0,0,0,0,2.94132,0,1.21079,0,0,0,0
"MtrNatGas",4,28,17,"",37.2958,0,0,0,22.1567,0,0,0,0,0,0,0,0,0,0,0,0,0,12.4614,0,2.67772,0,0,0,0
"MtrNatGas",4,28,18,"",26.9408,0,0,0,14.7465,0,0,0,0,0,0,0,0,0,0,0,0,0,7.70039,0,4.49391,0,0,0,0
"MtrNatGas",4,28,19,"",24.9187,0,0,0,13.026,0,0,0,0,0,0,0,0,0,0,0,0,0,7.70148,0,4.19121,0,0,0,0
"MtrNatGas",4,28,20,"",14.2941,0,0,0,12.0122,0,0,0,0,0,0,0,0,0,0,0,0,0,0,0,2.28188,0,0,0,0
"MtrNatGas",4,28,21,"",11.0819,0,0,0,10.104,0,0,0,0,0,0,0,0,0,0,0,0,0,0,0,0.977949,0,0,0,0
"MtrNatGas",4,28,22,"",19.7939,0,0,0,19.3282,0,0,0,0,0,0,0,0,0,0,0,0,0,0,0,0.46569,0,0,0,0
"MtrNatGas",4,28,23,"",13.4268,0,0,0,5.4458,0,0,0,0,0,0,0,0,0,0,0,0,0,7.7016,0,0.279414,0,0,0,0
"MtrNatGas",4,28,24,"",10.1471,0,0,0,7.9495,0,0,0,0,0,0,0,0,0,0,0,0,0,1.96479,0,0.232845,0,0,0,0
"MtrNatGas",4,29,1,"",17.8915,0,0,0,12.0397,0,0,0,0,0,0,0,0,0,0,0,0,0,5.73545,0,0.116423,0,0,0,0
"MtrNatGas",4,29,2,"",18.327,0,0,0,2.83067,0,0,0,0,0,0,0,0,0,0,0,0,0,15.4032,0,0.0931381,0,0,0,0
"MtrNatGas",4,29,3,"",4.03279,0,0,0,3.93965,0,0,0,0,0,0,0,0,0,0,0,0,0,0,0,0.0931381,0,0,0,0
"MtrNatGas",4,29,4,"",2.92644,0,0,0,2.8333,0,0,0,0,0,0,0,0,0,0,0,0,0,0,0,0.0931381,0,0,0,0
"MtrNatGas",4,29,5,"",2.92775,0,0,0,2.83461,0,0,0,0,0,0,0,0,0,0,0,0,0,0,0,0.0931381,0,0,0,0
"MtrNatGas",4,29,6,"",3.95719,0,0,0,3.6312,0,0,0,0,0,0,0,0,0,0,0,0,0,0,0,0.325983,0,0,0,0
"MtrNatGas",4,29,7,"",18.8073,0,0,0,18.3649,0,0,0,0,0,0,0,0,0,0,0,0,0,0,0,0.442406,0,0,0,0
"MtrNatGas",4,29,8,"",23.4717,0,0,0,22.8896,0,0,0,0,0,0,0,0,0,0,0,0,0,0,0,0.582113,0,0,0,0
"MtrNatGas",4,29,9,"",12.2601,0,0,0,11.6547,0,0,0,0,0,0,0,0,0,0,0,0,0,0,0,0.605397,0,0,0,0
"MtrNatGas",4,29,10,"",17.4168,0,0,0,16.9046,0,0,0,0,0,0,0,0,0,0,0,0,0,0,0,0.512259,0,0,0,0
"MtrNatGas",4,29,11,"",7.73564,0,0,0,7.24667,0,0,0,0,0,0,0,0,0,0,0,0,0,0,0,0.488975,0,0,0,0
"MtrNatGas",4,29,12,"",19.1966,0,0,0,18.5214,0,0,0,0,0,0,0,0,0,0,0,0,0,0,0,0.675251,0,0,0,0
"MtrNatGas",4,29,13,"",10.8391,0,0,0,10.0242,0,0,0,0,0,0,0,0,0,0,0,0,0,0,0,0.814958,0,0,0,0
"MtrNatGas",4,29,14,"",8.72296,0,0,0,5.48091,0,0,0,0,0,0,0,0,0,0,0,0,0,2.49695,0,0.745104,0,0,0,0
"MtrNatGas",4,29,15,"",13.8999,0,0,0,7.90167,0,0,0,0,0,0,0,0,0,0,0,0,0,5.20652,0,0.791673,0,0,0,0
"MtrNatGas",4,29,16,"",8.66496,0,0,0,4.51285,0,0,0,0,0,0,0,0,0,0,0,0,0,2.94132,0,1.21079,0,0,0,0
"MtrNatGas",4,29,17,"",19.2936,0,0,0,11.8569,0,0,0,0,0,0,0,0,0,0,0,0,0,4.75893,0,2.67772,0,0,0,0
"MtrNatGas",4,29,18,"",10.0959,0,0,0,5.60199,0,0,0,0,0,0,0,0,0,0,0,0,0,0,0,4.49391,0,0,0,0
"MtrNatGas",4,29,19,"",10.5814,0,0,0,6.39019,0,0,0,0,0,0,0,0,0,0,0,0,0,0,0,4.19121,0,0,0,0
"MtrNatGas",4,29,20,"",19.0146,0,0,0,16.7328,0,0,0,0,0,0,0,0,0,0,0,0,0,0,0,2.28188,0,0,0,0
"MtrNatGas",4,29,21,"",13.8756,0,0,0,12.8976,0,0,0,0,0,0,0,0,0,0,0,0,0,0,0,0.977949,0,0,0,0
"MtrNatGas",4,29,22,"",19.8564,0,0,0,19.3907,0,0,0,0,0,0,0,0,0,0,0,0,0,0,0,0.46569,0,0,0,0
"MtrNatGas",4,29,23,"",19.4321,0,0,0,3.74953,0,0,0,0,0,0,0,0,0,0,0,0,0,15.4032,0,0.279414,0,0,0,0
"MtrNatGas",4,29,24,"",3.06746,0,0,0,2.83461,0,0,0,0,0,0,0,0,0,0,0,0,0,0,0,0.232845,0,0,0,0
"MtrNatGas",4,30,1,"",3.2756,0,0,0,3.15918,0,0,0,0,0,0,0,0,0,0,0,0,0,0,0,0.116423,0,0,0,0
"MtrNatGas",4,30,2,"",5.37904,0,0,0,5.2859,0,0,0,0,0,0,0,0,0,0,0,0,0,0,0,0.0931381,0,0,0,0
"MtrNatGas",4,30,3,"",4.41805,0,0,0,4.32491,0,0,0,0,0,0,0,0,0,0,0,0,0,0,0,0.0931381,0,0,0,0
"MtrNatGas",4,30,4,"",3.09856,0,0,0,3.00542,0,0,0,0,0,0,0,0,0,0,0,0,0,0,0,0.0931381,0,0,0,0
"MtrNatGas",4,30,5,"",4.1926,0,0,0,4.09946,0,0,0,0,0,0,0,0,0,0,0,0,0,0,0,0.0931381,0,0,0,0
"MtrNatGas",4,30,6,"",9.49456,0,0,0,9.16858,0,0,0,0,0,0,0,0,0,0,0,0,0,0,0,0.325983,0,0,0,0
"MtrNatGas",4,30,7,"",9.55125,0,0,0,9.10885,0,0,0,0,0,0,0,0,0,0,0,0,0,0,0,0.442406,0,0,0,0
"MtrNatGas",4,30,8,"",33.241,0,0,0,32.6589,0,0,0,0,0,0,0,0,0,0,0,0,0,0,0,0.582113,0,0,0,0
"MtrNatGas",4,30,9,"",20.7761,0,0,0,20.1707,0,0,0,0,0,0,0,0,0,0,0,0,0,0,0,0.605397,0,0,0,0
"MtrNatGas",4,30,10,"",9.0413,0,0,0,8.52904,0,0,0,0,0,0,0,0,0,0,0,0,0,0,0,0.512259,0,0,0,0
"MtrNatGas",4,30,11,"",4.87189,0,0,0,4.38292,0,0,0,0,0,0,0,0,0,0,0,0,0,0,0,0.488975,0,0,0,0
"MtrNatGas",4,30,12,"",9.40173,0,0,0,8.72648,0,0,0,0,0,0,0,0,0,0,0,0,0,0,0,0.675251,0,0,0,0
"MtrNatGas",4,30,13,"",14.1259,0,0,0,5.60943,0,0,0,0,0,0,0,0,0,0,0,0,0,7.70155,0,0.814958,0,0,0,0
"MtrNatGas",4,30,14,"",4.26373,0,0,0,3.51863,0,0,0,0,0,0,0,0,0,0,0,0,0,0,0,0.745104,0,0,0,0
"MtrNatGas",4,30,15,"",4.02244,0,0,0,3.23077,0,0,0,0,0,0,0,0,0,0,0,0,0,0,0,0.791673,0,0,0,0
"MtrNatGas",4,30,16,"",3.63465,0,0,0,2.42386,0,0,0,0,0,0,0,0,0,0,0,0,0,0,0,1.21079,0,0,0,0
"MtrNatGas",4,30,17,"",4.07705,0,0,0,1.39933,0,0,0,0,0,0,0,0,0,0,0,0,0,0,0,2.67772,0,0,0,0
"MtrNatGas",4,30,18,"",5.84319,0,0,0,1.34928,0,0,0,0,0,0,0,0,0,0,0,0,0,0,0,4.49391,0,0,0,0
"MtrNatGas",4,30,19,"",8.53592,0,0,0,4.34471,0,0,0,0,0,0,0,0,0,0,0,0,0,0,0,4.19121,0,0,0,0
"MtrNatGas",4,30,20,"",11.9828,0,0,0,9.70093,0,0,0,0,0,0,0,0,0,0,0,0,0,0,0,2.28188,0,0,0,0
"MtrNatGas",4,30,21,"",13.6626,0,0,0,12.6846,0,0,0,0,0,0,0,0,0,0,0,0,0,0,0,0.977949,0,0,0,0
"MtrNatGas",4,30,22,"",13.2018,0,0,0,12.7361,0,0,0,0,0,0,0,0,0,0,0,0,0,0,0,0.46569,0,0,0,0
"MtrNatGas",4,30,23,"",21.8604,0,0,0,21.581,0,0,0,0,0,0,0,0,0,0,0,0,0,0,0,0.279414,0,0,0,0
"MtrNatGas",4,30,24,"",8.33149,0,0,0,8.09865,0,0,0,0,0,0,0,0,0,0,0,0,0,0,0,0.232845,0,0,0,0
"MtrNatGas",5,1,1,"",3.64961,0,0,0,3.53292,0,0,0,0,0,0,0,0,0,0,0,0,0,0,0,0.116684,0,0,0,0
"MtrNatGas",5,1,2,"",3.24813,0,0,0,3.15478,0,0,0,0,0,0,0,0,0,0,0,0,0,0,0,0.0933476,0,0,0,0
"MtrNatGas",5,1,3,"",4.68104,0,0,0,4.58769,0,0,0,0,0,0,0,0,0,0,0,0,0,0,0,0.0933476,0,0,0,0
"MtrNatGas",5,1,4,"",3.79423,0,0,0,3.70088,0,0,0,0,0,0,0,0,0,0,0,0,0,0,0,0.0933476,0,0,0,0
"MtrNatGas",5,1,5,"",3.19265,0,0,0,3.09931,0,0,0,0,0,0,0,0,0,0,0,0,0,0,0,0.0933476,0,0,0,0
"MtrNatGas",5,1,6,"",9.9687,0,0,0,9.64198,0,0,0,0,0,0,0,0,0,0,0,0,0,0,0,0.326717,0,0,0,0
"MtrNatGas",5,1,7,"",15.8672,0,0,0,15.4238,0,0,0,0,0,0,0,0,0,0,0,0,0,0,0,0.443401,0,0,0,0
"MtrNatGas",5,1,8,"",34.699,0,0,0,34.1156,0,0,0,0,0,0,0,0,0,0,0,0,0,0,0,0.583422,0,0,0,0
"MtrNatGas",5,1,9,"",34.7792,0,0,0,34.1725,0,0,0,0,0,0,0,0,0,0,0,0,0,0,0,0.606759,0,0,0,0
"MtrNatGas",5,1,10,"",38.1512,0,0,0,37.6378,0,0,0,0,0,0,0,0,0,0,0,0,0,0,0,0.513412,0,0,0,0
"MtrNatGas",5,1,11,"",24.7006,0,0,0,12.3457,0,0,0,0,0,0,0,0,0,0,0,0,0,11.8649,0,0.490075,0,0,0,0
"MtrNatGas",5,1,12,"",12.2552,0,0,0,8.03906,0,0,0,0,0,0,0,0,0,0,0,0,0,3.53936,0,0.67677,0,0,0,0
"MtrNatGas",5,1,13,"",8.50326,0,0,0,7.68647,0,0,0,0,0,0,0,0,0,0,0,0,0,0,0,0.816791,0,0,0,0
"MtrNatGas",5,1,14,"",7.97077,0,0,0,4.72704,0,0,0,0,0,0,0,0,0,0,0,0,0,2.49695,0,0.746781,0,0,0,0
"MtrNatGas",5,1,15,"",9.53483,0,0,0,3.53486,0,0,0,0,0,0,0,0,0,0,0,0,0,5.20652,0,0.793454,0,0,0,0
"MtrNatGas",5,1,16,"",4.75316,0,0,0,3.53964,0,0,0,0,0,0,0,0,0,0,0,0,0,0,0,1.21352,0,0,0,0
"MtrNatGas",5,1,17,"",5.77212,0,0,0,3.08838,0,0,0,0,0,0,0,0,0,0,0,0,0,0,0,2.68374,0,0,0,0
"MtrNatGas",5,1,18,"",7.67418,0,0,0,3.17016,0,0,0,0,0,0,0,0,0,0,0,0,0,0,0,4.50402,0,0,0,0
"MtrNatGas",5,1,19,"",10.09,0,0,0,5.88938,0,0,0,0,0,0,0,0,0,0,0,0,0,0,0,4.20064,0,0,0,0
"MtrNatGas",5,1,20,"",10.5519,0,0,0,8.2649,0,0,0,0,0,0,0,0,0,0,0,0,0,0,0,2.28702,0,0,0,0
"MtrNatGas",5,1,21,"",19.0523,0,0,0,18.0722,0,0,0,0,0,0,0,0,0,0,0,0,0,0,0,0.98015,0,0,0,0
"MtrNatGas",5,1,22,"",18.4983,0,0,0,18.0315,0,0,0,0,0,0,0,0,0,0,0,0,0,0,0,0.466738,0,0,0,0
"MtrNatGas",5,1,23,"",21.0483,0,0,0,11.9198,0,0,0,0,0,0,0,0,0,0,0,0,0,8.84855,0,0.280043,0,0,0,0
"MtrNatGas",5,1,24,"",12.4359,0,0,0,8.22068,0,0,0,0,0,0,0,0,0,0,0,0,0,3.98187,0,0.233369,0,0,0,0
"MtrNatGas",5,2,1,"",9.50156,0,0,0,6.8101,0,0,0,0,0,0,0,0,0,0,0,0,0,2.57478,0,0.116684,0,0,0,0
"MtrNatGas",5,2,2,"",7.63702,0,0,0,7.54367,0,0,0,0,0,0,0,0,0,0,0,0,0,0,0,0.0933476,0,0,0,0
"MtrNatGas",5,2,3,"",2.89456,0,0,0,2.82455,0,0,0,0,0,0,0,0,0,0,0,0,0,0,0,0.0700107,0,0,0,0
"MtrNatGas",5,2,4,"",3.04432,0,0,0,2.97431,0,0,0,0,0,0,0,0,0,0,0,0,0,0,0,0.0700107,0,0,0,0
"MtrNatGas",5,2,5,"",2.9027,0,0,0,2.83269,0,0,0,0,0,0,0,0,0,0,0,0,0,0,0,0.0700107,0,0,0,0
"MtrNatGas",5,2,6,"",2.94823,0,0,0,2.83155,0,0,0,0,0,0,0,0,0,0,0,0,0,0,0,0.116684,0,0,0,0
"MtrNatGas",5,2,7,"",3.21811,0,0,0,2.98474,0,0,0,0,0,0,0,0,0,0,0,0,0,0,0,0.233369,0,0,0,0
"MtrNatGas",5,2,8,"",4.54367,0,0,0,3.91357,0,0,0,0,0,0,0,0,0,0,0,0,0,0,0,0.630096,0,0,0,0
"MtrNatGas",5,2,9,"",7.40223,0,0,0,6.28206,0,0,0,0,0,0,0,0,0,0,0,0,0,0,0,1.12017,0,0,0,0
"MtrNatGas",5,2,10,"",34.1909,0,0,0,33.0707,0,0,0,0,0,0,0,0,0,0,0,0,0,0,0,1.12017,0,0,0,0
"MtrNatGas",5,2,11,"",43.4542,0,0,0,34.6783,0,0,0,0,0,0,0,0,0,0,0,0,0,7.70236,0,1.0735,0,0,0,0
"MtrNatGas",5,2,12,"",44.7922,0,0,0,29.7498,0,0,0,0,0,0,0,0,0,0,0,0,0,13.7589,0,1.28353,0,0,0,0
"MtrNatGas",5,2,13,"",29.8881,0,0,0,5.16828,0,0,0,0,0,0,0,0,0,0,0,0,0,23.2495,0,1.47022,0,0,0,0
"MtrNatGas",5,2,14,"",11.3089,0,0,0,8.43559,0,0,0,0,0,0,0,0,0,0,0,0,0,1.49641,0,1.37688,0,0,0,0
"MtrNatGas",5,2,15,"",7.85891,0,0,0,6.41202,0,0,0,0,0,0,0,0,0,0,0,0,0,0,0,1.44689,0,0,0,0
"MtrNatGas",5,2,16,"",7.74765,0,0,0,6.16074,0,0,0,0,0,0,0,0,0,0,0,0,0,0,0,1.58691,0,0,0,0
"MtrNatGas",5,2,17,"",14.0796,0,0,0,6.59079,0,0,0,0,0,0,0,0,0,0,0,0,0,5.36514,0,2.12366,0,0,0,0
"MtrNatGas",5,2,18,"",18.0563,0,0,0,12.4772,0,0,0,0,0,0,0,0,0,0,0,0,0,2.33523,0,3.24383,0,0,0,0
"MtrNatGas",5,2,19,"",57.9886,0,0,0,39.5726,0,0,0,0,0,0,0,0,0,0,0,0,0,15.4056,0,3.01046,0,0,0,0
"MtrNatGas",5,2,20,"",38.5519,0,0,0,25.5993,0,0,0,0,0,0,0,0,0,0,0,0,0,11.2723,0,1.68026,0,0,0,0
"MtrNatGas",5,2,21,"",25.8748,0,0,0,17.2323,0,0,0,0,0,0,0,0,0,0,0,0,0,7.89573,0,0.746781,0,0,0,0
"MtrNatGas",5,2,22,"",31.8356,0,0,0,19.8695,0,0,0,0,0,0,0,0,0,0,0,0,0,11.6394,0,0.326717,0,0,0,0
"MtrNatGas",5,2,23,"",20.9514,0,0,0,5.33988,0,0,0,0,0,0,0,0,0,0,0,0,0,15.4015,0,0.210032,0,0,0,0
"MtrNatGas",5,2,24,"",6.89333,0,0,0,6.77665,0,0,0,0,0,0,0,0,0,0,0,0,0,0,0,0.116684,0,0,0,0
"MtrNatGas",5,3,1,"",5.39558,0,0,0,5.27889,0,0,0,0,0,0,0,0,0,0,0,0,0,0,0,0.116684,0,0,0,0
"MtrNatGas",5,3,2,"",2.92227,0,0,0,2.82892,0,0,0,0,0,0,0,0,0,0,0,0,0,0,0,0.0933476,0,0,0,0
"MtrNatGas",5,3,3,"",5.33253,0,0,0,5.26252,0,0,0,0,0,0,0,0,0,0,0,0,0,0,0,0.0700107,0,0,0,0
"MtrNatGas",5,3,4,"",4.49524,0,0,0,4.42523,0,0,0,0,0,0,0,0,0,0,0,0,0,0,0,0.0700107,0,0,0,0
"MtrNatGas",5,3,5,"",2.90506,0,0,0,2.83505,0,0,0,0,0,0,0,0,0,0,0,0,0,0,0,0.0700107,0,0,0,0
"MtrNatGas",5,3,6,"",4.19323,0,0,0,4.07655,0,0,0,0,0,0,0,0,0,0,0,0,0,0,0,0.116684,0,0,0,0
"MtrNatGas",5,3,7,"",4.85086,0,0,0,4.61749,0,0,0,0,0,0,0,0,0,0,0,0,0,0,0,0.233369,0,0,0,0
"MtrNatGas",5,3,8,"",28.948,0,0,0,28.3179,0,0,0,0,0,0,0,0,0,0,0,0,0,0,0,0.630096,0,0,0,0
"MtrNatGas",5,3,9,"",13.1929,0,0,0,12.0727,0,0,0,0,0,0,0,0,0,0,0,0,0,0,0,1.12017,0,0,0,0
"MtrNatGas",5,3,10,"",61.529,0,0,0,56.241,0,0,0,0,0,0,0,0,0,0,0,0,0,4.16788,0,1.12017,0,0,0,0
"MtrNatGas",5,3,11,"",31.9094,0,0,0,16.1629,0,0,0,0,0,0,0,0,0,0,0,0,0,14.673,0,1.0735,0,0,0,0
"MtrNatGas",5,3,12,"",29.9504,0,0,0,16.7005,0,0,0,0,0,0,0,0,0,0,0,0,0,11.9664,0,1.28353,0,0,0,0
"MtrNatGas",5,3,13,"",23.1839,0,0,0,21.7137,0,0,0,0,0,0,0,0,0,0,0,0,0,0,0,1.47022,0,0,0,0
"MtrNatGas",5,3,14,"",6.843,0,0,0,5.46612,0,0,0,0,0,0,0,0,0,0,0,0,0,0,0,1.37688,0,0,0,0
"MtrNatGas",5,3,15,"",9.25108,0,0,0,7.8042,0,0,0,0,0,0,0,0,0,0,0,0,0,0,0,1.44689,0,0,0,0
"MtrNatGas",5,3,16,"",17.9478,0,0,0,8.65934,0,0,0,0,0,0,0,0,0,0,0,0,0,7.70154,0,1.58691,0,0,0,0
"MtrNatGas",5,3,17,"",8.61536,0,0,0,6.4917,0,0,0,0,0,0,0,0,0,0,0,0,0,0,0,2.12366,0,0,0,0
"MtrNatGas",5,3,18,"",15.48,0,0,0,12.2362,0,0,0,0,0,0,0,0,0,0,0,0,0,0,0,3.24383,0,0,0,0
"MtrNatGas",5,3,19,"",23.3349,0,0,0,20.3244,0,0,0,0,0,0,0,0,0,0,0,0,0,0,0,3.01046,0,0,0,0
"MtrNatGas",5,3,20,"",14.0049,0,0,0,12.3246,0,0,0,0,0,0,0,0,0,0,0,0,0,0,0,1.68026,0,0,0,0
"MtrNatGas",5,3,21,"",26.7566,0,0,0,18.3075,0,0,0,0,0,0,0,0,0,0,0,0,0,7.7023,0,0.746781,0,0,0,0
"MtrNatGas",5,3,22,"",7.12345,0,0,0,6.79674,0,0,0,0,0,0,0,0,0,0,0,0,0,0,0,0.326717,0,0,0,0
"MtrNatGas",5,3,23,"",6.6743,0,0,0,6.46427,0,0,0,0,0,0,0,0,0,0,0,0,0,0,0,0.210032,0,0,0,0
"MtrNatGas",5,3,24,"",7.40062,0,0,0,7.28393,0,0,0,0,0,0,0,0,0,0,0,0,0,0,0,0.116684,0,0,0,0
"MtrNatGas",5,4,1,"",3.25903,0,0,0,3.14234,0,0,0,0,0,0,0,0,0,0,0,0,0,0,0,0.116684,0,0,0,0
"MtrNatGas",5,4,2,"",2.91615,0,0,0,2.82281,0,0,0,0,0,0,0,0,0,0,0,0,0,0,0,0.0933476,0,0,0,0
"MtrNatGas",5,4,3,"",3.12378,0,0,0,3.03043,0,0,0,0,0,0,0,0,0,0,0,0,0,0,0,0.0933476,0,0,0,0
"MtrNatGas",5,4,4,"",3.07845,0,0,0,2.9851,0,0,0,0,0,0,0,0,0,0,0,0,0,0,0,0.0933476,0,0,0,0
"MtrNatGas",5,4,5,"",2.91965,0,0,0,2.8263,0,0,0,0,0,0,0,0,0,0,0,0,0,0,0,0.0933476,0,0,0,0
"MtrNatGas",5,4,6,"",4.26726,0,0,0,3.94054,0,0,0,0,0,0,0,0,0,0,0,0,0,0,0,0.326717,0,0,0,0
"MtrNatGas",5,4,7,"",56.8344,0,0,0,56.391,0,0,0,0,0,0,0,0,0,0,0,0,0,0,0,0.443401,0,0,0,0
"MtrNatGas",5,4,8,"",32.7224,0,0,0,32.139,0,0,0,0,0,0,0,0,0,0,0,0,0,0,0,0.583422,0,0,0,0
"MtrNatGas",5,4,9,"",51.7836,0,0,0,51.1769,0,0,0,0,0,0,0,0,0,0,0,0,0,0,0,0.606759,0,0,0,0
"MtrNatGas",5,4,10,"",30.6901,0,0,0,25.8643,0,0,0,0,0,0,0,0,0,0,0,0,0,4.31242,0,0.513412,0,0,0,0
"MtrNatGas",5,4,11,"",14.1382,0,0,0,10.2583,0,0,0,0,0,0,0,0,0,0,0,0,0,3.38981,0,0.490075,0,0,0,0
"MtrNatGas",5,4,12,"",14.9307,0,0,0,8.96331,0,0,0,0,0,0,0,0,0,0,0,0,0,5.29063,0,0.67677,0,0,0,0
"MtrNatGas",5,4,13,"",10.0767,0,0,0,6.84989,0,0,0,0,0,0,0,0,0,0,0,0,0,2.40999,0,0.816791,0,0,0,0
"MtrNatGas",5,4,14,"",9.54848,0,0,0,6.30475,0,0,0,0,0,0,0,0,0,0,0,0,0,2.49695,0,0.746781,0,0,0,0
"MtrNatGas",5,4,15,"",10.7785,0,0,0,4.77853,0,0,0,0,0,0,0,0,0,0,0,0,0,5.20652,0,0.793454,0,0,0,0
"MtrNatGas",5,4,16,"",11.1269,0,0,0,6.97208,0,0,0,0,0,0,0,0,0,0,0,0,0,2.94132,0,1.21352,0,0,0,0
"MtrNatGas",5,4,17,"",26.0626,0,0,0,9.00601,0,0,0,0,0,0,0,0,0,0,0,0,0,14.3728,0,2.68374,0,0,0,0
"MtrNatGas",5,4,18,"",27.1771,0,0,0,11.1989,0,0,0,0,0,0,0,0,0,0,0,0,0,11.4741,0,4.50402,0,0,0,0
"MtrNatGas",5,4,19,"",23.7482,0,0,0,9.8307,0,0,0,0,0,0,0,0,0,0,0,0,0,9.71681,0,4.20064,0,0,0,0
"MtrNatGas",5,4,20,"",16.2641,0,0,0,13.9771,0,0,0,0,0,0,0,0,0,0,0,0,0,0,0,2.28702,0,0,0,0
"MtrNatGas",5,4,21,"",22.4815,0,0,0,21.5014,0,0,0,0,0,0,0,0,0,0,0,0,0,0,0,0.98015,0,0,0,0
"MtrNatGas",5,4,22,"",12.2093,0,0,0,11.7426,0,0,0,0,0,0,0,0,0,0,0,0,0,0,0,0.466738,0,0,0,0
"MtrNatGas",5,4,23,"",9.63951,0,0,0,9.35946,0,0,0,0,0,0,0,0,0,0,0,0,0,0,0,0.280043,0,0,0,0
"MtrNatGas",5,4,24,"",7.54665,0,0,0,7.31328,0,0,0,0,0,0,0,0,0,0,0,0,0,0,0,0.233369,0,0,0,0
"MtrNatGas",5,5,1,"",3.64294,0,0,0,3.52625,0,0,0,0,0,0,0,0,0,0,0,0,0,0,0,0.116684,0,0,0,0
"MtrNatGas",5,5,2,"",3.08177,0,0,0,2.98843,0,0,0,0,0,0,0,0,0,0,0,0,0,0,0,0.0933476,0,0,0,0
"MtrNatGas",5,5,3,"",4.26424,0,0,0,4.17089,0,0,0,0,0,0,0,0,0,0,0,0,0,0,0,0.0933476,0,0,0,0
"MtrNatGas",5,5,4,"",4.77726,0,0,0,4.68391,0,0,0,0,0,0,0,0,0,0,0,0,0,0,0,0.0933476,0,0,0,0
"MtrNatGas",5,5,5,"",5.6088,0,0,0,5.51545,0,0,0,0,0,0,0,0,0,0,0,0,0,0,0,0.0933476,0,0,0,0
"MtrNatGas",5,5,6,"",5.57949,0,0,0,5.25277,0,0,0,0,0,0,0,0,0,0,0,0,0,0,0,0.326717,0,0,0,0
"MtrNatGas",5,5,7,"",30.9237,0,0,0,30.4803,0,0,0,0,0,0,0,0,0,0,0,0,0,0,0,0.443401,0,0,0,0
"MtrNatGas",5,5,8,"",59.3729,0,0,0,58.7895,0,0,0,0,0,0,0,0,0,0,0,0,0,0,0,0.583422,0,0,0,0
"MtrNatGas",5,5,9,"",28.9183,0,0,0,28.3115,0,0,0,0,0,0,0,0,0,0,0,0,0,0,0,0.606759,0,0,0,0
"MtrNatGas",5,5,10,"",29.8714,0,0,0,29.3579,0,0,0,0,0,0,0,0,0,0,0,0,0,0,0,0.513412,0,0,0,0
"MtrNatGas",5,5,11,"",29.5541,0,0,0,21.3647,0,0,0,0,0,0,0,0,0,0,0,0,0,7.69933,0,0.490075,0,0,0,0
"MtrNatGas",5,5,12,"",10.3771,0,0,0,9.70033,0,0,0,0,0,0,0,0,0,0,0,0,0,0,0,0.67677,0,0,0,0
"MtrNatGas",5,5,13,"",10.1405,0,0,0,9.32374,0,0,0,0,0,0,0,0,0,0,0,0,0,0,0,0.816791,0,0,0,0
"MtrNatGas",5,5,14,"",10.0994,0,0,0,9.35263,0,0,0,0,0,0,0,0,0,0,0,0,0,0,0,0.746781,0,0,0,0
"MtrNatGas",5,5,15,"",14.3289,0,0,0,13.5354,0,0,0,0,0,0,0,0,0,0,0,0,0,0,0,0.793454,0,0,0,0
"MtrNatGas",5,5,16,"",18.359,0,0,0,17.1454,0,0,0,0,0,0,0,0,0,0,0,0,0,0,0,1.21352,0,0,0,0
"MtrNatGas",5,5,17,"",13.821,0,0,0,11.1373,0,0,0,0,0,0,0,0,0,0,0,0,0,0,0,2.68374,0,0,0,0
"MtrNatGas",5,5,18,"",14.5312,0,0,0,10.0272,0,0,0,0,0,0,0,0,0,0,0,0,0,0,0,4.50402,0,0,0,0
"MtrNatGas",5,5,19,"",37.5655,0,0,0,33.3649,0,0,0,0,0,0,0,0,0,0,0,0,0,0,0,4.20064,0,0,0,0
"MtrNatGas",5,5,20,"",22.5503,0,0,0,20.2633,0,0,0,0,0,0,0,0,0,0,0,0,0,0,0,2.28702,0,0,0,0
"MtrNatGas",5,5,21,"",18.42,0,0,0,17.4398,0,0,0,0,0,0,0,0,0,0,0,0,0,0,0,0.98015,0,0,0,0
"MtrNatGas",5,5,22,"",11.9907,0,0,0,11.524,0,0,0,0,0,0,0,0,0,0,0,0,0,0,0,0.466738,0,0,0,0
"MtrNatGas",5,5,23,"",16.8886,0,0,0,16.6085,0,0,0,0,0,0,0,0,0,0,0,0,0,0,0,0.280043,0,0,0,0
"MtrNatGas",5,5,24,"",9.39327,0,0,0,9.1599,0,0,0,0,0,0,0,0,0,0,0,0,0,0,0,0.233369,0,0,0,0
"MtrNatGas",5,6,1,"",2.9478,0,0,0,2.83111,0,0,0,0,0,0,0,0,0,0,0,0,0,0,0,0.116684,0,0,0,0
"MtrNatGas",5,6,2,"",3.09429,0,0,0,3.00094,0,0,0,0,0,0,0,0,0,0,0,0,0,0,0,0.0933476,0,0,0,0
"MtrNatGas",5,6,3,"",4.02338,0,0,0,3.93004,0,0,0,0,0,0,0,0,0,0,0,0,0,0,0,0.0933476,0,0,0,0
"MtrNatGas",5,6,4,"",3.22874,0,0,0,3.13539,0,0,0,0,0,0,0,0,0,0,0,0,0,0,0,0.0933476,0,0,0,0
"MtrNatGas",5,6,5,"",5.04318,0,0,0,4.94983,0,0,0,0,0,0,0,0,0,0,0,0,0,0,0,0.0933476,0,0,0,0
"MtrNatGas",5,6,6,"",6.00463,0,0,0,5.67792,0,0,0,0,0,0,0,0,0,0,0,0,0,0,0,0.326717,0,0,0,0
"MtrNatGas",5,6,7,"",23.4914,0,0,0,23.048,0,0,0,0,0,0,0,0,0,0,0,0,0,0,0,0.443401,0,0,0,0
"MtrNatGas",5,6,8,"",21.9075,0,0,0,21.324,0,0,0,0,0,0,0,0,0,0,0,0,0,0,0,0.583422,0,0,0,0
"MtrNatGas",5,6,9,"",27.8859,0,0,0,27.2792,0,0,0,0,0,0,0,0,0,0,0,0,0,0,0,0.606759,0,0,0,0
"MtrNatGas",5,6,10,"",30.1653,0,0,0,29.6519,0,0,0,0,0,0,0,0,0,0,0,0,0,0,0,0.513412,0,0,0,0
"MtrNatGas",5,6,11,"",19.8461,0,0,0,11.653,0,0,0,0,0,0,0,0,0,0,0,0,0,7.70308,0,0.490075,0,0,0,0
"MtrNatGas",5,6,12,"",8.95178,0,0,0,8.27501,0,0,0,0,0,0,0,0,0,0,0,0,0,0,0,0.67677,0,0,0,0
"MtrNatGas",5,6,13,"",7.07336,0,0,0,6.25657,0,0,0,0,0,0,0,0,0,0,0,0,0,0,0,0.816791,0,0,0,0
"MtrNatGas",5,6,14,"",12.9123,0,0,0,9.66854,0,0,0,0,0,0,0,0,0,0,0,0,0,2.49695,0,0.746781,0,0,0,0
"MtrNatGas",5,6,15,"",17.1284,0,0,0,3.42772,0,0,0,0,0,0,0,0,0,0,0,0,0,12.9072,0,0.793454,0,0,0,0
"MtrNatGas",5,6,16,"",7.38521,0,0,0,6.1717,0,0,0,0,0,0,0,0,0,0,0,0,0,0,0,1.21352,0,0,0,0
"MtrNatGas",5,6,17,"",12.2289,0,0,0,9.54517,0,0,0,0,0,0,0,0,0,0,0,0,0,0,0,2.68374,0,0,0,0
"MtrNatGas",5,6,18,"",8.22879,0,0,0,3.72477,0,0,0,0,0,0,0,0,0,0,0,0,0,0,0,4.50402,0,0,0,0
"MtrNatGas",5,6,19,"",12.9759,0,0,0,8.77525,0,0,0,0,0,0,0,0,0,0,0,0,0,0,0,4.20064,0,0,0,0
"MtrNatGas",5,6,20,"",11.834,0,0,0,9.54694,0,0,0,0,0,0,0,0,0,0,0,0,0,0,0,2.28702,0,0,0,0
"MtrNatGas",5,6,21,"",25.361,0,0,0,24.3808,0,0,0,0,0,0,0,0,0,0,0,0,0,0,0,0.98015,0,0,0,0
"MtrNatGas",5,6,22,"",22.5589,0,0,0,22.0922,0,0,0,0,0,0,0,0,0,0,0,0,0,0,0,0.466738,0,0,0,0
"MtrNatGas",5,6,23,"",10.6991,0,0,0,9.00626,0,0,0,0,0,0,0,0,0,0,0,0,0,1.41278,0,0.280043,0,0,0,0
"MtrNatGas",5,6,24,"",10.7538,0,0,0,6.80491,0,0,0,0,0,0,0,0,0,0,0,0,0,3.71548,0,0.233369,0,0,0,0
"MtrNatGas",5,7,1,"",5.86348,0,0,0,3.17201,0,0,0,0,0,0,0,0,0,0,0,0,0,2.57478,0,0.116684,0,0,0,0
"MtrNatGas",5,7,2,"",5.53302,0,0,0,5.43967,0,0,0,0,0,0,0,0,0,0,0,0,0,0,0,0.0933476,0,0,0,0
"MtrNatGas",5,7,3,"",4.20852,0,0,0,4.11517,0,0,0,0,0,0,0,0,0,0,0,0,0,0,0,0.0933476,0,0,0,0
"MtrNatGas",5,7,4,"",2.9437,0,0,0,2.85035,0,0,0,0,0,0,0,0,0,0,0,0,0,0,0,0.0933476,0,0,0,0
"MtrNatGas",5,7,5,"",3.1074,0,0,0,3.01405,0,0,0,0,0,0,0,0,0,0,0,0,0,0,0,0.0933476,0,0,0,0
"MtrNatGas",5,7,6,"",3.3535,0,0,0,3.02678,0,0,0,0,0,0,0,0,0,0,0,0,0,0,0,0.326717,0,0,0,0
"MtrNatGas",5,7,7,"",5.41811,0,0,0,4.97471,0,0,0,0,0,0,0,0,0,0,0,0,0,0,0,0.443401,0,0,0,0
"MtrNatGas",5,7,8,"",14.7853,0,0,0,14.2019,0,0,0,0,0,0,0,0,0,0,0,0,0,0,0,0.583422,0,0,0,0
"MtrNatGas",5,7,9,"",14.1405,0,0,0,13.5338,0,0,0,0,0,0,0,0,0,0,0,0,0,0,0,0.606759,0,0,0,0
"MtrNatGas",5,7,10,"",39.4221,0,0,0,28.701,0,0,0,0,0,0,0,0,0,0,0,0,0,10.2077,0,0.513412,0,0,0,0
"MtrNatGas",5,7,11,"",31.1937,0,0,0,17.8063,0,0,0,0,0,0,0,0,0,0,0,0,0,12.8973,0,0.490075,0,0,0,0
"MtrNatGas",5,7,12,"",13.1189,0,0,0,4.9178,0,0,0,0,0,0,0,0,0,0,0,0,0,7.52434,0,0.67677,0,0,0,0
"MtrNatGas",5,7,13,"",13.8068,0,0,0,12.8139,0,0,0,0,0,0,0,0,0,0,0,0,0,0.176068,0,0.816791,0,0,0,0
"MtrNatGas",5,7,14,"",10.7603,0,0,0,6.41171,0,0,0,0,0,0,0,0,0,0,0,0,0,3.60176,0,0.746781,0,0,0,0
"MtrNatGas",5,7,15,"",19.1304,0,0,0,14.2373,0,0,0,0,0,0,0,0,0,0,0,0,0,4.0997,0,0.793454,0,0,0,0
"MtrNatGas",5,7,16,"",6.49144,0,0,0,5.27792,0,0,0,0,0,0,0,0,0,0,0,0,0,0,0,1.21352,0,0,0,0
"MtrNatGas",5,7,17,"",13.9304,0,0,0,11.2467,0,0,0,0,0,0,0,0,0,0,0,0,0,0,0,2.68374,0,0,0,0
"MtrNatGas",5,7,18,"",22.5285,0,0,0,18.0245,0,0,0,0,0,0,0,0,0,0,0,0,0,0,0,4.50402,0,0,0,0
"MtrNatGas",5,7,19,"",31.182,0,0,0,22.9365,0,0,0,0,0,0,0,0,0,0,0,0,0,4.04487,0,4.20064,0,0,0,0
"MtrNatGas",5,7,20,"",28.4554,0,0,0,22.5102,0,0,0,0,0,0,0,0,0,0,0,0,0,3.65827,0,2.28702,0,0,0,0
"MtrNatGas",5,7,21,"",14.6557,0,0,0,13.6756,0,0,0,0,0,0,0,0,0,0,0,0,0,0,0,0.98015,0,0,0,0
"MtrNatGas",5,7,22,"",19.3609,0,0,0,18.8941,0,0,0,0,0,0,0,0,0,0,0,0,0,0,0,0.466738,0,0,0,0
"MtrNatGas",5,7,23,"",24.8418,0,0,0,23.1489,0,0,0,0,0,0,0,0,0,0,0,0,0,1.41278,0,0.280043,0,0,0,0
"MtrNatGas",5,7,24,"",16.8025,0,0,0,12.8536,0,0,0,0,0,0,0,0,0,0,0,0,0,3.71548,0,0.233369,0,0,0,0
"MtrNatGas",5,8,1,"",5.91977,0,0,0,3.22831,0,0,0,0,0,0,0,0,0,0,0,0,0,2.57478,0,0.116684,0,0,0,0
"MtrNatGas",5,8,2,"",3.11405,0,0,0,3.0207,0,0,0,0,0,0,0,0,0,0,0,0,0,0,0,0.0933476,0,0,0,0
"MtrNatGas",5,8,3,"",3.13658,0,0,0,3.04323,0,0,0,0,0,0,0,0,0,0,0,0,0,0,0,0.0933476,0,0,0,0
"MtrNatGas",5,8,4,"",2.9437,0,0,0,2.85035,0,0,0,0,0,0,0,0,0,0,0,0,0,0,0,0.0933476,0,0,0,0
"MtrNatGas",5,8,5,"",2.94545,0,0,0,2.8521,0,0,0,0,0,0,0,0,0,0,0,0,0,0,0,0.0933476,0,0,0,0
"MtrNatGas",5,8,6,"",3.18013,0,0,0,2.85341,0,0,0,0,0,0,0,0,0,0,0,0,0,0,0,0.326717,0,0,0,0
"MtrNatGas",5,8,7,"",7.29335,0,0,0,6.84995,0,0,0,0,0,0,0,0,0,0,0,0,0,0,0,0.443401,0,0,0,0
"MtrNatGas",5,8,8,"",34.6137,0,0,0,34.0303,0,0,0,0,0,0,0,0,0,0,0,0,0,0,0,0.583422,0,0,0,0
"MtrNatGas",5,8,9,"",64.1389,0,0,0,32.7298,0,0,0,0,0,0,0,0,0,0,0,0,0,30.8023,0,0.606759,0,0,0,0
"MtrNatGas",5,8,10,"",7.90624,0,0,0,7.39282,0,0,0,0,0,0,0,0,0,0,0,0,0,0,0,0.513412,0,0,0,0
"MtrNatGas",5,8,11,"",20.7161,0,0,0,20.226,0,0,0,0,0,0,0,0,0,0,0,0,0,0,0,0.490075,0,0,0,0
"MtrNatGas",5,8,12,"",35.6077,0,0,0,4.12716,0,0,0,0,0,0,0,0,0,0,0,0,0,30.8037,0,0.67677,0,0,0,0
"MtrNatGas",5,8,13,"",5.18715,0,0,0,4.37036,0,0,0,0,0,0,0,0,0,0,0,0,0,0,0,0.816791,0,0,0,0
"MtrNatGas",5,8,14,"",5.95225,0,0,0,5.20547,0,0,0,0,0,0,0,0,0,0,0,0,0,0,0,0.746781,0,0,0,0
"MtrNatGas",5,8,15,"",13.4989,0,0,0,5.00477,0,0,0,0,0,0,0,0,0,0,0,0,0,7.7007,0,0.793454,0,0,0,0
"MtrNatGas",5,8,16,"",10.1927,0,0,0,6.0379,0,0,0,0,0,0,0,0,0,0,0,0,0,2.94132,0,1.21352,0,0,0,0
"MtrNatGas",5,8,17,"",11.8478,0,0,0,4.40509,0,0,0,0,0,0,0,0,0,0,0,0,0,4.75893,0,2.68374,0,0,0,0
"MtrNatGas",5,8,18,"",8.0187,0,0,0,3.51468,0,0,0,0,0,0,0,0,0,0,0,0,0,0,0,4.50402,0,0,0,0
"MtrNatGas",5,8,19,"",10.3794,0,0,0,6.1788,0,0,0,0,0,0,0,0,0,0,0,0,0,0,0,4.20064,0,0,0,0
"MtrNatGas",5,8,20,"",7.20295,0,0,0,4.91593,0,0,0,0,0,0,0,0,0,0,0,0,0,0,0,2.28702,0,0,0,0
"MtrNatGas",5,8,21,"",13.5739,0,0,0,12.5938,0,0,0,0,0,0,0,0,0,0,0,0,0,0,0,0.98015,0,0,0,0
"MtrNatGas",5,8,22,"",15.5807,0,0,0,15.1139,0,0,0,0,0,0,0,0,0,0,0,0,0,0,0,0.466738,0,0,0,0
"MtrNatGas",5,8,23,"",12.5858,0,0,0,4.87,0,0,0,0,0,0,0,0,0,0,0,0,0,7.43576,0,0.280043,0,0,0,0
"MtrNatGas",5,8,24,"",10.0389,0,0,0,9.53916,0,0,0,0,0,0,0,0,0,0,0,0,0,0.266395,0,0.233369,0,0,0,0
"MtrNatGas",5,9,1,"",3.69256,0,0,0,3.57587,0,0,0,0,0,0,0,0,0,0,0,0,0,0,0,0.116684,0,0,0,0
"MtrNatGas",5,9,2,"",2.92227,0,0,0,2.82892,0,0,0,0,0,0,0,0,0,0,0,0,0,0,0,0.0933476,0,0,0,0
"MtrNatGas",5,9,3,"",2.90068,0,0,0,2.83067,0,0,0,0,0,0,0,0,0,0,0,0,0,0,0,0.0700107,0,0,0,0
"MtrNatGas",5,9,4,"",2.90244,0,0,0,2.83243,0,0,0,0,0,0,0,0,0,0,0,0,0,0,0,0.0700107,0,0,0,0
"MtrNatGas",5,9,5,"",2.90419,0,0,0,2.83418,0,0,0,0,0,0,0,0,0,0,0,0,0,0,0,0.0700107,0,0,0,0
"MtrNatGas",5,9,6,"",2.95261,0,0,0,2.83592,0,0,0,0,0,0,0,0,0,0,0,0,0,0,0,0.116684,0,0,0,0
"MtrNatGas",5,9,7,"",32.3753,0,0,0,32.1419,0,0,0,0,0,0,0,0,0,0,0,0,0,0,0,0.233369,0,0,0,0
"MtrNatGas",5,9,8,"",22.1981,0,0,0,21.568,0,0,0,0,0,0,0,0,0,0,0,0,0,0,0,0.630096,0,0,0,0
"MtrNatGas",5,9,9,"",21.4045,0,0,0,20.2843,0,0,0,0,0,0,0,0,0,0,0,0,0,0,0,1.12017,0,0,0,0
"MtrNatGas",5,9,10,"",18.3181,0,0,0,17.1979,0,0,0,0,0,0,0,0,0,0,0,0,0,0,0,1.12017,0,0,0,0
"MtrNatGas",5,9,11,"",28.6273,0,0,0,27.5538,0,0,0,0,0,0,0,0,0,0,0,0,0,0,0,1.0735,0,0,0,0
"MtrNatGas",5,9,12,"",35.3293,0,0,0,24.0125,0,0,0,0,0,0,0,0,0,0,0,0,0,10.0333,0,1.28353,0,0,0,0
"MtrNatGas",5,9,13,"",12.0857,0,0,0,5.24445,0,0,0,0,0,0,0,0,0,0,0,0,0,5.37099,0,1.47022,0,0,0,0
"MtrNatGas",5,9,14,"",11.1071,0,0,0,9.7302,0,0,0,0,0,0,0,0,0,0,0,0,0,0,0,1.37688,0,0,0,0
"MtrNatGas",5,9,15,"",4.95294,0,0,0,3.50605,0,0,0,0,0,0,0,0,0,0,0,0,0,0,0,1.44689,0,0,0,0
"MtrNatGas",5,9,16,"",4.82277,0,0,0,3.23586,0,0,0,0,0,0,0,0,0,0,0,0,0,0,0,1.58691,0,0,0,0
"MtrNatGas",5,9,17,"",5.73453,0,0,0,3.61087,0,0,0,0,0,0,0,0,0,0,0,0,0,0,0,2.12366,0,0,0,0
"MtrNatGas",5,9,18,"",12.9694,0,0,0,9.72554,0,0,0,0,0,0,0,0,0,0,0,0,0,0,0,3.24383,0,0,0,0
"MtrNatGas",5,9,19,"",23.0762,0,0,0,20.0658,0,0,0,0,0,0,0,0,0,0,0,0,0,0,0,3.01046,0,0,0,0
"MtrNatGas",5,9,20,"",23.4506,0,0,0,21.7704,0,0,0,0,0,0,0,0,0,0,0,0,0,0,0,1.68026,0,0,0,0
"MtrNatGas",5,9,21,"",4.53529,0,0,0,3.78851,0,0,0,0,0,0,0,0,0,0,0,0,0,0,0,0.746781,0,0,0,0
"MtrNatGas",5,9,22,"",28.021,0,0,0,27.6943,0,0,0,0,0,0,0,0,0,0,0,0,0,0,0,0.326717,0,0,0,0
"MtrNatGas",5,9,23,"",35.5086,0,0,0,19.897,0,0,0,0,0,0,0,0,0,0,0,0,0,15.4015,0,0.210032,0,0,0,0
"MtrNatGas",5,9,24,"",10.9696,0,0,0,3.15142,0,0,0,0,0,0,0,0,0,0,0,0,0,7.70152,0,0.116684,0,0,0,0
"MtrNatGas",5,10,1,"",3.28426,0,0,0,3.16758,0,0,0,0,0,0,0,0,0,0,0,0,0,0,0,0.116684,0,0,0,0
"MtrNatGas",5,10,2,"",2.92227,0,0,0,2.82892,0,0,0,0,0,0,0,0,0,0,0,0,0,0,0,0.0933476,0,0,0,0
"MtrNatGas",5,10,3,"",3.13372,0,0,0,3.06371,0,0,0,0,0,0,0,0,0,0,0,0,0,0,0,0.0700107,0,0,0,0
"MtrNatGas",5,10,4,"",2.90025,0,0,0,2.83024,0,0,0,0,0,0,0,0,0,0,0,0,0,0,0,0.0700107,0,0,0,0
"MtrNatGas",5,10,5,"",2.90112,0,0,0,2.83111,0,0,0,0,0,0,0,0,0,0,0,0,0,0,0,0.0700107,0,0,0,0
"MtrNatGas",5,10,6,"",3.76036,0,0,0,3.64367,0,0,0,0,0,0,0,0,0,0,0,0,0,0,0,0.116684,0,0,0,0
"MtrNatGas",5,10,7,"",19.0994,0,0,0,18.866,0,0,0,0,0,0,0,0,0,0,0,0,0,0,0,0.233369,0,0,0,0
"MtrNatGas",5,10,8,"",34.7966,0,0,0,26.4656,0,0,0,0,0,0,0,0,0,0,0,0,0,7.70093,0,0.630096,0,0,0,0
"MtrNatGas",5,10,9,"",25.8686,0,0,0,18.7616,0,0,0,0,0,0,0,0,0,0,0,0,0,5.9869,0,1.12017,0,0,0,0
"MtrNatGas",5,10,10,"",60.356,0,0,0,34.7488,0,0,0,0,0,0,0,0,0,0,0,0,0,24.487,0,1.12017,0,0,0,0
"MtrNatGas",5,10,11,"",44.6532,0,0,0,40.0656,0,0,0,0,0,0,0,0,0,0,0,0,0,3.51409,0,1.0735,0,0,0,0
"MtrNatGas",5,10,12,"",30.417,0,0,0,27.5008,0,0,0,0,0,0,0,0,0,0,0,0,0,1.63265,0,1.28353,0,0,0,0
"MtrNatGas",5,10,13,"",15.8428,0,0,0,8.27699,0,0,0,0,0,0,0,0,0,0,0,0,0,6.09556,0,1.47022,0,0,0,0
"MtrNatGas",5,10,14,"",15.5177,0,0,0,7.88476,0,0,0,0,0,0,0,0,0,0,0,0,0,6.25605,0,1.37688,0,0,0,0
"MtrNatGas",5,10,15,"",11.0782,0,0,0,3.68963,0,0,0,0,0,0,0,0,0,0,0,0,0,5.94167,0,1.44689,0,0,0,0
"MtrNatGas",5,10,16,"",5.3007,0,0,0,3.71379,0,0,0,0,0,0,0,0,0,0,0,0,0,0,0,1.58691,0,0,0,0
"MtrNatGas",5,10,17,"",10.2723,0,0,0,4.5686,0,0,0,0,0,0,0,0,0,0,0,0,0,3.58002,0,2.12366,0,0,0,0
"MtrNatGas",5,10,18,"",14.3418,0,0,0,6.97516,0,0,0,0,0,0,0,0,0,0,0,0,0,4.12283,0,3.24383,0,0,0,0
"MtrNatGas",5,10,19,"",11.8934,0,0,0,8.88294,0,0,0,0,0,0,0,0,0,0,0,0,0,0,0,3.01046,0,0,0,0
"MtrNatGas",5,10,20,"",14.6893,0,0,0,13.009,0,0,0,0,0,0,0,0,0,0,0,0,0,0,0,1.68026,0,0,0,0
"MtrNatGas",5,10,21,"",17.4734,0,0,0,13.5669,0,0,0,0,0,0,0,0,0,0,0,0,0,3.15976,0,0.746781,0,0,0,0
"MtrNatGas",5,10,22,"",10.7689,0,0,0,5.90128,0,0,0,0,0,0,0,0,0,0,0,0,0,4.54086,0,0.326717,0,0,0,0
"MtrNatGas",5,10,23,"",4.9034,0,0,0,4.69337,0,0,0,0,0,0,0,0,0,0,0,0,0,0,0,0.210032,0,0,0,0
"MtrNatGas",5,10,24,"",2.94124,0,0,0,2.82455,0,0,0,0,0,0,0,0,0,0,0,0,0,0,0,0.116684,0,0,0,0
"MtrNatGas",5,11,1,"",3.53232,0,0,0,3.41564,0,0,0,0,0,0,0,0,0,0,0,0,0,0,0,0.116684,0,0,0,0
"MtrNatGas",5,11,2,"",2.92009,0,0,0,2.82674,0,0,0,0,0,0,0,0,0,0,0,0,0,0,0,0.0933476,0,0,0,0
"MtrNatGas",5,11,3,"",2.92096,0,0,0,2.82761,0,0,0,0,0,0,0,0,0,0,0,0,0,0,0,0.0933476,0,0,0,0
"MtrNatGas",5,11,4,"",2.92227,0,0,0,2.82893,0,0,0,0,0,0,0,0,0,0,0,0,0,0,0,0.0933476,0,0,0,0
"MtrNatGas",5,11,5,"",2.92315,0,0,0,2.8298,0,0,0,0,0,0,0,0,0,0,0,0,0,0,0,0.0933476,0,0,0,0
"MtrNatGas",5,11,6,"",5.93547,0,0,0,5.60875,0,0,0,0,0,0,0,0,0,0,0,0,0,0,0,0.326717,0,0,0,0
"MtrNatGas",5,11,7,"",14.0802,0,0,0,13.6368,0,0,0,0,0,0,0,0,0,0,0,0,0,0,0,0.443401,0,0,0,0
"MtrNatGas",5,11,8,"",33.7385,0,0,0,33.1551,0,0,0,0,0,0,0,0,0,0,0,0,0,0,0,0.583422,0,0,0,0
"MtrNatGas",5,11,9,"",50.8743,0,0,0,50.2676,0,0,0,0,0,0,0,0,0,0,0,0,0,0,0,0.606759,0,0,0,0
"MtrNatGas",5,11,10,"",28.2032,0,0,0,19.9904,0,0,0,0,0,0,0,0,0,0,0,0,0,7.69937,0,0.513412,0,0,0,0
"MtrNatGas",5,11,11,"",8.19256,0,0,0,7.70249,0,0,0,0,0,0,0,0,0,0,0,0,0,0,0,0.490075,0,0,0,0
"MtrNatGas",5,11,12,"",18.3514,0,0,0,13.8027,0,0,0,0,0,0,0,0,0,0,0,0,0,3.87198,0,0.67677,0,0,0,0
"MtrNatGas",5,11,13,"",23.0113,0,0,0,10.6666,0,0,0,0,0,0,0,0,0,0,0,0,0,11.5279,0,0.816791,0,0,0,0
"MtrNatGas",5,11,14,"",10.0245,0,0,0,5.676,0,0,0,0,0,0,0,0,0,0,0,0,0,3.60176,0,0.746781,0,0,0,0
"MtrNatGas",5,11,15,"",8.20634,0,0,0,3.31319,0,0,0,0,0,0,0,0,0,0,0,0,0,4.0997,0,0.793454,0,0,0,0
"MtrNatGas",5,11,16,"",6.3216,0,0,0,5.10809,0,0,0,0,0,0,0,0,0,0,0,0,0,0,0,1.21352,0,0,0,0
"MtrNatGas",5,11,17,"",17.8962,0,0,0,7.51001,0,0,0,0,0,0,0,0,0,0,0,0,0,7.70248,0,2.68374,0,0,0,0
"MtrNatGas",5,11,18,"",32.4809,0,0,0,20.2765,0,0,0,0,0,0,0,0,0,0,0,0,0,7.70039,0,4.50402,0,0,0,0
"MtrNatGas",5,11,19,"",40.0158,0,0,0,24.0688,0,0,0,0,0,0,0,0,0,0,0,0,0,11.7463,0,4.20064,0,0,0,0
"MtrNatGas",5,11,20,"",11.543,0,0,0,5.59774,0,0,0,0,0,0,0,0,0,0,0,0,0,3.65827,0,2.28702,0,0,0,0
"MtrNatGas",5,11,21,"",20.2254,0,0,0,19.2453,0,0,0,0,0,0,0,0,0,0,0,0,0,0,0,0.98015,0,0,0,0
"MtrNatGas",5,11,22,"",21.0946,0,0,0,20.6278,0,0,0,0,0,0,0,0,0,0,0,0,0,0,0,0.466738,0,0,0,0
"MtrNatGas",5,11,23,"",16.1905,0,0,0,8.20771,0,0,0,0,0,0,0,0,0,0,0,0,0,7.70279,0,0.280043,0,0,0,0
"MtrNatGas",5,11,24,"",12.6404,0,0,0,12.407,0,0,0,0,0,0,0,0,0,0,0,0,0,0,0,0.233369,0,0,0,0
"MtrNatGas",5,12,1,"",7.08385,0,0,0,6.96717,0,0,0,0,0,0,0,0,0,0,0,0,0,0,0,0.116684,0,0,0,0
"MtrNatGas",5,12,2,"",13.1965,0,0,0,5.40153,0,0,0,0,0,0,0,0,0,0,0,0,0,7.7016,0,0.0933476,0,0,0,0
"MtrNatGas",5,12,3,"",4.42639,0,0,0,4.33304,0,0,0,0,0,0,0,0,0,0,0,0,0,0,0,0.0933476,0,0,0,0
"MtrNatGas",5,12,4,"",3.33025,0,0,0,3.2369,0,0,0,0,0,0,0,0,0,0,0,0,0,0,0,0.0933476,0,0,0,0
"MtrNatGas",5,12,5,"",3.34068,0,0,0,3.24733,0,0,0,0,0,0,0,0,0,0,0,0,0,0,0,0.0933476,0,0,0,0
"MtrNatGas",5,12,6,"",4.14474,0,0,0,3.81803,0,0,0,0,0,0,0,0,0,0,0,0,0,0,0,0.326717,0,0,0,0
"MtrNatGas",5,12,7,"",25.1871,0,0,0,24.7437,0,0,0,0,0,0,0,0,0,0,0,0,0,0,0,0.443401,0,0,0,0
"MtrNatGas",5,12,8,"",39.3567,0,0,0,38.7733,0,0,0,0,0,0,0,0,0,0,0,0,0,0,0,0.583422,0,0,0,0
"MtrNatGas",5,12,9,"",51.8621,0,0,0,51.2553,0,0,0,0,0,0,0,0,0,0,0,0,0,0,0,0.606759,0,0,0,0
"MtrNatGas",5,12,10,"",27.4237,0,0,0,22.5979,0,0,0,0,0,0,0,0,0,0,0,0,0,4.31242,0,0.513412,0,0,0,0
"MtrNatGas",5,12,11,"",25.1777,0,0,0,9.43665,0,0,0,0,0,0,0,0,0,0,0,0,0,15.2509,0,0.490075,0,0,0,0
"MtrNatGas",5,12,12,"",14.8234,0,0,0,10.6072,0,0,0,0,0,0,0,0,0,0,0,0,0,3.53936,0,0.67677,0,0,0,0
"MtrNatGas",5,12,13,"",8.05404,0,0,0,7.23725,0,0,0,0,0,0,0,0,0,0,0,0,0,0,0,0.816791,0,0,0,0
"MtrNatGas",5,12,14,"",5.91384,0,0,0,5.16706,0,0,0,0,0,0,0,0,0,0,0,0,0,0,0,0.746781,0,0,0,0
"MtrNatGas",5,12,15,"",6.03209,0,0,0,5.23864,0,0,0,0,0,0,0,0,0,0,0,0,0,0,0,0.793454,0,0,0,0
"MtrNatGas",5,12,16,"",9.33975,0,0,0,8.12624,0,0,0,0,0,0,0,0,0,0,0,0,0,0,0,1.21352,0,0,0,0
"MtrNatGas",5,12,17,"",23.825,0,0,0,13.4388,0,0,0,0,0,0,0,0,0,0,0,0,0,7.70248,0,2.68374,0,0,0,0
"MtrNatGas",5,12,18,"",23.0343,0,0,0,10.8299,0,0,0,0,0,0,0,0,0,0,0,0,0,7.70039,0,4.50402,0,0,0,0
"MtrNatGas",5,12,19,"",23.0065,0,0,0,11.1043,0,0,0,0,0,0,0,0,0,0,0,0,0,7.70148,0,4.20064,0,0,0,0
"MtrNatGas",5,12,20,"",9.82102,0,0,0,7.534,0,0,0,0,0,0,0,0,0,0,0,0,0,0,0,2.28702,0,0,0,0
"MtrNatGas",5,12,21,"",11.6463,0,0,0,10.6662,0,0,0,0,0,0,0,0,0,0,0,0,0,0,0,0.98015,0,0,0,0
"MtrNatGas",5,12,22,"",11.7253,0,0,0,11.2585,0,0,0,0,0,0,0,0,0,0,0,0,0,0,0,0.466738,0,0,0,0
"MtrNatGas",5,12,23,"",25.3489,0,0,0,17.3673,0,0,0,0,0,0,0,0,0,0,0,0,0,7.7016,0,0.280043,0,0,0,0
"MtrNatGas",5,12,24,"",6.1857,0,0,0,5.95233,0,0,0,0,0,0,0,0,0,0,0,0,0,0,0,0.233369,0,0,0,0
"MtrNatGas",5,13,1,"",2.95217,0,0,0,2.83548,0,0,0,0,0,0,0,0,0,0,0,0,0,0,0,0.116684,0,0,0,0
"MtrNatGas",5,13,2,"",2.93058,0,0,0,2.83723,0,0,0,0,0,0,0,0,0,0,0,0,0,0,0,0.0933476,0,0,0,0
"MtrNatGas",5,13,3,"",3.15363,0,0,0,3.06028,0,0,0,0,0,0,0,0,0,0,0,0,0,0,0,0.0933476,0,0,0,0
"MtrNatGas",5,13,4,"",3.00997,0,0,0,2.91662,0,0,0,0,0,0,0,0,0,0,0,0,0,0,0,0.0933476,0,0,0,0
"MtrNatGas",5,13,5,"",3.40788,0,0,0,3.31453,0,0,0,0,0,0,0,0,0,0,0,0,0,0,0,0.0933476,0,0,0,0
"MtrNatGas",5,13,6,"",4.67902,0,0,0,4.35231,0,0,0,0,0,0,0,0,0,0,0,0,0,0,0,0.326717,0,0,0,0
"MtrNatGas",5,13,7,"",9.58708,0,0,0,9.14368,0,0,0,0,0,0,0,0,0,0,0,0,0,0,0,0.443401,0,0,0,0
"MtrNatGas",5,13,8,"",32.5921,0,0,0,32.0087,0,0,0,0,0,0,0,0,0,0,0,0,0,0,0,0.583422,0,0,0,0
"MtrNatGas",5,13,9,"",15.9274,0,0,0,15.3206,0,0,0,0,0,0,0,0,0,0,0,0,0,0,0,0.606759,0,0,0,0
"MtrNatGas",5,13,10,"",43.2327,0,0,0,29.5346,0,0,0,0,0,0,0,0,0,0,0,0,0,13.1847,0,0.513412,0,0,0,0
"MtrNatGas",5,13,11,"",32.3765,0,0,0,14.2627,0,0,0,0,0,0,0,0,0,0,0,0,0,17.6238,0,0.490075,0,0,0,0
"MtrNatGas",5,13,12,"",4.57687,0,0,0,3.9001,0,0,0,0,0,0,0,0,0,0,0,0,0,0,0,0.67677,0,0,0,0
"MtrNatGas",5,13,13,"",8.93955,0,0,0,8.12276,0,0,0,0,0,0,0,0,0,0,0,0,0,0,0,0.816791,0,0,0,0
"MtrNatGas",5,13,14,"",8.37602,0,0,0,4.02747,0,0,0,0,0,0,0,0,0,0,0,0,0,3.60176,0,0.746781,0,0,0,0
"MtrNatGas",5,13,15,"",11.2626,0,0,0,6.36948,0,0,0,0,0,0,0,0,0,0,0,0,0,4.0997,0,0.793454,0,0,0,0
"MtrNatGas",5,13,16,"",5.15081,0,0,0,3.93729,0,0,0,0,0,0,0,0,0,0,0,0,0,0,0,1.21352,0,0,0,0
"MtrNatGas",5,13,17,"",9.5591,0,0,0,6.87535,0,0,0,0,0,0,0,0,0,0,0,0,0,0,0,2.68374,0,0,0,0
"MtrNatGas",5,13,18,"",14.0502,0,0,0,9.54616,0,0,0,0,0,0,0,0,0,0,0,0,0,0,0,4.50402,0,0,0,0
"MtrNatGas",5,13,19,"",17.1688,0,0,0,8.92325,0,0,0,0,0,0,0,0,0,0,0,0,0,4.04487,0,4.20064,0,0,0,0
"MtrNatGas",5,13,20,"",23.0591,0,0,0,17.1139,0,0,0,0,0,0,0,0,0,0,0,0,0,3.65827,0,2.28702,0,0,0,0
"MtrNatGas",5,13,21,"",10.2244,0,0,0,9.24421,0,0,0,0,0,0,0,0,0,0,0,0,0,0,0,0.98015,0,0,0,0
"MtrNatGas",5,13,22,"",14.8117,0,0,0,14.3449,0,0,0,0,0,0,0,0,0,0,0,0,0,0,0,0.466738,0,0,0,0
"MtrNatGas",5,13,23,"",15.1297,0,0,0,12.0241,0,0,0,0,0,0,0,0,0,0,0,0,0,2.82556,0,0.280043,0,0,0,0
"MtrNatGas",5,13,24,"",20.5736,0,0,0,12.9092,0,0,0,0,0,0,0,0,0,0,0,0,0,7.43096,0,0.233369,0,0,0,0
"MtrNatGas",5,14,1,"",8.89541,0,0,0,3.62917,0,0,0,0,0,0,0,0,0,0,0,0,0,5.14956,0,0.116684,0,0,0,0
"MtrNatGas",5,14,2,"",3.24578,0,0,0,3.15244,0,0,0,0,0,0,0,0,0,0,0,0,0,0,0,0.0933476,0,0,0,0
"MtrNatGas",5,14,3,"",4.01601,0,0,0,3.92266,0,0,0,0,0,0,0,0,0,0,0,0,0,0,0,0.0933476,0,0,0,0
"MtrNatGas",5,14,4,"",2.92927,0,0,0,2.83593,0,0,0,0,0,0,0,0,0,0,0,0,0,0,0,0.0933476,0,0,0,0
"MtrNatGas",5,14,5,"",4.16425,0,0,0,4.0709,0,0,0,0,0,0,0,0,0,0,0,0,0,0,0,0.0933476,0,0,0,0
"MtrNatGas",5,14,6,"",8.76504,0,0,0,8.43832,0,0,0,0,0,0,0,0,0,0,0,0,0,0,0,0.326717,0,0,0,0
"MtrNatGas",5,14,7,"",7.87402,0,0,0,7.43062,0,0,0,0,0,0,0,0,0,0,0,0,0,0,0,0.443401,0,0,0,0
"MtrNatGas",5,14,8,"",19.686,0,0,0,19.1026,0,0,0,0,0,0,0,0,0,0,0,0,0,0,0,0.583422,0,0,0,0
"MtrNatGas",5,14,9,"",34.4506,0,0,0,33.8439,0,0,0,0,0,0,0,0,0,0,0,0,0,0,0,0.606759,0,0,0,0
"MtrNatGas",5,14,10,"",36.4528,0,0,0,30.9227,0,0,0,0,0,0,0,0,0,0,0,0,0,5.01665,0,0.513412,0,0,0,0
"MtrNatGas",5,14,11,"",27.359,0,0,0,16.4805,0,0,0,0,0,0,0,0,0,0,0,0,0,10.3884,0,0.490075,0,0,0,0
"MtrNatGas",5,14,12,"",12.8689,0,0,0,4.66782,0,0,0,0,0,0,0,0,0,0,0,0,0,7.52434,0,0.67677,0,0,0,0
"MtrNatGas",5,14,13,"",4.05659,0,0,0,3.06373,0,0,0,0,0,0,0,0,0,0,0,0,0,0.176068,0,0.816791,0,0,0,0
"MtrNatGas",5,14,14,"",4.74888,0,0,0,4.0021,0,0,0,0,0,0,0,0,0,0,0,0,0,0,0,0.746781,0,0,0,0
"MtrNatGas",5,14,15,"",6.2655,0,0,0,5.47205,0,0,0,0,0,0,0,0,0,0,0,0,0,0,0,0.793454,0,0,0,0
"MtrNatGas",5,14,16,"",5.994,0,0,0,4.78048,0,0,0,0,0,0,0,0,0,0,0,0,0,0,0,1.21352,0,0,0,0
"MtrNatGas",5,14,17,"",16.9905,0,0,0,6.60428,0,0,0,0,0,0,0,0,0,0,0,0,0,7.70248,0,2.68374,0,0,0,0
"MtrNatGas",5,14,18,"",18.9358,0,0,0,6.73142,0,0,0,0,0,0,0,0,0,0,0,0,0,7.70039,0,4.50402,0,0,0,0
"MtrNatGas",5,14,19,"",26.9294,0,0,0,15.0273,0,0,0,0,0,0,0,0,0,0,0,0,0,7.70148,0,4.20064,0,0,0,0
"MtrNatGas",5,14,20,"",18.6115,0,0,0,16.3245,0,0,0,0,0,0,0,0,0,0,0,0,0,0,0,2.28702,0,0,0,0
"MtrNatGas",5,14,21,"",14.0556,0,0,0,13.0754,0,0,0,0,0,0,0,0,0,0,0,0,0,0,0,0.98015,0,0,0,0
"MtrNatGas",5,14,22,"",17.5675,0,0,0,17.1008,0,0,0,0,0,0,0,0,0,0,0,0,0,0,0,0.466738,0,0,0,0
"MtrNatGas",5,14,23,"",8.23851,0,0,0,7.95847,0,0,0,0,0,0,0,0,0,0,0,0,0,0,0,0.280043,0,0,0,0
"MtrNatGas",5,14,24,"",6.72486,0,0,0,6.49149,0,0,0,0,0,0,0,0,0,0,0,0,0,0,0,0.233369,0,0,0,0
"MtrNatGas",5,15,1,"",2.9513,0,0,0,2.83461,0,0,0,0,0,0,0,0,0,0,0,0,0,0,0,0.116684,0,0,0,0
"MtrNatGas",5,15,2,"",3.10435,0,0,0,3.01101,0,0,0,0,0,0,0,0,0,0,0,0,0,0,0,0.0933476,0,0,0,0
"MtrNatGas",5,15,3,"",3.29091,0,0,0,3.19756,0,0,0,0,0,0,0,0,0,0,0,0,0,0,0,0.0933476,0,0,0,0
"MtrNatGas",5,15,4,"",2.93146,0,0,0,2.83811,0,0,0,0,0,0,0,0,0,0,0,0,0,0,0,0.0933476,0,0,0,0
"MtrNatGas",5,15,5,"",2.93233,0,0,0,2.83898,0,0,0,0,0,0,0,0,0,0,0,0,0,0,0,0.0933476,0,0,0,0
"MtrNatGas",5,15,6,"",4.58961,0,0,0,4.26289,0,0,0,0,0,0,0,0,0,0,0,0,0,0,0,0.326717,0,0,0,0
"MtrNatGas",5,15,7,"",16.8281,0,0,0,16.3847,0,0,0,0,0,0,0,0,0,0,0,0,0,0,0,0.443401,0,0,0,0
"MtrNatGas",5,15,8,"",31.0808,0,0,0,30.4973,0,0,0,0,0,0,0,0,0,0,0,0,0,0,0,0.583422,0,0,0,0
"MtrNatGas",5,15,9,"",43.0743,0,0,0,34.767,0,0,0,0,0,0,0,0,0,0,0,0,0,7.70058,0,0.606759,0,0,0,0
"MtrNatGas",5,15,10,"",8.25136,0,0,0,7.73794,0,0,0,0,0,0,0,0,0,0,0,0,0,0,0,0.513412,0,0,0,0
"MtrNatGas",5,15,11,"",10.7284,0,0,0,10.2383,0,0,0,0,0,0,0,0,0,0,0,0,0,0,0,0.490075,0,0,0,0
"MtrNatGas",5,15,12,"",16.3158,0,0,0,7.93807,0,0,0,0,0,0,0,0,0,0,0,0,0,7.70093,0,0.67677,0,0,0,0
"MtrNatGas",5,15,13,"",7.91277,0,0,0,7.09598,0,0,0,0,0,0,0,0,0,0,0,0,0,0,0,0.816791,0,0,0,0
"MtrNatGas",5,15,14,"",12.1017,0,0,0,8.85797,0,0,0,0,0,0,0,0,0,0,0,0,0,2.49695,0,0.746781,0,0,0,0
"MtrNatGas",5,15,15,"",24.7397,0,0,0,7.11462,0,0,0,0,0,0,0,0,0,0,0,0,0,16.8317,0,0.793454,0,0,0,0
"MtrNatGas",5,15,16,"",22.7786,0,0,0,13.986,0,0,0,0,0,0,0,0,0,0,0,0,0,7.57911,0,1.21352,0,0,0,0
"MtrNatGas",5,15,17,"",23.4704,0,0,0,9.18463,0,0,0,0,0,0,0,0,0,0,0,0,0,11.602,0,2.68374,0,0,0,0
"MtrNatGas",5,15,18,"",19.9747,0,0,0,7.77027,0,0,0,0,0,0,0,0,0,0,0,0,0,7.70039,0,4.50402,0,0,0,0
"MtrNatGas",5,15,19,"",22.78,0,0,0,10.8778,0,0,0,0,0,0,0,0,0,0,0,0,0,7.70148,0,4.20064,0,0,0,0
"MtrNatGas",5,15,20,"",11.1731,0,0,0,8.88604,0,0,0,0,0,0,0,0,0,0,0,0,0,0,0,2.28702,0,0,0,0
"MtrNatGas",5,15,21,"",17.6445,0,0,0,16.6644,0,0,0,0,0,0,0,0,0,0,0,0,0,0,0,0.98015,0,0,0,0
"MtrNatGas",5,15,22,"",14.138,0,0,0,13.6713,0,0,0,0,0,0,0,0,0,0,0,0,0,0,0,0.466738,0,0,0,0
"MtrNatGas",5,15,23,"",5.24257,0,0,0,4.96253,0,0,0,0,0,0,0,0,0,0,0,0,0,0,0,0.280043,0,0,0,0
"MtrNatGas",5,15,24,"",6.38076,0,0,0,6.14739,0,0,0,0,0,0,0,0,0,0,0,0,0,0,0,0.233369,0,0,0,0
"MtrNatGas",5,16,1,"",7.53886,0,0,0,7.42217,0,0,0,0,0,0,0,0,0,0,0,0,0,0,0,0.116684,0,0,0,0
"MtrNatGas",5,16,2,"",3.09883,0,0,0,3.00548,0,0,0,0,0,0,0,0,0,0,0,0,0,0,0,0.0933476,0,0,0,0
"MtrNatGas",5,16,3,"",2.91336,0,0,0,2.84335,0,0,0,0,0,0,0,0,0,0,0,0,0,0,0,0.0700107,0,0,0,0
"MtrNatGas",5,16,4,"",2.91512,0,0,0,2.84511,0,0,0,0,0,0,0,0,0,0,0,0,0,0,0,0.0700107,0,0,0,0
"MtrNatGas",5,16,5,"",3.06822,0,0,0,2.99821,0,0,0,0,0,0,0,0,0,0,0,0,0,0,0,0.0700107,0,0,0,0
"MtrNatGas",5,16,6,"",2.96573,0,0,0,2.84904,0,0,0,0,0,0,0,0,0,0,0,0,0,0,0,0.116684,0,0,0,0
"MtrNatGas",5,16,7,"",17.4822,0,0,0,17.2489,0,0,0,0,0,0,0,0,0,0,0,0,0,0,0,0.233369,0,0,0,0
"MtrNatGas",5,16,8,"",22.2196,0,0,0,21.5895,0,0,0,0,0,0,0,0,0,0,0,0,0,0,0,0.630096,0,0,0,0
"MtrNatGas",5,16,9,"",18.0791,0,0,0,16.9589,0,0,0,0,0,0,0,0,0,0,0,0,0,0,0,1.12017,0,0,0,0
"MtrNatGas",5,16,10,"",48.4182,0,0,0,47.298,0,0,0,0,0,0,0,0,0,0,0,0,0,0,0,1.12017,0,0,0,0
"MtrNatGas",5,16,11,"",23.7554,0,0,0,22.6819,0,0,0,0,0,0,0,0,0,0,0,0,0,0,0,1.0735,0,0,0,0
"MtrNatGas",5,16,12,"",16.5047,0,0,0,11.4956,0,0,0,0,0,0,0,0,0,0,0,0,0,3.72559,0,1.28353,0,0,0,0
"MtrNatGas",5,16,13,"",27.4872,0,0,0,22.0437,0,0,0,0,0,0,0,0,0,0,0,0,0,3.97329,0,1.47022,0,0,0,0
"MtrNatGas",5,16,14,"",18.2672,0,0,0,9.1892,0,0,0,0,0,0,0,0,0,0,0,0,0,7.70108,0,1.37688,0,0,0,0
"MtrNatGas",5,16,15,"",20.1836,0,0,0,18.7367,0,0,0,0,0,0,0,0,0,0,0,0,0,0,0,1.44689,0,0,0,0
"MtrNatGas",5,16,16,"",17.6489,0,0,0,8.36049,0,0,0,0,0,0,0,0,0,0,0,0,0,7.70154,0,1.58691,0,0,0,0
"MtrNatGas",5,16,17,"",9.73148,0,0,0,7.60783,0,0,0,0,0,0,0,0,0,0,0,0,0,0,0,2.12366,0,0,0,0
"MtrNatGas",5,16,18,"",17.4536,0,0,0,14.2098,0,0,0,0,0,0,0,0,0,0,0,0,0,0,0,3.24383,0,0,0,0
"MtrNatGas",5,16,19,"",36.2346,0,0,0,25.5213,0,0,0,0,0,0,0,0,0,0,0,0,0,7.70286,0,3.01046,0,0,0,0
"MtrNatGas",5,16,20,"",13.6507,0,0,0,8.40007,0,0,0,0,0,0,0,0,0,0,0,0,0,3.57035,0,1.68026,0,0,0,0
"MtrNatGas",5,16,21,"",18.8482,0,0,0,13.9703,0,0,0,0,0,0,0,0,0,0,0,0,0,4.13114,0,0.746781,0,0,0,0
"MtrNatGas",5,16,22,"",31.1385,0,0,0,28.4726,0,0,0,0,0,0,0,0,0,0,0,0,0,2.33913,0,0.326717,0,0,0,0
"MtrNatGas",5,16,23,"",18.7821,0,0,0,13.2084,0,0,0,0,0,0,0,0,0,0,0,0,0,5.36368,0,0.210032,0,0,0,0
"MtrNatGas",5,16,24,"",3.83718,0,0,0,3.72049,0,0,0,0,0,0,0,0,0,0,0,0,0,0,0,0.116684,0,0,0,0
"MtrNatGas",5,17,1,"",4.3577,0,0,0,4.24101,0,0,0,0,0,0,0,0,0,0,0,0,0,0,0,0.116684,0,0,0,0
"MtrNatGas",5,17,2,"",2.9249,0,0,0,2.83155,0,0,0,0,0,0,0,0,0,0,0,0,0,0,0,0.0933476,0,0,0,0
"MtrNatGas",5,17,3,"",2.90288,0,0,0,2.83287,0,0,0,0,0,0,0,0,0,0,0,0,0,0,0,0.0700107,0,0,0,0
"MtrNatGas",5,17,4,"",5.58745,0,0,0,5.51744,0,0,0,0,0,0,0,0,0,0,0,0,0,0,0,0.0700107,0,0,0,0
"MtrNatGas",5,17,5,"",2.90506,0,0,0,2.83505,0,0,0,0,0,0,0,0,0,0,0,0,0,0,0,0.0700107,0,0,0,0
"MtrNatGas",5,17,6,"",12.2539,0,0,0,12.1372,0,0,0,0,0,0,0,0,0,0,0,0,0,0,0,0.116684,0,0,0,0
"MtrNatGas",5,17,7,"",4.57716,0,0,0,4.34379,0,0,0,0,0,0,0,0,0,0,0,0,0,0,0,0.233369,0,0,0,0
"MtrNatGas",5,17,8,"",19.7044,0,0,0,19.0744,0,0,0,0,0,0,0,0,0,0,0,0,0,0,0,0.630096,0,0,0,0
"MtrNatGas",5,17,9,"",30.2012,0,0,0,29.081,0,0,0,0,0,0,0,0,0,0,0,0,0,0,0,1.12017,0,0,0,0
"MtrNatGas",5,17,10,"",32.063,0,0,0,23.2413,0,0,0,0,0,0,0,0,0,0,0,0,0,7.70149,0,1.12017,0,0,0,0
"MtrNatGas",5,17,11,"",22.7576,0,0,0,21.6841,0,0,0,0,0,0,0,0,0,0,0,0,0,0,0,1.0735,0,0,0,0
"MtrNatGas",5,17,12,"",38.672,0,0,0,34.5834,0,0,0,0,0,0,0,0,0,0,0,0,0,2.80506,0,1.28353,0,0,0,0
"MtrNatGas",5,17,13,"",24.0306,0,0,0,17.6655,0,0,0,0,0,0,0,0,0,0,0,0,0,4.89491,0,1.47022,0,0,0,0
"MtrNatGas",5,17,14,"",8.9865,0,0,0,7.60963,0,0,0,0,0,0,0,0,0,0,0,0,0,0,0,1.37688,0,0,0,0
"MtrNatGas",5,17,15,"",12.279,0,0,0,10.8321,0,0,0,0,0,0,0,0,0,0,0,0,0,0,0,1.44689,0,0,0,0
"MtrNatGas",5,17,16,"",17.4903,0,0,0,11.5021,0,0,0,0,0,0,0,0,0,0,0,0,0,4.40128,0,1.58691,0,0,0,0
"MtrNatGas",5,17,17,"",16.0663,0,0,0,6.36426,0,0,0,0,0,0,0,0,0,0,0,0,0,7.57834,0,2.12366,0,0,0,0
"MtrNatGas",5,17,18,"",23.639,0,0,0,12.7535,0,0,0,0,0,0,0,0,0,0,0,0,0,7.64172,0,3.24383,0,0,0,0
"MtrNatGas",5,17,19,"",41.2534,0,0,0,27.0601,0,0,0,0,0,0,0,0,0,0,0,0,0,11.1829,0,3.01046,0,0,0,0
"MtrNatGas",5,17,20,"",32.1805,0,0,0,22.7983,0,0,0,0,0,0,0,0,0,0,0,0,0,7.70199,0,1.68026,0,0,0,0
"MtrNatGas",5,17,21,"",43.1493,0,0,0,41.5061,0,0,0,0,0,0,0,0,0,0,0,0,0,0.896423,0,0.746781,0,0,0,0
"MtrNatGas",5,17,22,"",24.7391,0,0,0,14.4477,0,0,0,0,0,0,0,0,0,0,0,0,0,9.96462,0,0.326717,0,0,0,0
"MtrNatGas",5,17,23,"",10.4218,0,0,0,5.6698,0,0,0,0,0,0,0,0,0,0,0,0,0,4.54194,0,0.210032,0,0,0,0
"MtrNatGas",5,17,24,"",5.29347,0,0,0,5.17679,0,0,0,0,0,0,0,0,0,0,0,0,0,0,0,0.116684,0,0,0,0
"MtrNatGas",5,18,1,"",7.45047,0,0,0,7.33379,0,0,0,0,0,0,0,0,0,0,0,0,0,0,0,0.116684,0,0,0,0
"MtrNatGas",5,18,2,"",6.02572,0,0,0,5.93237,0,0,0,0,0,0,0,0,0,0,0,0,0,0,0,0.0933476,0,0,0,0
"MtrNatGas",5,18,3,"",4.17777,0,0,0,4.08442,0,0,0,0,0,0,0,0,0,0,0,0,0,0,0,0.0933476,0,0,0,0
"MtrNatGas",5,18,4,"",2.92533,0,0,0,2.83198,0,0,0,0,0,0,0,0,0,0,0,0,0,0,0,0.0933476,0,0,0,0
"MtrNatGas",5,18,5,"",3.10022,0,0,0,3.00687,0,0,0,0,0,0,0,0,0,0,0,0,0,0,0,0.0933476,0,0,0,0
"MtrNatGas",5,18,6,"",7.10214,0,0,0,6.77542,0,0,0,0,0,0,0,0,0,0,0,0,0,0,0,0.326717,0,0,0,0
"MtrNatGas",5,18,7,"",12.7771,0,0,0,12.3337,0,0,0,0,0,0,0,0,0,0,0,0,0,0,0,0.443401,0,0,0,0
"MtrNatGas",5,18,8,"",11.5095,0,0,0,10.926,0,0,0,0,0,0,0,0,0,0,0,0,0,0,0,0.583422,0,0,0,0
"MtrNatGas",5,18,9,"",40.1316,0,0,0,39.5248,0,0,0,0,0,0,0,0,0,0,0,0,0,0,0,0.606759,0,0,0,0
"MtrNatGas",5,18,10,"",10.4333,0,0,0,9.91992,0,0,0,0,0,0,0,0,0,0,0,0,0,0,0,0.513412,0,0,0,0
"MtrNatGas",5,18,11,"",9.48558,0,0,0,8.9955,0,0,0,0,0,0,0,0,0,0,0,0,0,0,0,0.490075,0,0,0,0
"MtrNatGas",5,18,12,"",10.138,0,0,0,9.46118,0,0,0,0,0,0,0,0,0,0,0,0,0,0,0,0.67677,0,0,0,0
"MtrNatGas",5,18,13,"",8.10753,0,0,0,7.29074,0,0,0,0,0,0,0,0,0,0,0,0,0,0,0,0.816791,0,0,0,0
"MtrNatGas",5,18,14,"",11.3496,0,0,0,10.6028,0,0,0,0,0,0,0,0,0,0,0,0,0,0,0,0.746781,0,0,0,0
"MtrNatGas",5,18,15,"",23.7232,0,0,0,15.2291,0,0,0,0,0,0,0,0,0,0,0,0,0,7.7007,0,0.793454,0,0,0,0
"MtrNatGas",5,18,16,"",11.5641,0,0,0,10.3506,0,0,0,0,0,0,0,0,0,0,0,0,0,0,0,1.21352,0,0,0,0
"MtrNatGas",5,18,17,"",30.4982,0,0,0,15.0832,0,0,0,0,0,0,0,0,0,0,0,0,0,12.7313,0,2.68374,0,0,0,0
"MtrNatGas",5,18,18,"",27.2823,0,0,0,12.4032,0,0,0,0,0,0,0,0,0,0,0,0,0,10.375,0,4.50402,0,0,0,0
"MtrNatGas",5,18,19,"",25.7965,0,0,0,13.8944,0,0,0,0,0,0,0,0,0,0,0,0,0,7.70148,0,4.20064,0,0,0,0
"MtrNatGas",5,18,20,"",23.9157,0,0,0,21.6287,0,0,0,0,0,0,0,0,0,0,0,0,0,0,0,2.28702,0,0,0,0
"MtrNatGas",5,18,21,"",17.5181,0,0,0,16.5379,0,0,0,0,0,0,0,0,0,0,0,0,0,0,0,0.98015,0,0,0,0
"MtrNatGas",5,18,22,"",21.2185,0,0,0,20.7517,0,0,0,0,0,0,0,0,0,0,0,0,0,0,0,0.466738,0,0,0,0
"MtrNatGas",5,18,23,"",18.0883,0,0,0,17.8082,0,0,0,0,0,0,0,0,0,0,0,0,0,0,0,0.280043,0,0,0,0
"MtrNatGas",5,18,24,"",41.1497,0,0,0,38.9515,0,0,0,0,0,0,0,0,0,0,0,0,0,1.96479,0,0.233369,0,0,0,0
"MtrNatGas",5,19,1,"",8.99517,0,0,0,3.14304,0,0,0,0,0,0,0,0,0,0,0,0,0,5.73545,0,0.116684,0,0,0,0
"MtrNatGas",5,19,2,"",2.9179,0,0,0,2.82455,0,0,0,0,0,0,0,0,0,0,0,0,0,0,0,0.0933476,0,0,0,0
"MtrNatGas",5,19,3,"",4.79284,0,0,0,4.69949,0,0,0,0,0,0,0,0,0,0,0,0,0,0,0,0.0933476,0,0,0,0
"MtrNatGas",5,19,4,"",3.08118,0,0,0,2.98783,0,0,0,0,0,0,0,0,0,0,0,0,0,0,0,0.0933476,0,0,0,0
"MtrNatGas",5,19,5,"",2.92315,0,0,0,2.8298,0,0,0,0,0,0,0,0,0,0,0,0,0,0,0,0.0933476,0,0,0,0
"MtrNatGas",5,19,6,"",4.3392,0,0,0,4.01248,0,0,0,0,0,0,0,0,0,0,0,0,0,0,0,0.326717,0,0,0,0
"MtrNatGas",5,19,7,"",11.5128,0,0,0,11.0694,0,0,0,0,0,0,0,0,0,0,0,0,0,0,0,0.443401,0,0,0,0
"MtrNatGas",5,19,8,"",47.0817,0,0,0,46.4983,0,0,0,0,0,0,0,0,0,0,0,0,0,0,0,0.583422,0,0,0,0
"MtrNatGas",5,19,9,"",21.8144,0,0,0,21.2076,0,0,0,0,0,0,0,0,0,0,0,0,0,0,0,0.606759,0,0,0,0
"MtrNatGas",5,19,10,"",22.8249,0,0,0,22.3115,0,0,0,0,0,0,0,0,0,0,0,0,0,0,0,0.513412,0,0,0,0
"MtrNatGas",5,19,11,"",13.0376,0,0,0,8.38574,0,0,0,0,0,0,0,0,0,0,0,0,0,4.16181,0,0.490075,0,0,0,0
"MtrNatGas",5,19,12,"",8.60825,0,0,0,4.39212,0,0,0,0,0,0,0,0,0,0,0,0,0,3.53936,0,0.67677,0,0,0,0
"MtrNatGas",5,19,13,"",5.15371,0,0,0,4.33692,0,0,0,0,0,0,0,0,0,0,0,0,0,0,0,0.816791,0,0,0,0
"MtrNatGas",5,19,14,"",5.18813,0,0,0,4.44135,0,0,0,0,0,0,0,0,0,0,0,0,0,0,0,0.746781,0,0,0,0
"MtrNatGas",5,19,15,"",5.31257,0,0,0,4.51912,0,0,0,0,0,0,0,0,0,0,0,0,0,0,0,0.793454,0,0,0,0
"MtrNatGas",5,19,16,"",29.5091,0,0,0,19.4716,0,0,0,0,0,0,0,0,0,0,0,0,0,8.82396,0,1.21352,0,0,0,0
"MtrNatGas",5,19,17,"",22.6886,0,0,0,5.72808,0,0,0,0,0,0,0,0,0,0,0,0,0,14.2768,0,2.68374,0,0,0,0
"MtrNatGas",5,19,18,"",11.1273,0,0,0,6.62324,0,0,0,0,0,0,0,0,0,0,0,0,0,0,0,4.50402,0,0,0,0
"MtrNatGas",5,19,19,"",12.1864,0,0,0,7.98574,0,0,0,0,0,0,0,0,0,0,0,0,0,0,0,4.20064,0,0,0,0
"MtrNatGas",5,19,20,"",9.73992,0,0,0,7.4529,0,0,0,0,0,0,0,0,0,0,0,0,0,0,0,2.28702,0,0,0,0
"MtrNatGas",5,19,21,"",11.2154,0,0,0,7.25969,0,0,0,0,0,0,0,0,0,0,0,0,0,2.9756,0,0.98015,0,0,0,0
"MtrNatGas",5,19,22,"",26.3179,0,0,0,21.1254,0,0,0,0,0,0,0,0,0,0,0,0,0,4.72578,0,0.466738,0,0,0,0
"MtrNatGas",5,19,23,"",25.6771,0,0,0,11.7409,0,0,0,0,0,0,0,0,0,0,0,0,0,13.6561,0,0.280043,0,0,0,0
"MtrNatGas",5,19,24,"",6.71554,0,0,0,4.73663,0,0,0,0,0,0,0,0,0,0,0,0,0,1.74554,0,0.233369,0,0,0,0
"MtrNatGas",5,20,1,"",4.01282,0,0,0,3.89614,0,0,0,0,0,0,0,0,0,0,0,0,0,0,0,0.116684,0,0,0,0
"MtrNatGas",5,20,2,"",5.94864,0,0,0,5.85529,0,0,0,0,0,0,0,0,0,0,0,0,0,0,0,0.0933476,0,0,0,0
"MtrNatGas",5,20,3,"",4.38437,0,0,0,4.29102,0,0,0,0,0,0,0,0,0,0,0,0,0,0,0,0.0933476,0,0,0,0
"MtrNatGas",5,20,4,"",2.99079,0,0,0,2.89745,0,0,0,0,0,0,0,0,0,0,0,0,0,0,0,0.0933476,0,0,0,0
"MtrNatGas",5,20,5,"",3.22763,0,0,0,3.13428,0,0,0,0,0,0,0,0,0,0,0,0,0,0,0,0.0933476,0,0,0,0
"MtrNatGas",5,20,6,"",11.1965,0,0,0,10.8698,0,0,0,0,0,0,0,0,0,0,0,0,0,0,0,0.326717,0,0,0,0
"MtrNatGas",5,20,7,"",10.5492,0,0,0,10.1058,0,0,0,0,0,0,0,0,0,0,0,0,0,0,0,0.443401,0,0,0,0
"MtrNatGas",5,20,8,"",24.2117,0,0,0,23.6283,0,0,0,0,0,0,0,0,0,0,0,0,0,0,0,0.583422,0,0,0,0
"MtrNatGas",5,20,9,"",17.9108,0,0,0,17.304,0,0,0,0,0,0,0,0,0,0,0,0,0,0,0,0.606759,0,0,0,0
"MtrNatGas",5,20,10,"",34.3691,0,0,0,23.3538,0,0,0,0,0,0,0,0,0,0,0,0,0,10.5019,0,0.513412,0,0,0,0
"MtrNatGas",5,20,11,"",37.1646,0,0,0,16.3655,0,0,0,0,0,0,0,0,0,0,0,0,0,20.3091,0,0.490075,0,0,0,0
"MtrNatGas",5,20,12,"",16.019,0,0,0,10.2704,0,0,0,0,0,0,0,0,0,0,0,0,0,5.07181,0,0.67677,0,0,0,0
"MtrNatGas",5,20,13,"",8.08827,0,0,0,4.64188,0,0,0,0,0,0,0,0,0,0,0,0,0,2.62961,0,0.816791,0,0,0,0
"MtrNatGas",5,20,14,"",6.9093,0,0,0,6.16252,0,0,0,0,0,0,0,0,0,0,0,0,0,0,0,0.746781,0,0,0,0
"MtrNatGas",5,20,15,"",12.2472,0,0,0,3.75302,0,0,0,0,0,0,0,0,0,0,0,0,0,7.7007,0,0.793454,0,0,0,0
"MtrNatGas",5,20,16,"",4.07239,0,0,0,2.85887,0,0,0,0,0,0,0,0,0,0,0,0,0,0,0,1.21352,0,0,0,0
"MtrNatGas",5,20,17,"",5.51651,0,0,0,2.83277,0,0,0,0,0,0,0,0,0,0,0,0,0,0,0,2.68374,0,0,0,0
"MtrNatGas",5,20,18,"",7.17701,0,0,0,2.67299,0,0,0,0,0,0,0,0,0,0,0,0,0,0,0,4.50402,0,0,0,0
"MtrNatGas",5,20,19,"",8.05288,0,0,0,3.85224,0,0,0,0,0,0,0,0,0,0,0,0,0,0,0,4.20064,0,0,0,0
"MtrNatGas",5,20,20,"",14.0217,0,0,0,11.7347,0,0,0,0,0,0,0,0,0,0,0,0,0,0,0,2.28702,0,0,0,0
"MtrNatGas",5,20,21,"",6.95814,0,0,0,5.97799,0,0,0,0,0,0,0,0,0,0,0,0,0,0,0,0.98015,0,0,0,0
"MtrNatGas",5,20,22,"",6.29724,0,0,0,5.8305,0,0,0,0,0,0,0,0,0,0,0,0,0,0,0,0.466738,0,0,0,0
"MtrNatGas",5,20,23,"",17.0645,0,0,0,15.3717,0,0,0,0,0,0,0,0,0,0,0,0,0,1.41278,0,0.280043,0,0,0,0
"MtrNatGas",5,20,24,"",11.5943,0,0,0,7.64545,0,0,0,0,0,0,0,0,0,0,0,0,0,3.71548,0,0.233369,0,0,0,0
"MtrNatGas",5,21,1,"",5.50246,0,0,0,2.811,0,0,0,0,0,0,0,0,0,0,0,0,0,2.57478,0,0.116684,0,0,0,0
"MtrNatGas",5,21,2,"",2.90741,0,0,0,2.81406,0,0,0,0,0,0,0,0,0,0,0,0,0,0,0,0.0933476,0,0,0,0
"MtrNatGas",5,21,3,"",3.39483,0,0,0,3.30148,0,0,0,0,0,0,0,0,0,0,0,0,0,0,0,0.0933476,0,0,0,0
"MtrNatGas",5,21,4,"",2.91396,0,0,0,2.82062,0,0,0,0,0,0,0,0,0,0,0,0,0,0,0,0.0933476,0,0,0,0
"MtrNatGas",5,21,5,"",2.91746,0,0,0,2.82411,0,0,0,0,0,0,0,0,0,0,0,0,0,0,0,0.0933476,0,0,0,0
"MtrNatGas",5,21,6,"",3.49314,0,0,0,3.16642,0,0,0,0,0,0,0,0,0,0,0,0,0,0,0,0.326717,0,0,0,0
"MtrNatGas",5,21,7,"",24.0023,0,0,0,23.5589,0,0,0,0,0,0,0,0,0,0,0,0,0,0,0,0.443401,0,0,0,0
"MtrNatGas",5,21,8,"",8.8262,0,0,0,8.24277,0,0,0,0,0,0,0,0,0,0,0,0,0,0,0,0.583422,0,0,0,0
"MtrNatGas",5,21,9,"",14.2954,0,0,0,13.6886,0,0,0,0,0,0,0,0,0,0,0,0,0,0,0,0.606759,0,0,0,0
"MtrNatGas",5,21,10,"",34.7626,0,0,0,29.9368,0,0,0,0,0,0,0,0,0,0,0,0,0,4.31242,0,0.513412,0,0,0,0
"MtrNatGas",5,21,11,"",28.6846,0,0,0,8.77798,0,0,0,0,0,0,0,0,0,0,0,0,0,19.4166,0,0.490075,0,0,0,0
"MtrNatGas",5,21,12,"",13.7117,0,0,0,5.95625,0,0,0,0,0,0,0,0,0,0,0,0,0,7.07872,0,0.67677,0,0,0,0
"MtrNatGas",5,21,13,"",6.26317,0,0,0,5.44638,0,0,0,0,0,0,0,0,0,0,0,0,0,0,0,0.816791,0,0,0,0
"MtrNatGas",5,21,14,"",9.4074,0,0,0,6.16367,0,0,0,0,0,0,0,0,0,0,0,0,0,2.49695,0,0.746781,0,0,0,0
"MtrNatGas",5,21,15,"",17.6064,0,0,0,3.90577,0,0,0,0,0,0,0,0,0,0,0,0,0,12.9072,0,0.793454,0,0,0,0
"MtrNatGas",5,21,16,"",4.68147,0,0,0,3.46795,0,0,0,0,0,0,0,0,0,0,0,0,0,0,0,1.21352,0,0,0,0
"MtrNatGas",5,21,17,"",5.90274,0,0,0,3.219,0,0,0,0,0,0,0,0,0,0,0,0,0,0,0,2.68374,0,0,0,0
"MtrNatGas",5,21,18,"",7.50822,0,0,0,3.0042,0,0,0,0,0,0,0,0,0,0,0,0,0,0,0,4.50402,0,0,0,0
"MtrNatGas",5,21,19,"",8.80349,0,0,0,4.60285,0,0,0,0,0,0,0,0,0,0,0,0,0,0,0,4.20064,0,0,0,0
"MtrNatGas",5,21,20,"",9.51546,0,0,0,7.22845,0,0,0,0,0,0,0,0,0,0,0,0,0,0,0,2.28702,0,0,0,0
"MtrNatGas",5,21,21,"",15.5591,0,0,0,14.579,0,0,0,0,0,0,0,0,0,0,0,0,0,0,0,0.98015,0,0,0,0
"MtrNatGas",5,21,22,"",7.52655,0,0,0,7.05981,0,0,0,0,0,0,0,0,0,0,0,0,0,0,0,0.466738,0,0,0,0
"MtrNatGas",5,21,23,"",8.53341,0,0,0,8.25336,0,0,0,0,0,0,0,0,0,0,0,0,0,0,0,0.280043,0,0,0,0
"MtrNatGas",5,21,24,"",3.70453,0,0,0,3.47116,0,0,0,0,0,0,0,0,0,0,0,0,0,0,0,0.233369,0,0,0,0
"MtrNatGas",5,22,1,"",5.56982,0,0,0,5.45314,0,0,0,0,0,0,0,0,0,0,0,0,0,0,0,0.116684,0,0,0,0
"MtrNatGas",5,22,2,"",3.57706,0,0,0,3.48371,0,0,0,0,0,0,0,0,0,0,0,0,0,0,0,0.0933476,0,0,0,0
"MtrNatGas",5,22,3,"",3.16961,0,0,0,3.07626,0,0,0,0,0,0,0,0,0,0,0,0,0,0,0,0.0933476,0,0,0,0
"MtrNatGas",5,22,4,"",3.53019,0,0,0,3.43685,0,0,0,0,0,0,0,0,0,0,0,0,0,0,0,0.0933476,0,0,0,0
"MtrNatGas",5,22,5,"",3.55061,0,0,0,3.45726,0,0,0,0,0,0,0,0,0,0,0,0,0,0,0,0.0933476,0,0,0,0
"MtrNatGas",5,22,6,"",11.1388,0,0,0,10.8121,0,0,0,0,0,0,0,0,0,0,0,0,0,0,0,0.326717,0,0,0,0
"MtrNatGas",5,22,7,"",27.1129,0,0,0,26.6695,0,0,0,0,0,0,0,0,0,0,0,0,0,0,0,0.443401,0,0,0,0
"MtrNatGas",5,22,8,"",29.2031,0,0,0,28.6197,0,0,0,0,0,0,0,0,0,0,0,0,0,0,0,0.583422,0,0,0,0
"MtrNatGas",5,22,9,"",41.7169,0,0,0,41.1102,0,0,0,0,0,0,0,0,0,0,0,0,0,0,0,0.606759,0,0,0,0
"MtrNatGas",5,22,10,"",32.8767,0,0,0,29.8549,0,0,0,0,0,0,0,0,0,0,0,0,0,2.50833,0,0.513412,0,0,0,0
"MtrNatGas",5,22,11,"",46.3052,0,0,0,25.2185,0,0,0,0,0,0,0,0,0,0,0,0,0,20.5966,0,0.490075,0,0,0,0
"MtrNatGas",5,22,12,"",25.8555,0,0,0,12.4041,0,0,0,0,0,0,0,0,0,0,0,0,0,12.7747,0,0.67677,0,0,0,0
"MtrNatGas",5,22,13,"",16.3703,0,0,0,12.9239,0,0,0,0,0,0,0,0,0,0,0,0,0,2.62961,0,0.816791,0,0,0,0
"MtrNatGas",5,22,14,"",14.6363,0,0,0,6.18823,0,0,0,0,0,0,0,0,0,0,0,0,0,7.70127,0,0.746781,0,0,0,0
"MtrNatGas",5,22,15,"",8.14137,0,0,0,7.34792,0,0,0,0,0,0,0,0,0,0,0,0,0,0,0,0.793454,0,0,0,0
"MtrNatGas",5,22,16,"",7.67925,0,0,0,6.46573,0,0,0,0,0,0,0,0,0,0,0,0,0,0,0,1.21352,0,0,0,0
"MtrNatGas",5,22,17,"",21.4194,0,0,0,11.0332,0,0,0,0,0,0,0,0,0,0,0,0,0,7.70248,0,2.68374,0,0,0,0
"MtrNatGas",5,22,18,"",23.2295,0,0,0,11.025,0,0,0,0,0,0,0,0,0,0,0,0,0,7.70039,0,4.50402,0,0,0,0
"MtrNatGas",5,22,19,"",20.1884,0,0,0,8.28627,0,0,0,0,0,0,0,0,0,0,0,0,0,7.70148,0,4.20064,0,0,0,0
"MtrNatGas",5,22,20,"",16.3374,0,0,0,14.0503,0,0,0,0,0,0,0,0,0,0,0,0,0,0,0,2.28702,0,0,0,0
"MtrNatGas",5,22,21,"",8.68668,0,0,0,7.70653,0,0,0,0,0,0,0,0,0,0,0,0,0,0,0,0.98015,0,0,0,0
"MtrNatGas",5,22,22,"",16.6861,0,0,0,16.2194,0,0,0,0,0,0,0,0,0,0,0,0,0,0,0,0.466738,0,0,0,0
"MtrNatGas",5,22,23,"",12.5311,0,0,0,10.8383,0,0,0,0,0,0,0,0,0,0,0,0,0,1.41278,0,0.280043,0,0,0,0
"MtrNatGas",5,22,24,"",30.0694,0,0,0,26.1205,0,0,0,0,0,0,0,0,0,0,0,0,0,3.71548,0,0.233369,0,0,0,0
"MtrNatGas",5,23,1,"",6.25834,0,0,0,3.56688,0,0,0,0,0,0,0,0,0,0,0,0,0,2.57478,0,0.116684,0,0,0,0
"MtrNatGas",5,23,2,"",2.92227,0,0,0,2.82893,0,0,0,0,0,0,0,0,0,0,0,0,0,0,0,0.0933476,0,0,0,0
"MtrNatGas",5,23,3,"",2.89981,0,0,0,2.8298,0,0,0,0,0,0,0,0,0,0,0,0,0,0,0,0.0700107,0,0,0,0
"MtrNatGas",5,23,4,"",5.42834,0,0,0,5.35833,0,0,0,0,0,0,0,0,0,0,0,0,0,0,0,0.0700107,0,0,0,0
"MtrNatGas",5,23,5,"",2.90112,0,0,0,2.83111,0,0,0,0,0,0,0,0,0,0,0,0,0,0,0,0.0700107,0,0,0,0
"MtrNatGas",5,23,6,"",12.6954,0,0,0,12.5787,0,0,0,0,0,0,0,0,0,0,0,0,0,0,0,0.116684,0,0,0,0
"MtrNatGas",5,23,7,"",5.82477,0,0,0,5.5914,0,0,0,0,0,0,0,0,0,0,0,0,0,0,0,0.233369,0,0,0,0
"MtrNatGas",5,23,8,"",13.7457,0,0,0,13.1156,0,0,0,0,0,0,0,0,0,0,0,0,0,0,0,0.630096,0,0,0,0
"MtrNatGas",5,23,9,"",15.9979,0,0,0,14.8777,0,0,0,0,0,0,0,0,0,0,0,0,0,0,0,1.12017,0,0,0,0
"MtrNatGas",5,23,10,"",51.1653,0,0,0,50.0451,0,0,0,0,0,0,0,0,0,0,0,0,0,0,0,1.12017,0,0,0,0
"MtrNatGas",5,23,11,"",33.39,0,0,0,28.8784,0,0,0,0,0,0,0,0,0,0,0,0,0,3.4381,0,1.0735,0,0,0,0
"MtrNatGas",5,23,12,"",38.8982,0,0,0,20.6317,0,0,0,0,0,0,0,0,0,0,0,0,0,16.983,0,1.28353,0,0,0,0
"MtrNatGas",5,23,13,"",34.0257,0,0,0,29.87,0,0,0,0,0,0,0,0,0,0,0,0,0,2.68549,0,1.47022,0,0,0,0
"MtrNatGas",5,23,14,"",15.329,0,0,0,11.3844,0,0,0,0,0,0,0,0,0,0,0,0,0,2.56769,0,1.37688,0,0,0,0
"MtrNatGas",5,23,15,"",24.0575,0,0,0,17.4767,0,0,0,0,0,0,0,0,0,0,0,0,0,5.13393,0,1.44689,0,0,0,0
"MtrNatGas",5,23,16,"",17.3641,0,0,0,8.07566,0,0,0,0,0,0,0,0,0,0,0,0,0,7.70154,0,1.58691,0,0,0,0
"MtrNatGas",5,23,17,"",10.5822,0,0,0,8.45859,0,0,0,0,0,0,0,0,0,0,0,0,0,0,0,2.12366,0,0,0,0
"MtrNatGas",5,23,18,"",23.5426,0,0,0,20.2987,0,0,0,0,0,0,0,0,0,0,0,0,0,0,0,3.24383,0,0,0,0
"MtrNatGas",5,23,19,"",59.6104,0,0,0,41.1942,0,0,0,0,0,0,0,0,0,0,0,0,0,15.4057,0,3.01046,0,0,0,0
"MtrNatGas",5,23,20,"",44.8721,0,0,0,28.3495,0,0,0,0,0,0,0,0,0,0,0,0,0,14.8423,0,1.68026,0,0,0,0
"MtrNatGas",5,23,21,"",45.8381,0,0,0,36.829,0,0,0,0,0,0,0,0,0,0,0,0,0,8.26228,0,0.746781,0,0,0,0
"MtrNatGas",5,23,22,"",28.8795,0,0,0,25.3937,0,0,0,0,0,0,0,0,0,0,0,0,0,3.15903,0,0.326717,0,0,0,0
"MtrNatGas",5,23,23,"",27.0671,0,0,0,14.6144,0,0,0,0,0,0,0,0,0,0,0,0,0,12.2427,0,0.210032,0,0,0,0
"MtrNatGas",5,23,24,"",5.61222,0,0,0,5.49554,0,0,0,0,0,0,0,0,0,0,0,0,0,0,0,0.116684,0,0,0,0
"MtrNatGas",5,24,1,"",3.44296,0,0,0,3.32628,0,0,0,0,0,0,0,0,0,0,0,0,0,0,0,0.116684,0,0,0,0
"MtrNatGas",5,24,2,"",2.92315,0,0,0,2.8298,0,0,0,0,0,0,0,0,0,0,0,0,0,0,0,0.0933476,0,0,0,0
"MtrNatGas",5,24,3,"",2.90156,0,0,0,2.83155,0,0,0,0,0,0,0,0,0,0,0,0,0,0,0,0.0700107,0,0,0,0
"MtrNatGas",5,24,4,"",2.90287,0,0,0,2.83286,0,0,0,0,0,0,0,0,0,0,0,0,0,0,0,0.0700107,0,0,0,0
"MtrNatGas",5,24,5,"",2.90462,0,0,0,2.83461,0,0,0,0,0,0,0,0,0,0,0,0,0,0,0,0.0700107,0,0,0,0
"MtrNatGas",5,24,6,"",3.67277,0,0,0,3.55609,0,0,0,0,0,0,0,0,0,0,0,0,0,0,0,0.116684,0,0,0,0
"MtrNatGas",5,24,7,"",5.68472,0,0,0,5.45135,0,0,0,0,0,0,0,0,0,0,0,0,0,0,0,0.233369,0,0,0,0
"MtrNatGas",5,24,8,"",8.15979,0,0,0,7.5297,0,0,0,0,0,0,0,0,0,0,0,0,0,0,0,0.630096,0,0,0,0
"MtrNatGas",5,24,9,"",6.70491,0,0,0,5.58473,0,0,0,0,0,0,0,0,0,0,0,0,0,0,0,1.12017,0,0,0,0
"MtrNatGas",5,24,10,"",25.379,0,0,0,24.2588,0,0,0,0,0,0,0,0,0,0,0,0,0,0,0,1.12017,0,0,0,0
"MtrNatGas",5,24,11,"",11.8641,0,0,0,10.7906,0,0,0,0,0,0,0,0,0,0,0,0,0,0,0,1.0735,0,0,0,0
"MtrNatGas",5,24,12,"",37.9869,0,0,0,28.5523,0,0,0,0,0,0,0,0,0,0,0,0,0,8.15112,0,1.28353,0,0,0,0
"MtrNatGas",5,24,13,"",35.1933,0,0,0,23.2631,0,0,0,0,0,0,0,0,0,0,0,0,0,10.46,0,1.47022,0,0,0,0
"MtrNatGas",5,24,14,"",28.0522,0,0,0,12.7178,0,0,0,0,0,0,0,0,0,0,0,0,0,13.9576,0,1.37688,0,0,0,0
"MtrNatGas",5,24,15,"",17.4829,0,0,0,10.0943,0,0,0,0,0,0,0,0,0,0,0,0,0,5.94167,0,1.44689,0,0,0,0
"MtrNatGas",5,24,16,"",14.7403,0,0,0,5.45189,0,0,0,0,0,0,0,0,0,0,0,0,0,7.70154,0,1.58691,0,0,0,0
"MtrNatGas",5,24,17,"",8.55779,0,0,0,6.43414,0,0,0,0,0,0,0,0,0,0,0,0,0,0,0,2.12366,0,0,0,0
"MtrNatGas",5,24,18,"",8.80346,0,0,0,5.55963,0,0,0,0,0,0,0,0,0,0,0,0,0,0,0,3.24383,0,0,0,0
"MtrNatGas",5,24,19,"",15.2333,0,0,0,12.2229,0,0,0,0,0,0,0,0,0,0,0,0,0,0,0,3.01046,0,0,0,0
"MtrNatGas",5,24,20,"",10.4208,0,0,0,8.74054,0,0,0,0,0,0,0,0,0,0,0,0,0,0,0,1.68026,0,0,0,0
"MtrNatGas",5,24,21,"",18.9188,0,0,0,18.172,0,0,0,0,0,0,0,0,0,0,0,0,0,0,0,0.746781,0,0,0,0
"MtrNatGas",5,24,22,"",12.0242,0,0,0,11.6975,0,0,0,0,0,0,0,0,0,0,0,0,0,0,0,0.326717,0,0,0,0
"MtrNatGas",5,24,23,"",13.624,0,0,0,5.7132,0,0,0,0,0,0,0,0,0,0,0,0,0,7.70077,0,0.210032,0,0,0,0
"MtrNatGas",5,24,24,"",4.71198,0,0,0,4.59529,0,0,0,0,0,0,0,0,0,0,0,0,0,0,0,0.116684,0,0,0,0
"MtrNatGas",5,25,1,"",4.65565,0,0,0,4.53897,0,0,0,0,0,0,0,0,0,0,0,0,0,0,0,0.116684,0,0,0,0
"MtrNatGas",5,25,2,"",4.21779,0,0,0,4.12444,0,0,0,0,0,0,0,0,0,0,0,0,0,0,0,0.0933476,0,0,0,0
"MtrNatGas",5,25,3,"",3.22399,0,0,0,3.15398,0,0,0,0,0,0,0,0,0,0,0,0,0,0,0,0.0700107,0,0,0,0
"MtrNatGas",5,25,4,"",3.2031,0,0,0,3.13309,0,0,0,0,0,0,0,0,0,0,0,0,0,0,0,0.0700107,0,0,0,0
"MtrNatGas",5,25,5,"",4.61552,0,0,0,4.54551,0,0,0,0,0,0,0,0,0,0,0,0,0,0,0,0.0700107,0,0,0,0
"MtrNatGas",5,25,6,"",23.0208,0,0,0,22.9041,0,0,0,0,0,0,0,0,0,0,0,0,0,0,0,0.116684,0,0,0,0
"MtrNatGas",5,25,7,"",21.3689,0,0,0,21.1355,0,0,0,0,0,0,0,0,0,0,0,0,0,0,0,0.233369,0,0,0,0
"MtrNatGas",5,25,8,"",44.6855,0,0,0,40.685,0,0,0,0,0,0,0,0,0,0,0,0,0,3.37041,0,0.630096,0,0,0,0
"MtrNatGas",5,25,9,"",34.3727,0,0,0,23.398,0,0,0,0,0,0,0,0,0,0,0,0,0,9.85451,0,1.12017,0,0,0,0
"MtrNatGas",5,25,10,"",49.0767,0,0,0,32.5823,0,0,0,0,0,0,0,0,0,0,0,0,0,15.3742,0,1.12017,0,0,0,0
"MtrNatGas",5,25,11,"",66.0379,0,0,0,28.108,0,0,0,0,0,0,0,0,0,0,0,0,0,36.8564,0,1.0735,0,0,0,0
"MtrNatGas",5,25,12,"",61.9187,0,0,0,26.4678,0,0,0,0,0,0,0,0,0,0,0,0,0,34.1674,0,1.28353,0,0,0,0
"MtrNatGas",5,25,13,"",48.9505,0,0,0,19.9571,0,0,0,0,0,0,0,0,0,0,0,0,0,27.5232,0,1.47022,0,0,0,0
"MtrNatGas",5,25,14,"",26.0635,0,0,0,5.54275,0,0,0,0,0,0,0,0,0,0,0,0,0,19.1439,0,1.37688,0,0,0,0
"MtrNatGas",5,25,15,"",14.3364,0,0,0,12.8895,0,0,0,0,0,0,0,0,0,0,0,0,0,0,0,1.44689,0,0,0,0
"MtrNatGas",5,25,16,"",30.9872,0,0,0,25.4022,0,0,0,0,0,0,0,0,0,0,0,0,0,3.9981,0,1.58691,0,0,0,0
"MtrNatGas",5,25,17,"",36.096,0,0,0,14.8827,0,0,0,0,0,0,0,0,0,0,0,0,0,19.0897,0,2.12366,0,0,0,0
"MtrNatGas",5,25,18,"",21.4504,0,0,0,18.2065,0,0,0,0,0,0,0,0,0,0,0,0,0,0,0,3.24383,0,0,0,0
"MtrNatGas",5,25,19,"",30.5056,0,0,0,27.4951,0,0,0,0,0,0,0,0,0,0,0,0,0,0,0,3.01046,0,0,0,0
"MtrNatGas",5,25,20,"",18.4297,0,0,0,16.7495,0,0,0,0,0,0,0,0,0,0,0,0,0,0,0,1.68026,0,0,0,0
"MtrNatGas",5,25,21,"",16.962,0,0,0,16.2152,0,0,0,0,0,0,0,0,0,0,0,0,0,0,0,0.746781,0,0,0,0
"MtrNatGas",5,25,22,"",19.3071,0,0,0,18.9804,0,0,0,0,0,0,0,0,0,0,0,0,0,0,0,0.326717,0,0,0,0
"MtrNatGas",5,25,23,"",22.4875,0,0,0,22.2775,0,0,0,0,0,0,0,0,0,0,0,0,0,0,0,0.210032,0,0,0,0
"MtrNatGas",5,25,24,"",8.94182,0,0,0,8.82514,0,0,0,0,0,0,0,0,0,0,0,0,0,0,0,0.116684,0,0,0,0
"MtrNatGas",5,26,1,"",4.04876,0,0,0,3.93208,0,0,0,0,0,0,0,0,0,0,0,0,0,0,0,0.116684,0,0,0,0
"MtrNatGas",5,26,2,"",2.91659,0,0,0,2.82324,0,0,0,0,0,0,0,0,0,0,0,0,0,0,0,0.0933476,0,0,0,0
"MtrNatGas",5,26,3,"",4.02654,0,0,0,3.93319,0,0,0,0,0,0,0,0,0,0,0,0,0,0,0,0.0933476,0,0,0,0
"MtrNatGas",5,26,4,"",2.91878,0,0,0,2.82543,0,0,0,0,0,0,0,0,0,0,0,0,0,0,0,0.0933476,0,0,0,0
"MtrNatGas",5,26,5,"",3.07907,0,0,0,2.98572,0,0,0,0,0,0,0,0,0,0,0,0,0,0,0,0.0933476,0,0,0,0
"MtrNatGas",5,26,6,"",4.01479,0,0,0,3.68807,0,0,0,0,0,0,0,0,0,0,0,0,0,0,0,0.326717,0,0,0,0
"MtrNatGas",5,26,7,"",16.7852,0,0,0,16.3418,0,0,0,0,0,0,0,0,0,0,0,0,0,0,0,0.443401,0,0,0,0
"MtrNatGas",5,26,8,"",31.3877,0,0,0,30.8043,0,0,0,0,0,0,0,0,0,0,0,0,0,0,0,0.583422,0,0,0,0
"MtrNatGas",5,26,9,"",31.785,0,0,0,31.1783,0,0,0,0,0,0,0,0,0,0,0,0,0,0,0,0.606759,0,0,0,0
"MtrNatGas",5,26,10,"",42.258,0,0,0,34.0452,0,0,0,0,0,0,0,0,0,0,0,0,0,7.69937,0,0.513412,0,0,0,0
"MtrNatGas",5,26,11,"",19.9409,0,0,0,11.7478,0,0,0,0,0,0,0,0,0,0,0,0,0,7.70308,0,0.490075,0,0,0,0
"MtrNatGas",5,26,12,"",12.1033,0,0,0,11.4265,0,0,0,0,0,0,0,0,0,0,0,0,0,0,0,0.67677,0,0,0,0
"MtrNatGas",5,26,13,"",20.0989,0,0,0,11.5806,0,0,0,0,0,0,0,0,0,0,0,0,0,7.70155,0,0.816791,0,0,0,0
"MtrNatGas",5,26,14,"",9.39347,0,0,0,5.04492,0,0,0,0,0,0,0,0,0,0,0,0,0,3.60176,0,0.746781,0,0,0,0
"MtrNatGas",5,26,15,"",11.3959,0,0,0,6.5027,0,0,0,0,0,0,0,0,0,0,0,0,0,4.0997,0,0.793454,0,0,0,0
"MtrNatGas",5,26,16,"",8.51495,0,0,0,7.30143,0,0,0,0,0,0,0,0,0,0,0,0,0,0,0,1.21352,0,0,0,0
"MtrNatGas",5,26,17,"",11.3983,0,0,0,8.71453,0,0,0,0,0,0,0,0,0,0,0,0,0,0,0,2.68374,0,0,0,0
"MtrNatGas",5,26,18,"",18.1644,0,0,0,13.6604,0,0,0,0,0,0,0,0,0,0,0,0,0,0,0,4.50402,0,0,0,0
"MtrNatGas",5,26,19,"",27.8353,0,0,0,19.5898,0,0,0,0,0,0,0,0,0,0,0,0,0,4.04487,0,4.20064,0,0,0,0
"MtrNatGas",5,26,20,"",16.751,0,0,0,10.8057,0,0,0,0,0,0,0,0,0,0,0,0,0,3.65827,0,2.28702,0,0,0,0
"MtrNatGas",5,26,21,"",37.2257,0,0,0,28.5437,0,0,0,0,0,0,0,0,0,0,0,0,0,7.70188,0,0.98015,0,0,0,0
"MtrNatGas",5,26,22,"",25.1752,0,0,0,19.1486,0,0,0,0,0,0,0,0,0,0,0,0,0,5.55984,0,0.466738,0,0,0,0
"MtrNatGas",5,26,23,"",16.6226,0,0,0,12.7879,0,0,0,0,0,0,0,0,0,0,0,0,0,3.55466,0,0.280043,0,0,0,0
"MtrNatGas",5,26,24,"",13.2362,0,0,0,9.28733,0,0,0,0,0,0,0,0,0,0,0,0,0,3.71548,0,0.233369,0,0,0,0
"MtrNatGas",5,27,1,"",5.70999,0,0,0,3.01853,0,0,0,0,0,0,0,0,0,0,0,0,0,2.57478,0,0.116684,0,0,0,0
"MtrNatGas",5,27,2,"",5.4719,0,0,0,5.37855,0,0,0,0,0,0,0,0,0,0,0,0,0,0,0,0.0933476,0,0,0,0
"MtrNatGas",5,27,3,"",5.49127,0,0,0,5.39792,0,0,0,0,0,0,0,0,0,0,0,0,0,0,0,0.0933476,0,0,0,0
"MtrNatGas",5,27,4,"",3.29563,0,0,0,3.20228,0,0,0,0,0,0,0,0,0,0,0,0,0,0,0,0.0933476,0,0,0,0
"MtrNatGas",5,27,5,"",4.9898,0,0,0,4.89645,0,0,0,0,0,0,0,0,0,0,0,0,0,0,0,0.0933476,0,0,0,0
"MtrNatGas",5,27,6,"",5.07107,0,0,0,4.74435,0,0,0,0,0,0,0,0,0,0,0,0,0,0,0,0.326717,0,0,0,0
"MtrNatGas",5,27,7,"",20.183,0,0,0,19.7396,0,0,0,0,0,0,0,0,0,0,0,0,0,0,0,0.443401,0,0,0,0
"MtrNatGas",5,27,8,"",36.5118,0,0,0,35.9283,0,0,0,0,0,0,0,0,0,0,0,0,0,0,0,0.583422,0,0,0,0
"MtrNatGas",5,27,9,"",26.4333,0,0,0,25.8265,0,0,0,0,0,0,0,0,0,0,0,0,0,0,0,0.606759,0,0,0,0
"MtrNatGas",5,27,10,"",22.5108,0,0,0,16.5121,0,0,0,0,0,0,0,0,0,0,0,0,0,5.48529,0,0.513412,0,0,0,0
"MtrNatGas",5,27,11,"",7.79927,0,0,0,5.09159,0,0,0,0,0,0,0,0,0,0,0,0,0,2.2176,0,0.490075,0,0,0,0
"MtrNatGas",5,27,12,"",6.03935,0,0,0,5.36258,0,0,0,0,0,0,0,0,0,0,0,0,0,0,0,0.67677,0,0,0,0
"MtrNatGas",5,27,13,"",11.225,0,0,0,6.40142,0,0,0,0,0,0,0,0,0,0,0,0,0,4.00679,0,0.816791,0,0,0,0
"MtrNatGas",5,27,14,"",15.4932,0,0,0,3.3506,0,0,0,0,0,0,0,0,0,0,0,0,0,11.3958,0,0.746781,0,0,0,0
"MtrNatGas",5,27,15,"",15.8643,0,0,0,15.0708,0,0,0,0,0,0,0,0,0,0,0,0,0,0,0,0.793454,0,0,0,0
"MtrNatGas",5,27,16,"",13.4971,0,0,0,12.2836,0,0,0,0,0,0,0,0,0,0,0,0,0,0,0,1.21352,0,0,0,0
"MtrNatGas",5,27,17,"",17.3107,0,0,0,14.6269,0,0,0,0,0,0,0,0,0,0,0,0,0,0,0,2.68374,0,0,0,0
"MtrNatGas",5,27,18,"",15.7852,0,0,0,11.2812,0,0,0,0,0,0,0,0,0,0,0,0,0,0,0,4.50402,0,0,0,0
"MtrNatGas",5,27,19,"",28.1469,0,0,0,20.1025,0,0,0,0,0,0,0,0,0,0,0,0,0,3.84377,0,4.20064,0,0,0,0
"MtrNatGas",5,27,20,"",40.6644,0,0,0,26.826,0,0,0,0,0,0,0,0,0,0,0,0,0,11.5513,0,2.28702,0,0,0,0
"MtrNatGas",5,27,21,"",21.9556,0,0,0,20.9754,0,0,0,0,0,0,0,0,0,0,0,0,0,0,0,0.98015,0,0,0,0
"MtrNatGas",5,27,22,"",21.3267,0,0,0,20.8599,0,0,0,0,0,0,0,0,0,0,0,0,0,0,0,0.466738,0,0,0,0
"MtrNatGas",5,27,23,"",16.1319,0,0,0,15.8518,0,0,0,0,0,0,0,0,0,0,0,0,0,0,0,0.280043,0,0,0,0
"MtrNatGas",5,27,24,"",3.84915,0,0,0,3.61578,0,0,0,0,0,0,0,0,0,0,0,0,0,0,0,0.233369,0,0,0,0
"MtrNatGas",5,28,1,"",4.61732,0,0,0,4.50064,0,0,0,0,0,0,0,0,0,0,0,0,0,0,0,0.116684,0,0,0,0
"MtrNatGas",5,28,2,"",3.09418,0,0,0,3.00084,0,0,0,0,0,0,0,0,0,0,0,0,0,0,0,0.0933476,0,0,0,0
"MtrNatGas",5,28,3,"",3.11589,0,0,0,3.02254,0,0,0,0,0,0,0,0,0,0,0,0,0,0,0,0.0933476,0,0,0,0
"MtrNatGas",5,28,4,"",2.92971,0,0,0,2.83636,0,0,0,0,0,0,0,0,0,0,0,0,0,0,0,0.0933476,0,0,0,0
"MtrNatGas",5,28,5,"",2.93189,0,0,0,2.83855,0,0,0,0,0,0,0,0,0,0,0,0,0,0,0,0.0933476,0,0,0,0
"MtrNatGas",5,28,6,"",4.0272,0,0,0,3.70048,0,0,0,0,0,0,0,0,0,0,0,0,0,0,0,0.326717,0,0,0,0
"MtrNatGas",5,28,7,"",12.7877,0,0,0,12.3443,0,0,0,0,0,0,0,0,0,0,0,0,0,0,0,0.443401,0,0,0,0
"MtrNatGas",5,28,8,"",31.0695,0,0,0,30.4861,0,0,0,0,0,0,0,0,0,0,0,0,0,0,0,0.583422,0,0,0,0
"MtrNatGas",5,28,9,"",55.1634,0,0,0,46.8561,0,0,0,0,0,0,0,0,0,0,0,0,0,7.70058,0,0.606759,0,0,0,0
"MtrNatGas",5,28,10,"",11.6447,0,0,0,11.1313,0,0,0,0,0,0,0,0,0,0,0,0,0,0,0,0.513412,0,0,0,0
"MtrNatGas",5,28,11,"",8.96262,0,0,0,8.47254,0,0,0,0,0,0,0,0,0,0,0,0,0,0,0,0.490075,0,0,0,0
"MtrNatGas",5,28,12,"",13.5626,0,0,0,5.18489,0,0,0,0,0,0,0,0,0,0,0,0,0,7.70093,0,0.67677,0,0,0,0
"MtrNatGas",5,28,13,"",11.647,0,0,0,6.82343,0,0,0,0,0,0,0,0,0,0,0,0,0,4.00679,0,0.816791,0,0,0,0
"MtrNatGas",5,28,14,"",16.6811,0,0,0,4.53846,0,0,0,0,0,0,0,0,0,0,0,0,0,11.3958,0,0.746781,0,0,0,0
"MtrNatGas",5,28,15,"",13.3098,0,0,0,4.81567,0,0,0,0,0,0,0,0,0,0,0,0,0,7.7007,0,0.793454,0,0,0,0
"MtrNatGas",5,28,16,"",6.33019,0,0,0,5.11667,0,0,0,0,0,0,0,0,0,0,0,0,0,0,0,1.21352,0,0,0,0
"MtrNatGas",5,28,17,"",7.5301,0,0,0,4.84636,0,0,0,0,0,0,0,0,0,0,0,0,0,0,0,2.68374,0,0,0,0
"MtrNatGas",5,28,18,"",10.3288,0,0,0,5.82473,0,0,0,0,0,0,0,0,0,0,0,0,0,0,0,4.50402,0,0,0,0
"MtrNatGas",5,28,19,"",21.2256,0,0,0,13.1811,0,0,0,0,0,0,0,0,0,0,0,0,0,3.84377,0,4.20064,0,0,0,0
"MtrNatGas",5,28,20,"",23.1288,0,0,0,9.29042,0,0,0,0,0,0,0,0,0,0,0,0,0,11.5513,0,2.28702,0,0,0,0
"MtrNatGas",5,28,21,"",11.078,0,0,0,10.0979,0,0,0,0,0,0,0,0,0,0,0,0,0,0,0,0.98015,0,0,0,0
"MtrNatGas",5,28,22,"",19.206,0,0,0,18.7393,0,0,0,0,0,0,0,0,0,0,0,0,0,0,0,0.466738,0,0,0,0
"MtrNatGas",5,28,23,"",13.2482,0,0,0,5.53241,0,0,0,0,0,0,0,0,0,0,0,0,0,7.43576,0,0.280043,0,0,0,0
"MtrNatGas",5,28,24,"",5.77765,0,0,0,5.27789,0,0,0,0,0,0,0,0,0,0,0,0,0,0.266395,0,0.233369,0,0,0,0
"MtrNatGas",5,29,1,"",2.9408,0,0,0,2.82412,0,0,0,0,0,0,0,0,0,0,0,0,0,0,0,0.116684,0,0,0,0
"MtrNatGas",5,29,2,"",5.29788,0,0,0,5.20453,0,0,0,0,0,0,0,0,0,0,0,0,0,0,0,0.0933476,0,0,0,0
"MtrNatGas",5,29,3,"",4.37961,0,0,0,4.28627,0,0,0,0,0,0,0,0,0,0,0,0,0,0,0,0.0933476,0,0,0,0
"MtrNatGas",5,29,4,"",2.99711,0,0,0,2.90377,0,0,0,0,0,0,0,0,0,0,0,0,0,0,0,0.0933476,0,0,0,0
"MtrNatGas",5,29,5,"",3.22977,0,0,0,3.13642,0,0,0,0,0,0,0,0,0,0,0,0,0,0,0,0.0933476,0,0,0,0
"MtrNatGas",5,29,6,"",4.47753,0,0,0,4.15081,0,0,0,0,0,0,0,0,0,0,0,0,0,0,0,0.326717,0,0,0,0
"MtrNatGas",5,29,7,"",9.86474,0,0,0,9.42134,0,0,0,0,0,0,0,0,0,0,0,0,0,0,0,0.443401,0,0,0,0
"MtrNatGas",5,29,8,"",41.4326,0,0,0,40.8492,0,0,0,0,0,0,0,0,0,0,0,0,0,0,0,0.583422,0,0,0,0
"MtrNatGas",5,29,9,"",11.9356,0,0,0,11.3289,0,0,0,0,0,0,0,0,0,0,0,0,0,0,0,0.606759,0,0,0,0
"MtrNatGas",5,29,10,"",23.4668,0,0,0,17.4681,0,0,0,0,0,0,0,0,0,0,0,0,0,5.48529,0,0.513412,0,0,0,0
"MtrNatGas",5,29,11,"",20.0308,0,0,0,9.62005,0,0,0,0,0,0,0,0,0,0,0,0,0,9.92069,0,0.490075,0,0,0,0
"MtrNatGas",5,29,12,"",4.15159,0,0,0,3.47482,0,0,0,0,0,0,0,0,0,0,0,0,0,0,0,0.67677,0,0,0,0
"MtrNatGas",5,29,13,"",5.22918,0,0,0,4.41239,0,0,0,0,0,0,0,0,0,0,0,0,0,0,0,0.816791,0,0,0,0
"MtrNatGas",5,29,14,"",4.02857,0,0,0,3.28179,0,0,0,0,0,0,0,0,0,0,0,0,0,0,0,0.746781,0,0,0,0
"MtrNatGas",5,29,15,"",5.74424,0,0,0,4.95078,0,0,0,0,0,0,0,0,0,0,0,0,0,0,0,0.793454,0,0,0,0
"MtrNatGas",5,29,16,"",9.13142,0,0,0,7.9179,0,0,0,0,0,0,0,0,0,0,0,0,0,0,0,1.21352,0,0,0,0
"MtrNatGas",5,29,17,"",8.06443,0,0,0,5.38069,0,0,0,0,0,0,0,0,0,0,0,0,0,0,0,2.68374,0,0,0,0
"MtrNatGas",5,29,18,"",10.5162,0,0,0,6.01217,0,0,0,0,0,0,0,0,0,0,0,0,0,0,0,4.50402,0,0,0,0
"MtrNatGas",5,29,19,"",12.7028,0,0,0,8.50219,0,0,0,0,0,0,0,0,0,0,0,0,0,0,0,4.20064,0,0,0,0
"MtrNatGas",5,29,20,"",16.4486,0,0,0,14.1616,0,0,0,0,0,0,0,0,0,0,0,0,0,0,0,2.28702,0,0,0,0
"MtrNatGas",5,29,21,"",10.3282,0,0,0,9.34808,0,0,0,0,0,0,0,0,0,0,0,0,0,0,0,0.98015,0,0,0,0
"MtrNatGas",5,29,22,"",12.2817,0,0,0,11.815,0,0,0,0,0,0,0,0,0,0,0,0,0,0,0,0.466738,0,0,0,0
"MtrNatGas",5,29,23,"",18.4535,0,0,0,16.7606,0,0,0,0,0,0,0,0,0,0,0,0,0,1.41278,0,0.280043,0,0,0,0
"MtrNatGas",5,29,24,"",10.3827,0,0,0,6.43388,0,0,0,0,0,0,0,0,0,0,0,0,0,3.71548,0,0.233369,0,0,0,0
"MtrNatGas",5,30,1,"",8.99128,0,0,0,6.29982,0,0,0,0,0,0,0,0,0,0,0,0,0,2.57478,0,0.116684,0,0,0,0
"MtrNatGas",5,30,2,"",3.08113,0,0,0,2.98778,0,0,0,0,0,0,0,0,0,0,0,0,0,0,0,0.0933476,0,0,0,0
"MtrNatGas",5,30,3,"",2.89675,0,0,0,2.82674,0,0,0,0,0,0,0,0,0,0,0,0,0,0,0,0.0700107,0,0,0,0
"MtrNatGas",5,30,4,"",2.89675,0,0,0,2.82674,0,0,0,0,0,0,0,0,0,0,0,0,0,0,0,0.0700107,0,0,0,0
"MtrNatGas",5,30,5,"",3.04764,0,0,0,2.97763,0,0,0,0,0,0,0,0,0,0,0,0,0,0,0,0.0700107,0,0,0,0
"MtrNatGas",5,30,6,"",3.72488,0,0,0,3.6082,0,0,0,0,0,0,0,0,0,0,0,0,0,0,0,0.116684,0,0,0,0
"MtrNatGas",5,30,7,"",5.34011,0,0,0,5.10674,0,0,0,0,0,0,0,0,0,0,0,0,0,0,0,0.233369,0,0,0,0
"MtrNatGas",5,30,8,"",8.76666,0,0,0,8.13656,0,0,0,0,0,0,0,0,0,0,0,0,0,0,0,0.630096,0,0,0,0
"MtrNatGas",5,30,9,"",18.7266,0,0,0,17.6065,0,0,0,0,0,0,0,0,0,0,0,0,0,0,0,1.12017,0,0,0,0
"MtrNatGas",5,30,10,"",34.971,0,0,0,33.8509,0,0,0,0,0,0,0,0,0,0,0,0,0,0,0,1.12017,0,0,0,0
"MtrNatGas",5,30,11,"",26.1161,0,0,0,25.0426,0,0,0,0,0,0,0,0,0,0,0,0,0,0,0,1.0735,0,0,0,0
"MtrNatGas",5,30,12,"",20.2765,0,0,0,15.2674,0,0,0,0,0,0,0,0,0,0,0,0,0,3.72559,0,1.28353,0,0,0,0
"MtrNatGas",5,30,13,"",25.2801,0,0,0,16.6304,0,0,0,0,0,0,0,0,0,0,0,0,0,7.17951,0,1.47022,0,0,0,0
"MtrNatGas",5,30,14,"",36.8751,0,0,0,21.5411,0,0,0,0,0,0,0,0,0,0,0,0,0,13.9571,0,1.37688,0,0,0,0
"MtrNatGas",5,30,15,"",21.085,0,0,0,13.6964,0,0,0,0,0,0,0,0,0,0,0,0,0,5.94167,0,1.44689,0,0,0,0
"MtrNatGas",5,30,16,"",8.48207,0,0,0,6.89516,0,0,0,0,0,0,0,0,0,0,0,0,0,0,0,1.58691,0,0,0,0
"MtrNatGas",5,30,17,"",7.66027,0,0,0,5.53662,0,0,0,0,0,0,0,0,0,0,0,0,0,0,0,2.12366,0,0,0,0
"MtrNatGas",5,30,18,"",7.20884,0,0,0,3.96501,0,0,0,0,0,0,0,0,0,0,0,0,0,0,0,3.24383,0,0,0,0
"MtrNatGas",5,30,19,"",12.2292,0,0,0,9.21873,0,0,0,0,0,0,0,0,0,0,0,0,0,0,0,3.01046,0,0,0,0
"MtrNatGas",5,30,20,"",6.81107,0,0,0,5.13081,0,0,0,0,0,0,0,0,0,0,0,0,0,0,0,1.68026,0,0,0,0
"MtrNatGas",5,30,21,"",14.6332,0,0,0,13.8864,0,0,0,0,0,0,0,0,0,0,0,0,0,0,0,0.746781,0,0,0,0
"MtrNatGas",5,30,22,"",27.4131,0,0,0,24.7472,0,0,0,0,0,0,0,0,0,0,0,0,0,2.33913,0,0.326717,0,0,0,0
"MtrNatGas",5,30,23,"",14.8307,0,0,0,9.25696,0,0,0,0,0,0,0,0,0,0,0,0,0,5.36368,0,0.210032,0,0,0,0
"MtrNatGas",5,30,24,"",3.36153,0,0,0,3.24485,0,0,0,0,0,0,0,0,0,0,0,0,0,0,0,0.116684,0,0,0,0
"MtrNatGas",5,31,1,"",7.37795,0,0,0,7.26126,0,0,0,0,0,0,0,0,0,0,0,0,0,0,0,0.116684,0,0,0,0
"MtrNatGas",5,31,2,"",2.92271,0,0,0,2.82936,0,0,0,0,0,0,0,0,0,0,0,0,0,0,0,0.0933476,0,0,0,0
"MtrNatGas",5,31,3,"",5.12245,0,0,0,5.05244,0,0,0,0,0,0,0,0,0,0,0,0,0,0,0,0.0700107,0,0,0,0
"MtrNatGas",5,31,4,"",4.3161,0,0,0,4.24609,0,0,0,0,0,0,0,0,0,0,0,0,0,0,0,0.0700107,0,0,0,0
"MtrNatGas",5,31,5,"",3.05157,0,0,0,2.98156,0,0,0,0,0,0,0,0,0,0,0,0,0,0,0,0.0700107,0,0,0,0
"MtrNatGas",5,31,6,"",3.33614,0,0,0,3.21945,0,0,0,0,0,0,0,0,0,0,0,0,0,0,0,0.116684,0,0,0,0
"MtrNatGas",5,31,7,"",3.60489,0,0,0,3.37152,0,0,0,0,0,0,0,0,0,0,0,0,0,0,0,0.233369,0,0,0,0
"MtrNatGas",5,31,8,"",6.40207,0,0,0,5.77197,0,0,0,0,0,0,0,0,0,0,0,0,0,0,0,0.630096,0,0,0,0
"MtrNatGas",5,31,9,"",12.8157,0,0,0,11.6955,0,0,0,0,0,0,0,0,0,0,0,0,0,0,0,1.12017,0,0,0,0
"MtrNatGas",5,31,10,"",27.197,0,0,0,26.0769,0,0,0,0,0,0,0,0,0,0,0,0,0,0,0,1.12017,0,0,0,0
"MtrNatGas",5,31,11,"",16.6198,0,0,0,7.84369,0,0,0,0,0,0,0,0,0,0,0,0,0,7.70257,0,1.0735,0,0,0,0
"MtrNatGas",5,31,12,"",14.4365,0,0,0,13.1529,0,0,0,0,0,0,0,0,0,0,0,0,0,0,0,1.28353,0,0,0,0
"MtrNatGas",5,31,13,"",10.6911,0,0,0,9.22089,0,0,0,0,0,0,0,0,0,0,0,0,0,0,0,1.47022,0,0,0,0
"MtrNatGas",5,31,14,"",15.1253,0,0,0,13.7484,0,0,0,0,0,0,0,0,0,0,0,0,0,0,0,1.37688,0,0,0,0
"MtrNatGas",5,31,15,"",9.07771,0,0,0,7.63082,0,0,0,0,0,0,0,0,0,0,0,0,0,0,0,1.44689,0,0,0,0
"MtrNatGas",5,31,16,"",7.62286,0,0,0,6.03595,0,0,0,0,0,0,0,0,0,0,0,0,0,0,0,1.58691,0,0,0,0
"MtrNatGas",5,31,17,"",6.79585,0,0,0,4.67219,0,0,0,0,0,0,0,0,0,0,0,0,0,0,0,2.12366,0,0,0,0
"MtrNatGas",5,31,18,"",7.03319,0,0,0,3.78936,0,0,0,0,0,0,0,0,0,0,0,0,0,0,0,3.24383,0,0,0,0
"MtrNatGas",5,31,19,"",19.3492,0,0,0,16.3387,0,0,0,0,0,0,0,0,0,0,0,0,0,0,0,3.01046,0,0,0,0
"MtrNatGas",5,31,20,"",7.02038,0,0,0,5.34012,0,0,0,0,0,0,0,0,0,0,0,0,0,0,0,1.68026,0,0,0,0
"MtrNatGas",5,31,21,"",14.2483,0,0,0,13.5015,0,0,0,0,0,0,0,0,0,0,0,0,0,0,0,0.746781,0,0,0,0
"MtrNatGas",5,31,22,"",10.7959,0,0,0,8.13008,0,0,0,0,0,0,0,0,0,0,0,0,0,2.33913,0,0.326717,0,0,0,0
"MtrNatGas",5,31,23,"",10.1149,0,0,0,4.54118,0,0,0,0,0,0,0,0,0,0,0,0,0,5.36368,0,0.210032,0,0,0,0
"MtrNatGas",5,31,24,"",4.15764,0,0,0,4.04095,0,0,0,0,0,0,0,0,0,0,0,0,0,0,0,0.116684,0,0,0,0
"MtrNatGas",6,1,1,"",4.08534,0,0,0,3.96289,0,0,0,0,0,0,0,0,0,0,0,0,0,0,0,0.122447,0,0,0,0
"MtrNatGas",6,1,2,"",2.9142,0,0,0,2.81625,0,0,0,0,0,0,0,0,0,0,0,0,0,0,0,0.0979573,0,0,0,0
"MtrNatGas",6,1,3,"",2.91289,0,0,0,2.81493,0,0,0,0,0,0,0,0,0,0,0,0,0,0,0,0.0979573,0,0,0,0
"MtrNatGas",6,1,4,"",2.91114,0,0,0,2.81319,0,0,0,0,0,0,0,0,0,0,0,0,0,0,0,0.0979573,0,0,0,0
"MtrNatGas",6,1,5,"",3.06921,0,0,0,2.97125,0,0,0,0,0,0,0,0,0,0,0,0,0,0,0,0.0979573,0,0,0,0
"MtrNatGas",6,1,6,"",4.95841,0,0,0,4.61556,0,0,0,0,0,0,0,0,0,0,0,0,0,0,0,0.342851,0,0,0,0
"MtrNatGas",6,1,7,"",18.3717,0,0,0,17.9064,0,0,0,0,0,0,0,0,0,0,0,0,0,0,0,0.465297,0,0,0,0
"MtrNatGas",6,1,8,"",19.0514,0,0,0,18.4392,0,0,0,0,0,0,0,0,0,0,0,0,0,0,0,0.612233,0,0,0,0
"MtrNatGas",6,1,9,"",21.5417,0,0,0,20.905,0,0,0,0,0,0,0,0,0,0,0,0,0,0,0,0.636723,0,0,0,0
"MtrNatGas",6,1,10,"",18.0182,0,0,0,17.4794,0,0,0,0,0,0,0,0,0,0,0,0,0,0,0,0.538765,0,0,0,0
"MtrNatGas",6,1,11,"",18.2321,0,0,0,10.0148,0,0,0,0,0,0,0,0,0,0,0,0,0,7.70308,0,0.514276,0,0,0,0
"MtrNatGas",6,1,12,"",4.29975,0,0,0,3.58956,0,0,0,0,0,0,0,0,0,0,0,0,0,0,0,0.710191,0,0,0,0
"MtrNatGas",6,1,13,"",10.0178,0,0,0,9.16068,0,0,0,0,0,0,0,0,0,0,0,0,0,0,0,0.857127,0,0,0,0
"MtrNatGas",6,1,14,"",17.449,0,0,0,5.0962,0,0,0,0,0,0,0,0,0,0,0,0,0,11.5691,0,0.783659,0,0,0,0
"MtrNatGas",6,1,15,"",10.7663,0,0,0,6.09988,0,0,0,0,0,0,0,0,0,0,0,0,0,3.83381,0,0.832637,0,0,0,0
"MtrNatGas",6,1,16,"",8.31984,0,0,0,4.10507,0,0,0,0,0,0,0,0,0,0,0,0,0,2.94132,0,1.27345,0,0,0,0
"MtrNatGas",6,1,17,"",12.1113,0,0,0,4.53609,0,0,0,0,0,0,0,0,0,0,0,0,0,4.75893,0,2.81627,0,0,0,0
"MtrNatGas",6,1,18,"",9.24493,0,0,0,4.51849,0,0,0,0,0,0,0,0,0,0,0,0,0,0,0,4.72644,0,0,0,0
"MtrNatGas",6,1,19,"",13.7947,0,0,0,9.38658,0,0,0,0,0,0,0,0,0,0,0,0,0,0,0,4.40808,0,0,0,0
"MtrNatGas",6,1,20,"",8.93607,0,0,0,6.53611,0,0,0,0,0,0,0,0,0,0,0,0,0,0,0,2.39995,0,0,0,0
"MtrNatGas",6,1,21,"",16.8168,0,0,0,15.7882,0,0,0,0,0,0,0,0,0,0,0,0,0,0,0,1.02855,0,0,0,0
"MtrNatGas",6,1,22,"",36.29,0,0,0,20.3948,0,0,0,0,0,0,0,0,0,0,0,0,0,15.4054,0,0.489787,0,0,0,0
"MtrNatGas",6,1,23,"",9.88991,0,0,0,8.18326,0,0,0,0,0,0,0,0,0,0,0,0,0,1.41278,0,0.293872,0,0,0,0
"MtrNatGas",6,1,24,"",13.1145,0,0,0,9.15412,0,0,0,0,0,0,0,0,0,0,0,0,0,3.71548,0,0.244893,0,0,0,0
"MtrNatGas",6,2,1,"",5.82672,0,0,0,3.12949,0,0,0,0,0,0,0,0,0,0,0,0,0,2.57478,0,0.122447,0,0,0,0
"MtrNatGas",6,2,2,"",2.91158,0,0,0,2.81362,0,0,0,0,0,0,0,0,0,0,0,0,0,0,0,0.0979573,0,0,0,0
"MtrNatGas",6,2,3,"",3.35448,0,0,0,3.25652,0,0,0,0,0,0,0,0,0,0,0,0,0,0,0,0.0979573,0,0,0,0
"MtrNatGas",6,2,4,"",3.06978,0,0,0,2.97182,0,0,0,0,0,0,0,0,0,0,0,0,0,0,0,0.0979573,0,0,0,0
"MtrNatGas",6,2,5,"",4.79098,0,0,0,4.69302,0,0,0,0,0,0,0,0,0,0,0,0,0,0,0,0.0979573,0,0,0,0
"MtrNatGas",6,2,6,"",11.4244,0,0,0,11.0816,0,0,0,0,0,0,0,0,0,0,0,0,0,0,0,0.342851,0,0,0,0
"MtrNatGas",6,2,7,"",9.94035,0,0,0,9.47505,0,0,0,0,0,0,0,0,0,0,0,0,0,0,0,0.465297,0,0,0,0
"MtrNatGas",6,2,8,"",57.19,0,0,0,48.8746,0,0,0,0,0,0,0,0,0,0,0,0,0,7.70312,0,0.612233,0,0,0,0
"MtrNatGas",6,2,9,"",22.3266,0,0,0,21.6899,0,0,0,0,0,0,0,0,0,0,0,0,0,0,0,0.636723,0,0,0,0
"MtrNatGas",6,2,10,"",29.7357,0,0,0,29.1969,0,0,0,0,0,0,0,0,0,0,0,0,0,0,0,0.538765,0,0,0,0
"MtrNatGas",6,2,11,"",30.4167,0,0,0,18.0375,0,0,0,0,0,0,0,0,0,0,0,0,0,11.8649,0,0.514276,0,0,0,0
"MtrNatGas",6,2,12,"",12.6988,0,0,0,8.44925,0,0,0,0,0,0,0,0,0,0,0,0,0,3.53936,0,0.710191,0,0,0,0
"MtrNatGas",6,2,13,"",18.5674,0,0,0,10.0087,0,0,0,0,0,0,0,0,0,0,0,0,0,7.70162,0,0.857127,0,0,0,0
"MtrNatGas",6,2,14,"",8.31231,0,0,0,7.52865,0,0,0,0,0,0,0,0,0,0,0,0,0,0,0,0.783659,0,0,0,0
"MtrNatGas",6,2,15,"",14.0435,0,0,0,5.51014,0,0,0,0,0,0,0,0,0,0,0,0,0,7.7007,0,0.832637,0,0,0,0
"MtrNatGas",6,2,16,"",11.115,0,0,0,6.00694,0,0,0,0,0,0,0,0,0,0,0,0,0,3.83464,0,1.27345,0,0,0,0
"MtrNatGas",6,2,17,"",11.3049,0,0,0,4.62304,0,0,0,0,0,0,0,0,0,0,0,0,0,3.86561,0,2.81627,0,0,0,0
"MtrNatGas",6,2,18,"",9.30603,0,0,0,4.57959,0,0,0,0,0,0,0,0,0,0,0,0,0,0,0,4.72644,0,0,0,0
"MtrNatGas",6,2,19,"",16.5614,0,0,0,12.1533,0,0,0,0,0,0,0,0,0,0,0,0,0,0,0,4.40808,0,0,0,0
"MtrNatGas",6,2,20,"",33.9002,0,0,0,23.7995,0,0,0,0,0,0,0,0,0,0,0,0,0,7.70077,0,2.39995,0,0,0,0
"MtrNatGas",6,2,21,"",10.3169,0,0,0,9.28833,0,0,0,0,0,0,0,0,0,0,0,0,0,0,0,1.02855,0,0,0,0
"MtrNatGas",6,2,22,"",30.0654,0,0,0,29.5757,0,0,0,0,0,0,0,0,0,0,0,0,0,0,0,0.489787,0,0,0,0
"MtrNatGas",6,2,23,"",18.1421,0,0,0,16.4355,0,0,0,0,0,0,0,0,0,0,0,0,0,1.41278,0,0.293872,0,0,0,0
"MtrNatGas",6,2,24,"",15.5825,0,0,0,11.6221,0,0,0,0,0,0,0,0,0,0,0,0,0,3.71548,0,0.244893,0,0,0,0
"MtrNatGas",6,3,1,"",5.51041,0,0,0,2.81319,0,0,0,0,0,0,0,0,0,0,0,0,0,2.57478,0,0.122447,0,0,0,0
"MtrNatGas",6,3,2,"",2.91115,0,0,0,2.81319,0,0,0,0,0,0,0,0,0,0,0,0,0,0,0,0.0979573,0,0,0,0
"MtrNatGas",6,3,3,"",4.22318,0,0,0,4.12522,0,0,0,0,0,0,0,0,0,0,0,0,0,0,0,0.0979573,0,0,0,0
"MtrNatGas",6,3,4,"",2.91158,0,0,0,2.81362,0,0,0,0,0,0,0,0,0,0,0,0,0,0,0,0.0979573,0,0,0,0
"MtrNatGas",6,3,5,"",2.91202,0,0,0,2.81406,0,0,0,0,0,0,0,0,0,0,0,0,0,0,0,0.0979573,0,0,0,0
"MtrNatGas",6,3,6,"",3.73408,0,0,0,3.39123,0,0,0,0,0,0,0,0,0,0,0,0,0,0,0,0.342851,0,0,0,0
"MtrNatGas",6,3,7,"",13.5881,0,0,0,13.1228,0,0,0,0,0,0,0,0,0,0,0,0,0,0,0,0.465297,0,0,0,0
"MtrNatGas",6,3,8,"",32.7915,0,0,0,32.1792,0,0,0,0,0,0,0,0,0,0,0,0,0,0,0,0.612233,0,0,0,0
"MtrNatGas",6,3,9,"",51.7908,0,0,0,43.4535,0,0,0,0,0,0,0,0,0,0,0,0,0,7.70058,0,0.636723,0,0,0,0
"MtrNatGas",6,3,10,"",26.199,0,0,0,25.6603,0,0,0,0,0,0,0,0,0,0,0,0,0,0,0,0.538765,0,0,0,0
"MtrNatGas",6,3,11,"",18.9263,0,0,0,14.2502,0,0,0,0,0,0,0,0,0,0,0,0,0,4.16181,0,0.514276,0,0,0,0
"MtrNatGas",6,3,12,"",20.1123,0,0,0,8.16177,0,0,0,0,0,0,0,0,0,0,0,0,0,11.2403,0,0.710191,0,0,0,0
"MtrNatGas",6,3,13,"",8.1355,0,0,0,7.27837,0,0,0,0,0,0,0,0,0,0,0,0,0,0,0,0.857127,0,0,0,0
"MtrNatGas",6,3,14,"",9.50023,0,0,0,6.21962,0,0,0,0,0,0,0,0,0,0,0,0,0,2.49695,0,0.783659,0,0,0,0
"MtrNatGas",6,3,15,"",10.4009,0,0,0,4.36171,0,0,0,0,0,0,0,0,0,0,0,0,0,5.20652,0,0.832637,0,0,0,0
"MtrNatGas",6,3,16,"",9.09914,0,0,0,7.8257,0,0,0,0,0,0,0,0,0,0,0,0,0,0,0,1.27345,0,0,0,0
"MtrNatGas",6,3,17,"",17.1755,0,0,0,6.65679,0,0,0,0,0,0,0,0,0,0,0,0,0,7.70248,0,2.81627,0,0,0,0
"MtrNatGas",6,3,18,"",19.3346,0,0,0,6.90774,0,0,0,0,0,0,0,0,0,0,0,0,0,7.70039,0,4.72644,0,0,0,0
"MtrNatGas",6,3,19,"",21.9539,0,0,0,9.8443,0,0,0,0,0,0,0,0,0,0,0,0,0,7.70148,0,4.40808,0,0,0,0
"MtrNatGas",6,3,20,"",8.8314,0,0,0,6.43145,0,0,0,0,0,0,0,0,0,0,0,0,0,0,0,2.39995,0,0,0,0
"MtrNatGas",6,3,21,"",14.7476,0,0,0,13.7191,0,0,0,0,0,0,0,0,0,0,0,0,0,0,0,1.02855,0,0,0,0
"MtrNatGas",6,3,22,"",9.66647,0,0,0,9.17668,0,0,0,0,0,0,0,0,0,0,0,0,0,0,0,0.489787,0,0,0,0
"MtrNatGas",6,3,23,"",6.86045,0,0,0,6.56658,0,0,0,0,0,0,0,0,0,0,0,0,0,0,0,0.293872,0,0,0,0
"MtrNatGas",6,3,24,"",9.73823,0,0,0,9.49334,0,0,0,0,0,0,0,0,0,0,0,0,0,0,0,0.244893,0,0,0,0
"MtrNatGas",6,4,1,"",4.07361,0,0,0,3.95116,0,0,0,0,0,0,0,0,0,0,0,0,0,0,0,0.122447,0,0,0,0
"MtrNatGas",6,4,2,"",2.90852,0,0,0,2.81056,0,0,0,0,0,0,0,0,0,0,0,0,0,0,0,0.0979573,0,0,0,0
"MtrNatGas",6,4,3,"",3.97869,0,0,0,3.88074,0,0,0,0,0,0,0,0,0,0,0,0,0,0,0,0.0979573,0,0,0,0
"MtrNatGas",6,4,4,"",2.90939,0,0,0,2.81144,0,0,0,0,0,0,0,0,0,0,0,0,0,0,0,0.0979573,0,0,0,0
"MtrNatGas",6,4,5,"",2.90939,0,0,0,2.81144,0,0,0,0,0,0,0,0,0,0,0,0,0,0,0,0.0979573,0,0,0,0
"MtrNatGas",6,4,6,"",3.44783,0,0,0,3.10497,0,0,0,0,0,0,0,0,0,0,0,0,0,0,0,0.342851,0,0,0,0
"MtrNatGas",6,4,7,"",12.143,0,0,0,11.6777,0,0,0,0,0,0,0,0,0,0,0,0,0,0,0,0.465297,0,0,0,0
"MtrNatGas",6,4,8,"",31.4463,0,0,0,30.834,0,0,0,0,0,0,0,0,0,0,0,0,0,0,0,0.612233,0,0,0,0
"MtrNatGas",6,4,9,"",18.7863,0,0,0,18.1496,0,0,0,0,0,0,0,0,0,0,0,0,0,0,0,0.636723,0,0,0,0
"MtrNatGas",6,4,10,"",24.0267,0,0,0,23.4879,0,0,0,0,0,0,0,0,0,0,0,0,0,0,0,0.538765,0,0,0,0
"MtrNatGas",6,4,11,"",6.73465,0,0,0,6.22037,0,0,0,0,0,0,0,0,0,0,0,0,0,0,0,0.514276,0,0,0,0
"MtrNatGas",6,4,12,"",5.6417,0,0,0,4.93151,0,0,0,0,0,0,0,0,0,0,0,0,0,0,0,0.710191,0,0,0,0
"MtrNatGas",6,4,13,"",7.09783,0,0,0,6.2407,0,0,0,0,0,0,0,0,0,0,0,0,0,0,0,0.857127,0,0,0,0
"MtrNatGas",6,4,14,"",5.34778,0,0,0,4.56412,0,0,0,0,0,0,0,0,0,0,0,0,0,0,0,0.783659,0,0,0,0
"MtrNatGas",6,4,15,"",16.2772,0,0,0,15.4445,0,0,0,0,0,0,0,0,0,0,0,0,0,0,0,0.832637,0,0,0,0
"MtrNatGas",6,4,16,"",20.6834,0,0,0,16.4686,0,0,0,0,0,0,0,0,0,0,0,0,0,2.94132,0,1.27345,0,0,0,0
"MtrNatGas",6,4,17,"",22.913,0,0,0,15.3378,0,0,0,0,0,0,0,0,0,0,0,0,0,4.75893,0,2.81627,0,0,0,0
"MtrNatGas",6,4,18,"",13.0496,0,0,0,8.32319,0,0,0,0,0,0,0,0,0,0,0,0,0,0,0,4.72644,0,0,0,0
"MtrNatGas",6,4,19,"",14.1524,0,0,0,9.74436,0,0,0,0,0,0,0,0,0,0,0,0,0,0,0,4.40808,0,0,0,0
"MtrNatGas",6,4,20,"",17.9996,0,0,0,9.68292,0,0,0,0,0,0,0,0,0,0,0,0,0,5.91673,0,2.39995,0,0,0,0
"MtrNatGas",6,4,21,"",9.99089,0,0,0,7.17938,0,0,0,0,0,0,0,0,0,0,0,0,0,1.78296,0,1.02855,0,0,0,0
"MtrNatGas",6,4,22,"",12.3789,0,0,0,11.8891,0,0,0,0,0,0,0,0,0,0,0,0,0,0,0,0.489787,0,0,0,0
"MtrNatGas",6,4,23,"",6.05386,0,0,0,5.75999,0,0,0,0,0,0,0,0,0,0,0,0,0,0,0,0.293872,0,0,0,0
"MtrNatGas",6,4,24,"",7.52383,0,0,0,7.27894,0,0,0,0,0,0,0,0,0,0,0,0,0,0,0,0.244893,0,0,0,0
"MtrNatGas",6,5,1,"",3.25252,0,0,0,3.13008,0,0,0,0,0,0,0,0,0,0,0,0,0,0,0,0.122447,0,0,0,0
"MtrNatGas",6,5,2,"",3.07958,0,0,0,2.98162,0,0,0,0,0,0,0,0,0,0,0,0,0,0,0,0.0979573,0,0,0,0
"MtrNatGas",6,5,3,"",3.1188,0,0,0,3.02085,0,0,0,0,0,0,0,0,0,0,0,0,0,0,0,0.0979573,0,0,0,0
"MtrNatGas",6,5,4,"",3.36666,0,0,0,3.26871,0,0,0,0,0,0,0,0,0,0,0,0,0,0,0,0.0979573,0,0,0,0
"MtrNatGas",6,5,5,"",4.81292,0,0,0,4.71496,0,0,0,0,0,0,0,0,0,0,0,0,0,0,0,0.0979573,0,0,0,0
"MtrNatGas",6,5,6,"",5.41242,0,0,0,5.06957,0,0,0,0,0,0,0,0,0,0,0,0,0,0,0,0.342851,0,0,0,0
"MtrNatGas",6,5,7,"",7.01294,0,0,0,6.54764,0,0,0,0,0,0,0,0,0,0,0,0,0,0,0,0.465297,0,0,0,0
"MtrNatGas",6,5,8,"",34.8293,0,0,0,34.2171,0,0,0,0,0,0,0,0,0,0,0,0,0,0,0,0.612233,0,0,0,0
"MtrNatGas",6,5,9,"",45.8948,0,0,0,29.8569,0,0,0,0,0,0,0,0,0,0,0,0,0,15.4012,0,0.636723,0,0,0,0
"MtrNatGas",6,5,10,"",18.9978,0,0,0,10.7597,0,0,0,0,0,0,0,0,0,0,0,0,0,7.69937,0,0.538765,0,0,0,0
"MtrNatGas",6,5,11,"",15.6543,0,0,0,15.14,0,0,0,0,0,0,0,0,0,0,0,0,0,0,0,0.514276,0,0,0,0
"MtrNatGas",6,5,12,"",22.4459,0,0,0,6.33388,0,0,0,0,0,0,0,0,0,0,0,0,0,15.4019,0,0.710191,0,0,0,0
"MtrNatGas",6,5,13,"",11.3254,0,0,0,10.4683,0,0,0,0,0,0,0,0,0,0,0,0,0,0,0,0.857127,0,0,0,0
"MtrNatGas",6,5,14,"",11.8567,0,0,0,7.47127,0,0,0,0,0,0,0,0,0,0,0,0,0,3.60176,0,0.783659,0,0,0,0
"MtrNatGas",6,5,15,"",25.9711,0,0,0,13.338,0,0,0,0,0,0,0,0,0,0,0,0,0,11.8004,0,0.832637,0,0,0,0
"MtrNatGas",6,5,16,"",9.17589,0,0,0,7.90244,0,0,0,0,0,0,0,0,0,0,0,0,0,0,0,1.27345,0,0,0,0
"MtrNatGas",6,5,17,"",14.2223,0,0,0,11.406,0,0,0,0,0,0,0,0,0,0,0,0,0,0,0,2.81627,0,0,0,0
"MtrNatGas",6,5,18,"",19.7325,0,0,0,15.0061,0,0,0,0,0,0,0,0,0,0,0,0,0,0,0,4.72644,0,0,0,0
"MtrNatGas",6,5,19,"",20.1737,0,0,0,11.7207,0,0,0,0,0,0,0,0,0,0,0,0,0,4.04487,0,4.40808,0,0,0,0
"MtrNatGas",6,5,20,"",20.6389,0,0,0,14.5806,0,0,0,0,0,0,0,0,0,0,0,0,0,3.65827,0,2.39995,0,0,0,0
"MtrNatGas",6,5,21,"",23.8588,0,0,0,22.8302,0,0,0,0,0,0,0,0,0,0,0,0,0,0,0,1.02855,0,0,0,0
"MtrNatGas",6,5,22,"",32.299,0,0,0,31.8092,0,0,0,0,0,0,0,0,0,0,0,0,0,0,0,0.489787,0,0,0,0
"MtrNatGas",6,5,23,"",12.5331,0,0,0,12.2392,0,0,0,0,0,0,0,0,0,0,0,0,0,0,0,0.293872,0,0,0,0
"MtrNatGas",6,5,24,"",11.4795,0,0,0,11.2346,0,0,0,0,0,0,0,0,0,0,0,0,0,0,0,0.244893,0,0,0,0
"MtrNatGas",6,6,1,"",7.20334,0,0,0,7.0809,0,0,0,0,0,0,0,0,0,0,0,0,0,0,0,0.122447,0,0,0,0
"MtrNatGas",6,6,2,"",4.23568,0,0,0,4.13772,0,0,0,0,0,0,0,0,0,0,0,0,0,0,0,0.0979573,0,0,0,0
"MtrNatGas",6,6,3,"",5.10351,0,0,0,5.03004,0,0,0,0,0,0,0,0,0,0,0,0,0,0,0,0.073468,0,0,0,0
"MtrNatGas",6,6,4,"",4.30297,0,0,0,4.2295,0,0,0,0,0,0,0,0,0,0,0,0,0,0,0,0.073468,0,0,0,0
"MtrNatGas",6,6,5,"",2.89627,0,0,0,2.8228,0,0,0,0,0,0,0,0,0,0,0,0,0,0,0,0.073468,0,0,0,0
"MtrNatGas",6,6,6,"",3.40892,0,0,0,3.28648,0,0,0,0,0,0,0,0,0,0,0,0,0,0,0,0.122447,0,0,0,0
"MtrNatGas",6,6,7,"",20.149,0,0,0,19.9041,0,0,0,0,0,0,0,0,0,0,0,0,0,0,0,0.244893,0,0,0,0
"MtrNatGas",6,6,8,"",27.4377,0,0,0,26.7764,0,0,0,0,0,0,0,0,0,0,0,0,0,0,0,0.661212,0,0,0,0
"MtrNatGas",6,6,9,"",18.568,0,0,0,17.3925,0,0,0,0,0,0,0,0,0,0,0,0,0,0,0,1.17549,0,0,0,0
"MtrNatGas",6,6,10,"",25.3786,0,0,0,24.2031,0,0,0,0,0,0,0,0,0,0,0,0,0,0,0,1.17549,0,0,0,0
"MtrNatGas",6,6,11,"",38.6187,0,0,0,26.3515,0,0,0,0,0,0,0,0,0,0,0,0,0,11.1407,0,1.12651,0,0,0,0
"MtrNatGas",6,6,12,"",30.4543,0,0,0,17.141,0,0,0,0,0,0,0,0,0,0,0,0,0,11.9664,0,1.34691,0,0,0,0
"MtrNatGas",6,6,13,"",15.8302,0,0,0,6.58628,0,0,0,0,0,0,0,0,0,0,0,0,0,7.70112,0,1.54283,0,0,0,0
"MtrNatGas",6,6,14,"",14.1345,0,0,0,12.6896,0,0,0,0,0,0,0,0,0,0,0,0,0,0,0,1.44487,0,0,0,0
"MtrNatGas",6,6,15,"",5.70036,0,0,0,4.18202,0,0,0,0,0,0,0,0,0,0,0,0,0,0,0,1.51834,0,0,0,0
"MtrNatGas",6,6,16,"",4.95017,0,0,0,3.28489,0,0,0,0,0,0,0,0,0,0,0,0,0,0,0,1.66527,0,0,0,0
"MtrNatGas",6,6,17,"",5.36718,0,0,0,3.13865,0,0,0,0,0,0,0,0,0,0,0,0,0,0,0,2.22853,0,0,0,0
"MtrNatGas",6,6,18,"",9.01136,0,0,0,5.60734,0,0,0,0,0,0,0,0,0,0,0,0,0,0,0,3.40402,0,0,0,0
"MtrNatGas",6,6,19,"",27.6178,0,0,0,16.756,0,0,0,0,0,0,0,0,0,0,0,0,0,7.7027,0,3.15912,0,0,0,0
"MtrNatGas",6,6,20,"",20.0247,0,0,0,18.2615,0,0,0,0,0,0,0,0,0,0,0,0,0,0,0,1.76323,0,0,0,0
"MtrNatGas",6,6,21,"",20,0,0,0,16.3482,0,0,0,0,0,0,0,0,0,0,0,0,0,2.86817,0,0.783659,0,0,0,0
"MtrNatGas",6,6,22,"",10.3039,0,0,0,5.1272,0,0,0,0,0,0,0,0,0,0,0,0,0,4.83381,0,0.342851,0,0,0,0
"MtrNatGas",6,6,23,"",5.24811,0,0,0,5.0277,0,0,0,0,0,0,0,0,0,0,0,0,0,0,0,0.220404,0,0,0,0
"MtrNatGas",6,6,24,"",6.87002,0,0,0,6.74757,0,0,0,0,0,0,0,0,0,0,0,0,0,0,0,0.122447,0,0,0,0
"MtrNatGas",6,7,1,"",3.55177,0,0,0,3.42933,0,0,0,0,0,0,0,0,0,0,0,0,0,0,0,0.122447,0,0,0,0
"MtrNatGas",6,7,2,"",3.08278,0,0,0,2.98482,0,0,0,0,0,0,0,0,0,0,0,0,0,0,0,0.0979573,0,0,0,0
"MtrNatGas",6,7,3,"",5.09979,0,0,0,5.02633,0,0,0,0,0,0,0,0,0,0,0,0,0,0,0,0.073468,0,0,0,0
"MtrNatGas",6,7,4,"",4.63235,0,0,0,4.55888,0,0,0,0,0,0,0,0,0,0,0,0,0,0,0,0.073468,0,0,0,0
"MtrNatGas",6,7,5,"",2.89627,0,0,0,2.8228,0,0,0,0,0,0,0,0,0,0,0,0,0,0,0,0.073468,0,0,0,0
"MtrNatGas",6,7,6,"",4.88605,0,0,0,4.7636,0,0,0,0,0,0,0,0,0,0,0,0,0,0,0,0.122447,0,0,0,0
"MtrNatGas",6,7,7,"",11.1884,0,0,0,10.9435,0,0,0,0,0,0,0,0,0,0,0,0,0,0,0,0.244893,0,0,0,0
"MtrNatGas",6,7,8,"",24.801,0,0,0,12.041,0,0,0,0,0,0,0,0,0,0,0,0,0,12.0988,0,0.661212,0,0,0,0
"MtrNatGas",6,7,9,"",62.6484,0,0,0,54.7616,0,0,0,0,0,0,0,0,0,0,0,0,0,6.7113,0,1.17549,0,0,0,0
"MtrNatGas",6,7,10,"",47.9832,0,0,0,28.972,0,0,0,0,0,0,0,0,0,0,0,0,0,17.8357,0,1.17549,0,0,0,0
"MtrNatGas",6,7,11,"",46.4125,0,0,0,33.8262,0,0,0,0,0,0,0,0,0,0,0,0,0,11.4599,0,1.12651,0,0,0,0
"MtrNatGas",6,7,12,"",57.7307,0,0,0,44.0467,0,0,0,0,0,0,0,0,0,0,0,0,0,12.3371,0,1.34691,0,0,0,0
"MtrNatGas",6,7,13,"",32.2097,0,0,0,14.0972,0,0,0,0,0,0,0,0,0,0,0,0,0,16.5696,0,1.54283,0,0,0,0
"MtrNatGas",6,7,14,"",27.565,0,0,0,17.33,0,0,0,0,0,0,0,0,0,0,0,0,0,8.79008,0,1.44487,0,0,0,0
"MtrNatGas",6,7,15,"",30.2095,0,0,0,14.3771,0,0,0,0,0,0,0,0,0,0,0,0,0,14.3141,0,1.51834,0,0,0,0
"MtrNatGas",6,7,16,"",12.2163,0,0,0,10.551,0,0,0,0,0,0,0,0,0,0,0,0,0,0,0,1.66527,0,0,0,0
"MtrNatGas",6,7,17,"",11.3652,0,0,0,9.13666,0,0,0,0,0,0,0,0,0,0,0,0,0,0,0,2.22853,0,0,0,0
"MtrNatGas",6,7,18,"",8.7579,0,0,0,5.35388,0,0,0,0,0,0,0,0,0,0,0,0,0,0,0,3.40402,0,0,0,0
"MtrNatGas",6,7,19,"",15.0449,0,0,0,11.8857,0,0,0,0,0,0,0,0,0,0,0,0,0,0,0,3.15912,0,0,0,0
"MtrNatGas",6,7,20,"",11.3301,0,0,0,9.56686,0,0,0,0,0,0,0,0,0,0,0,0,0,0,0,1.76323,0,0,0,0
"MtrNatGas",6,7,21,"",24.765,0,0,0,23.9814,0,0,0,0,0,0,0,0,0,0,0,0,0,0,0,0.783659,0,0,0,0
"MtrNatGas",6,7,22,"",44.6592,0,0,0,44.3163,0,0,0,0,0,0,0,0,0,0,0,0,0,0,0,0.342851,0,0,0,0
"MtrNatGas",6,7,23,"",5.45451,0,0,0,5.23411,0,0,0,0,0,0,0,0,0,0,0,0,0,0,0,0.220404,0,0,0,0
"MtrNatGas",6,7,24,"",4.82128,0,0,0,4.69883,0,0,0,0,0,0,0,0,0,0,0,0,0,0,0,0.122447,0,0,0,0
"MtrNatGas",6,8,1,"",6.39524,0,0,0,6.27279,0,0,0,0,0,0,0,0,0,0,0,0,0,0,0,0.122447,0,0,0,0
"MtrNatGas",6,8,2,"",3.08767,0,0,0,2.98972,0,0,0,0,0,0,0,0,0,0,0,0,0,0,0,0.0979573,0,0,0,0
"MtrNatGas",6,8,3,"",3.74173,0,0,0,3.64377,0,0,0,0,0,0,0,0,0,0,0,0,0,0,0,0.0979573,0,0,0,0
"MtrNatGas",6,8,4,"",2.91639,0,0,0,2.81843,0,0,0,0,0,0,0,0,0,0,0,0,0,0,0,0.0979573,0,0,0,0
"MtrNatGas",6,8,5,"",2.91639,0,0,0,2.81843,0,0,0,0,0,0,0,0,0,0,0,0,0,0,0,0.0979573,0,0,0,0
"MtrNatGas",6,8,6,"",3.32758,0,0,0,2.98473,0,0,0,0,0,0,0,0,0,0,0,0,0,0,0,0.342851,0,0,0,0
"MtrNatGas",6,8,7,"",13.201,0,0,0,12.7357,0,0,0,0,0,0,0,0,0,0,0,0,0,0,0,0.465297,0,0,0,0
"MtrNatGas",6,8,8,"",13.5115,0,0,0,12.8993,0,0,0,0,0,0,0,0,0,0,0,0,0,0,0,0.612233,0,0,0,0
"MtrNatGas",6,8,9,"",30.6204,0,0,0,22.2831,0,0,0,0,0,0,0,0,0,0,0,0,0,7.70058,0,0.636723,0,0,0,0
"MtrNatGas",6,8,10,"",29.6476,0,0,0,29.1089,0,0,0,0,0,0,0,0,0,0,0,0,0,0,0,0.538765,0,0,0,0
"MtrNatGas",6,8,11,"",28.6297,0,0,0,19.7918,0,0,0,0,0,0,0,0,0,0,0,0,0,8.32362,0,0.514276,0,0,0,0
"MtrNatGas",6,8,12,"",34.2659,0,0,0,18.7761,0,0,0,0,0,0,0,0,0,0,0,0,0,14.7796,0,0.710191,0,0,0,0
"MtrNatGas",6,8,13,"",22.5736,0,0,0,14.0149,0,0,0,0,0,0,0,0,0,0,0,0,0,7.70155,0,0.857127,0,0,0,0
"MtrNatGas",6,8,14,"",13.668,0,0,0,10.3874,0,0,0,0,0,0,0,0,0,0,0,0,0,2.49695,0,0.783659,0,0,0,0
"MtrNatGas",6,8,15,"",29.195,0,0,0,19.2314,0,0,0,0,0,0,0,0,0,0,0,0,0,9.13097,0,0.832637,0,0,0,0
"MtrNatGas",6,8,16,"",18.4506,0,0,0,9.59809,0,0,0,0,0,0,0,0,0,0,0,0,0,7.57911,0,1.27345,0,0,0,0
"MtrNatGas",6,8,17,"",13.5569,0,0,0,6.84115,0,0,0,0,0,0,0,0,0,0,0,0,0,3.89952,0,2.81627,0,0,0,0
"MtrNatGas",6,8,18,"",11.2963,0,0,0,6.56987,0,0,0,0,0,0,0,0,0,0,0,0,0,0,0,4.72644,0,0,0,0
"MtrNatGas",6,8,19,"",24.6747,0,0,0,20.2666,0,0,0,0,0,0,0,0,0,0,0,0,0,0,0,4.40808,0,0,0,0
"MtrNatGas",6,8,20,"",12.6855,0,0,0,10.2856,0,0,0,0,0,0,0,0,0,0,0,0,0,0,0,2.39995,0,0,0,0
"MtrNatGas",6,8,21,"",27.2685,0,0,0,26.2399,0,0,0,0,0,0,0,0,0,0,0,0,0,0,0,1.02855,0,0,0,0
"MtrNatGas",6,8,22,"",8.38375,0,0,0,7.89396,0,0,0,0,0,0,0,0,0,0,0,0,0,0,0,0.489787,0,0,0,0
"MtrNatGas",6,8,23,"",9.51505,0,0,0,9.22118,0,0,0,0,0,0,0,0,0,0,0,0,0,0,0,0.293872,0,0,0,0
"MtrNatGas",6,8,24,"",10.0864,0,0,0,7.87671,0,0,0,0,0,0,0,0,0,0,0,0,0,1.96479,0,0.244893,0,0,0,0
"MtrNatGas",6,9,1,"",9.19149,0,0,0,3.33359,0,0,0,0,0,0,0,0,0,0,0,0,0,5.73545,0,0.122447,0,0,0,0
"MtrNatGas",6,9,2,"",5.4353,0,0,0,5.33735,0,0,0,0,0,0,0,0,0,0,0,0,0,0,0,0.0979573,0,0,0,0
"MtrNatGas",6,9,3,"",4.32896,0,0,0,4.231,0,0,0,0,0,0,0,0,0,0,0,0,0,0,0,0.0979573,0,0,0,0
"MtrNatGas",6,9,4,"",2.91945,0,0,0,2.82149,0,0,0,0,0,0,0,0,0,0,0,0,0,0,0,0.0979573,0,0,0,0
"MtrNatGas",6,9,5,"",2.91988,0,0,0,2.82193,0,0,0,0,0,0,0,0,0,0,0,0,0,0,0,0.0979573,0,0,0,0
"MtrNatGas",6,9,6,"",3.66872,0,0,0,3.32587,0,0,0,0,0,0,0,0,0,0,0,0,0,0,0,0.342851,0,0,0,0
"MtrNatGas",6,9,7,"",14.4192,0,0,0,13.9539,0,0,0,0,0,0,0,0,0,0,0,0,0,0,0,0.465297,0,0,0,0
"MtrNatGas",6,9,8,"",11.4003,0,0,0,10.7881,0,0,0,0,0,0,0,0,0,0,0,0,0,0,0,0.612233,0,0,0,0
"MtrNatGas",6,9,9,"",35.2977,0,0,0,34.6609,0,0,0,0,0,0,0,0,0,0,0,0,0,0,0,0.636723,0,0,0,0
"MtrNatGas",6,9,10,"",11.766,0,0,0,11.2272,0,0,0,0,0,0,0,0,0,0,0,0,0,0,0,0.538765,0,0,0,0
"MtrNatGas",6,9,11,"",8.94029,0,0,0,8.42602,0,0,0,0,0,0,0,0,0,0,0,0,0,0,0,0.514276,0,0,0,0
"MtrNatGas",6,9,12,"",10.5527,0,0,0,9.84255,0,0,0,0,0,0,0,0,0,0,0,0,0,0,0,0.710191,0,0,0,0
"MtrNatGas",6,9,13,"",10.1779,0,0,0,9.32074,0,0,0,0,0,0,0,0,0,0,0,0,0,0,0,0.857127,0,0,0,0
"MtrNatGas",6,9,14,"",11.2015,0,0,0,7.92086,0,0,0,0,0,0,0,0,0,0,0,0,0,2.49695,0,0.783659,0,0,0,0
"MtrNatGas",6,9,15,"",23.2683,0,0,0,17.2291,0,0,0,0,0,0,0,0,0,0,0,0,0,5.20652,0,0.832637,0,0,0,0
"MtrNatGas",6,9,16,"",16.4434,0,0,0,9.28729,0,0,0,0,0,0,0,0,0,0,0,0,0,5.88264,0,1.27345,0,0,0,0
"MtrNatGas",6,9,17,"",16.2601,0,0,0,3.92595,0,0,0,0,0,0,0,0,0,0,0,0,0,9.51787,0,2.81627,0,0,0,0
"MtrNatGas",6,9,18,"",9.37741,0,0,0,4.65097,0,0,0,0,0,0,0,0,0,0,0,0,0,0,0,4.72644,0,0,0,0
"MtrNatGas",6,9,19,"",15.1384,0,0,0,10.7303,0,0,0,0,0,0,0,0,0,0,0,0,0,0,0,4.40808,0,0,0,0
"MtrNatGas",6,9,20,"",8.9016,0,0,0,6.50164,0,0,0,0,0,0,0,0,0,0,0,0,0,0,0,2.39995,0,0,0,0
"MtrNatGas",6,9,21,"",13.4362,0,0,0,12.4077,0,0,0,0,0,0,0,0,0,0,0,0,0,0,0,1.02855,0,0,0,0
"MtrNatGas",6,9,22,"",25.2166,0,0,0,24.7268,0,0,0,0,0,0,0,0,0,0,0,0,0,0,0,0.489787,0,0,0,0
"MtrNatGas",6,9,23,"",33.4026,0,0,0,17.9702,0,0,0,0,0,0,0,0,0,0,0,0,0,15.1386,0,0.293872,0,0,0,0
"MtrNatGas",6,9,24,"",4.23431,0,0,0,3.72303,0,0,0,0,0,0,0,0,0,0,0,0,0,0.266395,0,0.244893,0,0,0,0
"MtrNatGas",6,10,1,"",8.74759,0,0,0,8.62514,0,0,0,0,0,0,0,0,0,0,0,0,0,0,0,0.122447,0,0,0,0
"MtrNatGas",6,10,2,"",3.07167,0,0,0,2.97372,0,0,0,0,0,0,0,0,0,0,0,0,0,0,0,0.0979573,0,0,0,0
"MtrNatGas",6,10,3,"",3.51524,0,0,0,3.41728,0,0,0,0,0,0,0,0,0,0,0,0,0,0,0,0.0979573,0,0,0,0
"MtrNatGas",6,10,4,"",3.38002,0,0,0,3.28207,0,0,0,0,0,0,0,0,0,0,0,0,0,0,0,0.0979573,0,0,0,0
"MtrNatGas",6,10,5,"",2.91596,0,0,0,2.818,0,0,0,0,0,0,0,0,0,0,0,0,0,0,0,0.0979573,0,0,0,0
"MtrNatGas",6,10,6,"",5.12749,0,0,0,4.78464,0,0,0,0,0,0,0,0,0,0,0,0,0,0,0,0.342851,0,0,0,0
"MtrNatGas",6,10,7,"",16.4356,0,0,0,15.9703,0,0,0,0,0,0,0,0,0,0,0,0,0,0,0,0.465297,0,0,0,0
"MtrNatGas",6,10,8,"",39.6204,0,0,0,39.0081,0,0,0,0,0,0,0,0,0,0,0,0,0,0,0,0.612233,0,0,0,0
"MtrNatGas",6,10,9,"",22.3806,0,0,0,21.7439,0,0,0,0,0,0,0,0,0,0,0,0,0,0,0,0.636723,0,0,0,0
"MtrNatGas",6,10,10,"",17.0867,0,0,0,14.0396,0,0,0,0,0,0,0,0,0,0,0,0,0,2.50833,0,0.538765,0,0,0,0
"MtrNatGas",6,10,11,"",17.3432,0,0,0,11.6348,0,0,0,0,0,0,0,0,0,0,0,0,0,5.19421,0,0.514276,0,0,0,0
"MtrNatGas",6,10,12,"",10.029,0,0,0,9.31882,0,0,0,0,0,0,0,0,0,0,0,0,0,0,0,0.710191,0,0,0,0
"MtrNatGas",6,10,13,"",10.8443,0,0,0,9.98717,0,0,0,0,0,0,0,0,0,0,0,0,0,0,0,0.857127,0,0,0,0
"MtrNatGas",6,10,14,"",6.82206,0,0,0,6.0384,0,0,0,0,0,0,0,0,0,0,0,0,0,0,0,0.783659,0,0,0,0
"MtrNatGas",6,10,15,"",14.3576,0,0,0,13.5249,0,0,0,0,0,0,0,0,0,0,0,0,0,0,0,0.832637,0,0,0,0
"MtrNatGas",6,10,16,"",7.0719,0,0,0,5.79846,0,0,0,0,0,0,0,0,0,0,0,0,0,0,0,1.27345,0,0,0,0
"MtrNatGas",6,10,17,"",13.0918,0,0,0,10.2755,0,0,0,0,0,0,0,0,0,0,0,0,0,0,0,2.81627,0,0,0,0
"MtrNatGas",6,10,18,"",20.3055,0,0,0,15.579,0,0,0,0,0,0,0,0,0,0,0,0,0,0,0,4.72644,0,0,0,0
"MtrNatGas",6,10,19,"",20.4394,0,0,0,16.0314,0,0,0,0,0,0,0,0,0,0,0,0,0,0,0,4.40808,0,0,0,0
"MtrNatGas",6,10,20,"",23.54,0,0,0,21.14,0,0,0,0,0,0,0,0,0,0,0,0,0,0,0,2.39995,0,0,0,0
"MtrNatGas",6,10,21,"",45.2892,0,0,0,36.5587,0,0,0,0,0,0,0,0,0,0,0,0,0,7.70188,0,1.02855,0,0,0,0
"MtrNatGas",6,10,22,"",27.6618,0,0,0,21.6122,0,0,0,0,0,0,0,0,0,0,0,0,0,5.55984,0,0.489787,0,0,0,0
"MtrNatGas",6,10,23,"",23.3471,0,0,0,20.9114,0,0,0,0,0,0,0,0,0,0,0,0,0,2.14188,0,0.293872,0,0,0,0
"MtrNatGas",6,10,24,"",14.6019,0,0,0,12.3923,0,0,0,0,0,0,0,0,0,0,0,0,0,1.96479,0,0.244893,0,0,0,0
"MtrNatGas",6,11,1,"",8.67327,0,0,0,2.81537,0,0,0,0,0,0,0,0,0,0,0,0,0,5.73545,0,0.122447,0,0,0,0
"MtrNatGas",6,11,2,"",5.25744,0,0,0,5.15948,0,0,0,0,0,0,0,0,0,0,0,0,0,0,0,0.0979573,0,0,0,0
"MtrNatGas",6,11,3,"",4.59128,0,0,0,4.49332,0,0,0,0,0,0,0,0,0,0,0,0,0,0,0,0.0979573,0,0,0,0
"MtrNatGas",6,11,4,"",2.98917,0,0,0,2.89122,0,0,0,0,0,0,0,0,0,0,0,0,0,0,0,0.0979573,0,0,0,0
"MtrNatGas",6,11,5,"",3.06092,0,0,0,2.96296,0,0,0,0,0,0,0,0,0,0,0,0,0,0,0,0.0979573,0,0,0,0
"MtrNatGas",6,11,6,"",3.30617,0,0,0,2.96332,0,0,0,0,0,0,0,0,0,0,0,0,0,0,0,0.342851,0,0,0,0
"MtrNatGas",6,11,7,"",12.7002,0,0,0,12.2349,0,0,0,0,0,0,0,0,0,0,0,0,0,0,0,0.465297,0,0,0,0
"MtrNatGas",6,11,8,"",28.5776,0,0,0,27.9653,0,0,0,0,0,0,0,0,0,0,0,0,0,0,0,0.612233,0,0,0,0
"MtrNatGas",6,11,9,"",18.6814,0,0,0,18.0447,0,0,0,0,0,0,0,0,0,0,0,0,0,0,0,0.636723,0,0,0,0
"MtrNatGas",6,11,10,"",31.4702,0,0,0,17.7468,0,0,0,0,0,0,0,0,0,0,0,0,0,13.1847,0,0.538765,0,0,0,0
"MtrNatGas",6,11,11,"",13.4043,0,0,0,6.51058,0,0,0,0,0,0,0,0,0,0,0,0,0,6.37941,0,0.514276,0,0,0,0
"MtrNatGas",6,11,12,"",11.749,0,0,0,7.49943,0,0,0,0,0,0,0,0,0,0,0,0,0,3.53936,0,0.710191,0,0,0,0
"MtrNatGas",6,11,13,"",10.7965,0,0,0,9.93936,0,0,0,0,0,0,0,0,0,0,0,0,0,0,0,0.857127,0,0,0,0
"MtrNatGas",6,11,14,"",14.1594,0,0,0,7.27707,0,0,0,0,0,0,0,0,0,0,0,0,0,6.09871,0,0.783659,0,0,0,0
"MtrNatGas",6,11,15,"",24.9371,0,0,0,14.7983,0,0,0,0,0,0,0,0,0,0,0,0,0,9.30622,0,0.832637,0,0,0,0
"MtrNatGas",6,11,16,"",13.2382,0,0,0,9.02339,0,0,0,0,0,0,0,0,0,0,0,0,0,2.94132,0,1.27345,0,0,0,0
"MtrNatGas",6,11,17,"",17.0737,0,0,0,9.49853,0,0,0,0,0,0,0,0,0,0,0,0,0,4.75893,0,2.81627,0,0,0,0
"MtrNatGas",6,11,18,"",17.9195,0,0,0,13.193,0,0,0,0,0,0,0,0,0,0,0,0,0,0,0,4.72644,0,0,0,0
"MtrNatGas",6,11,19,"",26.218,0,0,0,17.765,0,0,0,0,0,0,0,0,0,0,0,0,0,4.04487,0,4.40808,0,0,0,0
"MtrNatGas",6,11,20,"",28.3229,0,0,0,22.2647,0,0,0,0,0,0,0,0,0,0,0,0,0,3.65827,0,2.39995,0,0,0,0
"MtrNatGas",6,11,21,"",14.3254,0,0,0,13.2968,0,0,0,0,0,0,0,0,0,0,0,0,0,0,0,1.02855,0,0,0,0
"MtrNatGas",6,11,22,"",20.1405,0,0,0,19.6507,0,0,0,0,0,0,0,0,0,0,0,0,0,0,0,0.489787,0,0,0,0
"MtrNatGas",6,11,23,"",16.896,0,0,0,16.6021,0,0,0,0,0,0,0,0,0,0,0,0,0,0,0,0.293872,0,0,0,0
"MtrNatGas",6,11,24,"",6.11836,0,0,0,5.87346,0,0,0,0,0,0,0,0,0,0,0,0,0,0,0,0.244893,0,0,0,0
"MtrNatGas",6,12,1,"",7.27401,0,0,0,7.15157,0,0,0,0,0,0,0,0,0,0,0,0,0,0,0,0.122447,0,0,0,0
"MtrNatGas",6,12,2,"",3.7404,0,0,0,3.64244,0,0,0,0,0,0,0,0,0,0,0,0,0,0,0,0.0979573,0,0,0,0
"MtrNatGas",6,12,3,"",3.97024,0,0,0,3.87228,0,0,0,0,0,0,0,0,0,0,0,0,0,0,0,0.0979573,0,0,0,0
"MtrNatGas",6,12,4,"",3.59009,0,0,0,3.49213,0,0,0,0,0,0,0,0,0,0,0,0,0,0,0,0.0979573,0,0,0,0
"MtrNatGas",6,12,5,"",3.18063,0,0,0,3.08267,0,0,0,0,0,0,0,0,0,0,0,0,0,0,0,0.0979573,0,0,0,0
"MtrNatGas",6,12,6,"",11.0721,0,0,0,10.7293,0,0,0,0,0,0,0,0,0,0,0,0,0,0,0,0.342851,0,0,0,0
"MtrNatGas",6,12,7,"",16.2748,0,0,0,15.8095,0,0,0,0,0,0,0,0,0,0,0,0,0,0,0,0.465297,0,0,0,0
"MtrNatGas",6,12,8,"",26.3861,0,0,0,25.7739,0,0,0,0,0,0,0,0,0,0,0,0,0,0,0,0.612233,0,0,0,0
"MtrNatGas",6,12,9,"",37.1617,0,0,0,36.525,0,0,0,0,0,0,0,0,0,0,0,0,0,0,0,0.636723,0,0,0,0
"MtrNatGas",6,12,10,"",17.2704,0,0,0,16.7316,0,0,0,0,0,0,0,0,0,0,0,0,0,0,0,0.538765,0,0,0,0
"MtrNatGas",6,12,11,"",11.6385,0,0,0,11.1242,0,0,0,0,0,0,0,0,0,0,0,0,0,0,0,0.514276,0,0,0,0
"MtrNatGas",6,12,12,"",17.7886,0,0,0,17.0784,0,0,0,0,0,0,0,0,0,0,0,0,0,0,0,0.710191,0,0,0,0
"MtrNatGas",6,12,13,"",7.89712,0,0,0,7.03999,0,0,0,0,0,0,0,0,0,0,0,0,0,0,0,0.857127,0,0,0,0
"MtrNatGas",6,12,14,"",12.2288,0,0,0,8.94822,0,0,0,0,0,0,0,0,0,0,0,0,0,2.49695,0,0.783659,0,0,0,0
"MtrNatGas",6,12,15,"",22.5158,0,0,0,16.4766,0,0,0,0,0,0,0,0,0,0,0,0,0,5.20652,0,0.832637,0,0,0,0
"MtrNatGas",6,12,16,"",17.4251,0,0,0,13.2104,0,0,0,0,0,0,0,0,0,0,0,0,0,2.94132,0,1.27345,0,0,0,0
"MtrNatGas",6,12,17,"",32.2721,0,0,0,11.9656,0,0,0,0,0,0,0,0,0,0,0,0,0,17.4902,0,2.81627,0,0,0,0
"MtrNatGas",6,12,18,"",25.4223,0,0,0,10.3208,0,0,0,0,0,0,0,0,0,0,0,0,0,10.375,0,4.72644,0,0,0,0
"MtrNatGas",6,12,19,"",26.0307,0,0,0,13.9212,0,0,0,0,0,0,0,0,0,0,0,0,0,7.70148,0,4.40808,0,0,0,0
"MtrNatGas",6,12,20,"",17.055,0,0,0,14.6551,0,0,0,0,0,0,0,0,0,0,0,0,0,0,0,2.39995,0,0,0,0
"MtrNatGas",6,12,21,"",20.7484,0,0,0,19.7198,0,0,0,0,0,0,0,0,0,0,0,0,0,0,0,1.02855,0,0,0,0
"MtrNatGas",6,12,22,"",16.1831,0,0,0,15.6933,0,0,0,0,0,0,0,0,0,0,0,0,0,0,0,0.489787,0,0,0,0
"MtrNatGas",6,12,23,"",6.66682,0,0,0,6.37295,0,0,0,0,0,0,0,0,0,0,0,0,0,0,0,0.293872,0,0,0,0
"MtrNatGas",6,12,24,"",10.1133,0,0,0,7.90363,0,0,0,0,0,0,0,0,0,0,0,0,0,1.96479,0,0.244893,0,0,0,0
"MtrNatGas",6,13,1,"",8.67545,0,0,0,2.81756,0,0,0,0,0,0,0,0,0,0,0,0,0,5.73545,0,0.122447,0,0,0,0
"MtrNatGas",6,13,2,"",3.0738,0,0,0,2.97585,0,0,0,0,0,0,0,0,0,0,0,0,0,0,0,0.0979573,0,0,0,0
"MtrNatGas",6,13,3,"",2.89146,0,0,0,2.81799,0,0,0,0,0,0,0,0,0,0,0,0,0,0,0,0.073468,0,0,0,0
"MtrNatGas",6,13,4,"",2.89146,0,0,0,2.81799,0,0,0,0,0,0,0,0,0,0,0,0,0,0,0,0.073468,0,0,0,0
"MtrNatGas",6,13,5,"",2.8919,0,0,0,2.81843,0,0,0,0,0,0,0,0,0,0,0,0,0,0,0,0.073468,0,0,0,0
"MtrNatGas",6,13,6,"",2.94088,0,0,0,2.81843,0,0,0,0,0,0,0,0,0,0,0,0,0,0,0,0.122447,0,0,0,0
"MtrNatGas",6,13,7,"",3.58565,0,0,0,3.34075,0,0,0,0,0,0,0,0,0,0,0,0,0,0,0,0.244893,0,0,0,0
"MtrNatGas",6,13,8,"",6.11003,0,0,0,5.44882,0,0,0,0,0,0,0,0,0,0,0,0,0,0,0,0.661212,0,0,0,0
"MtrNatGas",6,13,9,"",26.3582,0,0,0,25.1827,0,0,0,0,0,0,0,0,0,0,0,0,0,0,0,1.17549,0,0,0,0
"MtrNatGas",6,13,10,"",26.433,0,0,0,25.2575,0,0,0,0,0,0,0,0,0,0,0,0,0,0,0,1.17549,0,0,0,0
"MtrNatGas",6,13,11,"",17.5816,0,0,0,16.4551,0,0,0,0,0,0,0,0,0,0,0,0,0,0,0,1.12651,0,0,0,0
"MtrNatGas",6,13,12,"",20.789,0,0,0,15.7165,0,0,0,0,0,0,0,0,0,0,0,0,0,3.72559,0,1.34691,0,0,0,0
"MtrNatGas",6,13,13,"",10.8208,0,0,0,5.30471,0,0,0,0,0,0,0,0,0,0,0,0,0,3.97329,0,1.54283,0,0,0,0
"MtrNatGas",6,13,14,"",14.2183,0,0,0,12.7735,0,0,0,0,0,0,0,0,0,0,0,0,0,0,0,1.44487,0,0,0,0
"MtrNatGas",6,13,15,"",8.10451,0,0,0,6.58617,0,0,0,0,0,0,0,0,0,0,0,0,0,0,0,1.51834,0,0,0,0
"MtrNatGas",6,13,16,"",6.79485,0,0,0,5.12958,0,0,0,0,0,0,0,0,0,0,0,0,0,0,0,1.66527,0,0,0,0
"MtrNatGas",6,13,17,"",6.0674,0,0,0,3.83887,0,0,0,0,0,0,0,0,0,0,0,0,0,0,0,2.22853,0,0,0,0
"MtrNatGas",6,13,18,"",7.64657,0,0,0,4.24255,0,0,0,0,0,0,0,0,0,0,0,0,0,0,0,3.40402,0,0,0,0
"MtrNatGas",6,13,19,"",21.7397,0,0,0,10.8778,0,0,0,0,0,0,0,0,0,0,0,0,0,7.70286,0,3.15912,0,0,0,0
"MtrNatGas",6,13,20,"",11.897,0,0,0,6.56343,0,0,0,0,0,0,0,0,0,0,0,0,0,3.57035,0,1.76323,0,0,0,0
"MtrNatGas",6,13,21,"",18.3769,0,0,0,13.4621,0,0,0,0,0,0,0,0,0,0,0,0,0,4.13114,0,0.783659,0,0,0,0
"MtrNatGas",6,13,22,"",17.9828,0,0,0,17.64,0,0,0,0,0,0,0,0,0,0,0,0,0,0,0,0.342851,0,0,0,0
"MtrNatGas",6,13,23,"",5.35385,0,0,0,5.13344,0,0,0,0,0,0,0,0,0,0,0,0,0,0,0,0.220404,0,0,0,0
"MtrNatGas",6,13,24,"",3.15469,0,0,0,3.03224,0,0,0,0,0,0,0,0,0,0,0,0,0,0,0,0.122447,0,0,0,0
"MtrNatGas",6,14,1,"",4.30563,0,0,0,4.18319,0,0,0,0,0,0,0,0,0,0,0,0,0,0,0,0.122447,0,0,0,0
"MtrNatGas",6,14,2,"",2.91552,0,0,0,2.81756,0,0,0,0,0,0,0,0,0,0,0,0,0,0,0,0.0979573,0,0,0,0
"MtrNatGas",6,14,3,"",5.06174,0,0,0,4.98827,0,0,0,0,0,0,0,0,0,0,0,0,0,0,0,0.073468,0,0,0,0
"MtrNatGas",6,14,4,"",4.27533,0,0,0,4.20186,0,0,0,0,0,0,0,0,0,0,0,0,0,0,0,0.073468,0,0,0,0
"MtrNatGas",6,14,5,"",2.8919,0,0,0,2.81844,0,0,0,0,0,0,0,0,0,0,0,0,0,0,0,0.073468,0,0,0,0
"MtrNatGas",6,14,6,"",2.94088,0,0,0,2.81844,0,0,0,0,0,0,0,0,0,0,0,0,0,0,0,0.122447,0,0,0,0
"MtrNatGas",6,14,7,"",11.3564,0,0,0,11.1115,0,0,0,0,0,0,0,0,0,0,0,0,0,0,0,0.244893,0,0,0,0
"MtrNatGas",6,14,8,"",23.9959,0,0,0,23.3347,0,0,0,0,0,0,0,0,0,0,0,0,0,0,0,0.661212,0,0,0,0
"MtrNatGas",6,14,9,"",26.4256,0,0,0,17.5503,0,0,0,0,0,0,0,0,0,0,0,0,0,7.69983,0,1.17549,0,0,0,0
"MtrNatGas",6,14,10,"",31.5732,0,0,0,30.3977,0,0,0,0,0,0,0,0,0,0,0,0,0,0,0,1.17549,0,0,0,0
"MtrNatGas",6,14,11,"",32.842,0,0,0,16.3109,0,0,0,0,0,0,0,0,0,0,0,0,0,15.4045,0,1.12651,0,0,0,0
"MtrNatGas",6,14,12,"",16.4055,0,0,0,12.8646,0,0,0,0,0,0,0,0,0,0,0,0,0,2.19393,0,1.34691,0,0,0,0
"MtrNatGas",6,14,13,"",17.6766,0,0,0,6.83668,0,0,0,0,0,0,0,0,0,0,0,0,0,9.29708,0,1.54283,0,0,0,0
"MtrNatGas",6,14,14,"",15.1537,0,0,0,9.79201,0,0,0,0,0,0,0,0,0,0,0,0,0,3.91683,0,1.44487,0,0,0,0
"MtrNatGas",6,14,15,"",19.6614,0,0,0,5.87465,0,0,0,0,0,0,0,0,0,0,0,0,0,12.2684,0,1.51834,0,0,0,0
"MtrNatGas",6,14,16,"",10.9304,0,0,0,6.13036,0,0,0,0,0,0,0,0,0,0,0,0,0,3.13481,0,1.66527,0,0,0,0
"MtrNatGas",6,14,17,"",13.7227,0,0,0,3.79326,0,0,0,0,0,0,0,0,0,0,0,0,0,7.70089,0,2.22853,0,0,0,0
"MtrNatGas",6,14,18,"",13.4099,0,0,0,10.0059,0,0,0,0,0,0,0,0,0,0,0,0,0,0,0,3.40402,0,0,0,0
"MtrNatGas",6,14,19,"",16.1523,0,0,0,12.9932,0,0,0,0,0,0,0,0,0,0,0,0,0,0,0,3.15912,0,0,0,0
"MtrNatGas",6,14,20,"",18.1313,0,0,0,8.66608,0,0,0,0,0,0,0,0,0,0,0,0,0,7.70199,0,1.76323,0,0,0,0
"MtrNatGas",6,14,21,"",12.3631,0,0,0,10.683,0,0,0,0,0,0,0,0,0,0,0,0,0,0.896423,0,0.783659,0,0,0,0
"MtrNatGas",6,14,22,"",16.7899,0,0,0,9.64144,0,0,0,0,0,0,0,0,0,0,0,0,0,6.80559,0,0.342851,0,0,0,0
"MtrNatGas",6,14,23,"",4.82204,0,0,0,4.60164,0,0,0,0,0,0,0,0,0,0,0,0,0,0,0,0.220404,0,0,0,0
"MtrNatGas",6,14,24,"",4.09735,0,0,0,3.9749,0,0,0,0,0,0,0,0,0,0,0,0,0,0,0,0.122447,0,0,0,0
"MtrNatGas",6,15,1,"",3.29979,0,0,0,3.17734,0,0,0,0,0,0,0,0,0,0,0,0,0,0,0,0.122447,0,0,0,0
"MtrNatGas",6,15,2,"",5.37925,0,0,0,5.28129,0,0,0,0,0,0,0,0,0,0,0,0,0,0,0,0.0979573,0,0,0,0
"MtrNatGas",6,15,3,"",4.30165,0,0,0,4.20369,0,0,0,0,0,0,0,0,0,0,0,0,0,0,0,0.0979573,0,0,0,0
"MtrNatGas",6,15,4,"",2.91551,0,0,0,2.81755,0,0,0,0,0,0,0,0,0,0,0,0,0,0,0,0.0979573,0,0,0,0
"MtrNatGas",6,15,5,"",2.91595,0,0,0,2.81799,0,0,0,0,0,0,0,0,0,0,0,0,0,0,0,0.0979573,0,0,0,0
"MtrNatGas",6,15,6,"",4.13622,0,0,0,3.79337,0,0,0,0,0,0,0,0,0,0,0,0,0,0,0,0.342851,0,0,0,0
"MtrNatGas",6,15,7,"",35.8965,0,0,0,35.4312,0,0,0,0,0,0,0,0,0,0,0,0,0,0,0,0.465297,0,0,0,0
"MtrNatGas",6,15,8,"",20.9575,0,0,0,20.3453,0,0,0,0,0,0,0,0,0,0,0,0,0,0,0,0.612233,0,0,0,0
"MtrNatGas",6,15,9,"",50.8155,0,0,0,42.4782,0,0,0,0,0,0,0,0,0,0,0,0,0,7.70058,0,0.636723,0,0,0,0
"MtrNatGas",6,15,10,"",23.0461,0,0,0,18.195,0,0,0,0,0,0,0,0,0,0,0,0,0,4.31242,0,0.538765,0,0,0,0
"MtrNatGas",6,15,11,"",14.6093,0,0,0,10.7052,0,0,0,0,0,0,0,0,0,0,0,0,0,3.38981,0,0.514276,0,0,0,0
"MtrNatGas",6,15,12,"",25.4943,0,0,0,17.0831,0,0,0,0,0,0,0,0,0,0,0,0,0,7.70093,0,0.710191,0,0,0,0
"MtrNatGas",6,15,13,"",28.8498,0,0,0,12.6951,0,0,0,0,0,0,0,0,0,0,0,0,0,15.2976,0,0.857127,0,0,0,0
"MtrNatGas",6,15,14,"",16.0034,0,0,0,10.5293,0,0,0,0,0,0,0,0,0,0,0,0,0,4.69042,0,0.783659,0,0,0,0
"MtrNatGas",6,15,15,"",19.1178,0,0,0,7.46403,0,0,0,0,0,0,0,0,0,0,0,0,0,10.8211,0,0.832637,0,0,0,0
"MtrNatGas",6,15,16,"",6.63912,0,0,0,5.36567,0,0,0,0,0,0,0,0,0,0,0,0,0,0,0,1.27345,0,0,0,0
"MtrNatGas",6,15,17,"",7.44147,0,0,0,4.6252,0,0,0,0,0,0,0,0,0,0,0,0,0,0,0,2.81627,0,0,0,0
"MtrNatGas",6,15,18,"",9.68575,0,0,0,4.95931,0,0,0,0,0,0,0,0,0,0,0,0,0,0,0,4.72644,0,0,0,0
"MtrNatGas",6,15,19,"",26.1226,0,0,0,21.7145,0,0,0,0,0,0,0,0,0,0,0,0,0,0,0,4.40808,0,0,0,0
"MtrNatGas",6,15,20,"",25.6586,0,0,0,23.2587,0,0,0,0,0,0,0,0,0,0,0,0,0,0,0,2.39995,0,0,0,0
"MtrNatGas",6,15,21,"",34.8248,0,0,0,33.7962,0,0,0,0,0,0,0,0,0,0,0,0,0,0,0,1.02855,0,0,0,0
"MtrNatGas",6,15,22,"",15.5433,0,0,0,15.0535,0,0,0,0,0,0,0,0,0,0,0,0,0,0,0,0.489787,0,0,0,0
"MtrNatGas",6,15,23,"",23.521,0,0,0,15.7914,0,0,0,0,0,0,0,0,0,0,0,0,0,7.43576,0,0.293872,0,0,0,0
"MtrNatGas",6,15,24,"",4.92462,0,0,0,4.41334,0,0,0,0,0,0,0,0,0,0,0,0,0,0.266395,0,0.244893,0,0,0,0
"MtrNatGas",6,16,1,"",3.71914,0,0,0,3.59669,0,0,0,0,0,0,0,0,0,0,0,0,0,0,0,0.122447,0,0,0,0
"MtrNatGas",6,16,2,"",5.69706,0,0,0,5.5991,0,0,0,0,0,0,0,0,0,0,0,0,0,0,0,0.0979573,0,0,0,0
"MtrNatGas",6,16,3,"",4.12548,0,0,0,4.02752,0,0,0,0,0,0,0,0,0,0,0,0,0,0,0,0.0979573,0,0,0,0
"MtrNatGas",6,16,4,"",3.30353,0,0,0,3.20557,0,0,0,0,0,0,0,0,0,0,0,0,0,0,0,0.0979573,0,0,0,0
"MtrNatGas",6,16,5,"",3.31309,0,0,0,3.21513,0,0,0,0,0,0,0,0,0,0,0,0,0,0,0,0.0979573,0,0,0,0
"MtrNatGas",6,16,6,"",4.13274,0,0,0,3.78989,0,0,0,0,0,0,0,0,0,0,0,0,0,0,0,0.342851,0,0,0,0
"MtrNatGas",6,16,7,"",18.0546,0,0,0,17.5893,0,0,0,0,0,0,0,0,0,0,0,0,0,0,0,0.465297,0,0,0,0
"MtrNatGas",6,16,8,"",20.4771,0,0,0,19.8648,0,0,0,0,0,0,0,0,0,0,0,0,0,0,0,0.612233,0,0,0,0
"MtrNatGas",6,16,9,"",28.7509,0,0,0,28.1141,0,0,0,0,0,0,0,0,0,0,0,0,0,0,0,0.636723,0,0,0,0
"MtrNatGas",6,16,10,"",21.7852,0,0,0,16.2298,0,0,0,0,0,0,0,0,0,0,0,0,0,5.01665,0,0.538765,0,0,0,0
"MtrNatGas",6,16,11,"",22.5578,0,0,0,3.95576,0,0,0,0,0,0,0,0,0,0,0,0,0,18.0877,0,0.514276,0,0,0,0
"MtrNatGas",6,16,12,"",9.24712,0,0,0,8.53693,0,0,0,0,0,0,0,0,0,0,0,0,0,0,0,0.710191,0,0,0,0
"MtrNatGas",6,16,13,"",12.4689,0,0,0,3.91027,0,0,0,0,0,0,0,0,0,0,0,0,0,7.70155,0,0.857127,0,0,0,0
"MtrNatGas",6,16,14,"",4.71606,0,0,0,3.9324,0,0,0,0,0,0,0,0,0,0,0,0,0,0,0,0.783659,0,0,0,0
"MtrNatGas",6,16,15,"",3.98884,0,0,0,3.1562,0,0,0,0,0,0,0,0,0,0,0,0,0,0,0,0.832637,0,0,0,0
"MtrNatGas",6,16,16,"",3.69366,0,0,0,2.42021,0,0,0,0,0,0,0,0,0,0,0,0,0,0,0,1.27345,0,0,0,0
"MtrNatGas",6,16,17,"",4.48581,0,0,0,1.66954,0,0,0,0,0,0,0,0,0,0,0,0,0,0,0,2.81627,0,0,0,0
"MtrNatGas",6,16,18,"",6.06609,0,0,0,1.33965,0,0,0,0,0,0,0,0,0,0,0,0,0,0,0,4.72644,0,0,0,0
"MtrNatGas",6,16,19,"",10.6612,0,0,0,6.25308,0,0,0,0,0,0,0,0,0,0,0,0,0,0,0,4.40808,0,0,0,0
"MtrNatGas",6,16,20,"",7.33683,0,0,0,4.93687,0,0,0,0,0,0,0,0,0,0,0,0,0,0,0,2.39995,0,0,0,0
"MtrNatGas",6,16,21,"",13.3316,0,0,0,12.303,0,0,0,0,0,0,0,0,0,0,0,0,0,0,0,1.02855,0,0,0,0
"MtrNatGas",6,16,22,"",5.4261,0,0,0,4.93631,0,0,0,0,0,0,0,0,0,0,0,0,0,0,0,0.489787,0,0,0,0
"MtrNatGas",6,16,23,"",15.1466,0,0,0,14.8528,0,0,0,0,0,0,0,0,0,0,0,0,0,0,0,0.293872,0,0,0,0
"MtrNatGas",6,16,24,"",5.6468,0,0,0,5.40191,0,0,0,0,0,0,0,0,0,0,0,0,0,0,0,0.244893,0,0,0,0
"MtrNatGas",6,17,1,"",3.23954,0,0,0,3.11709,0,0,0,0,0,0,0,0,0,0,0,0,0,0,0,0.122447,0,0,0,0
"MtrNatGas",6,17,2,"",5.37501,0,0,0,5.27706,0,0,0,0,0,0,0,0,0,0,0,0,0,0,0,0.0979573,0,0,0,0
"MtrNatGas",6,17,3,"",5.16826,0,0,0,5.0703,0,0,0,0,0,0,0,0,0,0,0,0,0,0,0,0.0979573,0,0,0,0
"MtrNatGas",6,17,4,"",3.30574,0,0,0,3.20778,0,0,0,0,0,0,0,0,0,0,0,0,0,0,0,0.0979573,0,0,0,0
"MtrNatGas",6,17,5,"",3.31538,0,0,0,3.21742,0,0,0,0,0,0,0,0,0,0,0,0,0,0,0,0.0979573,0,0,0,0
"MtrNatGas",6,17,6,"",4.97355,0,0,0,4.6307,0,0,0,0,0,0,0,0,0,0,0,0,0,0,0,0.342851,0,0,0,0
"MtrNatGas",6,17,7,"",21.1561,0,0,0,20.6908,0,0,0,0,0,0,0,0,0,0,0,0,0,0,0,0.465297,0,0,0,0
"MtrNatGas",6,17,8,"",16.3104,0,0,0,15.6982,0,0,0,0,0,0,0,0,0,0,0,0,0,0,0,0.612233,0,0,0,0
"MtrNatGas",6,17,9,"",24.6898,0,0,0,24.0531,0,0,0,0,0,0,0,0,0,0,0,0,0,0,0,0.636723,0,0,0,0
"MtrNatGas",6,17,10,"",23.0402,0,0,0,22.5014,0,0,0,0,0,0,0,0,0,0,0,0,0,0,0,0.538765,0,0,0,0
"MtrNatGas",6,17,11,"",14.6947,0,0,0,6.48105,0,0,0,0,0,0,0,0,0,0,0,0,0,7.69933,0,0.514276,0,0,0,0
"MtrNatGas",6,17,12,"",7.18468,0,0,0,6.47449,0,0,0,0,0,0,0,0,0,0,0,0,0,0,0,0.710191,0,0,0,0
"MtrNatGas",6,17,13,"",5.33051,0,0,0,4.47338,0,0,0,0,0,0,0,0,0,0,0,0,0,0,0,0.857127,0,0,0,0
"MtrNatGas",6,17,14,"",8.68301,0,0,0,5.4024,0,0,0,0,0,0,0,0,0,0,0,0,0,2.49695,0,0.783659,0,0,0,0
"MtrNatGas",6,17,15,"",21.559,0,0,0,7.81914,0,0,0,0,0,0,0,0,0,0,0,0,0,12.9072,0,0.832637,0,0,0,0
"MtrNatGas",6,17,16,"",4.49247,0,0,0,3.21902,0,0,0,0,0,0,0,0,0,0,0,0,0,0,0,1.27345,0,0,0,0
"MtrNatGas",6,17,17,"",6.38858,0,0,0,3.5723,0,0,0,0,0,0,0,0,0,0,0,0,0,0,0,2.81627,0,0,0,0
"MtrNatGas",6,17,18,"",8.37193,0,0,0,3.64549,0,0,0,0,0,0,0,0,0,0,0,0,0,0,0,4.72644,0,0,0,0
"MtrNatGas",6,17,19,"",12.4404,0,0,0,8.03234,0,0,0,0,0,0,0,0,0,0,0,0,0,0,0,4.40808,0,0,0,0
"MtrNatGas",6,17,20,"",9.21879,0,0,0,6.81884,0,0,0,0,0,0,0,0,0,0,0,0,0,0,0,2.39995,0,0,0,0
"MtrNatGas",6,17,21,"",11.2485,0,0,0,10.22,0,0,0,0,0,0,0,0,0,0,0,0,0,0,0,1.02855,0,0,0,0
"MtrNatGas",6,17,22,"",5.77844,0,0,0,5.28865,0,0,0,0,0,0,0,0,0,0,0,0,0,0,0,0.489787,0,0,0,0
"MtrNatGas",6,17,23,"",16.5805,0,0,0,16.2866,0,0,0,0,0,0,0,0,0,0,0,0,0,0,0,0.293872,0,0,0,0
"MtrNatGas",6,17,24,"",4.79643,0,0,0,4.55153,0,0,0,0,0,0,0,0,0,0,0,0,0,0,0,0.244893,0,0,0,0
"MtrNatGas",6,18,1,"",4.26226,0,0,0,4.13981,0,0,0,0,0,0,0,0,0,0,0,0,0,0,0,0.122447,0,0,0,0
"MtrNatGas",6,18,2,"",5.21067,0,0,0,5.11271,0,0,0,0,0,0,0,0,0,0,0,0,0,0,0,0.0979573,0,0,0,0
"MtrNatGas",6,18,3,"",5.1815,0,0,0,5.08354,0,0,0,0,0,0,0,0,0,0,0,0,0,0,0,0.0979573,0,0,0,0
"MtrNatGas",6,18,4,"",2.91202,0,0,0,2.81406,0,0,0,0,0,0,0,0,0,0,0,0,0,0,0,0.0979573,0,0,0,0
"MtrNatGas",6,18,5,"",3.06944,0,0,0,2.97148,0,0,0,0,0,0,0,0,0,0,0,0,0,0,0,0.0979573,0,0,0,0
"MtrNatGas",6,18,6,"",3.16129,0,0,0,2.81844,0,0,0,0,0,0,0,0,0,0,0,0,0,0,0,0.342851,0,0,0,0
"MtrNatGas",6,18,7,"",29.2152,0,0,0,28.7499,0,0,0,0,0,0,0,0,0,0,0,0,0,0,0,0.465297,0,0,0,0
"MtrNatGas",6,18,8,"",17.6705,0,0,0,17.0583,0,0,0,0,0,0,0,0,0,0,0,0,0,0,0,0.612233,0,0,0,0
"MtrNatGas",6,18,9,"",21.3626,0,0,0,20.7258,0,0,0,0,0,0,0,0,0,0,0,0,0,0,0,0.636723,0,0,0,0
"MtrNatGas",6,18,10,"",34.5372,0,0,0,33.9985,0,0,0,0,0,0,0,0,0,0,0,0,0,0,0,0.538765,0,0,0,0
"MtrNatGas",6,18,11,"",23.6448,0,0,0,15.4274,0,0,0,0,0,0,0,0,0,0,0,0,0,7.70308,0,0.514276,0,0,0,0
"MtrNatGas",6,18,12,"",20.843,0,0,0,12.4299,0,0,0,0,0,0,0,0,0,0,0,0,0,7.70286,0,0.710191,0,0,0,0
"MtrNatGas",6,18,13,"",22.8669,0,0,0,14.3082,0,0,0,0,0,0,0,0,0,0,0,0,0,7.70155,0,0.857127,0,0,0,0
"MtrNatGas",6,18,14,"",18.1848,0,0,0,7.20288,0,0,0,0,0,0,0,0,0,0,0,0,0,10.1982,0,0.783659,0,0,0,0
"MtrNatGas",6,18,15,"",14.1612,0,0,0,8.12202,0,0,0,0,0,0,0,0,0,0,0,0,0,5.20652,0,0.832637,0,0,0,0
"MtrNatGas",6,18,16,"",9.23289,0,0,0,5.01813,0,0,0,0,0,0,0,0,0,0,0,0,0,2.94132,0,1.27345,0,0,0,0
"MtrNatGas",6,18,17,"",12.0008,0,0,0,4.42556,0,0,0,0,0,0,0,0,0,0,0,0,0,4.75893,0,2.81627,0,0,0,0
"MtrNatGas",6,18,18,"",9.43892,0,0,0,4.71248,0,0,0,0,0,0,0,0,0,0,0,0,0,0,0,4.72644,0,0,0,0
"MtrNatGas",6,18,19,"",15.2972,0,0,0,10.8892,0,0,0,0,0,0,0,0,0,0,0,0,0,0,0,4.40808,0,0,0,0
"MtrNatGas",6,18,20,"",12.1761,0,0,0,9.77612,0,0,0,0,0,0,0,0,0,0,0,0,0,0,0,2.39995,0,0,0,0
"MtrNatGas",6,18,21,"",17.6091,0,0,0,16.5805,0,0,0,0,0,0,0,0,0,0,0,0,0,0,0,1.02855,0,0,0,0
"MtrNatGas",6,18,22,"",9.2592,0,0,0,8.76941,0,0,0,0,0,0,0,0,0,0,0,0,0,0,0,0.489787,0,0,0,0
"MtrNatGas",6,18,23,"",19.0943,0,0,0,17.3877,0,0,0,0,0,0,0,0,0,0,0,0,0,1.41278,0,0.293872,0,0,0,0
"MtrNatGas",6,18,24,"",26.7974,0,0,0,22.8371,0,0,0,0,0,0,0,0,0,0,0,0,0,3.71548,0,0.244893,0,0,0,0
"MtrNatGas",6,19,1,"",6.01979,0,0,0,3.32257,0,0,0,0,0,0,0,0,0,0,0,0,0,2.57478,0,0.122447,0,0,0,0
"MtrNatGas",6,19,2,"",3.06367,0,0,0,2.96571,0,0,0,0,0,0,0,0,0,0,0,0,0,0,0,0.0979573,0,0,0,0
"MtrNatGas",6,19,3,"",3.14269,0,0,0,3.04473,0,0,0,0,0,0,0,0,0,0,0,0,0,0,0,0.0979573,0,0,0,0
"MtrNatGas",6,19,4,"",4.13037,0,0,0,4.03241,0,0,0,0,0,0,0,0,0,0,0,0,0,0,0,0.0979573,0,0,0,0
"MtrNatGas",6,19,5,"",5.06382,0,0,0,4.96586,0,0,0,0,0,0,0,0,0,0,0,0,0,0,0,0.0979573,0,0,0,0
"MtrNatGas",6,19,6,"",7.60848,0,0,0,7.26563,0,0,0,0,0,0,0,0,0,0,0,0,0,0,0,0.342851,0,0,0,0
"MtrNatGas",6,19,7,"",28.3817,0,0,0,27.9164,0,0,0,0,0,0,0,0,0,0,0,0,0,0,0,0.465297,0,0,0,0
"MtrNatGas",6,19,8,"",40.3592,0,0,0,32.0439,0,0,0,0,0,0,0,0,0,0,0,0,0,7.70312,0,0.612233,0,0,0,0
"MtrNatGas",6,19,9,"",22.9662,0,0,0,22.3294,0,0,0,0,0,0,0,0,0,0,0,0,0,0,0,0.636723,0,0,0,0
"MtrNatGas",6,19,10,"",31.1382,0,0,0,28.0911,0,0,0,0,0,0,0,0,0,0,0,0,0,2.50833,0,0.538765,0,0,0,0
"MtrNatGas",6,19,11,"",31.3294,0,0,0,21.4591,0,0,0,0,0,0,0,0,0,0,0,0,0,9.35601,0,0.514276,0,0,0,0
"MtrNatGas",6,19,12,"",10.729,0,0,0,6.4794,0,0,0,0,0,0,0,0,0,0,0,0,0,3.53936,0,0.710191,0,0,0,0
"MtrNatGas",6,19,13,"",6.11853,0,0,0,5.2614,0,0,0,0,0,0,0,0,0,0,0,0,0,0,0,0.857127,0,0,0,0
"MtrNatGas",6,19,14,"",7.01247,0,0,0,6.22881,0,0,0,0,0,0,0,0,0,0,0,0,0,0,0,0.783659,0,0,0,0
"MtrNatGas",6,19,15,"",21.8167,0,0,0,20.984,0,0,0,0,0,0,0,0,0,0,0,0,0,0,0,0.832637,0,0,0,0
"MtrNatGas",6,19,16,"",24.2342,0,0,0,19.1261,0,0,0,0,0,0,0,0,0,0,0,0,0,3.83464,0,1.27345,0,0,0,0
"MtrNatGas",6,19,17,"",17.5637,0,0,0,10.8819,0,0,0,0,0,0,0,0,0,0,0,0,0,3.86561,0,2.81627,0,0,0,0
"MtrNatGas",6,19,18,"",13.7531,0,0,0,9.02665,0,0,0,0,0,0,0,0,0,0,0,0,0,0,0,4.72644,0,0,0,0
"MtrNatGas",6,19,19,"",41.9776,0,0,0,37.5695,0,0,0,0,0,0,0,0,0,0,0,0,0,0,0,4.40808,0,0,0,0
"MtrNatGas",6,19,20,"",45.1157,0,0,0,29.0983,0,0,0,0,0,0,0,0,0,0,0,0,0,13.6175,0,2.39995,0,0,0,0
"MtrNatGas",6,19,21,"",12.6223,0,0,0,9.81081,0,0,0,0,0,0,0,0,0,0,0,0,0,1.78296,0,1.02855,0,0,0,0
"MtrNatGas",6,19,22,"",8.92452,0,0,0,8.43474,0,0,0,0,0,0,0,0,0,0,0,0,0,0,0,0.489787,0,0,0,0
"MtrNatGas",6,19,23,"",12.2202,0,0,0,11.9263,0,0,0,0,0,0,0,0,0,0,0,0,0,0,0,0.293872,0,0,0,0
"MtrNatGas",6,19,24,"",8.60224,0,0,0,8.35735,0,0,0,0,0,0,0,0,0,0,0,0,0,0,0,0.244893,0,0,0,0
"MtrNatGas",6,20,1,"",5.05292,0,0,0,4.93047,0,0,0,0,0,0,0,0,0,0,0,0,0,0,0,0.122447,0,0,0,0
"MtrNatGas",6,20,2,"",2.90895,0,0,0,2.811,0,0,0,0,0,0,0,0,0,0,0,0,0,0,0,0.0979573,0,0,0,0
"MtrNatGas",6,20,3,"",2.88665,0,0,0,2.81318,0,0,0,0,0,0,0,0,0,0,0,0,0,0,0,0.073468,0,0,0,0
"MtrNatGas",6,20,4,"",2.8884,0,0,0,2.81493,0,0,0,0,0,0,0,0,0,0,0,0,0,0,0,0.073468,0,0,0,0
"MtrNatGas",6,20,5,"",2.89059,0,0,0,2.81712,0,0,0,0,0,0,0,0,0,0,0,0,0,0,0,0.073468,0,0,0,0
"MtrNatGas",6,20,6,"",3.09292,0,0,0,2.97047,0,0,0,0,0,0,0,0,0,0,0,0,0,0,0,0.122447,0,0,0,0
"MtrNatGas",6,20,7,"",6.33504,0,0,0,6.09015,0,0,0,0,0,0,0,0,0,0,0,0,0,0,0,0.244893,0,0,0,0
"MtrNatGas",6,20,8,"",8.84404,0,0,0,8.18283,0,0,0,0,0,0,0,0,0,0,0,0,0,0,0,0.661212,0,0,0,0
"MtrNatGas",6,20,9,"",17.7742,0,0,0,16.5987,0,0,0,0,0,0,0,0,0,0,0,0,0,0,0,1.17549,0,0,0,0
"MtrNatGas",6,20,10,"",28.159,0,0,0,26.9835,0,0,0,0,0,0,0,0,0,0,0,0,0,0,0,1.17549,0,0,0,0
"MtrNatGas",6,20,11,"",39.9488,0,0,0,35.6404,0,0,0,0,0,0,0,0,0,0,0,0,0,3.18183,0,1.12651,0,0,0,0
"MtrNatGas",6,20,12,"",28.9108,0,0,0,23.7373,0,0,0,0,0,0,0,0,0,0,0,0,0,3.82658,0,1.34691,0,0,0,0
"MtrNatGas",6,20,13,"",20.711,0,0,0,6.98177,0,0,0,0,0,0,0,0,0,0,0,0,0,12.1864,0,1.54283,0,0,0,0
"MtrNatGas",6,20,14,"",14.4138,0,0,0,9.05213,0,0,0,0,0,0,0,0,0,0,0,0,0,3.91683,0,1.44487,0,0,0,0
"MtrNatGas",6,20,15,"",14.0007,0,0,0,4.78111,0,0,0,0,0,0,0,0,0,0,0,0,0,7.70123,0,1.51834,0,0,0,0
"MtrNatGas",6,20,16,"",11.0877,0,0,0,6.91284,0,0,0,0,0,0,0,0,0,0,0,0,0,2.50955,0,1.66527,0,0,0,0
"MtrNatGas",6,20,17,"",23.3009,0,0,0,4.59983,0,0,0,0,0,0,0,0,0,0,0,0,0,16.4726,0,2.22853,0,0,0,0
"MtrNatGas",6,20,18,"",17.5356,0,0,0,10.0087,0,0,0,0,0,0,0,0,0,0,0,0,0,4.12283,0,3.40402,0,0,0,0
"MtrNatGas",6,20,19,"",19.0528,0,0,0,15.8937,0,0,0,0,0,0,0,0,0,0,0,0,0,0,0,3.15912,0,0,0,0
"MtrNatGas",6,20,20,"",17.5178,0,0,0,8.05256,0,0,0,0,0,0,0,0,0,0,0,0,0,7.70199,0,1.76323,0,0,0,0
"MtrNatGas",6,20,21,"",15.6263,0,0,0,10.7865,0,0,0,0,0,0,0,0,0,0,0,0,0,4.05618,0,0.783659,0,0,0,0
"MtrNatGas",6,20,22,"",21.0064,0,0,0,9.3171,0,0,0,0,0,0,0,0,0,0,0,0,0,11.3465,0,0.342851,0,0,0,0
"MtrNatGas",6,20,23,"",3.26268,0,0,0,3.04228,0,0,0,0,0,0,0,0,0,0,0,0,0,0,0,0.220404,0,0,0,0
"MtrNatGas",6,20,24,"",4.92549,0,0,0,4.80304,0,0,0,0,0,0,0,0,0,0,0,0,0,0,0,0.122447,0,0,0,0
"MtrNatGas",6,21,1,"",4.81678,0,0,0,4.69433,0,0,0,0,0,0,0,0,0,0,0,0,0,0,0,0.122447,0,0,0,0
"MtrNatGas",6,21,2,"",2.9072,0,0,0,2.80925,0,0,0,0,0,0,0,0,0,0,0,0,0,0,0,0.0979573,0,0,0,0
"MtrNatGas",6,21,3,"",4.99649,0,0,0,4.92302,0,0,0,0,0,0,0,0,0,0,0,0,0,0,0,0.073468,0,0,0,0
"MtrNatGas",6,21,4,"",4.23758,0,0,0,4.16412,0,0,0,0,0,0,0,0,0,0,0,0,0,0,0,0.073468,0,0,0,0
"MtrNatGas",6,21,5,"",2.88972,0,0,0,2.81625,0,0,0,0,0,0,0,0,0,0,0,0,0,0,0,0.073468,0,0,0,0
"MtrNatGas",6,21,6,"",5.18317,0,0,0,5.06072,0,0,0,0,0,0,0,0,0,0,0,0,0,0,0,0.122447,0,0,0,0
"MtrNatGas",6,21,7,"",17.0891,0,0,0,16.8443,0,0,0,0,0,0,0,0,0,0,0,0,0,0,0,0.244893,0,0,0,0
"MtrNatGas",6,21,8,"",24.8148,0,0,0,19.7548,0,0,0,0,0,0,0,0,0,0,0,0,0,4.39885,0,0.661212,0,0,0,0
"MtrNatGas",6,21,9,"",26.1739,0,0,0,18.2871,0,0,0,0,0,0,0,0,0,0,0,0,0,6.7113,0,1.17549,0,0,0,0
"MtrNatGas",6,21,10,"",40.3688,0,0,0,27.5299,0,0,0,0,0,0,0,0,0,0,0,0,0,11.6634,0,1.17549,0,0,0,0
"MtrNatGas",6,21,11,"",22.5697,0,0,0,13.4084,0,0,0,0,0,0,0,0,0,0,0,0,0,8.03483,0,1.12651,0,0,0,0
"MtrNatGas",6,21,12,"",18.6691,0,0,0,17.3222,0,0,0,0,0,0,0,0,0,0,0,0,0,0,0,1.34691,0,0,0,0
"MtrNatGas",6,21,13,"",5.99247,0,0,0,4.44964,0,0,0,0,0,0,0,0,0,0,0,0,0,0,0,1.54283,0,0,0,0
"MtrNatGas",6,21,14,"",10.427,0,0,0,8.98211,0,0,0,0,0,0,0,0,0,0,0,0,0,0,0,1.44487,0,0,0,0
"MtrNatGas",6,21,15,"",6.84775,0,0,0,5.32941,0,0,0,0,0,0,0,0,0,0,0,0,0,0,0,1.51834,0,0,0,0
"MtrNatGas",6,21,16,"",6.20175,0,0,0,4.53647,0,0,0,0,0,0,0,0,0,0,0,0,0,0,0,1.66527,0,0,0,0
"MtrNatGas",6,21,17,"",7.80203,0,0,0,5.5735,0,0,0,0,0,0,0,0,0,0,0,0,0,0,0,2.22853,0,0,0,0
"MtrNatGas",6,21,18,"",15.8241,0,0,0,12.4201,0,0,0,0,0,0,0,0,0,0,0,0,0,0,0,3.40402,0,0,0,0
"MtrNatGas",6,21,19,"",20.2223,0,0,0,17.0632,0,0,0,0,0,0,0,0,0,0,0,0,0,0,0,3.15912,0,0,0,0
"MtrNatGas",6,21,20,"",18.8068,0,0,0,9.34155,0,0,0,0,0,0,0,0,0,0,0,0,0,7.70199,0,1.76323,0,0,0,0
"MtrNatGas",6,21,21,"",13.2159,0,0,0,11.5358,0,0,0,0,0,0,0,0,0,0,0,0,0,0.896423,0,0.783659,0,0,0,0
"MtrNatGas",6,21,22,"",12.7908,0,0,0,5.6424,0,0,0,0,0,0,0,0,0,0,0,0,0,6.80559,0,0.342851,0,0,0,0
"MtrNatGas",6,21,23,"",3.49017,0,0,0,3.26976,0,0,0,0,0,0,0,0,0,0,0,0,0,0,0,0.220404,0,0,0,0
"MtrNatGas",6,21,24,"",4.07899,0,0,0,3.95654,0,0,0,0,0,0,0,0,0,0,0,0,0,0,0,0.122447,0,0,0,0
"MtrNatGas",6,22,1,"",3.97317,0,0,0,3.85072,0,0,0,0,0,0,0,0,0,0,0,0,0,0,0,0.122447,0,0,0,0
"MtrNatGas",6,22,2,"",2.90895,0,0,0,2.811,0,0,0,0,0,0,0,0,0,0,0,0,0,0,0,0.0979573,0,0,0,0
"MtrNatGas",6,22,3,"",3.92705,0,0,0,3.82909,0,0,0,0,0,0,0,0,0,0,0,0,0,0,0,0.0979573,0,0,0,0
"MtrNatGas",6,22,4,"",2.91245,0,0,0,2.8145,0,0,0,0,0,0,0,0,0,0,0,0,0,0,0,0.0979573,0,0,0,0
"MtrNatGas",6,22,5,"",2.91464,0,0,0,2.81668,0,0,0,0,0,0,0,0,0,0,0,0,0,0,0,0.0979573,0,0,0,0
"MtrNatGas",6,22,6,"",3.71682,0,0,0,3.37397,0,0,0,0,0,0,0,0,0,0,0,0,0,0,0,0.342851,0,0,0,0
"MtrNatGas",6,22,7,"",44.7392,0,0,0,44.2739,0,0,0,0,0,0,0,0,0,0,0,0,0,0,0,0.465297,0,0,0,0
"MtrNatGas",6,22,8,"",40.5877,0,0,0,39.9755,0,0,0,0,0,0,0,0,0,0,0,0,0,0,0,0.612233,0,0,0,0
"MtrNatGas",6,22,9,"",40.435,0,0,0,39.7982,0,0,0,0,0,0,0,0,0,0,0,0,0,0,0,0.636723,0,0,0,0
"MtrNatGas",6,22,10,"",39.8256,0,0,0,34.9744,0,0,0,0,0,0,0,0,0,0,0,0,0,4.31242,0,0.538765,0,0,0,0
"MtrNatGas",6,22,11,"",14.4,0,0,0,10.4959,0,0,0,0,0,0,0,0,0,0,0,0,0,3.38981,0,0.514276,0,0,0,0
"MtrNatGas",6,22,12,"",10.7284,0,0,0,4.72757,0,0,0,0,0,0,0,0,0,0,0,0,0,5.29063,0,0.710191,0,0,0,0
"MtrNatGas",6,22,13,"",7.45298,0,0,0,4.18587,0,0,0,0,0,0,0,0,0,0,0,0,0,2.40999,0,0.857127,0,0,0,0
"MtrNatGas",6,22,14,"",4.33705,0,0,0,3.55339,0,0,0,0,0,0,0,0,0,0,0,0,0,0,0,0.783659,0,0,0,0
"MtrNatGas",6,22,15,"",4.32237,0,0,0,3.48974,0,0,0,0,0,0,0,0,0,0,0,0,0,0,0,0.832637,0,0,0,0
"MtrNatGas",6,22,16,"",8.66646,0,0,0,7.39301,0,0,0,0,0,0,0,0,0,0,0,0,0,0,0,1.27345,0,0,0,0
"MtrNatGas",6,22,17,"",24.9486,0,0,0,12.5184,0,0,0,0,0,0,0,0,0,0,0,0,0,9.61387,0,2.81627,0,0,0,0
"MtrNatGas",6,22,18,"",27.3337,0,0,0,11.1332,0,0,0,0,0,0,0,0,0,0,0,0,0,11.4741,0,4.72644,0,0,0,0
"MtrNatGas",6,22,19,"",20.6362,0,0,0,6.5113,0,0,0,0,0,0,0,0,0,0,0,0,0,9.71681,0,4.40808,0,0,0,0
"MtrNatGas",6,22,20,"",9.53513,0,0,0,7.13517,0,0,0,0,0,0,0,0,0,0,0,0,0,0,0,2.39995,0,0,0,0
"MtrNatGas",6,22,21,"",9.65601,0,0,0,8.62746,0,0,0,0,0,0,0,0,0,0,0,0,0,0,0,1.02855,0,0,0,0
"MtrNatGas",6,22,22,"",16.4712,0,0,0,15.9814,0,0,0,0,0,0,0,0,0,0,0,0,0,0,0,0.489787,0,0,0,0
"MtrNatGas",6,22,23,"",5.15865,0,0,0,4.86478,0,0,0,0,0,0,0,0,0,0,0,0,0,0,0,0.293872,0,0,0,0
"MtrNatGas",6,22,24,"",4.6025,0,0,0,4.35761,0,0,0,0,0,0,0,0,0,0,0,0,0,0,0,0.244893,0,0,0,0
"MtrNatGas",6,23,1,"",3.84872,0,0,0,3.72628,0,0,0,0,0,0,0,0,0,0,0,0,0,0,0,0.122447,0,0,0,0
"MtrNatGas",6,23,2,"",3.36498,0,0,0,3.26702,0,0,0,0,0,0,0,0,0,0,0,0,0,0,0,0.0979573,0,0,0,0
"MtrNatGas",6,23,3,"",3.12273,0,0,0,3.02478,0,0,0,0,0,0,0,0,0,0,0,0,0,0,0,0.0979573,0,0,0,0
"MtrNatGas",6,23,4,"",2.9861,0,0,0,2.88814,0,0,0,0,0,0,0,0,0,0,0,0,0,0,0,0.0979573,0,0,0,0
"MtrNatGas",6,23,5,"",3.05619,0,0,0,2.95824,0,0,0,0,0,0,0,0,0,0,0,0,0,0,0,0.0979573,0,0,0,0
"MtrNatGas",6,23,6,"",3.59038,0,0,0,3.24753,0,0,0,0,0,0,0,0,0,0,0,0,0,0,0,0.342851,0,0,0,0
"MtrNatGas",6,23,7,"",30.7943,0,0,0,30.329,0,0,0,0,0,0,0,0,0,0,0,0,0,0,0,0.465297,0,0,0,0
"MtrNatGas",6,23,8,"",23.6412,0,0,0,23.0289,0,0,0,0,0,0,0,0,0,0,0,0,0,0,0,0.612233,0,0,0,0
"MtrNatGas",6,23,9,"",29.1923,0,0,0,28.5556,0,0,0,0,0,0,0,0,0,0,0,0,0,0,0,0.636723,0,0,0,0
"MtrNatGas",6,23,10,"",54.6161,0,0,0,41.0671,0,0,0,0,0,0,0,0,0,0,0,0,0,13.0103,0,0.538765,0,0,0,0
"MtrNatGas",6,23,11,"",26.72,0,0,0,8.40548,0,0,0,0,0,0,0,0,0,0,0,0,0,17.8002,0,0.514276,0,0,0,0
"MtrNatGas",6,23,12,"",10.8724,0,0,0,4.87159,0,0,0,0,0,0,0,0,0,0,0,0,0,5.29063,0,0.710191,0,0,0,0
"MtrNatGas",6,23,13,"",6.57528,0,0,0,3.30816,0,0,0,0,0,0,0,0,0,0,0,0,0,2.40999,0,0.857127,0,0,0,0
"MtrNatGas",6,23,14,"",9.82444,0,0,0,9.04078,0,0,0,0,0,0,0,0,0,0,0,0,0,0,0,0.783659,0,0,0,0
"MtrNatGas",6,23,15,"",11.8224,0,0,0,3.28905,0,0,0,0,0,0,0,0,0,0,0,0,0,7.7007,0,0.832637,0,0,0,0
"MtrNatGas",6,23,16,"",5.50272,0,0,0,4.22928,0,0,0,0,0,0,0,0,0,0,0,0,0,0,0,1.27345,0,0,0,0
"MtrNatGas",6,23,17,"",8.7569,0,0,0,4.02924,0,0,0,0,0,0,0,0,0,0,0,0,0,1.91139,0,2.81627,0,0,0,0
"MtrNatGas",6,23,18,"",11.8012,0,0,0,3.30106,0,0,0,0,0,0,0,0,0,0,0,0,0,3.77373,0,4.72644,0,0,0,0
"MtrNatGas",6,23,19,"",12.4909,0,0,0,6.06749,0,0,0,0,0,0,0,0,0,0,0,0,0,2.01533,0,4.40808,0,0,0,0
"MtrNatGas",6,23,20,"",18.9856,0,0,0,10.6689,0,0,0,0,0,0,0,0,0,0,0,0,0,5.91673,0,2.39995,0,0,0,0
"MtrNatGas",6,23,21,"",8.86132,0,0,0,6.04981,0,0,0,0,0,0,0,0,0,0,0,0,0,1.78296,0,1.02855,0,0,0,0
"MtrNatGas",6,23,22,"",9.69139,0,0,0,9.2016,0,0,0,0,0,0,0,0,0,0,0,0,0,0,0,0.489787,0,0,0,0
"MtrNatGas",6,23,23,"",3.24567,0,0,0,2.9518,0,0,0,0,0,0,0,0,0,0,0,0,0,0,0,0.293872,0,0,0,0
"MtrNatGas",6,23,24,"",5.88424,0,0,0,5.63935,0,0,0,0,0,0,0,0,0,0,0,0,0,0,0,0.244893,0,0,0,0
"MtrNatGas",6,24,1,"",7.29844,0,0,0,7.17599,0,0,0,0,0,0,0,0,0,0,0,0,0,0,0,0.122447,0,0,0,0
"MtrNatGas",6,24,2,"",3.05622,0,0,0,2.95826,0,0,0,0,0,0,0,0,0,0,0,0,0,0,0,0.0979573,0,0,0,0
"MtrNatGas",6,24,3,"",2.91158,0,0,0,2.81362,0,0,0,0,0,0,0,0,0,0,0,0,0,0,0,0.0979573,0,0,0,0
"MtrNatGas",6,24,4,"",3.56066,0,0,0,3.4627,0,0,0,0,0,0,0,0,0,0,0,0,0,0,0,0.0979573,0,0,0,0
"MtrNatGas",6,24,5,"",3.15066,0,0,0,3.05271,0,0,0,0,0,0,0,0,0,0,0,0,0,0,0,0.0979573,0,0,0,0
"MtrNatGas",6,24,6,"",27.2986,0,0,0,26.9558,0,0,0,0,0,0,0,0,0,0,0,0,0,0,0,0.342851,0,0,0,0
"MtrNatGas",6,24,7,"",11.5841,0,0,0,11.1188,0,0,0,0,0,0,0,0,0,0,0,0,0,0,0,0.465297,0,0,0,0
"MtrNatGas",6,24,8,"",30.2035,0,0,0,21.8881,0,0,0,0,0,0,0,0,0,0,0,0,0,7.70312,0,0.612233,0,0,0,0
"MtrNatGas",6,24,9,"",22.4239,0,0,0,14.0866,0,0,0,0,0,0,0,0,0,0,0,0,0,7.70058,0,0.636723,0,0,0,0
"MtrNatGas",6,24,10,"",21.3889,0,0,0,20.8502,0,0,0,0,0,0,0,0,0,0,0,0,0,0,0,0.538765,0,0,0,0
"MtrNatGas",6,24,11,"",30.0755,0,0,0,21.8581,0,0,0,0,0,0,0,0,0,0,0,0,0,7.70308,0,0.514276,0,0,0,0
"MtrNatGas",6,24,12,"",15.032,0,0,0,6.62089,0,0,0,0,0,0,0,0,0,0,0,0,0,7.70093,0,0.710191,0,0,0,0
"MtrNatGas",6,24,13,"",9.70381,0,0,0,6.60015,0,0,0,0,0,0,0,0,0,0,0,0,0,2.24654,0,0.857127,0,0,0,0
"MtrNatGas",6,24,14,"",9.77621,0,0,0,3.53608,0,0,0,0,0,0,0,0,0,0,0,0,0,5.45646,0,0.783659,0,0,0,0
"MtrNatGas",6,24,15,"",11.5512,0,0,0,10.7185,0,0,0,0,0,0,0,0,0,0,0,0,0,0,0,0.832637,0,0,0,0
"MtrNatGas",6,24,16,"",10.0228,0,0,0,4.91477,0,0,0,0,0,0,0,0,0,0,0,0,0,3.83464,0,1.27345,0,0,0,0
"MtrNatGas",6,24,17,"",13.735,0,0,0,7.05314,0,0,0,0,0,0,0,0,0,0,0,0,0,3.86561,0,2.81627,0,0,0,0
"MtrNatGas",6,24,18,"",11.7038,0,0,0,6.97736,0,0,0,0,0,0,0,0,0,0,0,0,0,0,0,4.72644,0,0,0,0
"MtrNatGas",6,24,19,"",18.4176,0,0,0,14.0096,0,0,0,0,0,0,0,0,0,0,0,0,0,0,0,4.40808,0,0,0,0
"MtrNatGas",6,24,20,"",40.9929,0,0,0,30.8921,0,0,0,0,0,0,0,0,0,0,0,0,0,7.70077,0,2.39995,0,0,0,0
"MtrNatGas",6,24,21,"",16.1851,0,0,0,15.1566,0,0,0,0,0,0,0,0,0,0,0,0,0,0,0,1.02855,0,0,0,0
"MtrNatGas",6,24,22,"",20.046,0,0,0,19.5562,0,0,0,0,0,0,0,0,0,0,0,0,0,0,0,0.489787,0,0,0,0
"MtrNatGas",6,24,23,"",9.24745,0,0,0,7.54079,0,0,0,0,0,0,0,0,0,0,0,0,0,1.41278,0,0.293872,0,0,0,0
"MtrNatGas",6,24,24,"",17.107,0,0,0,11.1818,0,0,0,0,0,0,0,0,0,0,0,0,0,5.68027,0,0.244893,0,0,0,0
"MtrNatGas",6,25,1,"",11.5551,0,0,0,3.12242,0,0,0,0,0,0,0,0,0,0,0,0,0,8.31023,0,0.122447,0,0,0,0
"MtrNatGas",6,25,2,"",3.06582,0,0,0,2.96786,0,0,0,0,0,0,0,0,0,0,0,0,0,0,0,0.0979573,0,0,0,0
"MtrNatGas",6,25,3,"",4.23679,0,0,0,4.13883,0,0,0,0,0,0,0,0,0,0,0,0,0,0,0,0.0979573,0,0,0,0
"MtrNatGas",6,25,4,"",2.91464,0,0,0,2.81668,0,0,0,0,0,0,0,0,0,0,0,0,0,0,0,0.0979573,0,0,0,0
"MtrNatGas",6,25,5,"",2.91551,0,0,0,2.81755,0,0,0,0,0,0,0,0,0,0,0,0,0,0,0,0.0979573,0,0,0,0
"MtrNatGas",6,25,6,"",3.9548,0,0,0,3.61195,0,0,0,0,0,0,0,0,0,0,0,0,0,0,0,0.342851,0,0,0,0
"MtrNatGas",6,25,7,"",19.724,0,0,0,19.2587,0,0,0,0,0,0,0,0,0,0,0,0,0,0,0,0.465297,0,0,0,0
"MtrNatGas",6,25,8,"",51.0006,0,0,0,50.3884,0,0,0,0,0,0,0,0,0,0,0,0,0,0,0,0.612233,0,0,0,0
"MtrNatGas",6,25,9,"",26.5557,0,0,0,18.2184,0,0,0,0,0,0,0,0,0,0,0,0,0,7.70058,0,0.636723,0,0,0,0
"MtrNatGas",6,25,10,"",24.8743,0,0,0,21.8272,0,0,0,0,0,0,0,0,0,0,0,0,0,2.50833,0,0.538765,0,0,0,0
"MtrNatGas",6,25,11,"",22.1021,0,0,0,16.3936,0,0,0,0,0,0,0,0,0,0,0,0,0,5.19421,0,0.514276,0,0,0,0
"MtrNatGas",6,25,12,"",19.3335,0,0,0,3.39804,0,0,0,0,0,0,0,0,0,0,0,0,0,15.2253,0,0.710191,0,0,0,0
"MtrNatGas",6,25,13,"",4.07127,0,0,0,3.03808,0,0,0,0,0,0,0,0,0,0,0,0,0,0.176068,0,0.857127,0,0,0,0
"MtrNatGas",6,25,14,"",5.27463,0,0,0,4.49097,0,0,0,0,0,0,0,0,0,0,0,0,0,0,0,0.783659,0,0,0,0
"MtrNatGas",6,25,15,"",5.14717,0,0,0,4.31454,0,0,0,0,0,0,0,0,0,0,0,0,0,0,0,0.832637,0,0,0,0
"MtrNatGas",6,25,16,"",14.4175,0,0,0,13.144,0,0,0,0,0,0,0,0,0,0,0,0,0,0,0,1.27345,0,0,0,0
"MtrNatGas",6,25,17,"",9.01753,0,0,0,6.20126,0,0,0,0,0,0,0,0,0,0,0,0,0,0,0,2.81627,0,0,0,0
"MtrNatGas",6,25,18,"",13.3499,0,0,0,8.62349,0,0,0,0,0,0,0,0,0,0,0,0,0,0,0,4.72644,0,0,0,0
"MtrNatGas",6,25,19,"",19.9999,0,0,0,15.5918,0,0,0,0,0,0,0,0,0,0,0,0,0,0,0,4.40808,0,0,0,0
"MtrNatGas",6,25,20,"",23.1086,0,0,0,20.7086,0,0,0,0,0,0,0,0,0,0,0,0,0,0,0,2.39995,0,0,0,0
"MtrNatGas",6,25,21,"",45.8095,0,0,0,34.1035,0,0,0,0,0,0,0,0,0,0,0,0,0,10.6775,0,1.02855,0,0,0,0
"MtrNatGas",6,25,22,"",32.0227,0,0,0,21.2473,0,0,0,0,0,0,0,0,0,0,0,0,0,10.2856,0,0.489787,0,0,0,0
"MtrNatGas",6,25,23,"",29.2922,0,0,0,13.2003,0,0,0,0,0,0,0,0,0,0,0,0,0,15.798,0,0.293872,0,0,0,0
"MtrNatGas",6,25,24,"",7.20032,0,0,0,5.20988,0,0,0,0,0,0,0,0,0,0,0,0,0,1.74554,0,0.244893,0,0,0,0
"MtrNatGas",6,26,1,"",2.93213,0,0,0,2.80969,0,0,0,0,0,0,0,0,0,0,0,0,0,0,0,0.122447,0,0,0,0
"MtrNatGas",6,26,2,"",7.4562,0,0,0,7.35824,0,0,0,0,0,0,0,0,0,0,0,0,0,0,0,0.0979573,0,0,0,0
"MtrNatGas",6,26,3,"",5.27916,0,0,0,5.1812,0,0,0,0,0,0,0,0,0,0,0,0,0,0,0,0.0979573,0,0,0,0
"MtrNatGas",6,26,4,"",2.91027,0,0,0,2.81231,0,0,0,0,0,0,0,0,0,0,0,0,0,0,0,0.0979573,0,0,0,0
"MtrNatGas",6,26,5,"",3.06419,0,0,0,2.96623,0,0,0,0,0,0,0,0,0,0,0,0,0,0,0,0.0979573,0,0,0,0
"MtrNatGas",6,26,6,"",5.22837,0,0,0,4.88552,0,0,0,0,0,0,0,0,0,0,0,0,0,0,0,0.342851,0,0,0,0
"MtrNatGas",6,26,7,"",12.9098,0,0,0,12.4445,0,0,0,0,0,0,0,0,0,0,0,0,0,0,0,0.465297,0,0,0,0
"MtrNatGas",6,26,8,"",32.0209,0,0,0,31.4086,0,0,0,0,0,0,0,0,0,0,0,0,0,0,0,0.612233,0,0,0,0
"MtrNatGas",6,26,9,"",10.976,0,0,0,10.3393,0,0,0,0,0,0,0,0,0,0,0,0,0,0,0,0.636723,0,0,0,0
"MtrNatGas",6,26,10,"",16.0181,0,0,0,15.4793,0,0,0,0,0,0,0,0,0,0,0,0,0,0,0,0.538765,0,0,0,0
"MtrNatGas",6,26,11,"",16.3251,0,0,0,8.10777,0,0,0,0,0,0,0,0,0,0,0,0,0,7.70308,0,0.514276,0,0,0,0
"MtrNatGas",6,26,12,"",4.04757,0,0,0,3.33738,0,0,0,0,0,0,0,0,0,0,0,0,0,0,0,0.710191,0,0,0,0
"MtrNatGas",6,26,13,"",5.16139,0,0,0,4.30426,0,0,0,0,0,0,0,0,0,0,0,0,0,0,0,0.857127,0,0,0,0
"MtrNatGas",6,26,14,"",3.93373,0,0,0,3.15007,0,0,0,0,0,0,0,0,0,0,0,0,0,0,0,0.783659,0,0,0,0
"MtrNatGas",6,26,15,"",4.60447,0,0,0,3.77184,0,0,0,0,0,0,0,0,0,0,0,0,0,0,0,0.832637,0,0,0,0
"MtrNatGas",6,26,16,"",9.29101,0,0,0,8.01756,0,0,0,0,0,0,0,0,0,0,0,0,0,0,0,1.27345,0,0,0,0
"MtrNatGas",6,26,17,"",7.80545,0,0,0,4.98918,0,0,0,0,0,0,0,0,0,0,0,0,0,0,0,2.81627,0,0,0,0
"MtrNatGas",6,26,18,"",11.521,0,0,0,6.79456,0,0,0,0,0,0,0,0,0,0,0,0,0,0,0,4.72644,0,0,0,0
"MtrNatGas",6,26,19,"",12.0104,0,0,0,7.60228,0,0,0,0,0,0,0,0,0,0,0,0,0,0,0,4.40808,0,0,0,0
"MtrNatGas",6,26,20,"",8.13217,0,0,0,5.73221,0,0,0,0,0,0,0,0,0,0,0,0,0,0,0,2.39995,0,0,0,0
"MtrNatGas",6,26,21,"",7.39634,0,0,0,6.36779,0,0,0,0,0,0,0,0,0,0,0,0,0,0,0,1.02855,0,0,0,0
"MtrNatGas",6,26,22,"",9.12375,0,0,0,8.63396,0,0,0,0,0,0,0,0,0,0,0,0,0,0,0,0.489787,0,0,0,0
"MtrNatGas",6,26,23,"",33.5303,0,0,0,24.1208,0,0,0,0,0,0,0,0,0,0,0,0,0,9.11557,0,0.293872,0,0,0,0
"MtrNatGas",6,26,24,"",9.8103,0,0,0,5.84993,0,0,0,0,0,0,0,0,0,0,0,0,0,3.71548,0,0.244893,0,0,0,0
"MtrNatGas",6,27,1,"",5.6957,0,0,0,2.99848,0,0,0,0,0,0,0,0,0,0,0,0,0,2.57478,0,0.122447,0,0,0,0
"MtrNatGas",6,27,2,"",2.90721,0,0,0,2.80925,0,0,0,0,0,0,0,0,0,0,0,0,0,0,0,0.0979573,0,0,0,0
"MtrNatGas",6,27,3,"",3.02419,0,0,0,2.95072,0,0,0,0,0,0,0,0,0,0,0,0,0,0,0,0.073468,0,0,0,0
"MtrNatGas",6,27,4,"",2.88578,0,0,0,2.81231,0,0,0,0,0,0,0,0,0,0,0,0,0,0,0,0.073468,0,0,0,0
"MtrNatGas",6,27,5,"",2.88709,0,0,0,2.81362,0,0,0,0,0,0,0,0,0,0,0,0,0,0,0,0.073468,0,0,0,0
"MtrNatGas",6,27,6,"",5.493,0,0,0,5.37056,0,0,0,0,0,0,0,0,0,0,0,0,0,0,0,0.122447,0,0,0,0
"MtrNatGas",6,27,7,"",5.91878,0,0,0,5.67389,0,0,0,0,0,0,0,0,0,0,0,0,0,0,0,0.244893,0,0,0,0
"MtrNatGas",6,27,8,"",13.4601,0,0,0,8.40008,0,0,0,0,0,0,0,0,0,0,0,0,0,4.39885,0,0.661212,0,0,0,0
"MtrNatGas",6,27,9,"",27.1924,0,0,0,19.3056,0,0,0,0,0,0,0,0,0,0,0,0,0,6.7113,0,1.17549,0,0,0,0
"MtrNatGas",6,27,10,"",22.9188,0,0,0,17.4476,0,0,0,0,0,0,0,0,0,0,0,0,0,4.29572,0,1.17549,0,0,0,0
"MtrNatGas",6,27,11,"",26.0109,0,0,0,17.182,0,0,0,0,0,0,0,0,0,0,0,0,0,7.70236,0,1.12651,0,0,0,0
"MtrNatGas",6,27,12,"",32.8067,0,0,0,26.4432,0,0,0,0,0,0,0,0,0,0,0,0,0,5.01664,0,1.34691,0,0,0,0
"MtrNatGas",6,27,13,"",22.281,0,0,0,11.8485,0,0,0,0,0,0,0,0,0,0,0,0,0,8.88965,0,1.54283,0,0,0,0
"MtrNatGas",6,27,14,"",13.6286,0,0,0,10.6873,0,0,0,0,0,0,0,0,0,0,0,0,0,1.49641,0,1.44487,0,0,0,0
"MtrNatGas",6,27,15,"",7.40578,0,0,0,5.88744,0,0,0,0,0,0,0,0,0,0,0,0,0,0,0,1.51834,0,0,0,0
"MtrNatGas",6,27,16,"",8.75731,0,0,0,4.58248,0,0,0,0,0,0,0,0,0,0,0,0,0,2.50955,0,1.66527,0,0,0,0
"MtrNatGas",6,27,17,"",12.9625,0,0,0,5.54231,0,0,0,0,0,0,0,0,0,0,0,0,0,5.19166,0,2.22853,0,0,0,0
"MtrNatGas",6,27,18,"",7.12115,0,0,0,3.71713,0,0,0,0,0,0,0,0,0,0,0,0,0,0,0,3.40402,0,0,0,0
"MtrNatGas",6,27,19,"",10.5427,0,0,0,7.38357,0,0,0,0,0,0,0,0,0,0,0,0,0,0,0,3.15912,0,0,0,0
"MtrNatGas",6,27,20,"",12.8833,0,0,0,11.12,0,0,0,0,0,0,0,0,0,0,0,0,0,0,0,1.76323,0,0,0,0
"MtrNatGas",6,27,21,"",8.34987,0,0,0,7.56621,0,0,0,0,0,0,0,0,0,0,0,0,0,0,0,0.783659,0,0,0,0
"MtrNatGas",6,27,22,"",9.81903,0,0,0,9.47618,0,0,0,0,0,0,0,0,0,0,0,0,0,0,0,0.342851,0,0,0,0
"MtrNatGas",6,27,23,"",12.1832,0,0,0,4.26205,0,0,0,0,0,0,0,0,0,0,0,0,0,7.70077,0,0.220404,0,0,0,0
"MtrNatGas",6,27,24,"",5.15297,0,0,0,5.03053,0,0,0,0,0,0,0,0,0,0,0,0,0,0,0,0.122447,0,0,0,0
"MtrNatGas",6,28,1,"",3.23049,0,0,0,3.10805,0,0,0,0,0,0,0,0,0,0,0,0,0,0,0,0.122447,0,0,0,0
"MtrNatGas",6,28,2,"",3.20708,0,0,0,3.10912,0,0,0,0,0,0,0,0,0,0,0,0,0,0,0,0.0979573,0,0,0,0
"MtrNatGas",6,28,3,"",3.03039,0,0,0,2.95693,0,0,0,0,0,0,0,0,0,0,0,0,0,0,0,0.073468,0,0,0,0
"MtrNatGas",6,28,4,"",3.5868,0,0,0,3.51333,0,0,0,0,0,0,0,0,0,0,0,0,0,0,0,0.073468,0,0,0,0
"MtrNatGas",6,28,5,"",3.17191,0,0,0,3.09844,0,0,0,0,0,0,0,0,0,0,0,0,0,0,0,0.073468,0,0,0,0
"MtrNatGas",6,28,6,"",5.72096,0,0,0,5.59851,0,0,0,0,0,0,0,0,0,0,0,0,0,0,0,0.122447,0,0,0,0
"MtrNatGas",6,28,7,"",7.5806,0,0,0,7.3357,0,0,0,0,0,0,0,0,0,0,0,0,0,0,0,0.244893,0,0,0,0
"MtrNatGas",6,28,8,"",28.0511,0,0,0,22.991,0,0,0,0,0,0,0,0,0,0,0,0,0,4.39885,0,0.661212,0,0,0,0
"MtrNatGas",6,28,9,"",33.9723,0,0,0,26.0855,0,0,0,0,0,0,0,0,0,0,0,0,0,6.7113,0,1.17549,0,0,0,0
"MtrNatGas",6,28,10,"",38.5853,0,0,0,33.1141,0,0,0,0,0,0,0,0,0,0,0,0,0,4.29572,0,1.17549,0,0,0,0
"MtrNatGas",6,28,11,"",49.1413,0,0,0,43.0245,0,0,0,0,0,0,0,0,0,0,0,0,0,4.99028,0,1.12651,0,0,0,0
"MtrNatGas",6,28,12,"",27.262,0,0,0,18.3875,0,0,0,0,0,0,0,0,0,0,0,0,0,7.52751,0,1.34691,0,0,0,0
"MtrNatGas",6,28,13,"",13.7149,0,0,0,9.28272,0,0,0,0,0,0,0,0,0,0,0,0,0,2.88934,0,1.54283,0,0,0,0
"MtrNatGas",6,28,14,"",22.4132,0,0,0,20.9683,0,0,0,0,0,0,0,0,0,0,0,0,0,0,0,1.44487,0,0,0,0
"MtrNatGas",6,28,15,"",12.9645,0,0,0,11.4462,0,0,0,0,0,0,0,0,0,0,0,0,0,0,0,1.51834,0,0,0,0
"MtrNatGas",6,28,16,"",29.5135,0,0,0,23.4469,0,0,0,0,0,0,0,0,0,0,0,0,0,4.40128,0,1.66527,0,0,0,0
"MtrNatGas",6,28,17,"",31.8108,0,0,0,18.4239,0,0,0,0,0,0,0,0,0,0,0,0,0,11.1584,0,2.22853,0,0,0,0
"MtrNatGas",6,28,18,"",37.2734,0,0,0,22.1048,0,0,0,0,0,0,0,0,0,0,0,0,0,11.7645,0,3.40402,0,0,0,0
"MtrNatGas",6,28,19,"",33.8443,0,0,0,19.5023,0,0,0,0,0,0,0,0,0,0,0,0,0,11.1829,0,3.15912,0,0,0,0
"MtrNatGas",6,28,20,"",23.3811,0,0,0,13.9159,0,0,0,0,0,0,0,0,0,0,0,0,0,7.70199,0,1.76323,0,0,0,0
"MtrNatGas",6,28,21,"",28.4255,0,0,0,23.5857,0,0,0,0,0,0,0,0,0,0,0,0,0,4.05618,0,0.783659,0,0,0,0
"MtrNatGas",6,28,22,"",20.4525,0,0,0,8.76323,0,0,0,0,0,0,0,0,0,0,0,0,0,11.3465,0,0.342851,0,0,0,0
"MtrNatGas",6,28,23,"",4.95454,0,0,0,4.73413,0,0,0,0,0,0,0,0,0,0,0,0,0,0,0,0.220404,0,0,0,0
"MtrNatGas",6,28,24,"",6.91702,0,0,0,6.79457,0,0,0,0,0,0,0,0,0,0,0,0,0,0,0,0.122447,0,0,0,0
"MtrNatGas",6,29,1,"",7.73908,0,0,0,7.61663,0,0,0,0,0,0,0,0,0,0,0,0,0,0,0,0.122447,0,0,0,0
"MtrNatGas",6,29,2,"",10.6101,0,0,0,2.81056,0,0,0,0,0,0,0,0,0,0,0,0,0,7.7016,0,0.0979573,0,0,0,0
"MtrNatGas",6,29,3,"",2.91027,0,0,0,2.81231,0,0,0,0,0,0,0,0,0,0,0,0,0,0,0,0.0979573,0,0,0,0
"MtrNatGas",6,29,4,"",2.91202,0,0,0,2.81406,0,0,0,0,0,0,0,0,0,0,0,0,0,0,0,0.0979573,0,0,0,0
"MtrNatGas",6,29,5,"",2.91376,0,0,0,2.81581,0,0,0,0,0,0,0,0,0,0,0,0,0,0,0,0.0979573,0,0,0,0
"MtrNatGas",6,29,6,"",3.52687,0,0,0,3.18402,0,0,0,0,0,0,0,0,0,0,0,0,0,0,0,0.342851,0,0,0,0
"MtrNatGas",6,29,7,"",20.4969,0,0,0,20.0316,0,0,0,0,0,0,0,0,0,0,0,0,0,0,0,0.465297,0,0,0,0
"MtrNatGas",6,29,8,"",20.1769,0,0,0,19.5647,0,0,0,0,0,0,0,0,0,0,0,0,0,0,0,0.612233,0,0,0,0
"MtrNatGas",6,29,9,"",29.7696,0,0,0,13.7317,0,0,0,0,0,0,0,0,0,0,0,0,0,15.4012,0,0.636723,0,0,0,0
"MtrNatGas",6,29,10,"",14.5277,0,0,0,9.67652,0,0,0,0,0,0,0,0,0,0,0,0,0,4.31242,0,0.538765,0,0,0,0
"MtrNatGas",6,29,11,"",16.9998,0,0,0,13.0957,0,0,0,0,0,0,0,0,0,0,0,0,0,3.38981,0,0.514276,0,0,0,0
"MtrNatGas",6,29,12,"",25.1366,0,0,0,9.02457,0,0,0,0,0,0,0,0,0,0,0,0,0,15.4019,0,0.710191,0,0,0,0
"MtrNatGas",6,29,13,"",8.49665,0,0,0,7.63953,0,0,0,0,0,0,0,0,0,0,0,0,0,0,0,0.857127,0,0,0,0
"MtrNatGas",6,29,14,"",7.45378,0,0,0,6.67012,0,0,0,0,0,0,0,0,0,0,0,0,0,0,0,0.783659,0,0,0,0
"MtrNatGas",6,29,15,"",16.9396,0,0,0,8.40628,0,0,0,0,0,0,0,0,0,0,0,0,0,7.7007,0,0.832637,0,0,0,0
"MtrNatGas",6,29,16,"",8.59337,0,0,0,4.37861,0,0,0,0,0,0,0,0,0,0,0,0,0,2.94132,0,1.27345,0,0,0,0
"MtrNatGas",6,29,17,"",16.696,0,0,0,9.12083,0,0,0,0,0,0,0,0,0,0,0,0,0,4.75893,0,2.81627,0,0,0,0
"MtrNatGas",6,29,18,"",9.89964,0,0,0,5.1732,0,0,0,0,0,0,0,0,0,0,0,0,0,0,0,4.72644,0,0,0,0
"MtrNatGas",6,29,19,"",13.1258,0,0,0,8.71776,0,0,0,0,0,0,0,0,0,0,0,0,0,0,0,4.40808,0,0,0,0
"MtrNatGas",6,29,20,"",10.4879,0,0,0,8.08791,0,0,0,0,0,0,0,0,0,0,0,0,0,0,0,2.39995,0,0,0,0
"MtrNatGas",6,29,21,"",13.1186,0,0,0,12.0901,0,0,0,0,0,0,0,0,0,0,0,0,0,0,0,1.02855,0,0,0,0
"MtrNatGas",6,29,22,"",16.9106,0,0,0,16.4208,0,0,0,0,0,0,0,0,0,0,0,0,0,0,0,0.489787,0,0,0,0
"MtrNatGas",6,29,23,"",14.4438,0,0,0,6.44833,0,0,0,0,0,0,0,0,0,0,0,0,0,7.7016,0,0.293872,0,0,0,0
"MtrNatGas",6,29,24,"",8.97875,0,0,0,8.73386,0,0,0,0,0,0,0,0,0,0,0,0,0,0,0,0.244893,0,0,0,0
"MtrNatGas",6,30,1,"",4.57317,0,0,0,4.45072,0,0,0,0,0,0,0,0,0,0,0,0,0,0,0,0.122447,0,0,0,0
"MtrNatGas",6,30,2,"",3.05312,0,0,0,2.95517,0,0,0,0,0,0,0,0,0,0,0,0,0,0,0,0.0979573,0,0,0,0
"MtrNatGas",6,30,3,"",2.90458,0,0,0,2.80662,0,0,0,0,0,0,0,0,0,0,0,0,0,0,0,0.0979573,0,0,0,0
"MtrNatGas",6,30,4,"",2.90546,0,0,0,2.8075,0,0,0,0,0,0,0,0,0,0,0,0,0,0,0,0.0979573,0,0,0,0
"MtrNatGas",6,30,5,"",3.05834,0,0,0,2.96038,0,0,0,0,0,0,0,0,0,0,0,0,0,0,0,0.0979573,0,0,0,0
"MtrNatGas",6,30,6,"",3.58994,0,0,0,3.24709,0,0,0,0,0,0,0,0,0,0,0,0,0,0,0,0.342851,0,0,0,0
"MtrNatGas",6,30,7,"",21.8781,0,0,0,21.4129,0,0,0,0,0,0,0,0,0,0,0,0,0,0,0,0.465297,0,0,0,0
"MtrNatGas",6,30,8,"",25.4957,0,0,0,24.8835,0,0,0,0,0,0,0,0,0,0,0,0,0,0,0,0.612233,0,0,0,0
"MtrNatGas",6,30,9,"",23.822,0,0,0,15.4847,0,0,0,0,0,0,0,0,0,0,0,0,0,7.70058,0,0.636723,0,0,0,0
"MtrNatGas",6,30,10,"",39.8602,0,0,0,29.1137,0,0,0,0,0,0,0,0,0,0,0,0,0,10.2077,0,0.538765,0,0,0,0
"MtrNatGas",6,30,11,"",30.3096,0,0,0,16.898,0,0,0,0,0,0,0,0,0,0,0,0,0,12.8973,0,0.514276,0,0,0,0
"MtrNatGas",6,30,12,"",20.0894,0,0,0,3.97543,0,0,0,0,0,0,0,0,0,0,0,0,0,15.4038,0,0.710191,0,0,0,0
"MtrNatGas",6,30,13,"",13.842,0,0,0,12.9848,0,0,0,0,0,0,0,0,0,0,0,0,0,0,0,0.857127,0,0,0,0
"MtrNatGas",6,30,14,"",18.0332,0,0,0,5.94649,0,0,0,0,0,0,0,0,0,0,0,0,0,11.303,0,0.783659,0,0,0,0
"MtrNatGas",6,30,15,"",24.6882,0,0,0,19.7559,0,0,0,0,0,0,0,0,0,0,0,0,0,4.0997,0,0.832637,0,0,0,0
"MtrNatGas",6,30,16,"",9.36463,0,0,0,8.09119,0,0,0,0,0,0,0,0,0,0,0,0,0,0,0,1.27345,0,0,0,0
"MtrNatGas",6,30,17,"",14.7844,0,0,0,11.9681,0,0,0,0,0,0,0,0,0,0,0,0,0,0,0,2.81627,0,0,0,0
"MtrNatGas",6,30,18,"",19.1852,0,0,0,14.4588,0,0,0,0,0,0,0,0,0,0,0,0,0,0,0,4.72644,0,0,0,0
"MtrNatGas",6,30,19,"",16.596,0,0,0,8.14309,0,0,0,0,0,0,0,0,0,0,0,0,0,4.04487,0,4.40808,0,0,0,0
"MtrNatGas",6,30,20,"",24.7,0,0,0,12.725,0,0,0,0,0,0,0,0,0,0,0,0,0,9.575,0,2.39995,0,0,0,0
"MtrNatGas",6,30,21,"",9.16569,0,0,0,6.35418,0,0,0,0,0,0,0,0,0,0,0,0,0,1.78296,0,1.02855,0,0,0,0
"MtrNatGas",6,30,22,"",12.2234,0,0,0,11.7336,0,0,0,0,0,0,0,0,0,0,0,0,0,0,0,0.489787,0,0,0,0
"MtrNatGas",6,30,23,"",9.91809,0,0,0,8.21144,0,0,0,0,0,0,0,0,0,0,0,0,0,1.41278,0,0.293872,0,0,0,0
"MtrNatGas",6,30,24,"",30.1081,0,0,0,26.1477,0,0,0,0,0,0,0,0,0,0,0,0,0,3.71548,0,0.244893,0,0,0,0
"MtrNatGas",7,1,1,"",5.51057,0,0,0,2.80575,0,0,0,0,0,0,0,0,0,0,0,0,0,2.57478,0,0.130042,0,0,0,0
"MtrNatGas",7,1,2,"",3.06679,0,0,0,2.96276,0,0,0,0,0,0,0,0,0,0,0,0,0,0,0,0.104034,0,0,0,0
"MtrNatGas",7,1,3,"",4.52443,0,0,0,4.4204,0,0,0,0,0,0,0,0,0,0,0,0,0,0,0,0.104034,0,0,0,0
"MtrNatGas",7,1,4,"",3.19454,0,0,0,3.09051,0,0,0,0,0,0,0,0,0,0,0,0,0,0,0,0.104034,0,0,0,0
"MtrNatGas",7,1,5,"",4.71021,0,0,0,4.60618,0,0,0,0,0,0,0,0,0,0,0,0,0,0,0,0.104034,0,0,0,0
"MtrNatGas",7,1,6,"",9.73667,0,0,0,9.37255,0,0,0,0,0,0,0,0,0,0,0,0,0,0,0,0.364118,0,0,0,0
"MtrNatGas",7,1,7,"",23.4464,0,0,0,22.9522,0,0,0,0,0,0,0,0,0,0,0,0,0,0,0,0.494161,0,0,0,0
"MtrNatGas",7,1,8,"",41.3107,0,0,0,32.9574,0,0,0,0,0,0,0,0,0,0,0,0,0,7.70312,0,0.650212,0,0,0,0
"MtrNatGas",7,1,9,"",37.1095,0,0,0,36.4333,0,0,0,0,0,0,0,0,0,0,0,0,0,0,0,0.67622,0,0,0,0
"MtrNatGas",7,1,10,"",18.4504,0,0,0,10.1789,0,0,0,0,0,0,0,0,0,0,0,0,0,7.69937,0,0.572186,0,0,0,0
"MtrNatGas",7,1,11,"",7.12283,0,0,0,6.57665,0,0,0,0,0,0,0,0,0,0,0,0,0,0,0,0.546178,0,0,0,0
"MtrNatGas",7,1,12,"",12.7313,0,0,0,11.977,0,0,0,0,0,0,0,0,0,0,0,0,0,0,0,0.754245,0,0,0,0
"MtrNatGas",7,1,13,"",18.4789,0,0,0,9.86703,0,0,0,0,0,0,0,0,0,0,0,0,0,7.70155,0,0.910296,0,0,0,0
"MtrNatGas",7,1,14,"",12.262,0,0,0,5.33104,0,0,0,0,0,0,0,0,0,0,0,0,0,6.09871,0,0.832271,0,0,0,0
"MtrNatGas",7,1,15,"",13.8495,0,0,0,3.65896,0,0,0,0,0,0,0,0,0,0,0,0,0,9.30622,0,0.884288,0,0,0,0
"MtrNatGas",7,1,16,"",9.30818,0,0,0,4.1211,0,0,0,0,0,0,0,0,0,0,0,0,0,3.83464,0,1.35244,0,0,0,0
"MtrNatGas",7,1,17,"",10.708,0,0,0,3.85141,0,0,0,0,0,0,0,0,0,0,0,0,0,3.86561,0,2.99097,0,0,0,0
"MtrNatGas",7,1,18,"",10.8049,0,0,0,5.78528,0,0,0,0,0,0,0,0,0,0,0,0,0,0,0,5.01963,0,0,0,0
"MtrNatGas",7,1,19,"",28.4554,0,0,0,19.7291,0,0,0,0,0,0,0,0,0,0,0,0,0,4.04487,0,4.68152,0,0,0,0
"MtrNatGas",7,1,20,"",32.7155,0,0,0,18.8077,0,0,0,0,0,0,0,0,0,0,0,0,0,11.359,0,2.54883,0,0,0,0
"MtrNatGas",7,1,21,"",33.649,0,0,0,32.5567,0,0,0,0,0,0,0,0,0,0,0,0,0,0,0,1.09236,0,0,0,0
"MtrNatGas",7,1,22,"",38.6504,0,0,0,38.1302,0,0,0,0,0,0,0,0,0,0,0,0,0,0,0,0.520169,0,0,0,0
"MtrNatGas",7,1,23,"",23.6224,0,0,0,11.9604,0,0,0,0,0,0,0,0,0,0,0,0,0,11.3498,0,0.312101,0,0,0,0
"MtrNatGas",7,1,24,"",12.8606,0,0,0,8.54695,0,0,0,0,0,0,0,0,0,0,0,0,0,4.05355,0,0.260085,0,0,0,0
"MtrNatGas",7,2,1,"",5.31647,0,0,0,5.18643,0,0,0,0,0,0,0,0,0,0,0,0,0,0,0,0.130042,0,0,0,0
"MtrNatGas",7,2,2,"",3.20104,0,0,0,3.09701,0,0,0,0,0,0,0,0,0,0,0,0,0,0,0,0.104034,0,0,0,0
"MtrNatGas",7,2,3,"",2.9181,0,0,0,2.81406,0,0,0,0,0,0,0,0,0,0,0,0,0,0,0,0.104034,0,0,0,0
"MtrNatGas",7,2,4,"",4.20764,0,0,0,4.10361,0,0,0,0,0,0,0,0,0,0,0,0,0,0,0,0.104034,0,0,0,0
"MtrNatGas",7,2,5,"",3.10053,0,0,0,2.9965,0,0,0,0,0,0,0,0,0,0,0,0,0,0,0,0.104034,0,0,0,0
"MtrNatGas",7,2,6,"",13.0195,0,0,0,12.6554,0,0,0,0,0,0,0,0,0,0,0,0,0,0,0,0.364118,0,0,0,0
"MtrNatGas",7,2,7,"",22.5996,0,0,0,22.1054,0,0,0,0,0,0,0,0,0,0,0,0,0,0,0,0.494161,0,0,0,0
"MtrNatGas",7,2,8,"",54.6584,0,0,0,54.0082,0,0,0,0,0,0,0,0,0,0,0,0,0,0,0,0.650212,0,0,0,0
"MtrNatGas",7,2,9,"",29.2784,0,0,0,28.6022,0,0,0,0,0,0,0,0,0,0,0,0,0,0,0,0.67622,0,0,0,0
"MtrNatGas",7,2,10,"",15.8105,0,0,0,15.2383,0,0,0,0,0,0,0,0,0,0,0,0,0,0,0,0.572186,0,0,0,0
"MtrNatGas",7,2,11,"",9.87334,0,0,0,9.32716,0,0,0,0,0,0,0,0,0,0,0,0,0,0,0,0.546178,0,0,0,0
"MtrNatGas",7,2,12,"",16.5681,0,0,0,8.11096,0,0,0,0,0,0,0,0,0,0,0,0,0,7.70286,0,0.754245,0,0,0,0
"MtrNatGas",7,2,13,"",19.2202,0,0,0,10.6084,0,0,0,0,0,0,0,0,0,0,0,0,0,7.70155,0,0.910296,0,0,0,0
"MtrNatGas",7,2,14,"",12.4324,0,0,0,3.89888,0,0,0,0,0,0,0,0,0,0,0,0,0,7.70127,0,0.832271,0,0,0,0
"MtrNatGas",7,2,15,"",7.81572,0,0,0,6.93144,0,0,0,0,0,0,0,0,0,0,0,0,0,0,0,0.884288,0,0,0,0
"MtrNatGas",7,2,16,"",8.39272,0,0,0,7.04028,0,0,0,0,0,0,0,0,0,0,0,0,0,0,0,1.35244,0,0,0,0
"MtrNatGas",7,2,17,"",9.76311,0,0,0,6.77214,0,0,0,0,0,0,0,0,0,0,0,0,0,0,0,2.99097,0,0,0,0
"MtrNatGas",7,2,18,"",12.3236,0,0,0,7.30394,0,0,0,0,0,0,0,0,0,0,0,0,0,0,0,5.01963,0,0,0,0
"MtrNatGas",7,2,19,"",26.8877,0,0,0,22.2062,0,0,0,0,0,0,0,0,0,0,0,0,0,0,0,4.68152,0,0,0,0
"MtrNatGas",7,2,20,"",12.6309,0,0,0,10.0821,0,0,0,0,0,0,0,0,0,0,0,0,0,0,0,2.54883,0,0,0,0
"MtrNatGas",7,2,21,"",16.309,0,0,0,15.2167,0,0,0,0,0,0,0,0,0,0,0,0,0,0,0,1.09236,0,0,0,0
"MtrNatGas",7,2,22,"",12.839,0,0,0,12.3188,0,0,0,0,0,0,0,0,0,0,0,0,0,0,0,0.520169,0,0,0,0
"MtrNatGas",7,2,23,"",6.17705,0,0,0,5.86495,0,0,0,0,0,0,0,0,0,0,0,0,0,0,0,0.312101,0,0,0,0
"MtrNatGas",7,2,24,"",20.6697,0,0,0,20.4096,0,0,0,0,0,0,0,0,0,0,0,0,0,0,0,0.260085,0,0,0,0
"MtrNatGas",7,3,1,"",2.94498,0,0,0,2.81493,0,0,0,0,0,0,0,0,0,0,0,0,0,0,0,0.130042,0,0,0,0
"MtrNatGas",7,3,2,"",2.91897,0,0,0,2.81493,0,0,0,0,0,0,0,0,0,0,0,0,0,0,0,0.104034,0,0,0,0
"MtrNatGas",7,3,3,"",2.89252,0,0,0,2.81449,0,0,0,0,0,0,0,0,0,0,0,0,0,0,0,0.0780254,0,0,0,0
"MtrNatGas",7,3,4,"",2.89252,0,0,0,2.81449,0,0,0,0,0,0,0,0,0,0,0,0,0,0,0,0.0780254,0,0,0,0
"MtrNatGas",7,3,5,"",2.89209,0,0,0,2.81406,0,0,0,0,0,0,0,0,0,0,0,0,0,0,0,0.0780254,0,0,0,0
"MtrNatGas",7,3,6,"",3.22742,0,0,0,3.09737,0,0,0,0,0,0,0,0,0,0,0,0,0,0,0,0.130042,0,0,0,0
"MtrNatGas",7,3,7,"",22.5718,0,0,0,22.3117,0,0,0,0,0,0,0,0,0,0,0,0,0,0,0,0.260085,0,0,0,0
"MtrNatGas",7,3,8,"",23.3574,0,0,0,22.6552,0,0,0,0,0,0,0,0,0,0,0,0,0,0,0,0.702228,0,0,0,0
"MtrNatGas",7,3,9,"",25.8681,0,0,0,24.6197,0,0,0,0,0,0,0,0,0,0,0,0,0,0,0,1.24841,0,0,0,0
"MtrNatGas",7,3,10,"",49.3323,0,0,0,27.4139,0,0,0,0,0,0,0,0,0,0,0,0,0,20.67,0,1.24841,0,0,0,0
"MtrNatGas",7,3,11,"",9.57527,0,0,0,5.93962,0,0,0,0,0,0,0,0,0,0,0,0,0,2.43926,0,1.19639,0,0,0,0
"MtrNatGas",7,3,12,"",15.7451,0,0,0,14.3146,0,0,0,0,0,0,0,0,0,0,0,0,0,0,0,1.43047,0,0,0,0
"MtrNatGas",7,3,13,"",7.03428,0,0,0,5.39574,0,0,0,0,0,0,0,0,0,0,0,0,0,0,0,1.63853,0,0,0,0
"MtrNatGas",7,3,14,"",5.12153,0,0,0,3.58703,0,0,0,0,0,0,0,0,0,0,0,0,0,0,0,1.5345,0,0,0,0
"MtrNatGas",7,3,15,"",9.23252,0,0,0,3.22126,0,0,0,0,0,0,0,0,0,0,0,0,0,4.39874,0,1.61252,0,0,0,0
"MtrNatGas",7,3,16,"",7.67484,0,0,0,2.60012,0,0,0,0,0,0,0,0,0,0,0,0,0,3.30614,0,1.76858,0,0,0,0
"MtrNatGas",7,3,17,"",3.70083,0,0,0,1.33407,0,0,0,0,0,0,0,0,0,0,0,0,0,0,0,2.36677,0,0,0,0
"MtrNatGas",7,3,18,"",6.017,0,0,0,2.40183,0,0,0,0,0,0,0,0,0,0,0,0,0,0,0,3.61518,0,0,0,0
"MtrNatGas",7,3,19,"",21.7257,0,0,0,10.6693,0,0,0,0,0,0,0,0,0,0,0,0,0,7.70131,0,3.35509,0,0,0,0
"MtrNatGas",7,3,20,"",5.31727,0,0,0,3.44466,0,0,0,0,0,0,0,0,0,0,0,0,0,0,0,1.87261,0,0,0,0
"MtrNatGas",7,3,21,"",28.6319,0,0,0,27.7996,0,0,0,0,0,0,0,0,0,0,0,0,0,0,0,0.832271,0,0,0,0
"MtrNatGas",7,3,22,"",6.19468,0,0,0,5.83056,0,0,0,0,0,0,0,0,0,0,0,0,0,0,0,0.364118,0,0,0,0
"MtrNatGas",7,3,23,"",4.7203,0,0,0,4.48622,0,0,0,0,0,0,0,0,0,0,0,0,0,0,0,0.234076,0,0,0,0
"MtrNatGas",7,3,24,"",2.95066,0,0,0,2.82062,0,0,0,0,0,0,0,0,0,0,0,0,0,0,0,0.130042,0,0,0,0
"MtrNatGas",7,4,1,"",3.26017,0,0,0,3.13013,0,0,0,0,0,0,0,0,0,0,0,0,0,0,0,0.130042,0,0,0,0
"MtrNatGas",7,4,2,"",3.07464,0,0,0,2.97061,0,0,0,0,0,0,0,0,0,0,0,0,0,0,0,0.104034,0,0,0,0
"MtrNatGas",7,4,3,"",2.89645,0,0,0,2.81843,0,0,0,0,0,0,0,0,0,0,0,0,0,0,0,0.0780254,0,0,0,0
"MtrNatGas",7,4,4,"",2.89558,0,0,0,2.81756,0,0,0,0,0,0,0,0,0,0,0,0,0,0,0,0.0780254,0,0,0,0
"MtrNatGas",7,4,5,"",2.89471,0,0,0,2.81668,0,0,0,0,0,0,0,0,0,0,0,0,0,0,0,0.0780254,0,0,0,0
"MtrNatGas",7,4,6,"",4.85628,0,0,0,4.72624,0,0,0,0,0,0,0,0,0,0,0,0,0,0,0,0.130042,0,0,0,0
"MtrNatGas",7,4,7,"",7.46933,0,0,0,7.20925,0,0,0,0,0,0,0,0,0,0,0,0,0,0,0,0.260085,0,0,0,0
"MtrNatGas",7,4,8,"",28.3041,0,0,0,23.203,0,0,0,0,0,0,0,0,0,0,0,0,0,4.39885,0,0.702228,0,0,0,0
"MtrNatGas",7,4,9,"",19.1791,0,0,0,11.2194,0,0,0,0,0,0,0,0,0,0,0,0,0,6.7113,0,1.24841,0,0,0,0
"MtrNatGas",7,4,10,"",40.4663,0,0,0,34.9222,0,0,0,0,0,0,0,0,0,0,0,0,0,4.29572,0,1.24841,0,0,0,0
"MtrNatGas",7,4,11,"",72.5118,0,0,0,60.4313,0,0,0,0,0,0,0,0,0,0,0,0,0,10.8842,0,1.19639,0,0,0,0
"MtrNatGas",7,4,12,"",38.312,0,0,0,26.5066,0,0,0,0,0,0,0,0,0,0,0,0,0,10.3749,0,1.43047,0,0,0,0
"MtrNatGas",7,4,13,"",29.6039,0,0,0,12.2131,0,0,0,0,0,0,0,0,0,0,0,0,0,15.7523,0,1.63853,0,0,0,0
"MtrNatGas",7,4,14,"",20.1976,0,0,0,9.46563,0,0,0,0,0,0,0,0,0,0,0,0,0,9.1975,0,1.5345,0,0,0,0
"MtrNatGas",7,4,15,"",12.4298,0,0,0,10.8173,0,0,0,0,0,0,0,0,0,0,0,0,0,0,0,1.61252,0,0,0,0
"MtrNatGas",7,4,16,"",13.2131,0,0,0,7.04323,0,0,0,0,0,0,0,0,0,0,0,0,0,4.40128,0,1.76858,0,0,0,0
"MtrNatGas",7,4,17,"",25.1396,0,0,0,11.6145,0,0,0,0,0,0,0,0,0,0,0,0,0,11.1584,0,2.36677,0,0,0,0
"MtrNatGas",7,4,18,"",27.8837,0,0,0,12.504,0,0,0,0,0,0,0,0,0,0,0,0,0,11.7645,0,3.61518,0,0,0,0
"MtrNatGas",7,4,19,"",37.0101,0,0,0,22.4721,0,0,0,0,0,0,0,0,0,0,0,0,0,11.1829,0,3.35509,0,0,0,0
"MtrNatGas",7,4,20,"",23.145,0,0,0,21.2724,0,0,0,0,0,0,0,0,0,0,0,0,0,0,0,1.87261,0,0,0,0
"MtrNatGas",7,4,21,"",13.0414,0,0,0,9.04939,0,0,0,0,0,0,0,0,0,0,0,0,0,3.15976,0,0.832271,0,0,0,0
"MtrNatGas",7,4,22,"",29.4649,0,0,0,24.5599,0,0,0,0,0,0,0,0,0,0,0,0,0,4.54086,0,0.364118,0,0,0,0
"MtrNatGas",7,4,23,"",18.0916,0,0,0,10.1567,0,0,0,0,0,0,0,0,0,0,0,0,0,7.70077,0,0.234076,0,0,0,0
"MtrNatGas",7,4,24,"",3.48062,0,0,0,3.35058,0,0,0,0,0,0,0,0,0,0,0,0,0,0,0,0.130042,0,0,0,0
"MtrNatGas",7,5,1,"",3.7287,0,0,0,3.59866,0,0,0,0,0,0,0,0,0,0,0,0,0,0,0,0.130042,0,0,0,0
"MtrNatGas",7,5,2,"",3.06804,0,0,0,2.964,0,0,0,0,0,0,0,0,0,0,0,0,0,0,0,0.104034,0,0,0,0
"MtrNatGas",7,5,3,"",2.8899,0,0,0,2.81187,0,0,0,0,0,0,0,0,0,0,0,0,0,0,0,0.0780254,0,0,0,0
"MtrNatGas",7,5,4,"",2.88946,0,0,0,2.81144,0,0,0,0,0,0,0,0,0,0,0,0,0,0,0,0.0780254,0,0,0,0
"MtrNatGas",7,5,5,"",2.88859,0,0,0,2.81056,0,0,0,0,0,0,0,0,0,0,0,0,0,0,0,0.0780254,0,0,0,0
"MtrNatGas",7,5,6,"",2.93973,0,0,0,2.80969,0,0,0,0,0,0,0,0,0,0,0,0,0,0,0,0.130042,0,0,0,0
"MtrNatGas",7,5,7,"",3.39996,0,0,0,3.13987,0,0,0,0,0,0,0,0,0,0,0,0,0,0,0,0.260085,0,0,0,0
"MtrNatGas",7,5,8,"",4.09897,0,0,0,3.39674,0,0,0,0,0,0,0,0,0,0,0,0,0,0,0,0.702228,0,0,0,0
"MtrNatGas",7,5,9,"",19.2447,0,0,0,17.9963,0,0,0,0,0,0,0,0,0,0,0,0,0,0,0,1.24841,0,0,0,0
"MtrNatGas",7,5,10,"",29.3722,0,0,0,28.1237,0,0,0,0,0,0,0,0,0,0,0,0,0,0,0,1.24841,0,0,0,0
"MtrNatGas",7,5,11,"",16.5819,0,0,0,15.3855,0,0,0,0,0,0,0,0,0,0,0,0,0,0,0,1.19639,0,0,0,0
"MtrNatGas",7,5,12,"",18.5948,0,0,0,13.4387,0,0,0,0,0,0,0,0,0,0,0,0,0,3.72559,0,1.43047,0,0,0,0
"MtrNatGas",7,5,13,"",11.382,0,0,0,5.77022,0,0,0,0,0,0,0,0,0,0,0,0,0,3.97329,0,1.63853,0,0,0,0
"MtrNatGas",7,5,14,"",12.6272,0,0,0,11.0927,0,0,0,0,0,0,0,0,0,0,0,0,0,0,0,1.5345,0,0,0,0
"MtrNatGas",7,5,15,"",7.3181,0,0,0,5.70557,0,0,0,0,0,0,0,0,0,0,0,0,0,0,0,1.61252,0,0,0,0
"MtrNatGas",7,5,16,"",6.133,0,0,0,4.36443,0,0,0,0,0,0,0,0,0,0,0,0,0,0,0,1.76858,0,0,0,0
"MtrNatGas",7,5,17,"",5.84161,0,0,0,3.47484,0,0,0,0,0,0,0,0,0,0,0,0,0,0,0,2.36677,0,0,0,0
"MtrNatGas",7,5,18,"",7.54496,0,0,0,3.92978,0,0,0,0,0,0,0,0,0,0,0,0,0,0,0,3.61518,0,0,0,0
"MtrNatGas",7,5,19,"",20.5024,0,0,0,9.44446,0,0,0,0,0,0,0,0,0,0,0,0,0,7.70286,0,3.35509,0,0,0,0
"MtrNatGas",7,5,20,"",10.9692,0,0,0,5.52629,0,0,0,0,0,0,0,0,0,0,0,0,0,3.57035,0,1.87261,0,0,0,0
"MtrNatGas",7,5,21,"",13.6355,0,0,0,8.67205,0,0,0,0,0,0,0,0,0,0,0,0,0,4.13114,0,0.832271,0,0,0,0
"MtrNatGas",7,5,22,"",14.666,0,0,0,14.3019,0,0,0,0,0,0,0,0,0,0,0,0,0,0,0,0.364118,0,0,0,0
"MtrNatGas",7,5,23,"",5.94156,0,0,0,5.70748,0,0,0,0,0,0,0,0,0,0,0,0,0,0,0,0.234076,0,0,0,0
"MtrNatGas",7,5,24,"",4.85925,0,0,0,4.7292,0,0,0,0,0,0,0,0,0,0,0,0,0,0,0,0.130042,0,0,0,0
"MtrNatGas",7,6,1,"",3.96399,0,0,0,3.83394,0,0,0,0,0,0,0,0,0,0,0,0,0,0,0,0.130042,0,0,0,0
"MtrNatGas",7,6,2,"",2.90979,0,0,0,2.80575,0,0,0,0,0,0,0,0,0,0,0,0,0,0,0,0.104034,0,0,0,0
"MtrNatGas",7,6,3,"",2.90979,0,0,0,2.80575,0,0,0,0,0,0,0,0,0,0,0,0,0,0,0,0.104034,0,0,0,0
"MtrNatGas",7,6,4,"",2.90979,0,0,0,2.80575,0,0,0,0,0,0,0,0,0,0,0,0,0,0,0,0.104034,0,0,0,0
"MtrNatGas",7,6,5,"",2.90935,0,0,0,2.80531,0,0,0,0,0,0,0,0,0,0,0,0,0,0,0,0.104034,0,0,0,0
"MtrNatGas",7,6,6,"",3.16943,0,0,0,2.80531,0,0,0,0,0,0,0,0,0,0,0,0,0,0,0,0.364118,0,0,0,0
"MtrNatGas",7,6,7,"",24.4534,0,0,0,23.9592,0,0,0,0,0,0,0,0,0,0,0,0,0,0,0,0.494161,0,0,0,0
"MtrNatGas",7,6,8,"",15.7058,0,0,0,15.0556,0,0,0,0,0,0,0,0,0,0,0,0,0,0,0,0.650212,0,0,0,0
"MtrNatGas",7,6,9,"",19.3223,0,0,0,10.9455,0,0,0,0,0,0,0,0,0,0,0,0,0,7.70058,0,0.67622,0,0,0,0
"MtrNatGas",7,6,10,"",12.3606,0,0,0,7.47599,0,0,0,0,0,0,0,0,0,0,0,0,0,4.31242,0,0.572186,0,0,0,0
"MtrNatGas",7,6,11,"",11.2976,0,0,0,7.36162,0,0,0,0,0,0,0,0,0,0,0,0,0,3.38981,0,0.546178,0,0,0,0
"MtrNatGas",7,6,12,"",14.3319,0,0,0,5.87669,0,0,0,0,0,0,0,0,0,0,0,0,0,7.70093,0,0.754245,0,0,0,0
"MtrNatGas",7,6,13,"",5.93599,0,0,0,5.02569,0,0,0,0,0,0,0,0,0,0,0,0,0,0,0,0.910296,0,0,0,0
"MtrNatGas",7,6,14,"",7.4227,0,0,0,4.09348,0,0,0,0,0,0,0,0,0,0,0,0,0,2.49695,0,0.832271,0,0,0,0
"MtrNatGas",7,6,15,"",24.8188,0,0,0,18.728,0,0,0,0,0,0,0,0,0,0,0,0,0,5.20652,0,0.884288,0,0,0,0
"MtrNatGas",7,6,16,"",9.62064,0,0,0,8.2682,0,0,0,0,0,0,0,0,0,0,0,0,0,0,0,1.35244,0,0,0,0
"MtrNatGas",7,6,17,"",12.9055,0,0,0,9.91457,0,0,0,0,0,0,0,0,0,0,0,0,0,0,0,2.99097,0,0,0,0
"MtrNatGas",7,6,18,"",14.6656,0,0,0,9.64592,0,0,0,0,0,0,0,0,0,0,0,0,0,0,0,5.01963,0,0,0,0
"MtrNatGas",7,6,19,"",14.0395,0,0,0,9.35799,0,0,0,0,0,0,0,0,0,0,0,0,0,0,0,4.68152,0,0,0,0
"MtrNatGas",7,6,20,"",20.4044,0,0,0,17.8556,0,0,0,0,0,0,0,0,0,0,0,0,0,0,0,2.54883,0,0,0,0
"MtrNatGas",7,6,21,"",17.9163,0,0,0,16.824,0,0,0,0,0,0,0,0,0,0,0,0,0,0,0,1.09236,0,0,0,0
"MtrNatGas",7,6,22,"",20.8972,0,0,0,20.377,0,0,0,0,0,0,0,0,0,0,0,0,0,0,0,0.520169,0,0,0,0
"MtrNatGas",7,6,23,"",4.74834,0,0,0,4.43624,0,0,0,0,0,0,0,0,0,0,0,0,0,0,0,0.312101,0,0,0,0
"MtrNatGas",7,6,24,"",4.63442,0,0,0,4.37434,0,0,0,0,0,0,0,0,0,0,0,0,0,0,0,0.260085,0,0,0,0
"MtrNatGas",7,7,1,"",3.48016,0,0,0,3.35011,0,0,0,0,0,0,0,0,0,0,0,0,0,0,0,0.130042,0,0,0,0
"MtrNatGas",7,7,2,"",2.90366,0,0,0,2.79963,0,0,0,0,0,0,0,0,0,0,0,0,0,0,0,0.104034,0,0,0,0
"MtrNatGas",7,7,3,"",3.9088,0,0,0,3.80477,0,0,0,0,0,0,0,0,0,0,0,0,0,0,0,0.104034,0,0,0,0
"MtrNatGas",7,7,4,"",2.90673,0,0,0,2.80269,0,0,0,0,0,0,0,0,0,0,0,0,0,0,0,0.104034,0,0,0,0
"MtrNatGas",7,7,5,"",3.05627,0,0,0,2.95224,0,0,0,0,0,0,0,0,0,0,0,0,0,0,0,0.104034,0,0,0,0
"MtrNatGas",7,7,6,"",21.4468,0,0,0,21.0827,0,0,0,0,0,0,0,0,0,0,0,0,0,0,0,0.364118,0,0,0,0
"MtrNatGas",7,7,7,"",24.2348,0,0,0,16.0406,0,0,0,0,0,0,0,0,0,0,0,0,0,7.70002,0,0.494161,0,0,0,0
"MtrNatGas",7,7,8,"",18.7551,0,0,0,18.1049,0,0,0,0,0,0,0,0,0,0,0,0,0,0,0,0.650212,0,0,0,0
"MtrNatGas",7,7,9,"",16.5684,0,0,0,8.19159,0,0,0,0,0,0,0,0,0,0,0,0,0,7.70058,0,0.67622,0,0,0,0
"MtrNatGas",7,7,10,"",25.5531,0,0,0,24.9809,0,0,0,0,0,0,0,0,0,0,0,0,0,0,0,0.572186,0,0,0,0
"MtrNatGas",7,7,11,"",21.8355,0,0,0,13.5862,0,0,0,0,0,0,0,0,0,0,0,0,0,7.70308,0,0.546178,0,0,0,0
"MtrNatGas",7,7,12,"",15.5747,0,0,0,7.11951,0,0,0,0,0,0,0,0,0,0,0,0,0,7.70093,0,0.754245,0,0,0,0
"MtrNatGas",7,7,13,"",8.91448,0,0,0,5.75765,0,0,0,0,0,0,0,0,0,0,0,0,0,2.24654,0,0.910296,0,0,0,0
"MtrNatGas",7,7,14,"",9.8444,0,0,0,3.55567,0,0,0,0,0,0,0,0,0,0,0,0,0,5.45646,0,0.832271,0,0,0,0
"MtrNatGas",7,7,15,"",7.88864,0,0,0,7.00436,0,0,0,0,0,0,0,0,0,0,0,0,0,0,0,0.884288,0,0,0,0
"MtrNatGas",7,7,16,"",10.3141,0,0,0,6.02034,0,0,0,0,0,0,0,0,0,0,0,0,0,2.94132,0,1.35244,0,0,0,0
"MtrNatGas",7,7,17,"",20.326,0,0,0,12.5761,0,0,0,0,0,0,0,0,0,0,0,0,0,4.75893,0,2.99097,0,0,0,0
"MtrNatGas",7,7,18,"",10.6178,0,0,0,5.59819,0,0,0,0,0,0,0,0,0,0,0,0,0,0,0,5.01963,0,0,0,0
"MtrNatGas",7,7,19,"",9.83871,0,0,0,5.15719,0,0,0,0,0,0,0,0,0,0,0,0,0,0,0,4.68152,0,0,0,0
"MtrNatGas",7,7,20,"",21.8863,0,0,0,19.3375,0,0,0,0,0,0,0,0,0,0,0,0,0,0,0,2.54883,0,0,0,0
"MtrNatGas",7,7,21,"",14.1521,0,0,0,13.0598,0,0,0,0,0,0,0,0,0,0,0,0,0,0,0,1.09236,0,0,0,0
"MtrNatGas",7,7,22,"",5.58885,0,0,0,5.06868,0,0,0,0,0,0,0,0,0,0,0,0,0,0,0,0.520169,0,0,0,0
"MtrNatGas",7,7,23,"",6.56127,0,0,0,4.83639,0,0,0,0,0,0,0,0,0,0,0,0,0,1.41278,0,0.312101,0,0,0,0
"MtrNatGas",7,7,24,"",11.6446,0,0,0,7.66901,0,0,0,0,0,0,0,0,0,0,0,0,0,3.71548,0,0.260085,0,0,0,0
"MtrNatGas",7,8,1,"",5.85849,0,0,0,3.15367,0,0,0,0,0,0,0,0,0,0,0,0,0,2.57478,0,0.130042,0,0,0,0
"MtrNatGas",7,8,2,"",3.05759,0,0,0,2.95356,0,0,0,0,0,0,0,0,0,0,0,0,0,0,0,0.104034,0,0,0,0
"MtrNatGas",7,8,3,"",3.9122,0,0,0,3.80817,0,0,0,0,0,0,0,0,0,0,0,0,0,0,0,0.104034,0,0,0,0
"MtrNatGas",7,8,4,"",4.03847,0,0,0,3.93443,0,0,0,0,0,0,0,0,0,0,0,0,0,0,0,0.104034,0,0,0,0
"MtrNatGas",7,8,5,"",4.92301,0,0,0,4.81898,0,0,0,0,0,0,0,0,0,0,0,0,0,0,0,0.104034,0,0,0,0
"MtrNatGas",7,8,6,"",5.75495,0,0,0,5.39084,0,0,0,0,0,0,0,0,0,0,0,0,0,0,0,0.364118,0,0,0,0
"MtrNatGas",7,8,7,"",32.8302,0,0,0,32.336,0,0,0,0,0,0,0,0,0,0,0,0,0,0,0,0.494161,0,0,0,0
"MtrNatGas",7,8,8,"",32.7767,0,0,0,32.1264,0,0,0,0,0,0,0,0,0,0,0,0,0,0,0,0.650212,0,0,0,0
"MtrNatGas",7,8,9,"",49.1659,0,0,0,48.4897,0,0,0,0,0,0,0,0,0,0,0,0,0,0,0,0.67622,0,0,0,0
"MtrNatGas",7,8,10,"",23.9352,0,0,0,20.8547,0,0,0,0,0,0,0,0,0,0,0,0,0,2.50833,0,0.572186,0,0,0,0
"MtrNatGas",7,8,11,"",20.8135,0,0,0,15.0731,0,0,0,0,0,0,0,0,0,0,0,0,0,5.19421,0,0.546178,0,0,0,0
"MtrNatGas",7,8,12,"",7.11537,0,0,0,6.36112,0,0,0,0,0,0,0,0,0,0,0,0,0,0,0,0.754245,0,0,0,0
"MtrNatGas",7,8,13,"",6.14586,0,0,0,5.23557,0,0,0,0,0,0,0,0,0,0,0,0,0,0,0,0.910296,0,0,0,0
"MtrNatGas",7,8,14,"",7.00084,0,0,0,6.16857,0,0,0,0,0,0,0,0,0,0,0,0,0,0,0,0.832271,0,0,0,0
"MtrNatGas",7,8,15,"",4.35069,0,0,0,3.4664,0,0,0,0,0,0,0,0,0,0,0,0,0,0,0,0.884288,0,0,0,0
"MtrNatGas",7,8,16,"",6.05127,0,0,0,4.69883,0,0,0,0,0,0,0,0,0,0,0,0,0,0,0,1.35244,0,0,0,0
"MtrNatGas",7,8,17,"",22.4963,0,0,0,11.8028,0,0,0,0,0,0,0,0,0,0,0,0,0,7.70248,0,2.99097,0,0,0,0
"MtrNatGas",7,8,18,"",24.5343,0,0,0,11.8143,0,0,0,0,0,0,0,0,0,0,0,0,0,7.70039,0,5.01963,0,0,0,0
"MtrNatGas",7,8,19,"",37.9125,0,0,0,25.5295,0,0,0,0,0,0,0,0,0,0,0,0,0,7.70148,0,4.68152,0,0,0,0
"MtrNatGas",7,8,20,"",20.2461,0,0,0,17.6973,0,0,0,0,0,0,0,0,0,0,0,0,0,0,0,2.54883,0,0,0,0
"MtrNatGas",7,8,21,"",17.8888,0,0,0,16.7964,0,0,0,0,0,0,0,0,0,0,0,0,0,0,0,1.09236,0,0,0,0
"MtrNatGas",7,8,22,"",13.9067,0,0,0,13.3865,0,0,0,0,0,0,0,0,0,0,0,0,0,0,0,0.520169,0,0,0,0
"MtrNatGas",7,8,23,"",17.1888,0,0,0,9.17386,0,0,0,0,0,0,0,0,0,0,0,0,0,7.70279,0,0.312101,0,0,0,0
"MtrNatGas",7,8,24,"",8.28483,0,0,0,8.02474,0,0,0,0,0,0,0,0,0,0,0,0,0,0,0,0.260085,0,0,0,0
"MtrNatGas",7,9,1,"",5.00127,0,0,0,4.87122,0,0,0,0,0,0,0,0,0,0,0,0,0,0,0,0.130042,0,0,0,0
"MtrNatGas",7,9,2,"",5.77366,0,0,0,5.66962,0,0,0,0,0,0,0,0,0,0,0,0,0,0,0,0.104034,0,0,0,0
"MtrNatGas",7,9,3,"",5.72126,0,0,0,5.61723,0,0,0,0,0,0,0,0,0,0,0,0,0,0,0,0.104034,0,0,0,0
"MtrNatGas",7,9,4,"",2.92072,0,0,0,2.81668,0,0,0,0,0,0,0,0,0,0,0,0,0,0,0,0.104034,0,0,0,0
"MtrNatGas",7,9,5,"",3.08222,0,0,0,2.97818,0,0,0,0,0,0,0,0,0,0,0,0,0,0,0,0.104034,0,0,0,0
"MtrNatGas",7,9,6,"",5.46414,0,0,0,5.10002,0,0,0,0,0,0,0,0,0,0,0,0,0,0,0,0.364118,0,0,0,0
"MtrNatGas",7,9,7,"",7.84453,0,0,0,7.35037,0,0,0,0,0,0,0,0,0,0,0,0,0,0,0,0.494161,0,0,0,0
"MtrNatGas",7,9,8,"",17.5169,0,0,0,16.8667,0,0,0,0,0,0,0,0,0,0,0,0,0,0,0,0.650212,0,0,0,0
"MtrNatGas",7,9,9,"",11.0898,0,0,0,10.4135,0,0,0,0,0,0,0,0,0,0,0,0,0,0,0,0.67622,0,0,0,0
"MtrNatGas",7,9,10,"",8.25178,0,0,0,7.67959,0,0,0,0,0,0,0,0,0,0,0,0,0,0,0,0.572186,0,0,0,0
"MtrNatGas",7,9,11,"",5.74855,0,0,0,5.20237,0,0,0,0,0,0,0,0,0,0,0,0,0,0,0,0.546178,0,0,0,0
"MtrNatGas",7,9,12,"",9.1399,0,0,0,8.38565,0,0,0,0,0,0,0,0,0,0,0,0,0,0,0,0.754245,0,0,0,0
"MtrNatGas",7,9,13,"",5.33443,0,0,0,4.42414,0,0,0,0,0,0,0,0,0,0,0,0,0,0,0,0.910296,0,0,0,0
"MtrNatGas",7,9,14,"",4.70487,0,0,0,3.8726,0,0,0,0,0,0,0,0,0,0,0,0,0,0,0,0.832271,0,0,0,0
"MtrNatGas",7,9,15,"",6.63076,0,0,0,5.74647,0,0,0,0,0,0,0,0,0,0,0,0,0,0,0,0.884288,0,0,0,0
"MtrNatGas",7,9,16,"",13.2423,0,0,0,6.00722,0,0,0,0,0,0,0,0,0,0,0,0,0,5.88264,0,1.35244,0,0,0,0
"MtrNatGas",7,9,17,"",22.6831,0,0,0,5.14548,0,0,0,0,0,0,0,0,0,0,0,0,0,14.5467,0,2.99097,0,0,0,0
"MtrNatGas",7,9,18,"",12.648,0,0,0,4.95369,0,0,0,0,0,0,0,0,0,0,0,0,0,2.67465,0,5.01963,0,0,0,0
"MtrNatGas",7,9,19,"",11.3451,0,0,0,6.66359,0,0,0,0,0,0,0,0,0,0,0,0,0,0,0,4.68152,0,0,0,0
"MtrNatGas",7,9,20,"",9.43998,0,0,0,6.89115,0,0,0,0,0,0,0,0,0,0,0,0,0,0,0,2.54883,0,0,0,0
"MtrNatGas",7,9,21,"",12.7702,0,0,0,11.6778,0,0,0,0,0,0,0,0,0,0,0,0,0,0,0,1.09236,0,0,0,0
"MtrNatGas",7,9,22,"",28.7633,0,0,0,28.2431,0,0,0,0,0,0,0,0,0,0,0,0,0,0,0,0.520169,0,0,0,0
"MtrNatGas",7,9,23,"",31.1422,0,0,0,19.4802,0,0,0,0,0,0,0,0,0,0,0,0,0,11.3498,0,0.312101,0,0,0,0
"MtrNatGas",7,9,24,"",10.0414,0,0,0,5.72778,0,0,0,0,0,0,0,0,0,0,0,0,0,4.05355,0,0.260085,0,0,0,0
"MtrNatGas",7,10,1,"",3.23496,0,0,0,3.10492,0,0,0,0,0,0,0,0,0,0,0,0,0,0,0,0.130042,0,0,0,0
"MtrNatGas",7,10,2,"",3.34468,0,0,0,3.24064,0,0,0,0,0,0,0,0,0,0,0,0,0,0,0,0.104034,0,0,0,0
"MtrNatGas",7,10,3,"",3.14012,0,0,0,3.03608,0,0,0,0,0,0,0,0,0,0,0,0,0,0,0,0.104034,0,0,0,0
"MtrNatGas",7,10,4,"",4.29273,0,0,0,4.18869,0,0,0,0,0,0,0,0,0,0,0,0,0,0,0,0.104034,0,0,0,0
"MtrNatGas",7,10,5,"",3.76072,0,0,0,3.65669,0,0,0,0,0,0,0,0,0,0,0,0,0,0,0,0.104034,0,0,0,0
"MtrNatGas",7,10,6,"",23.234,0,0,0,22.8699,0,0,0,0,0,0,0,0,0,0,0,0,0,0,0,0.364118,0,0,0,0
"MtrNatGas",7,10,7,"",9.29801,0,0,0,8.80384,0,0,0,0,0,0,0,0,0,0,0,0,0,0,0,0.494161,0,0,0,0
"MtrNatGas",7,10,8,"",18.4701,0,0,0,17.8199,0,0,0,0,0,0,0,0,0,0,0,0,0,0,0,0.650212,0,0,0,0
"MtrNatGas",7,10,9,"",21.6646,0,0,0,20.9884,0,0,0,0,0,0,0,0,0,0,0,0,0,0,0,0.67622,0,0,0,0
"MtrNatGas",7,10,10,"",20.5589,0,0,0,19.9868,0,0,0,0,0,0,0,0,0,0,0,0,0,0,0,0.572186,0,0,0,0
"MtrNatGas",7,10,11,"",25.4089,0,0,0,5.30223,0,0,0,0,0,0,0,0,0,0,0,0,0,19.5605,0,0.546178,0,0,0,0
"MtrNatGas",7,10,12,"",8.75902,0,0,0,4.46541,0,0,0,0,0,0,0,0,0,0,0,0,0,3.53936,0,0.754245,0,0,0,0
"MtrNatGas",7,10,13,"",8.4644,0,0,0,5.30756,0,0,0,0,0,0,0,0,0,0,0,0,0,2.24654,0,0.910296,0,0,0,0
"MtrNatGas",7,10,14,"",9.67667,0,0,0,3.38794,0,0,0,0,0,0,0,0,0,0,0,0,0,5.45646,0,0.832271,0,0,0,0
"MtrNatGas",7,10,15,"",3.35038,0,0,0,2.46609,0,0,0,0,0,0,0,0,0,0,0,0,0,0,0,0.884288,0,0,0,0
"MtrNatGas",7,10,16,"",2.66965,0,0,0,1.31721,0,0,0,0,0,0,0,0,0,0,0,0,0,0,0,1.35244,0,0,0,0
"MtrNatGas",7,10,17,"",4.27131,0,0,0,1.28034,0,0,0,0,0,0,0,0,0,0,0,0,0,0,0,2.99097,0,0,0,0
"MtrNatGas",7,10,18,"",6.32911,0,0,0,1.30948,0,0,0,0,0,0,0,0,0,0,0,0,0,0,0,5.01963,0,0,0,0
"MtrNatGas",7,10,19,"",6.20959,0,0,0,1.52807,0,0,0,0,0,0,0,0,0,0,0,0,0,0,0,4.68152,0,0,0,0
"MtrNatGas",7,10,20,"",12.4165,0,0,0,9.86767,0,0,0,0,0,0,0,0,0,0,0,0,0,0,0,2.54883,0,0,0,0
"MtrNatGas",7,10,21,"",10.3928,0,0,0,9.30049,0,0,0,0,0,0,0,0,0,0,0,0,0,0,0,1.09236,0,0,0,0
"MtrNatGas",7,10,22,"",13.164,0,0,0,12.6438,0,0,0,0,0,0,0,0,0,0,0,0,0,0,0,0.520169,0,0,0,0
"MtrNatGas",7,10,23,"",9.64781,0,0,0,9.33571,0,0,0,0,0,0,0,0,0,0,0,0,0,0,0,0.312101,0,0,0,0
"MtrNatGas",7,10,24,"",7.84312,0,0,0,7.58303,0,0,0,0,0,0,0,0,0,0,0,0,0,0,0,0.260085,0,0,0,0
"MtrNatGas",7,11,1,"",6.53958,0,0,0,6.40954,0,0,0,0,0,0,0,0,0,0,0,0,0,0,0,0.130042,0,0,0,0
"MtrNatGas",7,11,2,"",4.32941,0,0,0,4.22538,0,0,0,0,0,0,0,0,0,0,0,0,0,0,0,0.104034,0,0,0,0
"MtrNatGas",7,11,3,"",3.65942,0,0,0,3.5814,0,0,0,0,0,0,0,0,0,0,0,0,0,0,0,0.0780254,0,0,0,0
"MtrNatGas",7,11,4,"",3.18525,0,0,0,3.10723,0,0,0,0,0,0,0,0,0,0,0,0,0,0,0,0.0780254,0,0,0,0
"MtrNatGas",7,11,5,"",3.1945,0,0,0,3.11647,0,0,0,0,0,0,0,0,0,0,0,0,0,0,0,0.0780254,0,0,0,0
"MtrNatGas",7,11,6,"",3.44542,0,0,0,3.31538,0,0,0,0,0,0,0,0,0,0,0,0,0,0,0,0.130042,0,0,0,0
"MtrNatGas",7,11,7,"",5.31384,0,0,0,5.05376,0,0,0,0,0,0,0,0,0,0,0,0,0,0,0,0.260085,0,0,0,0
"MtrNatGas",7,11,8,"",8.17589,0,0,0,7.47366,0,0,0,0,0,0,0,0,0,0,0,0,0,0,0,0.702228,0,0,0,0
"MtrNatGas",7,11,9,"",15.0143,0,0,0,13.7659,0,0,0,0,0,0,0,0,0,0,0,0,0,0,0,1.24841,0,0,0,0
"MtrNatGas",7,11,10,"",29.2911,0,0,0,28.0427,0,0,0,0,0,0,0,0,0,0,0,0,0,0,0,1.24841,0,0,0,0
"MtrNatGas",7,11,11,"",19.3256,0,0,0,18.1292,0,0,0,0,0,0,0,0,0,0,0,0,0,0,0,1.19639,0,0,0,0
"MtrNatGas",7,11,12,"",27.7996,0,0,0,15.5321,0,0,0,0,0,0,0,0,0,0,0,0,0,10.8371,0,1.43047,0,0,0,0
"MtrNatGas",7,11,13,"",35.4108,0,0,0,21.5029,0,0,0,0,0,0,0,0,0,0,0,0,0,12.2694,0,1.63853,0,0,0,0
"MtrNatGas",7,11,14,"",25.0358,0,0,0,15.7998,0,0,0,0,0,0,0,0,0,0,0,0,0,7.70154,0,1.5345,0,0,0,0
"MtrNatGas",7,11,15,"",13.0555,0,0,0,11.443,0,0,0,0,0,0,0,0,0,0,0,0,0,0,0,1.61252,0,0,0,0
"MtrNatGas",7,11,16,"",16.164,0,0,0,6.69393,0,0,0,0,0,0,0,0,0,0,0,0,0,7.70154,0,1.76858,0,0,0,0
"MtrNatGas",7,11,17,"",13.3484,0,0,0,10.9816,0,0,0,0,0,0,0,0,0,0,0,0,0,0,0,2.36677,0,0,0,0
"MtrNatGas",7,11,18,"",18.6133,0,0,0,14.9981,0,0,0,0,0,0,0,0,0,0,0,0,0,0,0,3.61518,0,0,0,0
"MtrNatGas",7,11,19,"",28.135,0,0,0,17.0772,0,0,0,0,0,0,0,0,0,0,0,0,0,7.7027,0,3.35509,0,0,0,0
"MtrNatGas",7,11,20,"",18.952,0,0,0,17.0794,0,0,0,0,0,0,0,0,0,0,0,0,0,0,0,1.87261,0,0,0,0
"MtrNatGas",7,11,21,"",24.3286,0,0,0,20.6282,0,0,0,0,0,0,0,0,0,0,0,0,0,2.86817,0,0.832271,0,0,0,0
"MtrNatGas",7,11,22,"",18.8657,0,0,0,13.6678,0,0,0,0,0,0,0,0,0,0,0,0,0,4.83381,0,0.364118,0,0,0,0
"MtrNatGas",7,11,23,"",6.61399,0,0,0,6.37991,0,0,0,0,0,0,0,0,0,0,0,0,0,0,0,0.234076,0,0,0,0
"MtrNatGas",7,11,24,"",11.8368,0,0,0,11.7068,0,0,0,0,0,0,0,0,0,0,0,0,0,0,0,0.130042,0,0,0,0
"MtrNatGas",7,12,1,"",3.21459,0,0,0,3.08455,0,0,0,0,0,0,0,0,0,0,0,0,0,0,0,0.130042,0,0,0,0
"MtrNatGas",7,12,2,"",2.91678,0,0,0,2.81275,0,0,0,0,0,0,0,0,0,0,0,0,0,0,0,0.104034,0,0,0,0
"MtrNatGas",7,12,3,"",3.99093,0,0,0,3.91291,0,0,0,0,0,0,0,0,0,0,0,0,0,0,0,0.0780254,0,0,0,0
"MtrNatGas",7,12,4,"",3.01872,0,0,0,2.94069,0,0,0,0,0,0,0,0,0,0,0,0,0,0,0,0.0780254,0,0,0,0
"MtrNatGas",7,12,5,"",2.88859,0,0,0,2.81056,0,0,0,0,0,0,0,0,0,0,0,0,0,0,0,0.0780254,0,0,0,0
"MtrNatGas",7,12,6,"",3.61788,0,0,0,3.48784,0,0,0,0,0,0,0,0,0,0,0,0,0,0,0,0.130042,0,0,0,0
"MtrNatGas",7,12,7,"",4.27417,0,0,0,4.01408,0,0,0,0,0,0,0,0,0,0,0,0,0,0,0,0.260085,0,0,0,0
"MtrNatGas",7,12,8,"",19.6356,0,0,0,18.0889,0,0,0,0,0,0,0,0,0,0,0,0,0,0.84443,0,0.702228,0,0,0,0
"MtrNatGas",7,12,9,"",27.8408,0,0,0,22.9726,0,0,0,0,0,0,0,0,0,0,0,0,0,3.61978,0,1.24841,0,0,0,0
"MtrNatGas",7,12,10,"",28.8481,0,0,0,20.194,0,0,0,0,0,0,0,0,0,0,0,0,0,7.40575,0,1.24841,0,0,0,0
"MtrNatGas",7,12,11,"",25.8193,0,0,0,18.2643,0,0,0,0,0,0,0,0,0,0,0,0,0,6.35855,0,1.19639,0,0,0,0
"MtrNatGas",7,12,12,"",35.1469,0,0,0,21.1362,0,0,0,0,0,0,0,0,0,0,0,0,0,12.5803,0,1.43047,0,0,0,0
"MtrNatGas",7,12,13,"",10.2629,0,0,0,8.62436,0,0,0,0,0,0,0,0,0,0,0,0,0,0,0,1.63853,0,0,0,0
"MtrNatGas",7,12,14,"",15.9265,0,0,0,10.652,0,0,0,0,0,0,0,0,0,0,0,0,0,3.73998,0,1.5345,0,0,0,0
"MtrNatGas",7,12,15,"",12.5317,0,0,0,6.95907,0,0,0,0,0,0,0,0,0,0,0,0,0,3.96011,0,1.61252,0,0,0,0
"MtrNatGas",7,12,16,"",9.51773,0,0,0,7.74915,0,0,0,0,0,0,0,0,0,0,0,0,0,0,0,1.76858,0,0,0,0
"MtrNatGas",7,12,17,"",9.63016,0,0,0,7.26339,0,0,0,0,0,0,0,0,0,0,0,0,0,0,0,2.36677,0,0,0,0
"MtrNatGas",7,12,18,"",18.6055,0,0,0,14.9903,0,0,0,0,0,0,0,0,0,0,0,0,0,0,0,3.61518,0,0,0,0
"MtrNatGas",7,12,19,"",39.2474,0,0,0,28.1895,0,0,0,0,0,0,0,0,0,0,0,0,0,7.70286,0,3.35509,0,0,0,0
"MtrNatGas",7,12,20,"",20.3468,0,0,0,14.9039,0,0,0,0,0,0,0,0,0,0,0,0,0,3.57035,0,1.87261,0,0,0,0
"MtrNatGas",7,12,21,"",32.0204,0,0,0,19.3547,0,0,0,0,0,0,0,0,0,0,0,0,0,11.8334,0,0.832271,0,0,0,0
"MtrNatGas",7,12,22,"",4.15274,0,0,0,3.78862,0,0,0,0,0,0,0,0,0,0,0,0,0,0,0,0.364118,0,0,0,0
"MtrNatGas",7,12,23,"",4.89467,0,0,0,4.6606,0,0,0,0,0,0,0,0,0,0,0,0,0,0,0,0.234076,0,0,0,0
"MtrNatGas",7,12,24,"",3.21629,0,0,0,3.08625,0,0,0,0,0,0,0,0,0,0,0,0,0,0,0,0.130042,0,0,0,0
"MtrNatGas",7,13,1,"",6.91684,0,0,0,6.7868,0,0,0,0,0,0,0,0,0,0,0,0,0,0,0,0.130042,0,0,0,0
"MtrNatGas",7,13,2,"",10.7768,0,0,0,2.97114,0,0,0,0,0,0,0,0,0,0,0,0,0,7.7016,0,0.104034,0,0,0,0
"MtrNatGas",7,13,3,"",3.09312,0,0,0,2.98909,0,0,0,0,0,0,0,0,0,0,0,0,0,0,0,0.104034,0,0,0,0
"MtrNatGas",7,13,4,"",2.91634,0,0,0,2.81231,0,0,0,0,0,0,0,0,0,0,0,0,0,0,0,0.104034,0,0,0,0
"MtrNatGas",7,13,5,"",2.91503,0,0,0,2.811,0,0,0,0,0,0,0,0,0,0,0,0,0,0,0,0.104034,0,0,0,0
"MtrNatGas",7,13,6,"",5.3826,0,0,0,5.01848,0,0,0,0,0,0,0,0,0,0,0,0,0,0,0,0.364118,0,0,0,0
"MtrNatGas",7,13,7,"",38.875,0,0,0,38.3809,0,0,0,0,0,0,0,0,0,0,0,0,0,0,0,0.494161,0,0,0,0
"MtrNatGas",7,13,8,"",24.8704,0,0,0,24.2202,0,0,0,0,0,0,0,0,0,0,0,0,0,0,0,0.650212,0,0,0,0
"MtrNatGas",7,13,9,"",30.3208,0,0,0,29.6446,0,0,0,0,0,0,0,0,0,0,0,0,0,0,0,0.67622,0,0,0,0
"MtrNatGas",7,13,10,"",23.8263,0,0,0,23.2541,0,0,0,0,0,0,0,0,0,0,0,0,0,0,0,0.572186,0,0,0,0
"MtrNatGas",7,13,11,"",8.49819,0,0,0,7.95201,0,0,0,0,0,0,0,0,0,0,0,0,0,0,0,0.546178,0,0,0,0
"MtrNatGas",7,13,12,"",17.3562,0,0,0,11.3113,0,0,0,0,0,0,0,0,0,0,0,0,0,5.29063,0,0.754245,0,0,0,0
"MtrNatGas",7,13,13,"",11.1886,0,0,0,7.86829,0,0,0,0,0,0,0,0,0,0,0,0,0,2.40999,0,0.910296,0,0,0,0
"MtrNatGas",7,13,14,"",3.83488,0,0,0,3.00261,0,0,0,0,0,0,0,0,0,0,0,0,0,0,0,0.832271,0,0,0,0
"MtrNatGas",7,13,15,"",7.9906,0,0,0,7.10632,0,0,0,0,0,0,0,0,0,0,0,0,0,0,0,0.884288,0,0,0,0
"MtrNatGas",7,13,16,"",5.74664,0,0,0,4.3942,0,0,0,0,0,0,0,0,0,0,0,0,0,0,0,1.35244,0,0,0,0
"MtrNatGas",7,13,17,"",13.5139,0,0,0,8.6115,0,0,0,0,0,0,0,0,0,0,0,0,0,1.91139,0,2.99097,0,0,0,0
"MtrNatGas",7,13,18,"",14.7933,0,0,0,5.99992,0,0,0,0,0,0,0,0,0,0,0,0,0,3.77373,0,5.01963,0,0,0,0
"MtrNatGas",7,13,19,"",12.302,0,0,0,5.60512,0,0,0,0,0,0,0,0,0,0,0,0,0,2.01533,0,4.68152,0,0,0,0
"MtrNatGas",7,13,20,"",12.3458,0,0,0,9.79692,0,0,0,0,0,0,0,0,0,0,0,0,0,0,0,2.54883,0,0,0,0
"MtrNatGas",7,13,21,"",10.0556,0,0,0,8.96323,0,0,0,0,0,0,0,0,0,0,0,0,0,0,0,1.09236,0,0,0,0
"MtrNatGas",7,13,22,"",16.3336,0,0,0,15.8134,0,0,0,0,0,0,0,0,0,0,0,0,0,0,0,0.520169,0,0,0,0
"MtrNatGas",7,13,23,"",21.2489,0,0,0,5.79942,0,0,0,0,0,0,0,0,0,0,0,0,0,15.1374,0,0.312101,0,0,0,0
"MtrNatGas",7,13,24,"",3.62921,0,0,0,3.10273,0,0,0,0,0,0,0,0,0,0,0,0,0,0.266395,0,0.260085,0,0,0,0
"MtrNatGas",7,14,1,"",3.24057,0,0,0,3.11053,0,0,0,0,0,0,0,0,0,0,0,0,0,0,0,0.130042,0,0,0,0
"MtrNatGas",7,14,2,"",5.11834,0,0,0,5.01431,0,0,0,0,0,0,0,0,0,0,0,0,0,0,0,0.104034,0,0,0,0
"MtrNatGas",7,14,3,"",4.69759,0,0,0,4.59356,0,0,0,0,0,0,0,0,0,0,0,0,0,0,0,0.104034,0,0,0,0
"MtrNatGas",7,14,4,"",3.06887,0,0,0,2.96484,0,0,0,0,0,0,0,0,0,0,0,0,0,0,0,0.104034,0,0,0,0
"MtrNatGas",7,14,5,"",2.92246,0,0,0,2.81843,0,0,0,0,0,0,0,0,0,0,0,0,0,0,0,0.104034,0,0,0,0
"MtrNatGas",7,14,6,"",6.4972,0,0,0,6.13308,0,0,0,0,0,0,0,0,0,0,0,0,0,0,0,0.364118,0,0,0,0
"MtrNatGas",7,14,7,"",28.7777,0,0,0,28.2835,0,0,0,0,0,0,0,0,0,0,0,0,0,0,0,0.494161,0,0,0,0
"MtrNatGas",7,14,8,"",30.4765,0,0,0,22.1231,0,0,0,0,0,0,0,0,0,0,0,0,0,7.70312,0,0.650212,0,0,0,0
"MtrNatGas",7,14,9,"",26.2241,0,0,0,25.5478,0,0,0,0,0,0,0,0,0,0,0,0,0,0,0,0.67622,0,0,0,0
"MtrNatGas",7,14,10,"",29.6928,0,0,0,24.8082,0,0,0,0,0,0,0,0,0,0,0,0,0,4.31242,0,0.572186,0,0,0,0
"MtrNatGas",7,14,11,"",24.3029,0,0,0,12.0433,0,0,0,0,0,0,0,0,0,0,0,0,0,11.7134,0,0.546178,0,0,0,0
"MtrNatGas",7,14,12,"",12.5528,0,0,0,4.71983,0,0,0,0,0,0,0,0,0,0,0,0,0,7.07872,0,0.754245,0,0,0,0
"MtrNatGas",7,14,13,"",9.09323,0,0,0,8.18294,0,0,0,0,0,0,0,0,0,0,0,0,0,0,0,0.910296,0,0,0,0
"MtrNatGas",7,14,14,"",6.47051,0,0,0,5.63824,0,0,0,0,0,0,0,0,0,0,0,0,0,0,0,0.832271,0,0,0,0
"MtrNatGas",7,14,15,"",8.85441,0,0,0,7.97012,0,0,0,0,0,0,0,0,0,0,0,0,0,0,0,0.884288,0,0,0,0
"MtrNatGas",7,14,16,"",11.5074,0,0,0,6.32033,0,0,0,0,0,0,0,0,0,0,0,0,0,3.83464,0,1.35244,0,0,0,0
"MtrNatGas",7,14,17,"",12.0941,0,0,0,5.23753,0,0,0,0,0,0,0,0,0,0,0,0,0,3.86561,0,2.99097,0,0,0,0
"MtrNatGas",7,14,18,"",12.3564,0,0,0,7.33678,0,0,0,0,0,0,0,0,0,0,0,0,0,0,0,5.01963,0,0,0,0
"MtrNatGas",7,14,19,"",21.4916,0,0,0,16.8101,0,0,0,0,0,0,0,0,0,0,0,0,0,0,0,4.68152,0,0,0,0
"MtrNatGas",7,14,20,"",31.9422,0,0,0,21.6926,0,0,0,0,0,0,0,0,0,0,0,0,0,7.70077,0,2.54883,0,0,0,0
"MtrNatGas",7,14,21,"",36.6635,0,0,0,27.8693,0,0,0,0,0,0,0,0,0,0,0,0,0,7.70188,0,1.09236,0,0,0,0
"MtrNatGas",7,14,22,"",15.4586,0,0,0,9.37861,0,0,0,0,0,0,0,0,0,0,0,0,0,5.55984,0,0.520169,0,0,0,0
"MtrNatGas",7,14,23,"",24.7251,0,0,0,22.2711,0,0,0,0,0,0,0,0,0,0,0,0,0,2.14188,0,0.312101,0,0,0,0
"MtrNatGas",7,14,24,"",6.19199,0,0,0,5.9319,0,0,0,0,0,0,0,0,0,0,0,0,0,0,0,0.260085,0,0,0,0
"MtrNatGas",7,15,1,"",3.29735,0,0,0,3.1673,0,0,0,0,0,0,0,0,0,0,0,0,0,0,0,0.130042,0,0,0,0
"MtrNatGas",7,15,2,"",3.24281,0,0,0,3.13878,0,0,0,0,0,0,0,0,0,0,0,0,0,0,0,0.104034,0,0,0,0
"MtrNatGas",7,15,3,"",3.83889,0,0,0,3.73486,0,0,0,0,0,0,0,0,0,0,0,0,0,0,0,0.104034,0,0,0,0
"MtrNatGas",7,15,4,"",2.99597,0,0,0,2.89193,0,0,0,0,0,0,0,0,0,0,0,0,0,0,0,0.104034,0,0,0,0
"MtrNatGas",7,15,5,"",3.06252,0,0,0,2.95848,0,0,0,0,0,0,0,0,0,0,0,0,0,0,0,0.104034,0,0,0,0
"MtrNatGas",7,15,6,"",5.55278,0,0,0,5.18867,0,0,0,0,0,0,0,0,0,0,0,0,0,0,0,0.364118,0,0,0,0
"MtrNatGas",7,15,7,"",13.5478,0,0,0,13.0536,0,0,0,0,0,0,0,0,0,0,0,0,0,0,0,0.494161,0,0,0,0
"MtrNatGas",7,15,8,"",30.3516,0,0,0,29.7014,0,0,0,0,0,0,0,0,0,0,0,0,0,0,0,0.650212,0,0,0,0
"MtrNatGas",7,15,9,"",60.5982,0,0,0,59.922,0,0,0,0,0,0,0,0,0,0,0,0,0,0,0,0.67622,0,0,0,0
"MtrNatGas",7,15,10,"",26.8253,0,0,0,20.7678,0,0,0,0,0,0,0,0,0,0,0,0,0,5.48529,0,0.572186,0,0,0,0
"MtrNatGas",7,15,11,"",15.8419,0,0,0,8.91633,0,0,0,0,0,0,0,0,0,0,0,0,0,6.37941,0,0.546178,0,0,0,0
"MtrNatGas",7,15,12,"",14.9365,0,0,0,10.6429,0,0,0,0,0,0,0,0,0,0,0,0,0,3.53936,0,0.754245,0,0,0,0
"MtrNatGas",7,15,13,"",17.3865,0,0,0,8.77465,0,0,0,0,0,0,0,0,0,0,0,0,0,7.70155,0,0.910296,0,0,0,0
"MtrNatGas",7,15,14,"",6.68763,0,0,0,5.85536,0,0,0,0,0,0,0,0,0,0,0,0,0,0,0,0.832271,0,0,0,0
"MtrNatGas",7,15,15,"",10.6456,0,0,0,5.83684,0,0,0,0,0,0,0,0,0,0,0,0,0,3.92445,0,0.884288,0,0,0,0
"MtrNatGas",7,15,16,"",16.3786,0,0,0,7.44709,0,0,0,0,0,0,0,0,0,0,0,0,0,7.57911,0,1.35244,0,0,0,0
"MtrNatGas",7,15,17,"",20.5153,0,0,0,5.92235,0,0,0,0,0,0,0,0,0,0,0,0,0,11.602,0,2.99097,0,0,0,0
"MtrNatGas",7,15,18,"",19.3924,0,0,0,6.67241,0,0,0,0,0,0,0,0,0,0,0,0,0,7.70039,0,5.01963,0,0,0,0
"MtrNatGas",7,15,19,"",29.3526,0,0,0,16.9696,0,0,0,0,0,0,0,0,0,0,0,0,0,7.70148,0,4.68152,0,0,0,0
"MtrNatGas",7,15,20,"",15.5627,0,0,0,13.0139,0,0,0,0,0,0,0,0,0,0,0,0,0,0,0,2.54883,0,0,0,0
"MtrNatGas",7,15,21,"",20.3124,0,0,0,19.22,0,0,0,0,0,0,0,0,0,0,0,0,0,0,0,1.09236,0,0,0,0
"MtrNatGas",7,15,22,"",15.8116,0,0,0,15.2915,0,0,0,0,0,0,0,0,0,0,0,0,0,0,0,0.520169,0,0,0,0
"MtrNatGas",7,15,23,"",15.1132,0,0,0,7.3653,0,0,0,0,0,0,0,0,0,0,0,0,0,7.43576,0,0.312101,0,0,0,0
"MtrNatGas",7,15,24,"",4.95337,0,0,0,4.42689,0,0,0,0,0,0,0,0,0,0,0,0,0,0.266395,0,0.260085,0,0,0,0
"MtrNatGas",7,16,1,"",2.95153,0,0,0,2.82149,0,0,0,0,0,0,0,0,0,0,0,0,0,0,0,0.130042,0,0,0,0
"MtrNatGas",7,16,2,"",2.92596,0,0,0,2.82193,0,0,0,0,0,0,0,0,0,0,0,0,0,0,0,0.104034,0,0,0,0
"MtrNatGas",7,16,3,"",2.92596,0,0,0,2.82193,0,0,0,0,0,0,0,0,0,0,0,0,0,0,0,0.104034,0,0,0,0
"MtrNatGas",7,16,4,"",2.9264,0,0,0,2.82237,0,0,0,0,0,0,0,0,0,0,0,0,0,0,0,0.104034,0,0,0,0
"MtrNatGas",7,16,5,"",2.9264,0,0,0,2.82237,0,0,0,0,0,0,0,0,0,0,0,0,0,0,0,0.104034,0,0,0,0
"MtrNatGas",7,16,6,"",18.8519,0,0,0,18.4877,0,0,0,0,0,0,0,0,0,0,0,0,0,0,0,0.364118,0,0,0,0
"MtrNatGas",7,16,7,"",22.9807,0,0,0,22.4865,0,0,0,0,0,0,0,0,0,0,0,0,0,0,0,0.494161,0,0,0,0
"MtrNatGas",7,16,8,"",27.5241,0,0,0,26.8739,0,0,0,0,0,0,0,0,0,0,0,0,0,0,0,0.650212,0,0,0,0
"MtrNatGas",7,16,9,"",38.2801,0,0,0,37.6039,0,0,0,0,0,0,0,0,0,0,0,0,0,0,0,0.67622,0,0,0,0
"MtrNatGas",7,16,10,"",7.1324,0,0,0,6.56022,0,0,0,0,0,0,0,0,0,0,0,0,0,0,0,0.572186,0,0,0,0
"MtrNatGas",7,16,11,"",5.12791,0,0,0,4.58174,0,0,0,0,0,0,0,0,0,0,0,0,0,0,0,0.546178,0,0,0,0
"MtrNatGas",7,16,12,"",5.06263,0,0,0,4.30838,0,0,0,0,0,0,0,0,0,0,0,0,0,0,0,0.754245,0,0,0,0
"MtrNatGas",7,16,13,"",6.95053,0,0,0,3.7937,0,0,0,0,0,0,0,0,0,0,0,0,0,2.24654,0,0.910296,0,0,0,0
"MtrNatGas",7,16,14,"",9.47344,0,0,0,3.18471,0,0,0,0,0,0,0,0,0,0,0,0,0,5.45646,0,0.832271,0,0,0,0
"MtrNatGas",7,16,15,"",3.34886,0,0,0,2.46457,0,0,0,0,0,0,0,0,0,0,0,0,0,0,0,0.884288,0,0,0,0
"MtrNatGas",7,16,16,"",10.7253,0,0,0,9.37287,0,0,0,0,0,0,0,0,0,0,0,0,0,0,0,1.35244,0,0,0,0
"MtrNatGas",7,16,17,"",20.7994,0,0,0,10.106,0,0,0,0,0,0,0,0,0,0,0,0,0,7.70248,0,2.99097,0,0,0,0
"MtrNatGas",7,16,18,"",26.2939,0,0,0,13.5739,0,0,0,0,0,0,0,0,0,0,0,0,0,7.70039,0,5.01963,0,0,0,0
"MtrNatGas",7,16,19,"",25.4226,0,0,0,13.0396,0,0,0,0,0,0,0,0,0,0,0,0,0,7.70148,0,4.68152,0,0,0,0
"MtrNatGas",7,16,20,"",33.6926,0,0,0,31.1438,0,0,0,0,0,0,0,0,0,0,0,0,0,0,0,2.54883,0,0,0,0
"MtrNatGas",7,16,21,"",57.4828,0,0,0,40.9867,0,0,0,0,0,0,0,0,0,0,0,0,0,15.4038,0,1.09236,0,0,0,0
"MtrNatGas",7,16,22,"",19.9709,0,0,0,8.33102,0,0,0,0,0,0,0,0,0,0,0,0,0,11.1197,0,0.520169,0,0,0,0
"MtrNatGas",7,16,23,"",18.0244,0,0,0,13.4285,0,0,0,0,0,0,0,0,0,0,0,0,0,4.28376,0,0.312101,0,0,0,0
"MtrNatGas",7,16,24,"",5.96512,0,0,0,5.70503,0,0,0,0,0,0,0,0,0,0,0,0,0,0,0,0.260085,0,0,0,0
"MtrNatGas",7,17,1,"",5.93679,0,0,0,5.80675,0,0,0,0,0,0,0,0,0,0,0,0,0,0,0,0.130042,0,0,0,0
"MtrNatGas",7,17,2,"",5.11906,0,0,0,5.01503,0,0,0,0,0,0,0,0,0,0,0,0,0,0,0,0.104034,0,0,0,0
"MtrNatGas",7,17,3,"",5.06056,0,0,0,4.95653,0,0,0,0,0,0,0,0,0,0,0,0,0,0,0,0.104034,0,0,0,0
"MtrNatGas",7,17,4,"",2.9229,0,0,0,2.81887,0,0,0,0,0,0,0,0,0,0,0,0,0,0,0,0.104034,0,0,0,0
"MtrNatGas",7,17,5,"",3.07033,0,0,0,2.9663,0,0,0,0,0,0,0,0,0,0,0,0,0,0,0,0.104034,0,0,0,0
"MtrNatGas",7,17,6,"",3.18255,0,0,0,2.81843,0,0,0,0,0,0,0,0,0,0,0,0,0,0,0,0.364118,0,0,0,0
"MtrNatGas",7,17,7,"",8.53687,0,0,0,8.04271,0,0,0,0,0,0,0,0,0,0,0,0,0,0,0,0.494161,0,0,0,0
"MtrNatGas",7,17,8,"",19.6773,0,0,0,19.0271,0,0,0,0,0,0,0,0,0,0,0,0,0,0,0,0.650212,0,0,0,0
"MtrNatGas",7,17,9,"",26.9528,0,0,0,26.2766,0,0,0,0,0,0,0,0,0,0,0,0,0,0,0,0.67622,0,0,0,0
"MtrNatGas",7,17,10,"",29.3726,0,0,0,28.8004,0,0,0,0,0,0,0,0,0,0,0,0,0,0,0,0.572186,0,0,0,0
"MtrNatGas",7,17,11,"",22.1894,0,0,0,13.9401,0,0,0,0,0,0,0,0,0,0,0,0,0,7.70308,0,0.546178,0,0,0,0
"MtrNatGas",7,17,12,"",10.1225,0,0,0,9.36826,0,0,0,0,0,0,0,0,0,0,0,0,0,0,0,0.754245,0,0,0,0
"MtrNatGas",7,17,13,"",14.1452,0,0,0,5.53338,0,0,0,0,0,0,0,0,0,0,0,0,0,7.70155,0,0.910296,0,0,0,0
"MtrNatGas",7,17,14,"",6.82342,0,0,0,5.99115,0,0,0,0,0,0,0,0,0,0,0,0,0,0,0,0.832271,0,0,0,0
"MtrNatGas",7,17,15,"",16.148,0,0,0,7.56302,0,0,0,0,0,0,0,0,0,0,0,0,0,7.7007,0,0.884288,0,0,0,0
"MtrNatGas",7,17,16,"",8.67494,0,0,0,4.38119,0,0,0,0,0,0,0,0,0,0,0,0,0,2.94132,0,1.35244,0,0,0,0
"MtrNatGas",7,17,17,"",12.8397,0,0,0,5.08983,0,0,0,0,0,0,0,0,0,0,0,0,0,4.75893,0,2.99097,0,0,0,0
"MtrNatGas",7,17,18,"",9.8446,0,0,0,4.82497,0,0,0,0,0,0,0,0,0,0,0,0,0,0,0,5.01963,0,0,0,0
"MtrNatGas",7,17,19,"",22.2699,0,0,0,17.5884,0,0,0,0,0,0,0,0,0,0,0,0,0,0,0,4.68152,0,0,0,0
"MtrNatGas",7,17,20,"",13.8509,0,0,0,11.3021,0,0,0,0,0,0,0,0,0,0,0,0,0,0,0,2.54883,0,0,0,0
"MtrNatGas",7,17,21,"",15.4553,0,0,0,14.3629,0,0,0,0,0,0,0,0,0,0,0,0,0,0,0,1.09236,0,0,0,0
"MtrNatGas",7,17,22,"",8.9028,0,0,0,8.38263,0,0,0,0,0,0,0,0,0,0,0,0,0,0,0,0.520169,0,0,0,0
"MtrNatGas",7,17,23,"",26.8709,0,0,0,25.146,0,0,0,0,0,0,0,0,0,0,0,0,0,1.41278,0,0.312101,0,0,0,0
"MtrNatGas",7,17,24,"",15.8062,0,0,0,9.86586,0,0,0,0,0,0,0,0,0,0,0,0,0,5.68027,0,0.260085,0,0,0,0
"MtrNatGas",7,18,1,"",12.2428,0,0,0,3.8025,0,0,0,0,0,0,0,0,0,0,0,0,0,8.31023,0,0.130042,0,0,0,0
"MtrNatGas",7,18,2,"",2.92203,0,0,0,2.81799,0,0,0,0,0,0,0,0,0,0,0,0,0,0,0,0.104034,0,0,0,0
"MtrNatGas",7,18,3,"",2.89733,0,0,0,2.81931,0,0,0,0,0,0,0,0,0,0,0,0,0,0,0,0.0780254,0,0,0,0
"MtrNatGas",7,18,4,"",3.07106,0,0,0,2.99304,0,0,0,0,0,0,0,0,0,0,0,0,0,0,0,0.0780254,0,0,0,0
"MtrNatGas",7,18,5,"",2.89952,0,0,0,2.82149,0,0,0,0,0,0,0,0,0,0,0,0,0,0,0,0.0780254,0,0,0,0
"MtrNatGas",7,18,6,"",5.0501,0,0,0,4.92005,0,0,0,0,0,0,0,0,0,0,0,0,0,0,0,0.130042,0,0,0,0
"MtrNatGas",7,18,7,"",8.47788,0,0,0,8.21779,0,0,0,0,0,0,0,0,0,0,0,0,0,0,0,0.260085,0,0,0,0
"MtrNatGas",7,18,8,"",15.9161,0,0,0,10.8151,0,0,0,0,0,0,0,0,0,0,0,0,0,4.39885,0,0.702228,0,0,0,0
"MtrNatGas",7,18,9,"",41.5015,0,0,0,33.5418,0,0,0,0,0,0,0,0,0,0,0,0,0,6.7113,0,1.24841,0,0,0,0
"MtrNatGas",7,18,10,"",30.4146,0,0,0,17.169,0,0,0,0,0,0,0,0,0,0,0,0,0,11.9972,0,1.24841,0,0,0,0
"MtrNatGas",7,18,11,"",11.2153,0,0,0,10.0189,0,0,0,0,0,0,0,0,0,0,0,0,0,0,0,1.19639,0,0,0,0
"MtrNatGas",7,18,12,"",15.3821,0,0,0,11.1465,0,0,0,0,0,0,0,0,0,0,0,0,0,2.80506,0,1.43047,0,0,0,0
"MtrNatGas",7,18,13,"",11.0747,0,0,0,4.54123,0,0,0,0,0,0,0,0,0,0,0,0,0,4.89491,0,1.63853,0,0,0,0
"MtrNatGas",7,18,14,"",10.1239,0,0,0,8.58945,0,0,0,0,0,0,0,0,0,0,0,0,0,0,0,1.5345,0,0,0,0
"MtrNatGas",7,18,15,"",10.0393,0,0,0,8.42673,0,0,0,0,0,0,0,0,0,0,0,0,0,0,0,1.61252,0,0,0,0
"MtrNatGas",7,18,16,"",8.76122,0,0,0,6.99265,0,0,0,0,0,0,0,0,0,0,0,0,0,0,0,1.76858,0,0,0,0
"MtrNatGas",7,18,17,"",9.19284,0,0,0,6.82607,0,0,0,0,0,0,0,0,0,0,0,0,0,0,0,2.36677,0,0,0,0
"MtrNatGas",7,18,18,"",10.7708,0,0,0,7.15563,0,0,0,0,0,0,0,0,0,0,0,0,0,0,0,3.61518,0,0,0,0
"MtrNatGas",7,18,19,"",12.636,0,0,0,9.2809,0,0,0,0,0,0,0,0,0,0,0,0,0,0,0,3.35509,0,0,0,0
"MtrNatGas",7,18,20,"",10.5666,0,0,0,8.69397,0,0,0,0,0,0,0,0,0,0,0,0,0,0,0,1.87261,0,0,0,0
"MtrNatGas",7,18,21,"",9.49586,0,0,0,8.66359,0,0,0,0,0,0,0,0,0,0,0,0,0,0,0,0.832271,0,0,0,0
"MtrNatGas",7,18,22,"",10.3818,0,0,0,10.0177,0,0,0,0,0,0,0,0,0,0,0,0,0,0,0,0.364118,0,0,0,0
"MtrNatGas",7,18,23,"",3.19483,0,0,0,2.96075,0,0,0,0,0,0,0,0,0,0,0,0,0,0,0,0.234076,0,0,0,0
"MtrNatGas",7,18,24,"",2.93667,0,0,0,2.80662,0,0,0,0,0,0,0,0,0,0,0,0,0,0,0,0.130042,0,0,0,0
"MtrNatGas",7,19,1,"",6.77906,0,0,0,6.64901,0,0,0,0,0,0,0,0,0,0,0,0,0,0,0,0.130042,0,0,0,0
"MtrNatGas",7,19,2,"",4.58801,0,0,0,4.48398,0,0,0,0,0,0,0,0,0,0,0,0,0,0,0,0.104034,0,0,0,0
"MtrNatGas",7,19,3,"",2.89034,0,0,0,2.81231,0,0,0,0,0,0,0,0,0,0,0,0,0,0,0,0.0780254,0,0,0,0
"MtrNatGas",7,19,4,"",2.89252,0,0,0,2.8145,0,0,0,0,0,0,0,0,0,0,0,0,0,0,0,0.0780254,0,0,0,0
"MtrNatGas",7,19,5,"",3.19085,0,0,0,3.11283,0,0,0,0,0,0,0,0,0,0,0,0,0,0,0,0.0780254,0,0,0,0
"MtrNatGas",7,19,6,"",3.59302,0,0,0,3.46298,0,0,0,0,0,0,0,0,0,0,0,0,0,0,0,0.130042,0,0,0,0
"MtrNatGas",7,19,7,"",10.9205,0,0,0,10.6604,0,0,0,0,0,0,0,0,0,0,0,0,0,0,0,0.260085,0,0,0,0
"MtrNatGas",7,19,8,"",15.6184,0,0,0,14.9162,0,0,0,0,0,0,0,0,0,0,0,0,0,0,0,0.702228,0,0,0,0
"MtrNatGas",7,19,9,"",19.8834,0,0,0,18.635,0,0,0,0,0,0,0,0,0,0,0,0,0,0,0,1.24841,0,0,0,0
"MtrNatGas",7,19,10,"",48.0646,0,0,0,46.8162,0,0,0,0,0,0,0,0,0,0,0,0,0,0,0,1.24841,0,0,0,0
"MtrNatGas",7,19,11,"",28.6839,0,0,0,27.4875,0,0,0,0,0,0,0,0,0,0,0,0,0,0,0,1.19639,0,0,0,0
"MtrNatGas",7,19,12,"",36.4829,0,0,0,26.0867,0,0,0,0,0,0,0,0,0,0,0,0,0,8.96575,0,1.43047,0,0,0,0
"MtrNatGas",7,19,13,"",36.5632,0,0,0,20.7855,0,0,0,0,0,0,0,0,0,0,0,0,0,14.1392,0,1.63853,0,0,0,0
"MtrNatGas",7,19,14,"",33.4402,0,0,0,8.80305,0,0,0,0,0,0,0,0,0,0,0,0,0,23.1026,0,1.5345,0,0,0,0
"MtrNatGas",7,19,15,"",9.32459,0,0,0,7.71206,0,0,0,0,0,0,0,0,0,0,0,0,0,0,0,1.61252,0,0,0,0
"MtrNatGas",7,19,16,"",6.18234,0,0,0,4.41376,0,0,0,0,0,0,0,0,0,0,0,0,0,0,0,1.76858,0,0,0,0
"MtrNatGas",7,19,17,"",6.54087,0,0,0,4.1741,0,0,0,0,0,0,0,0,0,0,0,0,0,0,0,2.36677,0,0,0,0
"MtrNatGas",7,19,18,"",7.81213,0,0,0,4.19696,0,0,0,0,0,0,0,0,0,0,0,0,0,0,0,3.61518,0,0,0,0
"MtrNatGas",7,19,19,"",16.8645,0,0,0,13.5094,0,0,0,0,0,0,0,0,0,0,0,0,0,0,0,3.35509,0,0,0,0
"MtrNatGas",7,19,20,"",19.2631,0,0,0,17.3905,0,0,0,0,0,0,0,0,0,0,0,0,0,0,0,1.87261,0,0,0,0
"MtrNatGas",7,19,21,"",21.5196,0,0,0,17.095,0,0,0,0,0,0,0,0,0,0,0,0,0,3.5924,0,0.832271,0,0,0,0
"MtrNatGas",7,19,22,"",29.2942,0,0,0,22.4815,0,0,0,0,0,0,0,0,0,0,0,0,0,6.44865,0,0.364118,0,0,0,0
"MtrNatGas",7,19,23,"",11.9418,0,0,0,6.34408,0,0,0,0,0,0,0,0,0,0,0,0,0,5.36368,0,0.234076,0,0,0,0
"MtrNatGas",7,19,24,"",5.17377,0,0,0,5.04373,0,0,0,0,0,0,0,0,0,0,0,0,0,0,0,0.130042,0,0,0,0
"MtrNatGas",7,20,1,"",3.23337,0,0,0,3.10332,0,0,0,0,0,0,0,0,0,0,0,0,0,0,0,0.130042,0,0,0,0
"MtrNatGas",7,20,2,"",3.05981,0,0,0,2.95577,0,0,0,0,0,0,0,0,0,0,0,0,0,0,0,0.104034,0,0,0,0
"MtrNatGas",7,20,3,"",3.10603,0,0,0,3.002,0,0,0,0,0,0,0,0,0,0,0,0,0,0,0,0.104034,0,0,0,0
"MtrNatGas",7,20,4,"",3.69853,0,0,0,3.5945,0,0,0,0,0,0,0,0,0,0,0,0,0,0,0,0.104034,0,0,0,0
"MtrNatGas",7,20,5,"",3.15852,0,0,0,3.05449,0,0,0,0,0,0,0,0,0,0,0,0,0,0,0,0.104034,0,0,0,0
"MtrNatGas",7,20,6,"",8.55302,0,0,0,8.1889,0,0,0,0,0,0,0,0,0,0,0,0,0,0,0,0.364118,0,0,0,0
"MtrNatGas",7,20,7,"",13.119,0,0,0,12.6249,0,0,0,0,0,0,0,0,0,0,0,0,0,0,0,0.494161,0,0,0,0
"MtrNatGas",7,20,8,"",29.7767,0,0,0,29.1265,0,0,0,0,0,0,0,0,0,0,0,0,0,0,0,0.650212,0,0,0,0
"MtrNatGas",7,20,9,"",21.0008,0,0,0,12.624,0,0,0,0,0,0,0,0,0,0,0,0,0,7.70058,0,0.67622,0,0,0,0
"MtrNatGas",7,20,10,"",15.6627,0,0,0,15.0905,0,0,0,0,0,0,0,0,0,0,0,0,0,0,0,0.572186,0,0,0,0
"MtrNatGas",7,20,11,"",20.3547,0,0,0,12.1054,0,0,0,0,0,0,0,0,0,0,0,0,0,7.70308,0,0.546178,0,0,0,0
"MtrNatGas",7,20,12,"",12.2836,0,0,0,3.82842,0,0,0,0,0,0,0,0,0,0,0,0,0,7.70093,0,0.754245,0,0,0,0
"MtrNatGas",7,20,13,"",4.99306,0,0,0,4.08276,0,0,0,0,0,0,0,0,0,0,0,0,0,0,0,0.910296,0,0,0,0
"MtrNatGas",7,20,14,"",4.89994,0,0,0,4.06767,0,0,0,0,0,0,0,0,0,0,0,0,0,0,0,0.832271,0,0,0,0
"MtrNatGas",7,20,15,"",11.8502,0,0,0,3.26525,0,0,0,0,0,0,0,0,0,0,0,0,0,7.7007,0,0.884288,0,0,0,0
"MtrNatGas",7,20,16,"",3.8071,0,0,0,2.45466,0,0,0,0,0,0,0,0,0,0,0,0,0,0,0,1.35244,0,0,0,0
"MtrNatGas",7,20,17,"",4.42253,0,0,0,1.43156,0,0,0,0,0,0,0,0,0,0,0,0,0,0,0,2.99097,0,0,0,0
"MtrNatGas",7,20,18,"",6.47447,0,0,0,1.45484,0,0,0,0,0,0,0,0,0,0,0,0,0,0,0,5.01963,0,0,0,0
"MtrNatGas",7,20,19,"",9.44007,0,0,0,4.75855,0,0,0,0,0,0,0,0,0,0,0,0,0,0,0,4.68152,0,0,0,0
"MtrNatGas",7,20,20,"",12.7228,0,0,0,10.174,0,0,0,0,0,0,0,0,0,0,0,0,0,0,0,2.54883,0,0,0,0
"MtrNatGas",7,20,21,"",35.3682,0,0,0,26.574,0,0,0,0,0,0,0,0,0,0,0,0,0,7.70188,0,1.09236,0,0,0,0
"MtrNatGas",7,20,22,"",16.0121,0,0,0,9.93209,0,0,0,0,0,0,0,0,0,0,0,0,0,5.55984,0,0.520169,0,0,0,0
"MtrNatGas",7,20,23,"",18.7041,0,0,0,14.8373,0,0,0,0,0,0,0,0,0,0,0,0,0,3.55466,0,0.312101,0,0,0,0
"MtrNatGas",7,20,24,"",14.0716,0,0,0,10.096,0,0,0,0,0,0,0,0,0,0,0,0,0,3.71548,0,0.260085,0,0,0,0
"MtrNatGas",7,21,1,"",5.52238,0,0,0,2.81756,0,0,0,0,0,0,0,0,0,0,0,0,0,2.57478,0,0.130042,0,0,0,0
"MtrNatGas",7,21,2,"",5.10973,0,0,0,5.00569,0,0,0,0,0,0,0,0,0,0,0,0,0,0,0,0.104034,0,0,0,0
"MtrNatGas",7,21,3,"",4.06206,0,0,0,3.95802,0,0,0,0,0,0,0,0,0,0,0,0,0,0,0,0.104034,0,0,0,0
"MtrNatGas",7,21,4,"",2.92203,0,0,0,2.81799,0,0,0,0,0,0,0,0,0,0,0,0,0,0,0,0.104034,0,0,0,0
"MtrNatGas",7,21,5,"",4.04322,0,0,0,3.93919,0,0,0,0,0,0,0,0,0,0,0,0,0,0,0,0.104034,0,0,0,0
"MtrNatGas",7,21,6,"",7.36465,0,0,0,7.00053,0,0,0,0,0,0,0,0,0,0,0,0,0,0,0,0.364118,0,0,0,0
"MtrNatGas",7,21,7,"",12.1488,0,0,0,11.6546,0,0,0,0,0,0,0,0,0,0,0,0,0,0,0,0.494161,0,0,0,0
"MtrNatGas",7,21,8,"",17.8147,0,0,0,17.1645,0,0,0,0,0,0,0,0,0,0,0,0,0,0,0,0.650212,0,0,0,0
"MtrNatGas",7,21,9,"",29.2009,0,0,0,28.5246,0,0,0,0,0,0,0,0,0,0,0,0,0,0,0,0.67622,0,0,0,0
"MtrNatGas",7,21,10,"",15.6157,0,0,0,15.0435,0,0,0,0,0,0,0,0,0,0,0,0,0,0,0,0.572186,0,0,0,0
"MtrNatGas",7,21,11,"",5.1298,0,0,0,4.58363,0,0,0,0,0,0,0,0,0,0,0,0,0,0,0,0.546178,0,0,0,0
"MtrNatGas",7,21,12,"",13.0439,0,0,0,12.2897,0,0,0,0,0,0,0,0,0,0,0,0,0,0,0,0.754245,0,0,0,0
"MtrNatGas",7,21,13,"",13.723,0,0,0,5.11117,0,0,0,0,0,0,0,0,0,0,0,0,0,7.70155,0,0.910296,0,0,0,0
"MtrNatGas",7,21,14,"",12.7943,0,0,0,9.46503,0,0,0,0,0,0,0,0,0,0,0,0,0,2.49695,0,0.832271,0,0,0,0
"MtrNatGas",7,21,15,"",33.4891,0,0,0,4.29618,0,0,0,0,0,0,0,0,0,0,0,0,0,28.3086,0,0.884288,0,0,0,0
"MtrNatGas",7,21,16,"",4.60601,0,0,0,3.25357,0,0,0,0,0,0,0,0,0,0,0,0,0,0,0,1.35244,0,0,0,0
"MtrNatGas",7,21,17,"",6.49277,0,0,0,3.5018,0,0,0,0,0,0,0,0,0,0,0,0,0,0,0,2.99097,0,0,0,0
"MtrNatGas",7,21,18,"",8.15732,0,0,0,3.13769,0,0,0,0,0,0,0,0,0,0,0,0,0,0,0,5.01963,0,0,0,0
"MtrNatGas",7,21,19,"",16.4363,0,0,0,11.7548,0,0,0,0,0,0,0,0,0,0,0,0,0,0,0,4.68152,0,0,0,0
"MtrNatGas",7,21,20,"",16.4161,0,0,0,13.8673,0,0,0,0,0,0,0,0,0,0,0,0,0,0,0,2.54883,0,0,0,0
"MtrNatGas",7,21,21,"",16.9729,0,0,0,15.8806,0,0,0,0,0,0,0,0,0,0,0,0,0,0,0,1.09236,0,0,0,0
"MtrNatGas",7,21,22,"",7.82793,0,0,0,7.30776,0,0,0,0,0,0,0,0,0,0,0,0,0,0,0,0.520169,0,0,0,0
"MtrNatGas",7,21,23,"",12.7066,0,0,0,12.3945,0,0,0,0,0,0,0,0,0,0,0,0,0,0,0,0.312101,0,0,0,0
"MtrNatGas",7,21,24,"",3.08158,0,0,0,2.82149,0,0,0,0,0,0,0,0,0,0,0,0,0,0,0,0.260085,0,0,0,0
"MtrNatGas",7,22,1,"",4.55073,0,0,0,4.42069,0,0,0,0,0,0,0,0,0,0,0,0,0,0,0,0.130042,0,0,0,0
"MtrNatGas",7,22,2,"",3.07029,0,0,0,2.96625,0,0,0,0,0,0,0,0,0,0,0,0,0,0,0,0.104034,0,0,0,0
"MtrNatGas",7,22,3,"",3.19856,0,0,0,3.09452,0,0,0,0,0,0,0,0,0,0,0,0,0,0,0,0.104034,0,0,0,0
"MtrNatGas",7,22,4,"",2.92334,0,0,0,2.8193,0,0,0,0,0,0,0,0,0,0,0,0,0,0,0,0.104034,0,0,0,0
"MtrNatGas",7,22,5,"",4.04429,0,0,0,3.94026,0,0,0,0,0,0,0,0,0,0,0,0,0,0,0,0.104034,0,0,0,0
"MtrNatGas",7,22,6,"",8.15847,0,0,0,7.79435,0,0,0,0,0,0,0,0,0,0,0,0,0,0,0,0.364118,0,0,0,0
"MtrNatGas",7,22,7,"",28.5454,0,0,0,28.0513,0,0,0,0,0,0,0,0,0,0,0,0,0,0,0,0.494161,0,0,0,0
"MtrNatGas",7,22,8,"",53.2215,0,0,0,52.5713,0,0,0,0,0,0,0,0,0,0,0,0,0,0,0,0.650212,0,0,0,0
"MtrNatGas",7,22,9,"",31.9465,0,0,0,23.5697,0,0,0,0,0,0,0,0,0,0,0,0,0,7.70058,0,0.67622,0,0,0,0
"MtrNatGas",7,22,10,"",18.6198,0,0,0,15.5393,0,0,0,0,0,0,0,0,0,0,0,0,0,2.50833,0,0.572186,0,0,0,0
"MtrNatGas",7,22,11,"",19.4663,0,0,0,13.7259,0,0,0,0,0,0,0,0,0,0,0,0,0,5.19421,0,0.546178,0,0,0,0
"MtrNatGas",7,22,12,"",25.3091,0,0,0,9.15112,0,0,0,0,0,0,0,0,0,0,0,0,0,15.4038,0,0.754245,0,0,0,0
"MtrNatGas",7,22,13,"",17.6675,0,0,0,9.05566,0,0,0,0,0,0,0,0,0,0,0,0,0,7.70155,0,0.910296,0,0,0,0
"MtrNatGas",7,22,14,"",13.783,0,0,0,5.24944,0,0,0,0,0,0,0,0,0,0,0,0,0,7.70127,0,0.832271,0,0,0,0
"MtrNatGas",7,22,15,"",8.04737,0,0,0,7.16308,0,0,0,0,0,0,0,0,0,0,0,0,0,0,0,0.884288,0,0,0,0
"MtrNatGas",7,22,16,"",17.3422,0,0,0,13.0485,0,0,0,0,0,0,0,0,0,0,0,0,0,2.94132,0,1.35244,0,0,0,0
"MtrNatGas",7,22,17,"",14.2294,0,0,0,6.47947,0,0,0,0,0,0,0,0,0,0,0,0,0,4.75893,0,2.99097,0,0,0,0
"MtrNatGas",7,22,18,"",11.7701,0,0,0,6.75048,0,0,0,0,0,0,0,0,0,0,0,0,0,0,0,5.01963,0,0,0,0
"MtrNatGas",7,22,19,"",15.4208,0,0,0,10.7392,0,0,0,0,0,0,0,0,0,0,0,0,0,0,0,4.68152,0,0,0,0
"MtrNatGas",7,22,20,"",12.0775,0,0,0,9.52871,0,0,0,0,0,0,0,0,0,0,0,0,0,0,0,2.54883,0,0,0,0
"MtrNatGas",7,22,21,"",16.8667,0,0,0,12.7987,0,0,0,0,0,0,0,0,0,0,0,0,0,2.9756,0,1.09236,0,0,0,0
"MtrNatGas",7,22,22,"",24.8989,0,0,0,19.6529,0,0,0,0,0,0,0,0,0,0,0,0,0,4.72578,0,0.520169,0,0,0,0
"MtrNatGas",7,22,23,"",21.3246,0,0,0,7.35635,0,0,0,0,0,0,0,0,0,0,0,0,0,13.6561,0,0.312101,0,0,0,0
"MtrNatGas",7,22,24,"",20.4397,0,0,0,18.4341,0,0,0,0,0,0,0,0,0,0,0,0,0,1.74554,0,0.260085,0,0,0,0
"MtrNatGas",7,23,1,"",6.61304,0,0,0,6.48299,0,0,0,0,0,0,0,0,0,0,0,0,0,0,0,0.130042,0,0,0,0
"MtrNatGas",7,23,2,"",5.25772,0,0,0,5.15368,0,0,0,0,0,0,0,0,0,0,0,0,0,0,0,0.104034,0,0,0,0
"MtrNatGas",7,23,3,"",4.4737,0,0,0,4.36966,0,0,0,0,0,0,0,0,0,0,0,0,0,0,0,0.104034,0,0,0,0
"MtrNatGas",7,23,4,"",3.06714,0,0,0,2.96311,0,0,0,0,0,0,0,0,0,0,0,0,0,0,0,0.104034,0,0,0,0
"MtrNatGas",7,23,5,"",2.92247,0,0,0,2.81843,0,0,0,0,0,0,0,0,0,0,0,0,0,0,0,0.104034,0,0,0,0
"MtrNatGas",7,23,6,"",7.35948,0,0,0,6.99536,0,0,0,0,0,0,0,0,0,0,0,0,0,0,0,0.364118,0,0,0,0
"MtrNatGas",7,23,7,"",11.4707,0,0,0,10.9766,0,0,0,0,0,0,0,0,0,0,0,0,0,0,0,0.494161,0,0,0,0
"MtrNatGas",7,23,8,"",26.4342,0,0,0,18.0809,0,0,0,0,0,0,0,0,0,0,0,0,0,7.70312,0,0.650212,0,0,0,0
"MtrNatGas",7,23,9,"",17.9453,0,0,0,17.269,0,0,0,0,0,0,0,0,0,0,0,0,0,0,0,0.67622,0,0,0,0
"MtrNatGas",7,23,10,"",19.6493,0,0,0,16.5688,0,0,0,0,0,0,0,0,0,0,0,0,0,2.50833,0,0.572186,0,0,0,0
"MtrNatGas",7,23,11,"",22.1818,0,0,0,12.2796,0,0,0,0,0,0,0,0,0,0,0,0,0,9.35601,0,0.546178,0,0,0,0
"MtrNatGas",7,23,12,"",9.35758,0,0,0,5.06398,0,0,0,0,0,0,0,0,0,0,0,0,0,3.53936,0,0.754245,0,0,0,0
"MtrNatGas",7,23,13,"",5.74586,0,0,0,4.83556,0,0,0,0,0,0,0,0,0,0,0,0,0,0,0,0.910296,0,0,0,0
"MtrNatGas",7,23,14,"",5.1387,0,0,0,4.30643,0,0,0,0,0,0,0,0,0,0,0,0,0,0,0,0.832271,0,0,0,0
"MtrNatGas",7,23,15,"",7.58979,0,0,0,6.70551,0,0,0,0,0,0,0,0,0,0,0,0,0,0,0,0.884288,0,0,0,0
"MtrNatGas",7,23,16,"",14.3005,0,0,0,6.17212,0,0,0,0,0,0,0,0,0,0,0,0,0,6.77595,0,1.35244,0,0,0,0
"MtrNatGas",7,23,17,"",17.1203,0,0,0,5.50482,0,0,0,0,0,0,0,0,0,0,0,0,0,8.62455,0,2.99097,0,0,0,0
"MtrNatGas",7,23,18,"",11.8313,0,0,0,6.81166,0,0,0,0,0,0,0,0,0,0,0,0,0,0,0,5.01963,0,0,0,0
"MtrNatGas",7,23,19,"",15.6783,0,0,0,10.9967,0,0,0,0,0,0,0,0,0,0,0,0,0,0,0,4.68152,0,0,0,0
"MtrNatGas",7,23,20,"",25.3096,0,0,0,15.06,0,0,0,0,0,0,0,0,0,0,0,0,0,7.70077,0,2.54883,0,0,0,0
"MtrNatGas",7,23,21,"",10.3727,0,0,0,9.28035,0,0,0,0,0,0,0,0,0,0,0,0,0,0,0,1.09236,0,0,0,0
"MtrNatGas",7,23,22,"",10.9976,0,0,0,10.4774,0,0,0,0,0,0,0,0,0,0,0,0,0,0,0,0.520169,0,0,0,0
"MtrNatGas",7,23,23,"",18.5519,0,0,0,18.2398,0,0,0,0,0,0,0,0,0,0,0,0,0,0,0,0.312101,0,0,0,0
"MtrNatGas",7,23,24,"",10.7138,0,0,0,8.48889,0,0,0,0,0,0,0,0,0,0,0,0,0,1.96479,0,0.260085,0,0,0,0
"MtrNatGas",7,24,1,"",9.1754,0,0,0,3.3099,0,0,0,0,0,0,0,0,0,0,0,0,0,5.73545,0,0.130042,0,0,0,0
"MtrNatGas",7,24,2,"",3.22297,0,0,0,3.11893,0,0,0,0,0,0,0,0,0,0,0,0,0,0,0,0.104034,0,0,0,0
"MtrNatGas",7,24,3,"",3.10093,0,0,0,2.99689,0,0,0,0,0,0,0,0,0,0,0,0,0,0,0,0.104034,0,0,0,0
"MtrNatGas",7,24,4,"",3.29222,0,0,0,3.18818,0,0,0,0,0,0,0,0,0,0,0,0,0,0,0,0.104034,0,0,0,0
"MtrNatGas",7,24,5,"",3.30103,0,0,0,3.19699,0,0,0,0,0,0,0,0,0,0,0,0,0,0,0,0.104034,0,0,0,0
"MtrNatGas",7,24,6,"",7.67593,0,0,0,7.31181,0,0,0,0,0,0,0,0,0,0,0,0,0,0,0,0.364118,0,0,0,0
"MtrNatGas",7,24,7,"",12.8654,0,0,0,12.3712,0,0,0,0,0,0,0,0,0,0,0,0,0,0,0,0.494161,0,0,0,0
"MtrNatGas",7,24,8,"",21.716,0,0,0,13.3627,0,0,0,0,0,0,0,0,0,0,0,0,0,7.70312,0,0.650212,0,0,0,0
"MtrNatGas",7,24,9,"",42.2661,0,0,0,41.5899,0,0,0,0,0,0,0,0,0,0,0,0,0,0,0,0.67622,0,0,0,0
"MtrNatGas",7,24,10,"",9.81375,0,0,0,9.24156,0,0,0,0,0,0,0,0,0,0,0,0,0,0,0,0.572186,0,0,0,0
"MtrNatGas",7,24,11,"",14.5176,0,0,0,6.27207,0,0,0,0,0,0,0,0,0,0,0,0,0,7.69933,0,0.546178,0,0,0,0
"MtrNatGas",7,24,12,"",4.54002,0,0,0,3.78578,0,0,0,0,0,0,0,0,0,0,0,0,0,0,0,0.754245,0,0,0,0
"MtrNatGas",7,24,13,"",4.83898,0,0,0,3.92868,0,0,0,0,0,0,0,0,0,0,0,0,0,0,0,0.910296,0,0,0,0
"MtrNatGas",7,24,14,"",3.8063,0,0,0,2.97403,0,0,0,0,0,0,0,0,0,0,0,0,0,0,0,0.832271,0,0,0,0
"MtrNatGas",7,24,15,"",3.18655,0,0,0,2.30227,0,0,0,0,0,0,0,0,0,0,0,0,0,0,0,0.884288,0,0,0,0
"MtrNatGas",7,24,16,"",9.21475,0,0,0,4.02767,0,0,0,0,0,0,0,0,0,0,0,0,0,3.83464,0,1.35244,0,0,0,0
"MtrNatGas",7,24,17,"",10.7334,0,0,0,3.87686,0,0,0,0,0,0,0,0,0,0,0,0,0,3.86561,0,2.99097,0,0,0,0
"MtrNatGas",7,24,18,"",10.2927,0,0,0,5.27305,0,0,0,0,0,0,0,0,0,0,0,0,0,0,0,5.01963,0,0,0,0
"MtrNatGas",7,24,19,"",10.4328,0,0,0,5.75128,0,0,0,0,0,0,0,0,0,0,0,0,0,0,0,4.68152,0,0,0,0
"MtrNatGas",7,24,20,"",20.7299,0,0,0,10.4803,0,0,0,0,0,0,0,0,0,0,0,0,0,7.70077,0,2.54883,0,0,0,0
"MtrNatGas",7,24,21,"",6.80199,0,0,0,5.70963,0,0,0,0,0,0,0,0,0,0,0,0,0,0,0,1.09236,0,0,0,0
"MtrNatGas",7,24,22,"",17.5532,0,0,0,17.033,0,0,0,0,0,0,0,0,0,0,0,0,0,0,0,0.520169,0,0,0,0
"MtrNatGas",7,24,23,"",23.9115,0,0,0,8.46086,0,0,0,0,0,0,0,0,0,0,0,0,0,15.1386,0,0.312101,0,0,0,0
"MtrNatGas",7,24,24,"",5.24304,0,0,0,4.71656,0,0,0,0,0,0,0,0,0,0,0,0,0,0.266395,0,0.260085,0,0,0,0
"MtrNatGas",7,25,1,"",3.83722,0,0,0,3.70718,0,0,0,0,0,0,0,0,0,0,0,0,0,0,0,0.130042,0,0,0,0
"MtrNatGas",7,25,2,"",2.91853,0,0,0,2.8145,0,0,0,0,0,0,0,0,0,0,0,0,0,0,0,0.104034,0,0,0,0
"MtrNatGas",7,25,3,"",2.89252,0,0,0,2.8145,0,0,0,0,0,0,0,0,0,0,0,0,0,0,0,0.0780254,0,0,0,0
"MtrNatGas",7,25,4,"",2.89252,0,0,0,2.8145,0,0,0,0,0,0,0,0,0,0,0,0,0,0,0,0.0780254,0,0,0,0
"MtrNatGas",7,25,5,"",2.89209,0,0,0,2.81406,0,0,0,0,0,0,0,0,0,0,0,0,0,0,0,0.0780254,0,0,0,0
"MtrNatGas",7,25,6,"",4.67313,0,0,0,4.54308,0,0,0,0,0,0,0,0,0,0,0,0,0,0,0,0.130042,0,0,0,0
"MtrNatGas",7,25,7,"",24.3227,0,0,0,24.0626,0,0,0,0,0,0,0,0,0,0,0,0,0,0,0,0.260085,0,0,0,0
"MtrNatGas",7,25,8,"",26.8877,0,0,0,21.7866,0,0,0,0,0,0,0,0,0,0,0,0,0,4.39885,0,0.702228,0,0,0,0
"MtrNatGas",7,25,9,"",22.9542,0,0,0,14.9945,0,0,0,0,0,0,0,0,0,0,0,0,0,6.7113,0,1.24841,0,0,0,0
"MtrNatGas",7,25,10,"",12.2188,0,0,0,6.67466,0,0,0,0,0,0,0,0,0,0,0,0,0,4.29572,0,1.24841,0,0,0,0
"MtrNatGas",7,25,11,"",18.838,0,0,0,17.6416,0,0,0,0,0,0,0,0,0,0,0,0,0,0,0,1.19639,0,0,0,0
"MtrNatGas",7,25,12,"",38.1551,0,0,0,26.3796,0,0,0,0,0,0,0,0,0,0,0,0,0,10.3451,0,1.43047,0,0,0,0
"MtrNatGas",7,25,13,"",26.562,0,0,0,8.37265,0,0,0,0,0,0,0,0,0,0,0,0,0,16.5508,0,1.63853,0,0,0,0
"MtrNatGas",7,25,14,"",21.9341,0,0,0,8.78121,0,0,0,0,0,0,0,0,0,0,0,0,0,11.6184,0,1.5345,0,0,0,0
"MtrNatGas",7,25,15,"",15.5534,0,0,0,6.23967,0,0,0,0,0,0,0,0,0,0,0,0,0,7.70123,0,1.61252,0,0,0,0
"MtrNatGas",7,25,16,"",10.1135,0,0,0,5.83535,0,0,0,0,0,0,0,0,0,0,0,0,0,2.50955,0,1.76858,0,0,0,0
"MtrNatGas",7,25,17,"",21.7301,0,0,0,6.47078,0,0,0,0,0,0,0,0,0,0,0,0,0,12.8925,0,2.36677,0,0,0,0
"MtrNatGas",7,25,18,"",8.40908,0,0,0,4.79391,0,0,0,0,0,0,0,0,0,0,0,0,0,0,0,3.61518,0,0,0,0
"MtrNatGas",7,25,19,"",7.33239,0,0,0,3.9773,0,0,0,0,0,0,0,0,0,0,0,0,0,0,0,3.35509,0,0,0,0
"MtrNatGas",7,25,20,"",15.846,0,0,0,13.9733,0,0,0,0,0,0,0,0,0,0,0,0,0,0,0,1.87261,0,0,0,0
"MtrNatGas",7,25,21,"",14.441,0,0,0,13.6088,0,0,0,0,0,0,0,0,0,0,0,0,0,0,0,0.832271,0,0,0,0
"MtrNatGas",7,25,22,"",21.1497,0,0,0,20.7855,0,0,0,0,0,0,0,0,0,0,0,0,0,0,0,0.364118,0,0,0,0
"MtrNatGas",7,25,23,"",25.6574,0,0,0,17.7226,0,0,0,0,0,0,0,0,0,0,0,0,0,7.70077,0,0.234076,0,0,0,0
"MtrNatGas",7,25,24,"",13.393,0,0,0,5.56148,0,0,0,0,0,0,0,0,0,0,0,0,0,7.70152,0,0.130042,0,0,0,0
"MtrNatGas",7,26,1,"",4.57047,0,0,0,4.44043,0,0,0,0,0,0,0,0,0,0,0,0,0,0,0,0.130042,0,0,0,0
"MtrNatGas",7,26,2,"",2.91722,0,0,0,2.81318,0,0,0,0,0,0,0,0,0,0,0,0,0,0,0,0.104034,0,0,0,0
"MtrNatGas",7,26,3,"",2.89121,0,0,0,2.81318,0,0,0,0,0,0,0,0,0,0,0,0,0,0,0,0.0780254,0,0,0,0
"MtrNatGas",7,26,4,"",2.89165,0,0,0,2.81362,0,0,0,0,0,0,0,0,0,0,0,0,0,0,0,0.0780254,0,0,0,0
"MtrNatGas",7,26,5,"",2.89165,0,0,0,2.81362,0,0,0,0,0,0,0,0,0,0,0,0,0,0,0,0.0780254,0,0,0,0
"MtrNatGas",7,26,6,"",3.37287,0,0,0,3.24283,0,0,0,0,0,0,0,0,0,0,0,0,0,0,0,0.130042,0,0,0,0
"MtrNatGas",7,26,7,"",4.67538,0,0,0,4.4153,0,0,0,0,0,0,0,0,0,0,0,0,0,0,0,0.260085,0,0,0,0
"MtrNatGas",7,26,8,"",13.0064,0,0,0,12.3041,0,0,0,0,0,0,0,0,0,0,0,0,0,0,0,0.702228,0,0,0,0
"MtrNatGas",7,26,9,"",6.85414,0,0,0,5.60574,0,0,0,0,0,0,0,0,0,0,0,0,0,0,0,1.24841,0,0,0,0
"MtrNatGas",7,26,10,"",34.3046,0,0,0,33.0562,0,0,0,0,0,0,0,0,0,0,0,0,0,0,0,1.24841,0,0,0,0
"MtrNatGas",7,26,11,"",38.7334,0,0,0,34.099,0,0,0,0,0,0,0,0,0,0,0,0,0,3.4381,0,1.19639,0,0,0,0
"MtrNatGas",7,26,12,"",37.9284,0,0,0,24.5316,0,0,0,0,0,0,0,0,0,0,0,0,0,11.9664,0,1.43047,0,0,0,0
"MtrNatGas",7,26,13,"",19.5816,0,0,0,17.943,0,0,0,0,0,0,0,0,0,0,0,0,0,0,0,1.63853,0,0,0,0
"MtrNatGas",7,26,14,"",7.90118,0,0,0,6.36668,0,0,0,0,0,0,0,0,0,0,0,0,0,0,0,1.5345,0,0,0,0
"MtrNatGas",7,26,15,"",9.50854,0,0,0,7.89601,0,0,0,0,0,0,0,0,0,0,0,0,0,0,0,1.61252,0,0,0,0
"MtrNatGas",7,26,16,"",17.9684,0,0,0,5.98878,0,0,0,0,0,0,0,0,0,0,0,0,0,10.2111,0,1.76858,0,0,0,0
"MtrNatGas",7,26,17,"",13.4135,0,0,0,5.85502,0,0,0,0,0,0,0,0,0,0,0,0,0,5.19166,0,2.36677,0,0,0,0
"MtrNatGas",7,26,18,"",23.7048,0,0,0,20.0896,0,0,0,0,0,0,0,0,0,0,0,0,0,0,0,3.61518,0,0,0,0
"MtrNatGas",7,26,19,"",15.572,0,0,0,12.2169,0,0,0,0,0,0,0,0,0,0,0,0,0,0,0,3.35509,0,0,0,0
"MtrNatGas",7,26,20,"",11.6349,0,0,0,9.76225,0,0,0,0,0,0,0,0,0,0,0,0,0,0,0,1.87261,0,0,0,0
"MtrNatGas",7,26,21,"",12.3024,0,0,0,11.4701,0,0,0,0,0,0,0,0,0,0,0,0,0,0,0,0.832271,0,0,0,0
"MtrNatGas",7,26,22,"",6.21277,0,0,0,5.84865,0,0,0,0,0,0,0,0,0,0,0,0,0,0,0,0.364118,0,0,0,0
"MtrNatGas",7,26,23,"",7.15791,0,0,0,6.92383,0,0,0,0,0,0,0,0,0,0,0,0,0,0,0,0.234076,0,0,0,0
"MtrNatGas",7,26,24,"",6.03486,0,0,0,5.90482,0,0,0,0,0,0,0,0,0,0,0,0,0,0,0,0.130042,0,0,0,0
"MtrNatGas",7,27,1,"",3.72364,0,0,0,3.59359,0,0,0,0,0,0,0,0,0,0,0,0,0,0,0,0.130042,0,0,0,0
"MtrNatGas",7,27,2,"",5.08971,0,0,0,4.98567,0,0,0,0,0,0,0,0,0,0,0,0,0,0,0,0.104034,0,0,0,0
"MtrNatGas",7,27,3,"",4.05132,0,0,0,3.94728,0,0,0,0,0,0,0,0,0,0,0,0,0,0,0,0.104034,0,0,0,0
"MtrNatGas",7,27,4,"",3.12126,0,0,0,3.01722,0,0,0,0,0,0,0,0,0,0,0,0,0,0,0,0.104034,0,0,0,0
"MtrNatGas",7,27,5,"",4.03325,0,0,0,3.92921,0,0,0,0,0,0,0,0,0,0,0,0,0,0,0,0.104034,0,0,0,0
"MtrNatGas",7,27,6,"",12.7639,0,0,0,12.3997,0,0,0,0,0,0,0,0,0,0,0,0,0,0,0,0.364118,0,0,0,0
"MtrNatGas",7,27,7,"",7.33482,0,0,0,6.84066,0,0,0,0,0,0,0,0,0,0,0,0,0,0,0,0.494161,0,0,0,0
"MtrNatGas",7,27,8,"",30.2614,0,0,0,29.6112,0,0,0,0,0,0,0,0,0,0,0,0,0,0,0,0.650212,0,0,0,0
"MtrNatGas",7,27,9,"",10.5069,0,0,0,9.8307,0,0,0,0,0,0,0,0,0,0,0,0,0,0,0,0.67622,0,0,0,0
"MtrNatGas",7,27,10,"",8.5762,0,0,0,8.00401,0,0,0,0,0,0,0,0,0,0,0,0,0,0,0,0.572186,0,0,0,0
"MtrNatGas",7,27,11,"",3.92004,0,0,0,3.37386,0,0,0,0,0,0,0,0,0,0,0,0,0,0,0,0.546178,0,0,0,0
"MtrNatGas",7,27,12,"",14.2151,0,0,0,13.4609,0,0,0,0,0,0,0,0,0,0,0,0,0,0,0,0.754245,0,0,0,0
"MtrNatGas",7,27,13,"",9.2616,0,0,0,8.3513,0,0,0,0,0,0,0,0,0,0,0,0,0,0,0,0.910296,0,0,0,0
"MtrNatGas",7,27,14,"",6.8744,0,0,0,6.04213,0,0,0,0,0,0,0,0,0,0,0,0,0,0,0,0.832271,0,0,0,0
"MtrNatGas",7,27,15,"",16.8211,0,0,0,4.73805,0,0,0,0,0,0,0,0,0,0,0,0,0,11.1987,0,0.884288,0,0,0,0
"MtrNatGas",7,27,16,"",10.6478,0,0,0,5.09339,0,0,0,0,0,0,0,0,0,0,0,0,0,4.20196,0,1.35244,0,0,0,0
"MtrNatGas",7,27,17,"",6.56,0,0,0,3.56903,0,0,0,0,0,0,0,0,0,0,0,0,0,0,0,2.99097,0,0,0,0
"MtrNatGas",7,27,18,"",8.45959,0,0,0,3.43995,0,0,0,0,0,0,0,0,0,0,0,0,0,0,0,5.01963,0,0,0,0
"MtrNatGas",7,27,19,"",11.8444,0,0,0,7.16291,0,0,0,0,0,0,0,0,0,0,0,0,0,0,0,4.68152,0,0,0,0
"MtrNatGas",7,27,20,"",16.7061,0,0,0,14.1573,0,0,0,0,0,0,0,0,0,0,0,0,0,0,0,2.54883,0,0,0,0
"MtrNatGas",7,27,21,"",7.29524,0,0,0,6.20289,0,0,0,0,0,0,0,0,0,0,0,0,0,0,0,1.09236,0,0,0,0
"MtrNatGas",7,27,22,"",14.5542,0,0,0,14.034,0,0,0,0,0,0,0,0,0,0,0,0,0,0,0,0.520169,0,0,0,0
"MtrNatGas",7,27,23,"",13.6449,0,0,0,13.3328,0,0,0,0,0,0,0,0,0,0,0,0,0,0,0,0.312101,0,0,0,0
"MtrNatGas",7,27,24,"",3.3576,0,0,0,3.09752,0,0,0,0,0,0,0,0,0,0,0,0,0,0,0,0.260085,0,0,0,0
"MtrNatGas",7,28,1,"",3.28159,0,0,0,3.15155,0,0,0,0,0,0,0,0,0,0,0,0,0,0,0,0.130042,0,0,0,0
"MtrNatGas",7,28,2,"",3.22004,0,0,0,3.11601,0,0,0,0,0,0,0,0,0,0,0,0,0,0,0,0.104034,0,0,0,0
"MtrNatGas",7,28,3,"",3.08669,0,0,0,2.98265,0,0,0,0,0,0,0,0,0,0,0,0,0,0,0,0.104034,0,0,0,0
"MtrNatGas",7,28,4,"",3.18519,0,0,0,3.08115,0,0,0,0,0,0,0,0,0,0,0,0,0,0,0,0.104034,0,0,0,0
"MtrNatGas",7,28,5,"",4.66775,0,0,0,4.56372,0,0,0,0,0,0,0,0,0,0,0,0,0,0,0,0.104034,0,0,0,0
"MtrNatGas",7,28,6,"",4.78805,0,0,0,4.42393,0,0,0,0,0,0,0,0,0,0,0,0,0,0,0,0.364118,0,0,0,0
"MtrNatGas",7,28,7,"",8.1367,0,0,0,7.64254,0,0,0,0,0,0,0,0,0,0,0,0,0,0,0,0.494161,0,0,0,0
"MtrNatGas",7,28,8,"",33.4754,0,0,0,32.8252,0,0,0,0,0,0,0,0,0,0,0,0,0,0,0,0.650212,0,0,0,0
"MtrNatGas",7,28,9,"",60.6337,0,0,0,44.5563,0,0,0,0,0,0,0,0,0,0,0,0,0,15.4012,0,0.67622,0,0,0,0
"MtrNatGas",7,28,10,"",9.40492,0,0,0,8.83274,0,0,0,0,0,0,0,0,0,0,0,0,0,0,0,0.572186,0,0,0,0
"MtrNatGas",7,28,11,"",12.5987,0,0,0,12.0525,0,0,0,0,0,0,0,0,0,0,0,0,0,0,0,0.546178,0,0,0,0
"MtrNatGas",7,28,12,"",25.3373,0,0,0,9.18122,0,0,0,0,0,0,0,0,0,0,0,0,0,15.4019,0,0.754245,0,0,0,0
"MtrNatGas",7,28,13,"",13.5872,0,0,0,4.97532,0,0,0,0,0,0,0,0,0,0,0,0,0,7.70155,0,0.910296,0,0,0,0
"MtrNatGas",7,28,14,"",3.8602,0,0,0,3.02793,0,0,0,0,0,0,0,0,0,0,0,0,0,0,0,0.832271,0,0,0,0
"MtrNatGas",7,28,15,"",13.1409,0,0,0,12.2566,0,0,0,0,0,0,0,0,0,0,0,0,0,0,0,0.884288,0,0,0,0
"MtrNatGas",7,28,16,"",18.0956,0,0,0,16.7432,0,0,0,0,0,0,0,0,0,0,0,0,0,0,0,1.35244,0,0,0,0
"MtrNatGas",7,28,17,"",11.5099,0,0,0,8.51889,0,0,0,0,0,0,0,0,0,0,0,0,0,0,0,2.99097,0,0,0,0
"MtrNatGas",7,28,18,"",13.7713,0,0,0,8.75163,0,0,0,0,0,0,0,0,0,0,0,0,0,0,0,5.01963,0,0,0,0
"MtrNatGas",7,28,19,"",16.6123,0,0,0,11.9308,0,0,0,0,0,0,0,0,0,0,0,0,0,0,0,4.68152,0,0,0,0
"MtrNatGas",7,28,20,"",14.4716,0,0,0,11.9228,0,0,0,0,0,0,0,0,0,0,0,0,0,0,0,2.54883,0,0,0,0
"MtrNatGas",7,28,21,"",26.7439,0,0,0,25.6515,0,0,0,0,0,0,0,0,0,0,0,0,0,0,0,1.09236,0,0,0,0
"MtrNatGas",7,28,22,"",27.3992,0,0,0,26.879,0,0,0,0,0,0,0,0,0,0,0,0,0,0,0,0.520169,0,0,0,0
"MtrNatGas",7,28,23,"",14.6698,0,0,0,6.92198,0,0,0,0,0,0,0,0,0,0,0,0,0,7.43576,0,0.312101,0,0,0,0
"MtrNatGas",7,28,24,"",6.38723,0,0,0,5.86075,0,0,0,0,0,0,0,0,0,0,0,0,0,0.266395,0,0.260085,0,0,0,0
"MtrNatGas",7,29,1,"",7.58902,0,0,0,7.45897,0,0,0,0,0,0,0,0,0,0,0,0,0,0,0,0.130042,0,0,0,0
"MtrNatGas",7,29,2,"",10.9095,0,0,0,3.10387,0,0,0,0,0,0,0,0,0,0,0,0,0,7.7016,0,0.104034,0,0,0,0
"MtrNatGas",7,29,3,"",3.13563,0,0,0,3.03159,0,0,0,0,0,0,0,0,0,0,0,0,0,0,0,0.104034,0,0,0,0
"MtrNatGas",7,29,4,"",3.81184,0,0,0,3.70781,0,0,0,0,0,0,0,0,0,0,0,0,0,0,0,0.104034,0,0,0,0
"MtrNatGas",7,29,5,"",4.75601,0,0,0,4.65198,0,0,0,0,0,0,0,0,0,0,0,0,0,0,0,0.104034,0,0,0,0
"MtrNatGas",7,29,6,"",10.0276,0,0,0,9.66348,0,0,0,0,0,0,0,0,0,0,0,0,0,0,0,0.364118,0,0,0,0
"MtrNatGas",7,29,7,"",8.73904,0,0,0,8.24488,0,0,0,0,0,0,0,0,0,0,0,0,0,0,0,0.494161,0,0,0,0
"MtrNatGas",7,29,8,"",29.181,0,0,0,28.5308,0,0,0,0,0,0,0,0,0,0,0,0,0,0,0,0.650212,0,0,0,0
"MtrNatGas",7,29,9,"",26.1976,0,0,0,17.8208,0,0,0,0,0,0,0,0,0,0,0,0,0,7.70058,0,0.67622,0,0,0,0
"MtrNatGas",7,29,10,"",16.5539,0,0,0,15.9817,0,0,0,0,0,0,0,0,0,0,0,0,0,0,0,0.572186,0,0,0,0
"MtrNatGas",7,29,11,"",17.6273,0,0,0,12.9193,0,0,0,0,0,0,0,0,0,0,0,0,0,4.16181,0,0.546178,0,0,0,0
"MtrNatGas",7,29,12,"",21.8981,0,0,0,9.90358,0,0,0,0,0,0,0,0,0,0,0,0,0,11.2403,0,0.754245,0,0,0,0
"MtrNatGas",7,29,13,"",6.85804,0,0,0,5.94774,0,0,0,0,0,0,0,0,0,0,0,0,0,0,0,0.910296,0,0,0,0
"MtrNatGas",7,29,14,"",4.48192,0,0,0,3.64965,0,0,0,0,0,0,0,0,0,0,0,0,0,0,0,0.832271,0,0,0,0
"MtrNatGas",7,29,15,"",6.39172,0,0,0,5.50743,0,0,0,0,0,0,0,0,0,0,0,0,0,0,0,0.884288,0,0,0,0
"MtrNatGas",7,29,16,"",9.37221,0,0,0,5.07846,0,0,0,0,0,0,0,0,0,0,0,0,0,2.94132,0,1.35244,0,0,0,0
"MtrNatGas",7,29,17,"",14.6922,0,0,0,6.94226,0,0,0,0,0,0,0,0,0,0,0,0,0,4.75893,0,2.99097,0,0,0,0
"MtrNatGas",7,29,18,"",9.6278,0,0,0,4.60817,0,0,0,0,0,0,0,0,0,0,0,0,0,0,0,5.01963,0,0,0,0
"MtrNatGas",7,29,19,"",13.9838,0,0,0,9.30229,0,0,0,0,0,0,0,0,0,0,0,0,0,0,0,4.68152,0,0,0,0
"MtrNatGas",7,29,20,"",7.13477,0,0,0,4.58595,0,0,0,0,0,0,0,0,0,0,0,0,0,0,0,2.54883,0,0,0,0
"MtrNatGas",7,29,21,"",17.3232,0,0,0,16.2309,0,0,0,0,0,0,0,0,0,0,0,0,0,0,0,1.09236,0,0,0,0
"MtrNatGas",7,29,22,"",29.4767,0,0,0,28.9566,0,0,0,0,0,0,0,0,0,0,0,0,0,0,0,0.520169,0,0,0,0
"MtrNatGas",7,29,23,"",15.7025,0,0,0,7.68877,0,0,0,0,0,0,0,0,0,0,0,0,0,7.7016,0,0.312101,0,0,0,0
"MtrNatGas",7,29,24,"",5.04928,0,0,0,4.78919,0,0,0,0,0,0,0,0,0,0,0,0,0,0,0,0.260085,0,0,0,0
"MtrNatGas",7,30,1,"",9.60819,0,0,0,9.47815,0,0,0,0,0,0,0,0,0,0,0,0,0,0,0,0.130042,0,0,0,0
"MtrNatGas",7,30,2,"",12.8069,0,0,0,5.00123,0,0,0,0,0,0,0,0,0,0,0,0,0,7.7016,0,0.104034,0,0,0,0
"MtrNatGas",7,30,3,"",4.27836,0,0,0,4.17433,0,0,0,0,0,0,0,0,0,0,0,0,0,0,0,0.104034,0,0,0,0
"MtrNatGas",7,30,4,"",2.9229,0,0,0,2.81887,0,0,0,0,0,0,0,0,0,0,0,0,0,0,0,0.104034,0,0,0,0
"MtrNatGas",7,30,5,"",2.92247,0,0,0,2.81844,0,0,0,0,0,0,0,0,0,0,0,0,0,0,0,0.104034,0,0,0,0
"MtrNatGas",7,30,6,"",4.44018,0,0,0,4.07606,0,0,0,0,0,0,0,0,0,0,0,0,0,0,0,0.364118,0,0,0,0
"MtrNatGas",7,30,7,"",11.0569,0,0,0,10.5628,0,0,0,0,0,0,0,0,0,0,0,0,0,0,0,0.494161,0,0,0,0
"MtrNatGas",7,30,8,"",16.2167,0,0,0,15.5665,0,0,0,0,0,0,0,0,0,0,0,0,0,0,0,0.650212,0,0,0,0
"MtrNatGas",7,30,9,"",8.09299,0,0,0,7.41677,0,0,0,0,0,0,0,0,0,0,0,0,0,0,0,0.67622,0,0,0,0
"MtrNatGas",7,30,10,"",15.3324,0,0,0,14.7602,0,0,0,0,0,0,0,0,0,0,0,0,0,0,0,0.572186,0,0,0,0
"MtrNatGas",7,30,11,"",14.1891,0,0,0,9.48111,0,0,0,0,0,0,0,0,0,0,0,0,0,4.16181,0,0.546178,0,0,0,0
"MtrNatGas",7,30,12,"",13.4351,0,0,0,9.14148,0,0,0,0,0,0,0,0,0,0,0,0,0,3.53936,0,0.754245,0,0,0,0
"MtrNatGas",7,30,13,"",10.8057,0,0,0,9.89541,0,0,0,0,0,0,0,0,0,0,0,0,0,0,0,0.910296,0,0,0,0
"MtrNatGas",7,30,14,"",5.5872,0,0,0,4.75493,0,0,0,0,0,0,0,0,0,0,0,0,0,0,0,0.832271,0,0,0,0
"MtrNatGas",7,30,15,"",9.11712,0,0,0,8.23283,0,0,0,0,0,0,0,0,0,0,0,0,0,0,0,0.884288,0,0,0,0
"MtrNatGas",7,30,16,"",4.5665,0,0,0,3.21406,0,0,0,0,0,0,0,0,0,0,0,0,0,0,0,1.35244,0,0,0,0
"MtrNatGas",7,30,17,"",9.26693,0,0,0,6.27596,0,0,0,0,0,0,0,0,0,0,0,0,0,0,0,2.99097,0,0,0,0
"MtrNatGas",7,30,18,"",9.92473,0,0,0,4.9051,0,0,0,0,0,0,0,0,0,0,0,0,0,0,0,5.01963,0,0,0,0
"MtrNatGas",7,30,19,"",17.7329,0,0,0,13.0514,0,0,0,0,0,0,0,0,0,0,0,0,0,0,0,4.68152,0,0,0,0
"MtrNatGas",7,30,20,"",7.91849,0,0,0,5.36967,0,0,0,0,0,0,0,0,0,0,0,0,0,0,0,2.54883,0,0,0,0
"MtrNatGas",7,30,21,"",10.1213,0,0,0,9.02891,0,0,0,0,0,0,0,0,0,0,0,0,0,0,0,1.09236,0,0,0,0
"MtrNatGas",7,30,22,"",16.3613,0,0,0,15.8412,0,0,0,0,0,0,0,0,0,0,0,0,0,0,0,0.520169,0,0,0,0
"MtrNatGas",7,30,23,"",28.6868,0,0,0,20.6731,0,0,0,0,0,0,0,0,0,0,0,0,0,7.7016,0,0.312101,0,0,0,0
"MtrNatGas",7,30,24,"",15.9674,0,0,0,13.7426,0,0,0,0,0,0,0,0,0,0,0,0,0,1.96479,0,0.260085,0,0,0,0
"MtrNatGas",7,31,1,"",8.68261,0,0,0,2.81712,0,0,0,0,0,0,0,0,0,0,0,0,0,5.73545,0,0.130042,0,0,0,0
"MtrNatGas",7,31,2,"",2.92072,0,0,0,2.81668,0,0,0,0,0,0,0,0,0,0,0,0,0,0,0,0.104034,0,0,0,0
"MtrNatGas",7,31,3,"",4.12483,0,0,0,4.02079,0,0,0,0,0,0,0,0,0,0,0,0,0,0,0,0.104034,0,0,0,0
"MtrNatGas",7,31,4,"",2.9194,0,0,0,2.81537,0,0,0,0,0,0,0,0,0,0,0,0,0,0,0,0.104034,0,0,0,0
"MtrNatGas",7,31,5,"",2.91853,0,0,0,2.8145,0,0,0,0,0,0,0,0,0,0,0,0,0,0,0,0.104034,0,0,0,0
"MtrNatGas",7,31,6,"",3.93825,0,0,0,3.57413,0,0,0,0,0,0,0,0,0,0,0,0,0,0,0,0.364118,0,0,0,0
"MtrNatGas",7,31,7,"",7.47696,0,0,0,6.9828,0,0,0,0,0,0,0,0,0,0,0,0,0,0,0,0.494161,0,0,0,0
"MtrNatGas",7,31,8,"",15.8998,0,0,0,15.2496,0,0,0,0,0,0,0,0,0,0,0,0,0,0,0,0.650212,0,0,0,0
"MtrNatGas",7,31,9,"",25.999,0,0,0,25.3227,0,0,0,0,0,0,0,0,0,0,0,0,0,0,0,0.67622,0,0,0,0
"MtrNatGas",7,31,10,"",34.5877,0,0,0,26.3161,0,0,0,0,0,0,0,0,0,0,0,0,0,7.69937,0,0.572186,0,0,0,0
"MtrNatGas",7,31,11,"",10.8987,0,0,0,6.19073,0,0,0,0,0,0,0,0,0,0,0,0,0,4.16181,0,0.546178,0,0,0,0
"MtrNatGas",7,31,12,"",13.965,0,0,0,9.67135,0,0,0,0,0,0,0,0,0,0,0,0,0,3.53936,0,0.754245,0,0,0,0
"MtrNatGas",7,31,13,"",19.2309,0,0,0,10.619,0,0,0,0,0,0,0,0,0,0,0,0,0,7.70155,0,0.910296,0,0,0,0
"MtrNatGas",7,31,14,"",9.19163,0,0,0,4.7576,0,0,0,0,0,0,0,0,0,0,0,0,0,3.60176,0,0.832271,0,0,0,0
"MtrNatGas",7,31,15,"",8.61727,0,0,0,3.63328,0,0,0,0,0,0,0,0,0,0,0,0,0,4.0997,0,0.884288,0,0,0,0
"MtrNatGas",7,31,16,"",4.53878,0,0,0,3.18634,0,0,0,0,0,0,0,0,0,0,0,0,0,0,0,1.35244,0,0,0,0
"MtrNatGas",7,31,17,"",6.38729,0,0,0,3.39632,0,0,0,0,0,0,0,0,0,0,0,0,0,0,0,2.99097,0,0,0,0
"MtrNatGas",7,31,18,"",8.99964,0,0,0,3.98001,0,0,0,0,0,0,0,0,0,0,0,0,0,0,0,5.01963,0,0,0,0
"MtrNatGas",7,31,19,"",20.7752,0,0,0,12.0488,0,0,0,0,0,0,0,0,0,0,0,0,0,4.04487,0,4.68152,0,0,0,0
"MtrNatGas",7,31,20,"",15.4552,0,0,0,9.24815,0,0,0,0,0,0,0,0,0,0,0,0,0,3.65827,0,2.54883,0,0,0,0
"MtrNatGas",7,31,21,"",9.41721,0,0,0,8.32486,0,0,0,0,0,0,0,0,0,0,0,0,0,0,0,1.09236,0,0,0,0
"MtrNatGas",7,31,22,"",17.3814,0,0,0,16.8612,0,0,0,0,0,0,0,0,0,0,0,0,0,0,0,0.520169,0,0,0,0
"MtrNatGas",7,31,23,"",7.91471,0,0,0,7.60261,0,0,0,0,0,0,0,0,0,0,0,0,0,0,0,0.312101,0,0,0,0
"MtrNatGas",7,31,24,"",8.4042,0,0,0,8.14411,0,0,0,0,0,0,0,0,0,0,0,0,0,0,0,0.260085,0,0,0,0
"MtrNatGas",8,1,1,"",4.48848,0,0,0,4.368,0,0,0,0,0,0,0,0,0,0,0,0,0,0,0,0.120482,0,0,0,0
"MtrNatGas",8,1,2,"",3.05966,0,0,0,2.96327,0,0,0,0,0,0,0,0,0,0,0,0,0,0,0,0.0963858,0,0,0,0
"MtrNatGas",8,1,3,"",4.92246,0,0,0,4.85017,0,0,0,0,0,0,0,0,0,0,0,0,0,0,0,0.0722894,0,0,0,0
"MtrNatGas",8,1,4,"",4.18671,0,0,0,4.11442,0,0,0,0,0,0,0,0,0,0,0,0,0,0,0,0.0722894,0,0,0,0
"MtrNatGas",8,1,5,"",2.88985,0,0,0,2.81756,0,0,0,0,0,0,0,0,0,0,0,0,0,0,0,0.0722894,0,0,0,0
"MtrNatGas",8,1,6,"",2.93891,0,0,0,2.81843,0,0,0,0,0,0,0,0,0,0,0,0,0,0,0,0.120482,0,0,0,0
"MtrNatGas",8,1,7,"",5.99222,0,0,0,5.75126,0,0,0,0,0,0,0,0,0,0,0,0,0,0,0,0.240965,0,0,0,0
"MtrNatGas",8,1,8,"",19.9851,0,0,0,19.3345,0,0,0,0,0,0,0,0,0,0,0,0,0,0,0,0.650604,0,0,0,0
"MtrNatGas",8,1,9,"",16.7901,0,0,0,7.93359,0,0,0,0,0,0,0,0,0,0,0,0,0,7.69983,0,1.15663,0,0,0,0
"MtrNatGas",8,1,10,"",25.7142,0,0,0,24.5575,0,0,0,0,0,0,0,0,0,0,0,0,0,0,0,1.15663,0,0,0,0
"MtrNatGas",8,1,11,"",40.9253,0,0,0,24.4123,0,0,0,0,0,0,0,0,0,0,0,0,0,15.4045,0,1.10844,0,0,0,0
"MtrNatGas",8,1,12,"",16.707,0,0,0,8.52158,0,0,0,0,0,0,0,0,0,0,0,0,0,6.86007,0,1.32531,0,0,0,0
"MtrNatGas",8,1,13,"",17.0654,0,0,0,7.0058,0,0,0,0,0,0,0,0,0,0,0,0,0,8.54157,0,1.51808,0,0,0,0
"MtrNatGas",8,1,14,"",16.8322,0,0,0,7.709,0,0,0,0,0,0,0,0,0,0,0,0,0,7.70154,0,1.42169,0,0,0,0
"MtrNatGas",8,1,15,"",11.5688,0,0,0,5.5076,0,0,0,0,0,0,0,0,0,0,0,0,0,4.56719,0,1.49398,0,0,0,0
"MtrNatGas",8,1,16,"",9.25708,0,0,0,4.48372,0,0,0,0,0,0,0,0,0,0,0,0,0,3.13481,0,1.63856,0,0,0,0
"MtrNatGas",8,1,17,"",5.76004,0,0,0,3.56727,0,0,0,0,0,0,0,0,0,0,0,0,0,0,0,2.19278,0,0,0,0
"MtrNatGas",8,1,18,"",14.0214,0,0,0,10.672,0,0,0,0,0,0,0,0,0,0,0,0,0,0,0,3.34941,0,0,0,0
"MtrNatGas",8,1,19,"",25.5633,0,0,0,22.4549,0,0,0,0,0,0,0,0,0,0,0,0,0,0,0,3.10844,0,0,0,0
"MtrNatGas",8,1,20,"",20.97,0,0,0,11.5331,0,0,0,0,0,0,0,0,0,0,0,0,0,7.70199,0,1.73494,0,0,0,0
"MtrNatGas",8,1,21,"",18.2631,0,0,0,16.5956,0,0,0,0,0,0,0,0,0,0,0,0,0,0.896423,0,0.771087,0,0,0,0
"MtrNatGas",8,1,22,"",18.2473,0,0,0,11.1044,0,0,0,0,0,0,0,0,0,0,0,0,0,6.80559,0,0.33735,0,0,0,0
"MtrNatGas",8,1,23,"",5.85597,0,0,0,5.6391,0,0,0,0,0,0,0,0,0,0,0,0,0,0,0,0.216868,0,0,0,0
"MtrNatGas",8,1,24,"",3.7889,0,0,0,3.66842,0,0,0,0,0,0,0,0,0,0,0,0,0,0,0,0.120482,0,0,0,0
"MtrNatGas",8,2,1,"",4.3152,0,0,0,4.19472,0,0,0,0,0,0,0,0,0,0,0,0,0,0,0,0.120482,0,0,0,0
"MtrNatGas",8,2,2,"",3.09286,0,0,0,2.99647,0,0,0,0,0,0,0,0,0,0,0,0,0,0,0,0.0963858,0,0,0,0
"MtrNatGas",8,2,3,"",5.68296,0,0,0,5.61067,0,0,0,0,0,0,0,0,0,0,0,0,0,0,0,0.0722894,0,0,0,0
"MtrNatGas",8,2,4,"",4.64808,0,0,0,4.57579,0,0,0,0,0,0,0,0,0,0,0,0,0,0,0,0.0722894,0,0,0,0
"MtrNatGas",8,2,5,"",3.18918,0,0,0,3.11689,0,0,0,0,0,0,0,0,0,0,0,0,0,0,0,0.0722894,0,0,0,0
"MtrNatGas",8,2,6,"",4.80512,0,0,0,4.68464,0,0,0,0,0,0,0,0,0,0,0,0,0,0,0,0.120482,0,0,0,0
"MtrNatGas",8,2,7,"",5.89718,0,0,0,5.65622,0,0,0,0,0,0,0,0,0,0,0,0,0,0,0,0.240965,0,0,0,0
"MtrNatGas",8,2,8,"",15.0866,0,0,0,10.0372,0,0,0,0,0,0,0,0,0,0,0,0,0,4.39885,0,0.650604,0,0,0,0
"MtrNatGas",8,2,9,"",30.272,0,0,0,22.4041,0,0,0,0,0,0,0,0,0,0,0,0,0,6.7113,0,1.15663,0,0,0,0
"MtrNatGas",8,2,10,"",28.8834,0,0,0,15.7295,0,0,0,0,0,0,0,0,0,0,0,0,0,11.9972,0,1.15663,0,0,0,0
"MtrNatGas",8,2,11,"",22.472,0,0,0,13.661,0,0,0,0,0,0,0,0,0,0,0,0,0,7.70257,0,1.10844,0,0,0,0
"MtrNatGas",8,2,12,"",28.2155,0,0,0,13.2481,0,0,0,0,0,0,0,0,0,0,0,0,0,13.6421,0,1.32531,0,0,0,0
"MtrNatGas",8,2,13,"",20.7507,0,0,0,9.76947,0,0,0,0,0,0,0,0,0,0,0,0,0,9.46319,0,1.51808,0,0,0,0
"MtrNatGas",8,2,14,"",16.7691,0,0,0,7.64582,0,0,0,0,0,0,0,0,0,0,0,0,0,7.70154,0,1.42169,0,0,0,0
"MtrNatGas",8,2,15,"",11.7655,0,0,0,10.2715,0,0,0,0,0,0,0,0,0,0,0,0,0,0,0,1.49398,0,0,0,0
"MtrNatGas",8,2,16,"",11.3602,0,0,0,9.72162,0,0,0,0,0,0,0,0,0,0,0,0,0,0,0,1.63856,0,0,0,0
"MtrNatGas",8,2,17,"",15.4228,0,0,0,13.2301,0,0,0,0,0,0,0,0,0,0,0,0,0,0,0,2.19278,0,0,0,0
"MtrNatGas",8,2,18,"",17.8814,0,0,0,14.532,0,0,0,0,0,0,0,0,0,0,0,0,0,0,0,3.34941,0,0,0,0
"MtrNatGas",8,2,19,"",10.1624,0,0,0,7.05397,0,0,0,0,0,0,0,0,0,0,0,0,0,0,0,3.10844,0,0,0,0
"MtrNatGas",8,2,20,"",20.3541,0,0,0,10.9171,0,0,0,0,0,0,0,0,0,0,0,0,0,7.70199,0,1.73494,0,0,0,0
"MtrNatGas",8,2,21,"",20.746,0,0,0,19.0785,0,0,0,0,0,0,0,0,0,0,0,0,0,0.896423,0,0.771087,0,0,0,0
"MtrNatGas",8,2,22,"",18.1413,0,0,0,10.9984,0,0,0,0,0,0,0,0,0,0,0,0,0,6.80559,0,0.33735,0,0,0,0
"MtrNatGas",8,2,23,"",5.35409,0,0,0,5.13722,0,0,0,0,0,0,0,0,0,0,0,0,0,0,0,0.216868,0,0,0,0
"MtrNatGas",8,2,24,"",10.0441,0,0,0,9.92364,0,0,0,0,0,0,0,0,0,0,0,0,0,0,0,0.120482,0,0,0,0
"MtrNatGas",8,3,1,"",3.22729,0,0,0,3.10681,0,0,0,0,0,0,0,0,0,0,0,0,0,0,0,0.120482,0,0,0,0
"MtrNatGas",8,3,2,"",3.05433,0,0,0,2.95795,0,0,0,0,0,0,0,0,0,0,0,0,0,0,0,0.0963858,0,0,0,0
"MtrNatGas",8,3,3,"",2.9087,0,0,0,2.81231,0,0,0,0,0,0,0,0,0,0,0,0,0,0,0,0.0963858,0,0,0,0
"MtrNatGas",8,3,4,"",2.90913,0,0,0,2.81275,0,0,0,0,0,0,0,0,0,0,0,0,0,0,0,0.0963858,0,0,0,0
"MtrNatGas",8,3,5,"",4.02861,0,0,0,3.93223,0,0,0,0,0,0,0,0,0,0,0,0,0,0,0,0.0963858,0,0,0,0
"MtrNatGas",8,3,6,"",7.47545,0,0,0,7.1381,0,0,0,0,0,0,0,0,0,0,0,0,0,0,0,0.33735,0,0,0,0
"MtrNatGas",8,3,7,"",4.60035,0,0,0,4.14252,0,0,0,0,0,0,0,0,0,0,0,0,0,0,0,0.457833,0,0,0,0
"MtrNatGas",8,3,8,"",25.2921,0,0,0,24.6897,0,0,0,0,0,0,0,0,0,0,0,0,0,0,0,0.602411,0,0,0,0
"MtrNatGas",8,3,9,"",19.8524,0,0,0,19.2259,0,0,0,0,0,0,0,0,0,0,0,0,0,0,0,0.626508,0,0,0,0
"MtrNatGas",8,3,10,"",38.1975,0,0,0,19.7604,0,0,0,0,0,0,0,0,0,0,0,0,0,17.9071,0,0.530122,0,0,0,0
"MtrNatGas",8,3,11,"",16.6129,0,0,0,10.9127,0,0,0,0,0,0,0,0,0,0,0,0,0,5.19421,0,0.506026,0,0,0,0
"MtrNatGas",8,3,12,"",13.957,0,0,0,5.7339,0,0,0,0,0,0,0,0,0,0,0,0,0,7.52434,0,0.698797,0,0,0,0
"MtrNatGas",8,3,13,"",12.3303,0,0,0,11.3109,0,0,0,0,0,0,0,0,0,0,0,0,0,0.176068,0,0.843376,0,0,0,0
"MtrNatGas",8,3,14,"",14.0796,0,0,0,6.10496,0,0,0,0,0,0,0,0,0,0,0,0,0,7.20353,0,0.771087,0,0,0,0
"MtrNatGas",8,3,15,"",17.8342,0,0,0,8.81552,0,0,0,0,0,0,0,0,0,0,0,0,0,8.1994,0,0.81928,0,0,0,0
"MtrNatGas",8,3,16,"",10.0379,0,0,0,5.84355,0,0,0,0,0,0,0,0,0,0,0,0,0,2.94132,0,1.25302,0,0,0,0
"MtrNatGas",8,3,17,"",17.9862,0,0,0,10.4562,0,0,0,0,0,0,0,0,0,0,0,0,0,4.75893,0,2.77109,0,0,0,0
"MtrNatGas",8,3,18,"",25.1066,0,0,0,20.456,0,0,0,0,0,0,0,0,0,0,0,0,0,0,0,4.65062,0,0,0,0
"MtrNatGas",8,3,19,"",28.878,0,0,0,16.4509,0,0,0,0,0,0,0,0,0,0,0,0,0,8.08973,0,4.33736,0,0,0,0
"MtrNatGas",8,3,20,"",30.4352,0,0,0,20.7572,0,0,0,0,0,0,0,0,0,0,0,0,0,7.31654,0,2.36145,0,0,0,0
"MtrNatGas",8,3,21,"",12.2258,0,0,0,11.2137,0,0,0,0,0,0,0,0,0,0,0,0,0,0,0,1.01205,0,0,0,0
"MtrNatGas",8,3,22,"",23.9638,0,0,0,23.4819,0,0,0,0,0,0,0,0,0,0,0,0,0,0,0,0.481929,0,0,0,0
"MtrNatGas",8,3,23,"",9.87735,0,0,0,9.58819,0,0,0,0,0,0,0,0,0,0,0,0,0,0,0,0.289157,0,0,0,0
"MtrNatGas",8,3,24,"",9.17237,0,0,0,8.93141,0,0,0,0,0,0,0,0,0,0,0,0,0,0,0,0.240965,0,0,0,0
"MtrNatGas",8,4,1,"",2.92929,0,0,0,2.80881,0,0,0,0,0,0,0,0,0,0,0,0,0,0,0,0.120482,0,0,0,0
"MtrNatGas",8,4,2,"",7.42314,0,0,0,7.32675,0,0,0,0,0,0,0,0,0,0,0,0,0,0,0,0.0963858,0,0,0,0
"MtrNatGas",8,4,3,"",5.18249,0,0,0,5.0861,0,0,0,0,0,0,0,0,0,0,0,0,0,0,0,0.0963858,0,0,0,0
"MtrNatGas",8,4,4,"",3.18122,0,0,0,3.08484,0,0,0,0,0,0,0,0,0,0,0,0,0,0,0,0.0963858,0,0,0,0
"MtrNatGas",8,4,5,"",4.66618,0,0,0,4.56979,0,0,0,0,0,0,0,0,0,0,0,0,0,0,0,0.0963858,0,0,0,0
"MtrNatGas",8,4,6,"",4.76808,0,0,0,4.43073,0,0,0,0,0,0,0,0,0,0,0,0,0,0,0,0.33735,0,0,0,0
"MtrNatGas",8,4,7,"",12.4942,0,0,0,12.0363,0,0,0,0,0,0,0,0,0,0,0,0,0,0,0,0.457833,0,0,0,0
"MtrNatGas",8,4,8,"",28.2699,0,0,0,27.6675,0,0,0,0,0,0,0,0,0,0,0,0,0,0,0,0.602411,0,0,0,0
"MtrNatGas",8,4,9,"",28.1073,0,0,0,27.4808,0,0,0,0,0,0,0,0,0,0,0,0,0,0,0,0.626508,0,0,0,0
"MtrNatGas",8,4,10,"",12.56,0,0,0,12.0299,0,0,0,0,0,0,0,0,0,0,0,0,0,0,0,0.530122,0,0,0,0
"MtrNatGas",8,4,11,"",10.419,0,0,0,9.913,0,0,0,0,0,0,0,0,0,0,0,0,0,0,0,0.506026,0,0,0,0
"MtrNatGas",8,4,12,"",12.4186,0,0,0,4.19548,0,0,0,0,0,0,0,0,0,0,0,0,0,7.52434,0,0.698797,0,0,0,0
"MtrNatGas",8,4,13,"",8.0008,0,0,0,6.98135,0,0,0,0,0,0,0,0,0,0,0,0,0,0.176068,0,0.843376,0,0,0,0
"MtrNatGas",8,4,14,"",17.2164,0,0,0,4.87623,0,0,0,0,0,0,0,0,0,0,0,0,0,11.5691,0,0.771087,0,0,0,0
"MtrNatGas",8,4,15,"",9.8499,0,0,0,5.19681,0,0,0,0,0,0,0,0,0,0,0,0,0,3.83381,0,0.81928,0,0,0,0
"MtrNatGas",8,4,16,"",11.684,0,0,0,7.48971,0,0,0,0,0,0,0,0,0,0,0,0,0,2.94132,0,1.25302,0,0,0,0
"MtrNatGas",8,4,17,"",12.1193,0,0,0,4.58922,0,0,0,0,0,0,0,0,0,0,0,0,0,4.75893,0,2.77109,0,0,0,0
"MtrNatGas",8,4,18,"",10.755,0,0,0,6.10439,0,0,0,0,0,0,0,0,0,0,0,0,0,0,0,4.65062,0,0,0,0
"MtrNatGas",8,4,19,"",22.3629,0,0,0,18.0255,0,0,0,0,0,0,0,0,0,0,0,0,0,0,0,4.33736,0,0,0,0
"MtrNatGas",8,4,20,"",19.1525,0,0,0,16.7911,0,0,0,0,0,0,0,0,0,0,0,0,0,0,0,2.36145,0,0,0,0
"MtrNatGas",8,4,21,"",32.8402,0,0,0,31.8282,0,0,0,0,0,0,0,0,0,0,0,0,0,0,0,1.01205,0,0,0,0
"MtrNatGas",8,4,22,"",44.7971,0,0,0,28.9098,0,0,0,0,0,0,0,0,0,0,0,0,0,15.4054,0,0.481929,0,0,0,0
"MtrNatGas",8,4,23,"",25.5205,0,0,0,25.2314,0,0,0,0,0,0,0,0,0,0,0,0,0,0,0,0.289157,0,0,0,0
"MtrNatGas",8,4,24,"",3.32447,0,0,0,3.0835,0,0,0,0,0,0,0,0,0,0,0,0,0,0,0,0.240965,0,0,0,0
"MtrNatGas",8,5,1,"",2.93148,0,0,0,2.811,0,0,0,0,0,0,0,0,0,0,0,0,0,0,0,0.120482,0,0,0,0
"MtrNatGas",8,5,2,"",2.90782,0,0,0,2.81144,0,0,0,0,0,0,0,0,0,0,0,0,0,0,0,0.0963858,0,0,0,0
"MtrNatGas",8,5,3,"",3.89489,0,0,0,3.79851,0,0,0,0,0,0,0,0,0,0,0,0,0,0,0,0.0963858,0,0,0,0
"MtrNatGas",8,5,4,"",2.90914,0,0,0,2.81275,0,0,0,0,0,0,0,0,0,0,0,0,0,0,0,0.0963858,0,0,0,0
"MtrNatGas",8,5,5,"",2.91001,0,0,0,2.81362,0,0,0,0,0,0,0,0,0,0,0,0,0,0,0,0.0963858,0,0,0,0
"MtrNatGas",8,5,6,"",6.40316,0,0,0,6.06581,0,0,0,0,0,0,0,0,0,0,0,0,0,0,0,0.33735,0,0,0,0
"MtrNatGas",8,5,7,"",10.1809,0,0,0,9.72304,0,0,0,0,0,0,0,0,0,0,0,0,0,0,0,0.457833,0,0,0,0
"MtrNatGas",8,5,8,"",37.7353,0,0,0,29.4297,0,0,0,0,0,0,0,0,0,0,0,0,0,7.70312,0,0.602411,0,0,0,0
"MtrNatGas",8,5,9,"",34.6515,0,0,0,26.3244,0,0,0,0,0,0,0,0,0,0,0,0,0,7.70058,0,0.626508,0,0,0,0
"MtrNatGas",8,5,10,"",19.7611,0,0,0,19.231,0,0,0,0,0,0,0,0,0,0,0,0,0,0,0,0.530122,0,0,0,0
"MtrNatGas",8,5,11,"",10.8433,0,0,0,10.3373,0,0,0,0,0,0,0,0,0,0,0,0,0,0,0,0.506026,0,0,0,0
"MtrNatGas",8,5,12,"",16.1761,0,0,0,7.77635,0,0,0,0,0,0,0,0,0,0,0,0,0,7.70093,0,0.698797,0,0,0,0
"MtrNatGas",8,5,13,"",11.9596,0,0,0,3.41466,0,0,0,0,0,0,0,0,0,0,0,0,0,7.70155,0,0.843376,0,0,0,0
"MtrNatGas",8,5,14,"",3.71408,0,0,0,2.94299,0,0,0,0,0,0,0,0,0,0,0,0,0,0,0,0.771087,0,0,0,0
"MtrNatGas",8,5,15,"",4.14023,0,0,0,3.32095,0,0,0,0,0,0,0,0,0,0,0,0,0,0,0,0.81928,0,0,0,0
"MtrNatGas",8,5,16,"",15.77,0,0,0,10.6824,0,0,0,0,0,0,0,0,0,0,0,0,0,3.83464,0,1.25302,0,0,0,0
"MtrNatGas",8,5,17,"",12.5124,0,0,0,5.87572,0,0,0,0,0,0,0,0,0,0,0,0,0,3.86561,0,2.77109,0,0,0,0
"MtrNatGas",8,5,18,"",10.5111,0,0,0,5.8605,0,0,0,0,0,0,0,0,0,0,0,0,0,0,0,4.65062,0,0,0,0
"MtrNatGas",8,5,19,"",17.1775,0,0,0,12.8402,0,0,0,0,0,0,0,0,0,0,0,0,0,0,0,4.33736,0,0,0,0
"MtrNatGas",8,5,20,"",35.2107,0,0,0,19.2317,0,0,0,0,0,0,0,0,0,0,0,0,0,13.6175,0,2.36145,0,0,0,0
"MtrNatGas",8,5,21,"",14.4116,0,0,0,11.6166,0,0,0,0,0,0,0,0,0,0,0,0,0,1.78296,0,1.01205,0,0,0,0
"MtrNatGas",8,5,22,"",5.2136,0,0,0,4.73167,0,0,0,0,0,0,0,0,0,0,0,0,0,0,0,0.481929,0,0,0,0
"MtrNatGas",8,5,23,"",3.0971,0,0,0,2.80794,0,0,0,0,0,0,0,0,0,0,0,0,0,0,0,0.289157,0,0,0,0
"MtrNatGas",8,5,24,"",6.18288,0,0,0,5.94192,0,0,0,0,0,0,0,0,0,0,0,0,0,0,0,0.240965,0,0,0,0
"MtrNatGas",8,6,1,"",3.85251,0,0,0,3.73202,0,0,0,0,0,0,0,0,0,0,0,0,0,0,0,0.120482,0,0,0,0
"MtrNatGas",8,6,2,"",3.05359,0,0,0,2.9572,0,0,0,0,0,0,0,0,0,0,0,0,0,0,0,0.0963858,0,0,0,0
"MtrNatGas",8,6,3,"",3.50083,0,0,0,3.40444,0,0,0,0,0,0,0,0,0,0,0,0,0,0,0,0.0963858,0,0,0,0
"MtrNatGas",8,6,4,"",4.35069,0,0,0,4.25431,0,0,0,0,0,0,0,0,0,0,0,0,0,0,0,0.0963858,0,0,0,0
"MtrNatGas",8,6,5,"",5.09203,0,0,0,4.99565,0,0,0,0,0,0,0,0,0,0,0,0,0,0,0,0.0963858,0,0,0,0
"MtrNatGas",8,6,6,"",6.28306,0,0,0,5.94571,0,0,0,0,0,0,0,0,0,0,0,0,0,0,0,0.33735,0,0,0,0
"MtrNatGas",8,6,7,"",27.0775,0,0,0,26.6197,0,0,0,0,0,0,0,0,0,0,0,0,0,0,0,0.457833,0,0,0,0
"MtrNatGas",8,6,8,"",36.8629,0,0,0,36.2605,0,0,0,0,0,0,0,0,0,0,0,0,0,0,0,0.602411,0,0,0,0
"MtrNatGas",8,6,9,"",17.507,0,0,0,16.8805,0,0,0,0,0,0,0,0,0,0,0,0,0,0,0,0.626508,0,0,0,0
"MtrNatGas",8,6,10,"",32.3596,0,0,0,29.3212,0,0,0,0,0,0,0,0,0,0,0,0,0,2.50833,0,0.530122,0,0,0,0
"MtrNatGas",8,6,11,"",39.0788,0,0,0,21.5137,0,0,0,0,0,0,0,0,0,0,0,0,0,17.0591,0,0.506026,0,0,0,0
"MtrNatGas",8,6,12,"",12.2874,0,0,0,8.04925,0,0,0,0,0,0,0,0,0,0,0,0,0,3.53936,0,0.698797,0,0,0,0
"MtrNatGas",8,6,13,"",9.35092,0,0,0,8.50754,0,0,0,0,0,0,0,0,0,0,0,0,0,0,0,0.843376,0,0,0,0
"MtrNatGas",8,6,14,"",8.43953,0,0,0,7.66844,0,0,0,0,0,0,0,0,0,0,0,0,0,0,0,0.771087,0,0,0,0
"MtrNatGas",8,6,15,"",5.88511,0,0,0,5.06583,0,0,0,0,0,0,0,0,0,0,0,0,0,0,0,0.81928,0,0,0,0
"MtrNatGas",8,6,16,"",6.07723,0,0,0,4.82422,0,0,0,0,0,0,0,0,0,0,0,0,0,0,0,1.25302,0,0,0,0
"MtrNatGas",8,6,17,"",8.60206,0,0,0,5.83096,0,0,0,0,0,0,0,0,0,0,0,0,0,0,0,2.77109,0,0,0,0
"MtrNatGas",8,6,18,"",11.2179,0,0,0,6.56731,0,0,0,0,0,0,0,0,0,0,0,0,0,0,0,4.65062,0,0,0,0
"MtrNatGas",8,6,19,"",28.1894,0,0,0,23.852,0,0,0,0,0,0,0,0,0,0,0,0,0,0,0,4.33736,0,0,0,0
"MtrNatGas",8,6,20,"",23.3592,0,0,0,20.9978,0,0,0,0,0,0,0,0,0,0,0,0,0,0,0,2.36145,0,0,0,0
"MtrNatGas",8,6,21,"",18.6734,0,0,0,17.6614,0,0,0,0,0,0,0,0,0,0,0,0,0,0,0,1.01205,0,0,0,0
"MtrNatGas",8,6,22,"",13.9448,0,0,0,13.4629,0,0,0,0,0,0,0,0,0,0,0,0,0,0,0,0.481929,0,0,0,0
"MtrNatGas",8,6,23,"",19.397,0,0,0,17.6951,0,0,0,0,0,0,0,0,0,0,0,0,0,1.41278,0,0.289157,0,0,0,0
"MtrNatGas",8,6,24,"",15.8906,0,0,0,11.9342,0,0,0,0,0,0,0,0,0,0,0,0,0,3.71548,0,0.240965,0,0,0,0
"MtrNatGas",8,7,1,"",5.50014,0,0,0,2.80488,0,0,0,0,0,0,0,0,0,0,0,0,0,2.57478,0,0.120482,0,0,0,0
"MtrNatGas",8,7,2,"",5.08168,0,0,0,4.98529,0,0,0,0,0,0,0,0,0,0,0,0,0,0,0,0.0963858,0,0,0,0
"MtrNatGas",8,7,3,"",4.46298,0,0,0,4.3666,0,0,0,0,0,0,0,0,0,0,0,0,0,0,0,0.0963858,0,0,0,0
"MtrNatGas",8,7,4,"",2.97542,0,0,0,2.87904,0,0,0,0,0,0,0,0,0,0,0,0,0,0,0,0.0963858,0,0,0,0
"MtrNatGas",8,7,5,"",3.04353,0,0,0,2.94714,0,0,0,0,0,0,0,0,0,0,0,0,0,0,0,0.0963858,0,0,0,0
"MtrNatGas",8,7,6,"",3.28625,0,0,0,2.9489,0,0,0,0,0,0,0,0,0,0,0,0,0,0,0,0.33735,0,0,0,0
"MtrNatGas",8,7,7,"",6.25535,0,0,0,5.79752,0,0,0,0,0,0,0,0,0,0,0,0,0,0,0,0.457833,0,0,0,0
"MtrNatGas",8,7,8,"",34.2698,0,0,0,33.6674,0,0,0,0,0,0,0,0,0,0,0,0,0,0,0,0.602411,0,0,0,0
"MtrNatGas",8,7,9,"",25.6869,0,0,0,25.0604,0,0,0,0,0,0,0,0,0,0,0,0,0,0,0,0.626508,0,0,0,0
"MtrNatGas",8,7,10,"",23.9257,0,0,0,17.9103,0,0,0,0,0,0,0,0,0,0,0,0,0,5.48529,0,0.530122,0,0,0,0
"MtrNatGas",8,7,11,"",13.1881,0,0,0,6.30264,0,0,0,0,0,0,0,0,0,0,0,0,0,6.37941,0,0.506026,0,0,0,0
"MtrNatGas",8,7,12,"",11.7659,0,0,0,7.52774,0,0,0,0,0,0,0,0,0,0,0,0,0,3.53936,0,0.698797,0,0,0,0
"MtrNatGas",8,7,13,"",13.4058,0,0,0,4.86084,0,0,0,0,0,0,0,0,0,0,0,0,0,7.70155,0,0.843376,0,0,0,0
"MtrNatGas",8,7,14,"",5.52979,0,0,0,4.7587,0,0,0,0,0,0,0,0,0,0,0,0,0,0,0,0.771087,0,0,0,0
"MtrNatGas",8,7,15,"",15.3773,0,0,0,6.85732,0,0,0,0,0,0,0,0,0,0,0,0,0,7.7007,0,0.81928,0,0,0,0
"MtrNatGas",8,7,16,"",9.90636,0,0,0,8.65335,0,0,0,0,0,0,0,0,0,0,0,0,0,0,0,1.25302,0,0,0,0
"MtrNatGas",8,7,17,"",8.54639,0,0,0,5.77529,0,0,0,0,0,0,0,0,0,0,0,0,0,0,0,2.77109,0,0,0,0
"MtrNatGas",8,7,18,"",10.3127,0,0,0,5.66206,0,0,0,0,0,0,0,0,0,0,0,0,0,0,0,4.65062,0,0,0,0
"MtrNatGas",8,7,19,"",22.3581,0,0,0,18.0208,0,0,0,0,0,0,0,0,0,0,0,0,0,0,0,4.33736,0,0,0,0
"MtrNatGas",8,7,20,"",20.2508,0,0,0,17.8894,0,0,0,0,0,0,0,0,0,0,0,0,0,0,0,2.36145,0,0,0,0
"MtrNatGas",8,7,21,"",12.4038,0,0,0,11.3918,0,0,0,0,0,0,0,0,0,0,0,0,0,0,0,1.01205,0,0,0,0
"MtrNatGas",8,7,22,"",6.962,0,0,0,6.48007,0,0,0,0,0,0,0,0,0,0,0,0,0,0,0,0.481929,0,0,0,0
"MtrNatGas",8,7,23,"",15.1929,0,0,0,14.9037,0,0,0,0,0,0,0,0,0,0,0,0,0,0,0,0.289157,0,0,0,0
"MtrNatGas",8,7,24,"",5.87864,0,0,0,5.63768,0,0,0,0,0,0,0,0,0,0,0,0,0,0,0,0.240965,0,0,0,0
"MtrNatGas",8,8,1,"",6.47582,0,0,0,6.35534,0,0,0,0,0,0,0,0,0,0,0,0,0,0,0,0.120482,0,0,0,0
"MtrNatGas",8,8,2,"",4.29718,0,0,0,4.20079,0,0,0,0,0,0,0,0,0,0,0,0,0,0,0,0.0963858,0,0,0,0
"MtrNatGas",8,8,3,"",3.62086,0,0,0,3.54857,0,0,0,0,0,0,0,0,0,0,0,0,0,0,0,0.0722894,0,0,0,0
"MtrNatGas",8,8,4,"",3.17355,0,0,0,3.10126,0,0,0,0,0,0,0,0,0,0,0,0,0,0,0,0.0722894,0,0,0,0
"MtrNatGas",8,8,5,"",3.18494,0,0,0,3.11265,0,0,0,0,0,0,0,0,0,0,0,0,0,0,0,0.0722894,0,0,0,0
"MtrNatGas",8,8,6,"",3.43311,0,0,0,3.31262,0,0,0,0,0,0,0,0,0,0,0,0,0,0,0,0.120482,0,0,0,0
"MtrNatGas",8,8,7,"",10.8721,0,0,0,10.6311,0,0,0,0,0,0,0,0,0,0,0,0,0,0,0,0.240965,0,0,0,0
"MtrNatGas",8,8,8,"",12.5296,0,0,0,11.879,0,0,0,0,0,0,0,0,0,0,0,0,0,0,0,0.650604,0,0,0,0
"MtrNatGas",8,8,9,"",11.5534,0,0,0,10.3968,0,0,0,0,0,0,0,0,0,0,0,0,0,0,0,1.15663,0,0,0,0
"MtrNatGas",8,8,10,"",10.0793,0,0,0,8.9227,0,0,0,0,0,0,0,0,0,0,0,0,0,0,0,1.15663,0,0,0,0
"MtrNatGas",8,8,11,"",17.3909,0,0,0,16.2825,0,0,0,0,0,0,0,0,0,0,0,0,0,0,0,1.10844,0,0,0,0
"MtrNatGas",8,8,12,"",38.9956,0,0,0,19.1319,0,0,0,0,0,0,0,0,0,0,0,0,0,18.5383,0,1.32531,0,0,0,0
"MtrNatGas",8,8,13,"",32.621,0,0,0,13.9099,0,0,0,0,0,0,0,0,0,0,0,0,0,17.193,0,1.51808,0,0,0,0
"MtrNatGas",8,8,14,"",17.8749,0,0,0,5.97425,0,0,0,0,0,0,0,0,0,0,0,0,0,10.479,0,1.42169,0,0,0,0
"MtrNatGas",8,8,15,"",6.91802,0,0,0,5.42404,0,0,0,0,0,0,0,0,0,0,0,0,0,0,0,1.49398,0,0,0,0
"MtrNatGas",8,8,16,"",6.82494,0,0,0,5.18638,0,0,0,0,0,0,0,0,0,0,0,0,0,0,0,1.63856,0,0,0,0
"MtrNatGas",8,8,17,"",20.6246,0,0,0,18.4318,0,0,0,0,0,0,0,0,0,0,0,0,0,0,0,2.19278,0,0,0,0
"MtrNatGas",8,8,18,"",17.6361,0,0,0,14.2867,0,0,0,0,0,0,0,0,0,0,0,0,0,0,0,3.34941,0,0,0,0
"MtrNatGas",8,8,19,"",36.94,0,0,0,26.1289,0,0,0,0,0,0,0,0,0,0,0,0,0,7.7027,0,3.10844,0,0,0,0
"MtrNatGas",8,8,20,"",24.3442,0,0,0,22.6093,0,0,0,0,0,0,0,0,0,0,0,0,0,0,0,1.73494,0,0,0,0
"MtrNatGas",8,8,21,"",19.4036,0,0,0,15.7644,0,0,0,0,0,0,0,0,0,0,0,0,0,2.86817,0,0.771087,0,0,0,0
"MtrNatGas",8,8,22,"",14.0119,0,0,0,8.84078,0,0,0,0,0,0,0,0,0,0,0,0,0,4.83381,0,0.33735,0,0,0,0
"MtrNatGas",8,8,23,"",4.6427,0,0,0,4.42584,0,0,0,0,0,0,0,0,0,0,0,0,0,0,0,0.216868,0,0,0,0
"MtrNatGas",8,8,24,"",11.4357,0,0,0,11.3152,0,0,0,0,0,0,0,0,0,0,0,0,0,0,0,0.120482,0,0,0,0
"MtrNatGas",8,9,1,"",3.53575,0,0,0,3.41527,0,0,0,0,0,0,0,0,0,0,0,0,0,0,0,0.120482,0,0,0,0
"MtrNatGas",8,9,2,"",2.90869,0,0,0,2.81231,0,0,0,0,0,0,0,0,0,0,0,0,0,0,0,0.0963858,0,0,0,0
"MtrNatGas",8,9,3,"",4.9187,0,0,0,4.84641,0,0,0,0,0,0,0,0,0,0,0,0,0,0,0,0.0722894,0,0,0,0
"MtrNatGas",8,9,4,"",4.18345,0,0,0,4.11116,0,0,0,0,0,0,0,0,0,0,0,0,0,0,0,0.0722894,0,0,0,0
"MtrNatGas",8,9,5,"",2.88941,0,0,0,2.81712,0,0,0,0,0,0,0,0,0,0,0,0,0,0,0,0.0722894,0,0,0,0
"MtrNatGas",8,9,6,"",2.93892,0,0,0,2.81843,0,0,0,0,0,0,0,0,0,0,0,0,0,0,0,0.120482,0,0,0,0
"MtrNatGas",8,9,7,"",4.10819,0,0,0,3.86722,0,0,0,0,0,0,0,0,0,0,0,0,0,0,0,0.240965,0,0,0,0
"MtrNatGas",8,9,8,"",8.12452,0,0,0,6.62948,0,0,0,0,0,0,0,0,0,0,0,0,0,0.84443,0,0.650604,0,0,0,0
"MtrNatGas",8,9,9,"",37.3233,0,0,0,32.5469,0,0,0,0,0,0,0,0,0,0,0,0,0,3.61978,0,1.15663,0,0,0,0
"MtrNatGas",8,9,10,"",33.5952,0,0,0,29.2007,0,0,0,0,0,0,0,0,0,0,0,0,0,3.23787,0,1.15663,0,0,0,0
"MtrNatGas",8,9,11,"",32.3953,0,0,0,20.7581,0,0,0,0,0,0,0,0,0,0,0,0,0,10.5288,0,1.10844,0,0,0,0
"MtrNatGas",8,9,12,"",24.7638,0,0,0,15.4276,0,0,0,0,0,0,0,0,0,0,0,0,0,8.01094,0,1.32531,0,0,0,0
"MtrNatGas",8,9,13,"",12.4401,0,0,0,6.35375,0,0,0,0,0,0,0,0,0,0,0,0,0,4.56828,0,1.51808,0,0,0,0
"MtrNatGas",8,9,14,"",16.3832,0,0,0,7.25993,0,0,0,0,0,0,0,0,0,0,0,0,0,7.70154,0,1.42169,0,0,0,0
"MtrNatGas",8,9,15,"",7.68035,0,0,0,6.18637,0,0,0,0,0,0,0,0,0,0,0,0,0,0,0,1.49398,0,0,0,0
"MtrNatGas",8,9,16,"",8.95805,0,0,0,4.80994,0,0,0,0,0,0,0,0,0,0,0,0,0,2.50955,0,1.63856,0,0,0,0
"MtrNatGas",8,9,17,"",11.3134,0,0,0,3.92895,0,0,0,0,0,0,0,0,0,0,0,0,0,5.19166,0,2.19278,0,0,0,0
"MtrNatGas",8,9,18,"",10.3658,0,0,0,7.01637,0,0,0,0,0,0,0,0,0,0,0,0,0,0,0,3.34941,0,0,0,0
"MtrNatGas",8,9,19,"",25.7071,0,0,0,14.8958,0,0,0,0,0,0,0,0,0,0,0,0,0,7.70286,0,3.10844,0,0,0,0
"MtrNatGas",8,9,20,"",15.375,0,0,0,10.0697,0,0,0,0,0,0,0,0,0,0,0,0,0,3.57035,0,1.73494,0,0,0,0
"MtrNatGas",8,9,21,"",19.2763,0,0,0,14.374,0,0,0,0,0,0,0,0,0,0,0,0,0,4.13114,0,0.771087,0,0,0,0
"MtrNatGas",8,9,22,"",13.7983,0,0,0,13.461,0,0,0,0,0,0,0,0,0,0,0,0,0,0,0,0.33735,0,0,0,0
"MtrNatGas",8,9,23,"",5.81586,0,0,0,5.59899,0,0,0,0,0,0,0,0,0,0,0,0,0,0,0,0.216868,0,0,0,0
"MtrNatGas",8,9,24,"",4.98,0,0,0,4.85952,0,0,0,0,0,0,0,0,0,0,0,0,0,0,0,0.120482,0,0,0,0
"MtrNatGas",8,10,1,"",3.51794,0,0,0,3.39745,0,0,0,0,0,0,0,0,0,0,0,0,0,0,0,0.120482,0,0,0,0
"MtrNatGas",8,10,2,"",3.05922,0,0,0,2.96284,0,0,0,0,0,0,0,0,0,0,0,0,0,0,0,0.0963858,0,0,0,0
"MtrNatGas",8,10,3,"",3.0997,0,0,0,3.00332,0,0,0,0,0,0,0,0,0,0,0,0,0,0,0,0.0963858,0,0,0,0
"MtrNatGas",8,10,4,"",3.05969,0,0,0,2.9633,0,0,0,0,0,0,0,0,0,0,0,0,0,0,0,0.0963858,0,0,0,0
"MtrNatGas",8,10,5,"",2.91788,0,0,0,2.82149,0,0,0,0,0,0,0,0,0,0,0,0,0,0,0,0.0963858,0,0,0,0
"MtrNatGas",8,10,6,"",3.74468,0,0,0,3.40733,0,0,0,0,0,0,0,0,0,0,0,0,0,0,0,0.33735,0,0,0,0
"MtrNatGas",8,10,7,"",11.9594,0,0,0,11.5016,0,0,0,0,0,0,0,0,0,0,0,0,0,0,0,0.457833,0,0,0,0
"MtrNatGas",8,10,8,"",43.4447,0,0,0,42.8423,0,0,0,0,0,0,0,0,0,0,0,0,0,0,0,0.602411,0,0,0,0
"MtrNatGas",8,10,9,"",27.4999,0,0,0,19.1729,0,0,0,0,0,0,0,0,0,0,0,0,0,7.70058,0,0.626508,0,0,0,0
"MtrNatGas",8,10,10,"",24.1232,0,0,0,13.3854,0,0,0,0,0,0,0,0,0,0,0,0,0,10.2077,0,0.530122,0,0,0,0
"MtrNatGas",8,10,11,"",13.1319,0,0,0,7.43172,0,0,0,0,0,0,0,0,0,0,0,0,0,5.19421,0,0.506026,0,0,0,0
"MtrNatGas",8,10,12,"",13.253,0,0,0,4.85331,0,0,0,0,0,0,0,0,0,0,0,0,0,7.70093,0,0.698797,0,0,0,0
"MtrNatGas",8,10,13,"",7.25583,0,0,0,6.41246,0,0,0,0,0,0,0,0,0,0,0,0,0,0,0,0.843376,0,0,0,0
"MtrNatGas",8,10,14,"",8.96051,0,0,0,4.58766,0,0,0,0,0,0,0,0,0,0,0,0,0,3.60176,0,0.771087,0,0,0,0
"MtrNatGas",8,10,15,"",8.70265,0,0,0,3.78368,0,0,0,0,0,0,0,0,0,0,0,0,0,4.0997,0,0.81928,0,0,0,0
"MtrNatGas",8,10,16,"",9.37853,0,0,0,5.18419,0,0,0,0,0,0,0,0,0,0,0,0,0,2.94132,0,1.25302,0,0,0,0
"MtrNatGas",8,10,17,"",18.3986,0,0,0,10.8686,0,0,0,0,0,0,0,0,0,0,0,0,0,4.75893,0,2.77109,0,0,0,0
"MtrNatGas",8,10,18,"",15.6464,0,0,0,10.9958,0,0,0,0,0,0,0,0,0,0,0,0,0,0,0,4.65062,0,0,0,0
"MtrNatGas",8,10,19,"",17.6636,0,0,0,9.28136,0,0,0,0,0,0,0,0,0,0,0,0,0,4.04487,0,4.33736,0,0,0,0
"MtrNatGas",8,10,20,"",20.7609,0,0,0,8.82443,0,0,0,0,0,0,0,0,0,0,0,0,0,9.575,0,2.36145,0,0,0,0
"MtrNatGas",8,10,21,"",14.567,0,0,0,11.772,0,0,0,0,0,0,0,0,0,0,0,0,0,1.78296,0,1.01205,0,0,0,0
"MtrNatGas",8,10,22,"",14.0649,0,0,0,13.5829,0,0,0,0,0,0,0,0,0,0,0,0,0,0,0,0.481929,0,0,0,0
"MtrNatGas",8,10,23,"",8.26687,0,0,0,7.97771,0,0,0,0,0,0,0,0,0,0,0,0,0,0,0,0.289157,0,0,0,0
"MtrNatGas",8,10,24,"",10.9033,0,0,0,10.6624,0,0,0,0,0,0,0,0,0,0,0,0,0,0,0,0.240965,0,0,0,0
"MtrNatGas",8,11,1,"",2.93148,0,0,0,2.811,0,0,0,0,0,0,0,0,0,0,0,0,0,0,0,0.120482,0,0,0,0
"MtrNatGas",8,11,2,"",2.90782,0,0,0,2.81143,0,0,0,0,0,0,0,0,0,0,0,0,0,0,0,0.0963858,0,0,0,0
"MtrNatGas",8,11,3,"",4.87714,0,0,0,4.78075,0,0,0,0,0,0,0,0,0,0,0,0,0,0,0,0.0963858,0,0,0,0
"MtrNatGas",8,11,4,"",2.90913,0,0,0,2.81274,0,0,0,0,0,0,0,0,0,0,0,0,0,0,0,0.0963858,0,0,0,0
"MtrNatGas",8,11,5,"",2.91001,0,0,0,2.81363,0,0,0,0,0,0,0,0,0,0,0,0,0,0,0,0.0963858,0,0,0,0
"MtrNatGas",8,11,6,"",4.60769,0,0,0,4.27034,0,0,0,0,0,0,0,0,0,0,0,0,0,0,0,0.33735,0,0,0,0
"MtrNatGas",8,11,7,"",40.1198,0,0,0,39.662,0,0,0,0,0,0,0,0,0,0,0,0,0,0,0,0.457833,0,0,0,0
"MtrNatGas",8,11,8,"",30.6602,0,0,0,30.0578,0,0,0,0,0,0,0,0,0,0,0,0,0,0,0,0.602411,0,0,0,0
"MtrNatGas",8,11,9,"",36.5022,0,0,0,35.8757,0,0,0,0,0,0,0,0,0,0,0,0,0,0,0,0.626508,0,0,0,0
"MtrNatGas",8,11,10,"",38.4212,0,0,0,37.8911,0,0,0,0,0,0,0,0,0,0,0,0,0,0,0,0.530122,0,0,0,0
"MtrNatGas",8,11,11,"",9.92983,0,0,0,9.42381,0,0,0,0,0,0,0,0,0,0,0,0,0,0,0,0.506026,0,0,0,0
"MtrNatGas",8,11,12,"",12.719,0,0,0,6.72961,0,0,0,0,0,0,0,0,0,0,0,0,0,5.29063,0,0.698797,0,0,0,0
"MtrNatGas",8,11,13,"",8.5607,0,0,0,5.30733,0,0,0,0,0,0,0,0,0,0,0,0,0,2.40999,0,0.843376,0,0,0,0
"MtrNatGas",8,11,14,"",7.34589,0,0,0,4.07785,0,0,0,0,0,0,0,0,0,0,0,0,0,2.49695,0,0.771087,0,0,0,0
"MtrNatGas",8,11,15,"",8.94364,0,0,0,2.91784,0,0,0,0,0,0,0,0,0,0,0,0,0,5.20652,0,0.81928,0,0,0,0
"MtrNatGas",8,11,16,"",3.26967,0,0,0,2.01665,0,0,0,0,0,0,0,0,0,0,0,0,0,0,0,1.25302,0,0,0,0
"MtrNatGas",8,11,17,"",16.8756,0,0,0,4.49068,0,0,0,0,0,0,0,0,0,0,0,0,0,9.61387,0,2.77109,0,0,0,0
"MtrNatGas",8,11,18,"",21.8983,0,0,0,5.77357,0,0,0,0,0,0,0,0,0,0,0,0,0,11.4741,0,4.65062,0,0,0,0
"MtrNatGas",8,11,19,"",21.1181,0,0,0,7.06395,0,0,0,0,0,0,0,0,0,0,0,0,0,9.71681,0,4.33736,0,0,0,0
"MtrNatGas",8,11,20,"",7.60909,0,0,0,5.24764,0,0,0,0,0,0,0,0,0,0,0,0,0,0,0,2.36145,0,0,0,0
"MtrNatGas",8,11,21,"",12.2662,0,0,0,11.2541,0,0,0,0,0,0,0,0,0,0,0,0,0,0,0,1.01205,0,0,0,0
"MtrNatGas",8,11,22,"",8.89582,0,0,0,8.41389,0,0,0,0,0,0,0,0,0,0,0,0,0,0,0,0.481929,0,0,0,0
"MtrNatGas",8,11,23,"",5.70985,0,0,0,5.42069,0,0,0,0,0,0,0,0,0,0,0,0,0,0,0,0.289157,0,0,0,0
"MtrNatGas",8,11,24,"",7.06599,0,0,0,6.82503,0,0,0,0,0,0,0,0,0,0,0,0,0,0,0,0.240965,0,0,0,0
"MtrNatGas",8,12,1,"",4.40447,0,0,0,4.28399,0,0,0,0,0,0,0,0,0,0,0,0,0,0,0,0.120482,0,0,0,0
"MtrNatGas",8,12,2,"",3.19419,0,0,0,3.09781,0,0,0,0,0,0,0,0,0,0,0,0,0,0,0,0.0963858,0,0,0,0
"MtrNatGas",8,12,3,"",2.91307,0,0,0,2.81668,0,0,0,0,0,0,0,0,0,0,0,0,0,0,0,0.0963858,0,0,0,0
"MtrNatGas",8,12,4,"",3.27194,0,0,0,3.17556,0,0,0,0,0,0,0,0,0,0,0,0,0,0,0,0.0963858,0,0,0,0
"MtrNatGas",8,12,5,"",3.28085,0,0,0,3.18446,0,0,0,0,0,0,0,0,0,0,0,0,0,0,0,0.0963858,0,0,0,0
"MtrNatGas",8,12,6,"",4.52434,0,0,0,4.18699,0,0,0,0,0,0,0,0,0,0,0,0,0,0,0,0.33735,0,0,0,0
"MtrNatGas",8,12,7,"",8.12511,0,0,0,7.66728,0,0,0,0,0,0,0,0,0,0,0,0,0,0,0,0.457833,0,0,0,0
"MtrNatGas",8,12,8,"",12.7832,0,0,0,12.1807,0,0,0,0,0,0,0,0,0,0,0,0,0,0,0,0.602411,0,0,0,0
"MtrNatGas",8,12,9,"",55.6227,0,0,0,54.9962,0,0,0,0,0,0,0,0,0,0,0,0,0,0,0,0.626508,0,0,0,0
"MtrNatGas",8,12,10,"",16.9922,0,0,0,13.9537,0,0,0,0,0,0,0,0,0,0,0,0,0,2.50833,0,0.530122,0,0,0,0
"MtrNatGas",8,12,11,"",20.9174,0,0,0,7.51786,0,0,0,0,0,0,0,0,0,0,0,0,0,12.8935,0,0.506026,0,0,0,0
"MtrNatGas",8,12,12,"",4.98024,0,0,0,4.28144,0,0,0,0,0,0,0,0,0,0,0,0,0,0,0,0.698797,0,0,0,0
"MtrNatGas",8,12,13,"",3.98712,0,0,0,3.14375,0,0,0,0,0,0,0,0,0,0,0,0,0,0,0,0.843376,0,0,0,0
"MtrNatGas",8,12,14,"",3.77924,0,0,0,3.00815,0,0,0,0,0,0,0,0,0,0,0,0,0,0,0,0.771087,0,0,0,0
"MtrNatGas",8,12,15,"",2.72064,0,0,0,1.90136,0,0,0,0,0,0,0,0,0,0,0,0,0,0,0,0.81928,0,0,0,0
"MtrNatGas",8,12,16,"",3.61116,0,0,0,2.35814,0,0,0,0,0,0,0,0,0,0,0,0,0,0,0,1.25302,0,0,0,0
"MtrNatGas",8,12,17,"",25.7621,0,0,0,7.58603,0,0,0,0,0,0,0,0,0,0,0,0,0,15.405,0,2.77109,0,0,0,0
"MtrNatGas",8,12,18,"",31.9339,0,0,0,11.8825,0,0,0,0,0,0,0,0,0,0,0,0,0,15.4008,0,4.65062,0,0,0,0
"MtrNatGas",8,12,19,"",25.0201,0,0,0,5.27981,0,0,0,0,0,0,0,0,0,0,0,0,0,15.403,0,4.33736,0,0,0,0
"MtrNatGas",8,12,20,"",11.4533,0,0,0,9.09182,0,0,0,0,0,0,0,0,0,0,0,0,0,0,0,2.36145,0,0,0,0
"MtrNatGas",8,12,21,"",6.43177,0,0,0,5.41971,0,0,0,0,0,0,0,0,0,0,0,0,0,0,0,1.01205,0,0,0,0
"MtrNatGas",8,12,22,"",13.8714,0,0,0,13.3895,0,0,0,0,0,0,0,0,0,0,0,0,0,0,0,0.481929,0,0,0,0
"MtrNatGas",8,12,23,"",8.18136,0,0,0,7.89221,0,0,0,0,0,0,0,0,0,0,0,0,0,0,0,0.289157,0,0,0,0
"MtrNatGas",8,12,24,"",7.82084,0,0,0,7.57987,0,0,0,0,0,0,0,0,0,0,0,0,0,0,0,0.240965,0,0,0,0
"MtrNatGas",8,13,1,"",2.93367,0,0,0,2.81318,0,0,0,0,0,0,0,0,0,0,0,0,0,0,0,0.120482,0,0,0,0
"MtrNatGas",8,13,2,"",2.90957,0,0,0,2.81318,0,0,0,0,0,0,0,0,0,0,0,0,0,0,0,0.0963858,0,0,0,0
"MtrNatGas",8,13,3,"",3.91703,0,0,0,3.82065,0,0,0,0,0,0,0,0,0,0,0,0,0,0,0,0.0963858,0,0,0,0
"MtrNatGas",8,13,4,"",2.91001,0,0,0,2.81362,0,0,0,0,0,0,0,0,0,0,0,0,0,0,0,0.0963858,0,0,0,0
"MtrNatGas",8,13,5,"",3.38758,0,0,0,3.29119,0,0,0,0,0,0,0,0,0,0,0,0,0,0,0,0.0963858,0,0,0,0
"MtrNatGas",8,13,6,"",5.33461,0,0,0,4.99726,0,0,0,0,0,0,0,0,0,0,0,0,0,0,0,0.33735,0,0,0,0
"MtrNatGas",8,13,7,"",19.4579,0,0,0,19.0001,0,0,0,0,0,0,0,0,0,0,0,0,0,0,0,0.457833,0,0,0,0
"MtrNatGas",8,13,8,"",44.2682,0,0,0,43.6658,0,0,0,0,0,0,0,0,0,0,0,0,0,0,0,0.602411,0,0,0,0
"MtrNatGas",8,13,9,"",42.7372,0,0,0,42.1107,0,0,0,0,0,0,0,0,0,0,0,0,0,0,0,0.626508,0,0,0,0
"MtrNatGas",8,13,10,"",14.9197,0,0,0,14.3896,0,0,0,0,0,0,0,0,0,0,0,0,0,0,0,0.530122,0,0,0,0
"MtrNatGas",8,13,11,"",6.34967,0,0,0,5.84365,0,0,0,0,0,0,0,0,0,0,0,0,0,0,0,0.506026,0,0,0,0
"MtrNatGas",8,13,12,"",8.72943,0,0,0,8.03063,0,0,0,0,0,0,0,0,0,0,0,0,0,0,0,0.698797,0,0,0,0
"MtrNatGas",8,13,13,"",14.5779,0,0,0,6.03294,0,0,0,0,0,0,0,0,0,0,0,0,0,7.70162,0,0.843376,0,0,0,0
"MtrNatGas",8,13,14,"",7.68307,0,0,0,4.41504,0,0,0,0,0,0,0,0,0,0,0,0,0,2.49695,0,0.771087,0,0,0,0
"MtrNatGas",8,13,15,"",11.5553,0,0,0,5.52948,0,0,0,0,0,0,0,0,0,0,0,0,0,5.20652,0,0.81928,0,0,0,0
"MtrNatGas",8,13,16,"",8.21088,0,0,0,6.95787,0,0,0,0,0,0,0,0,0,0,0,0,0,0,0,1.25302,0,0,0,0
"MtrNatGas",8,13,17,"",18.0229,0,0,0,7.54936,0,0,0,0,0,0,0,0,0,0,0,0,0,7.70248,0,2.77109,0,0,0,0
"MtrNatGas",8,13,18,"",21.0823,0,0,0,8.7313,0,0,0,0,0,0,0,0,0,0,0,0,0,7.70039,0,4.65062,0,0,0,0
"MtrNatGas",8,13,19,"",21.0992,0,0,0,9.06031,0,0,0,0,0,0,0,0,0,0,0,0,0,7.70148,0,4.33736,0,0,0,0
"MtrNatGas",8,13,20,"",18.4923,0,0,0,16.1309,0,0,0,0,0,0,0,0,0,0,0,0,0,0,0,2.36145,0,0,0,0
"MtrNatGas",8,13,21,"",17.4899,0,0,0,16.4779,0,0,0,0,0,0,0,0,0,0,0,0,0,0,0,1.01205,0,0,0,0
"MtrNatGas",8,13,22,"",21.444,0,0,0,20.9621,0,0,0,0,0,0,0,0,0,0,0,0,0,0,0,0.481929,0,0,0,0
"MtrNatGas",8,13,23,"",7.75949,0,0,0,7.47033,0,0,0,0,0,0,0,0,0,0,0,0,0,0,0,0.289157,0,0,0,0
"MtrNatGas",8,13,24,"",5.33688,0,0,0,5.09591,0,0,0,0,0,0,0,0,0,0,0,0,0,0,0,0.240965,0,0,0,0
"MtrNatGas",8,14,1,"",4.23179,0,0,0,4.11131,0,0,0,0,0,0,0,0,0,0,0,0,0,0,0,0.120482,0,0,0,0
"MtrNatGas",8,14,2,"",3.18982,0,0,0,3.09344,0,0,0,0,0,0,0,0,0,0,0,0,0,0,0,0.0963858,0,0,0,0
"MtrNatGas",8,14,3,"",2.90739,0,0,0,2.811,0,0,0,0,0,0,0,0,0,0,0,0,0,0,0,0.0963858,0,0,0,0
"MtrNatGas",8,14,4,"",3.53714,0,0,0,3.44075,0,0,0,0,0,0,0,0,0,0,0,0,0,0,0,0.0963858,0,0,0,0
"MtrNatGas",8,14,5,"",2.99848,0,0,0,2.90209,0,0,0,0,0,0,0,0,0,0,0,0,0,0,0,0.0963858,0,0,0,0
"MtrNatGas",8,14,6,"",8.7539,0,0,0,8.41655,0,0,0,0,0,0,0,0,0,0,0,0,0,0,0,0.33735,0,0,0,0
"MtrNatGas",8,14,7,"",7.82269,0,0,0,7.36485,0,0,0,0,0,0,0,0,0,0,0,0,0,0,0,0.457833,0,0,0,0
"MtrNatGas",8,14,8,"",23.8062,0,0,0,23.2038,0,0,0,0,0,0,0,0,0,0,0,0,0,0,0,0.602411,0,0,0,0
"MtrNatGas",8,14,9,"",23.2576,0,0,0,22.6311,0,0,0,0,0,0,0,0,0,0,0,0,0,0,0,0.626508,0,0,0,0
"MtrNatGas",8,14,10,"",13.4319,0,0,0,10.3935,0,0,0,0,0,0,0,0,0,0,0,0,0,2.50833,0,0.530122,0,0,0,0
"MtrNatGas",8,14,11,"",10.5033,0,0,0,4.80305,0,0,0,0,0,0,0,0,0,0,0,0,0,5.19421,0,0.506026,0,0,0,0
"MtrNatGas",8,14,12,"",4.08409,0,0,0,3.38529,0,0,0,0,0,0,0,0,0,0,0,0,0,0,0,0.698797,0,0,0,0
"MtrNatGas",8,14,13,"",5.20918,0,0,0,4.3658,0,0,0,0,0,0,0,0,0,0,0,0,0,0,0,0.843376,0,0,0,0
"MtrNatGas",8,14,14,"",5.0912,0,0,0,4.32011,0,0,0,0,0,0,0,0,0,0,0,0,0,0,0,0.771087,0,0,0,0
"MtrNatGas",8,14,15,"",12.4376,0,0,0,3.91759,0,0,0,0,0,0,0,0,0,0,0,0,0,7.7007,0,0.81928,0,0,0,0
"MtrNatGas",8,14,16,"",7.78675,0,0,0,3.59242,0,0,0,0,0,0,0,0,0,0,0,0,0,2.94132,0,1.25302,0,0,0,0
"MtrNatGas",8,14,17,"",11.2715,0,0,0,3.74143,0,0,0,0,0,0,0,0,0,0,0,0,0,4.75893,0,2.77109,0,0,0,0
"MtrNatGas",8,14,18,"",8.49094,0,0,0,3.84032,0,0,0,0,0,0,0,0,0,0,0,0,0,0,0,4.65062,0,0,0,0
"MtrNatGas",8,14,19,"",13.8121,0,0,0,9.47475,0,0,0,0,0,0,0,0,0,0,0,0,0,0,0,4.33736,0,0,0,0
"MtrNatGas",8,14,20,"",9.29327,0,0,0,6.93182,0,0,0,0,0,0,0,0,0,0,0,0,0,0,0,2.36145,0,0,0,0
"MtrNatGas",8,14,21,"",9.86258,0,0,0,8.85053,0,0,0,0,0,0,0,0,0,0,0,0,0,0,0,1.01205,0,0,0,0
"MtrNatGas",8,14,22,"",12.8952,0,0,0,12.4132,0,0,0,0,0,0,0,0,0,0,0,0,0,0,0,0.481929,0,0,0,0
"MtrNatGas",8,14,23,"",5.83353,0,0,0,5.54437,0,0,0,0,0,0,0,0,0,0,0,0,0,0,0,0.289157,0,0,0,0
"MtrNatGas",8,14,24,"",6.94153,0,0,0,6.70056,0,0,0,0,0,0,0,0,0,0,0,0,0,0,0,0.240965,0,0,0,0
"MtrNatGas",8,15,1,"",3.34058,0,0,0,3.22009,0,0,0,0,0,0,0,0,0,0,0,0,0,0,0,0.120482,0,0,0,0
"MtrNatGas",8,15,2,"",3.27178,0,0,0,3.17539,0,0,0,0,0,0,0,0,0,0,0,0,0,0,0,0.0963858,0,0,0,0
"MtrNatGas",8,15,3,"",4.37825,0,0,0,4.30596,0,0,0,0,0,0,0,0,0,0,0,0,0,0,0,0.0722894,0,0,0,0
"MtrNatGas",8,15,4,"",3.46537,0,0,0,3.39308,0,0,0,0,0,0,0,0,0,0,0,0,0,0,0,0.0722894,0,0,0,0
"MtrNatGas",8,15,5,"",3.48637,0,0,0,3.41408,0,0,0,0,0,0,0,0,0,0,0,0,0,0,0,0.0722894,0,0,0,0
"MtrNatGas",8,15,6,"",4.93946,0,0,0,4.81898,0,0,0,0,0,0,0,0,0,0,0,0,0,0,0,0.120482,0,0,0,0
"MtrNatGas",8,15,7,"",8.7472,0,0,0,8.50624,0,0,0,0,0,0,0,0,0,0,0,0,0,0,0,0.240965,0,0,0,0
"MtrNatGas",8,15,8,"",27.476,0,0,0,21.5821,0,0,0,0,0,0,0,0,0,0,0,0,0,5.24328,0,0.650604,0,0,0,0
"MtrNatGas",8,15,9,"",36.8738,0,0,0,25.3861,0,0,0,0,0,0,0,0,0,0,0,0,0,10.3311,0,1.15663,0,0,0,0
"MtrNatGas",8,15,10,"",24.2378,0,0,0,15.5475,0,0,0,0,0,0,0,0,0,0,0,0,0,7.53359,0,1.15663,0,0,0,0
"MtrNatGas",8,15,11,"",34.7956,0,0,0,30.861,0,0,0,0,0,0,0,0,0,0,0,0,0,2.82619,0,1.10844,0,0,0,0
"MtrNatGas",8,15,12,"",49.0634,0,0,0,22.4398,0,0,0,0,0,0,0,0,0,0,0,0,0,25.2983,0,1.32531,0,0,0,0
"MtrNatGas",8,15,13,"",16.1495,0,0,0,11.9459,0,0,0,0,0,0,0,0,0,0,0,0,0,2.68549,0,1.51808,0,0,0,0
"MtrNatGas",8,15,14,"",21.4307,0,0,0,20.0091,0,0,0,0,0,0,0,0,0,0,0,0,0,0,0,1.42169,0,0,0,0
"MtrNatGas",8,15,15,"",12.5966,0,0,0,11.1026,0,0,0,0,0,0,0,0,0,0,0,0,0,0,0,1.49398,0,0,0,0
"MtrNatGas",8,15,16,"",15.585,0,0,0,9.54515,0,0,0,0,0,0,0,0,0,0,0,0,0,4.40128,0,1.63856,0,0,0,0
"MtrNatGas",8,15,17,"",30.4227,0,0,0,20.6516,0,0,0,0,0,0,0,0,0,0,0,0,0,7.57834,0,2.19278,0,0,0,0
"MtrNatGas",8,15,18,"",46.7649,0,0,0,35.7738,0,0,0,0,0,0,0,0,0,0,0,0,0,7.64172,0,3.34941,0,0,0,0
"MtrNatGas",8,15,19,"",25.3607,0,0,0,11.0694,0,0,0,0,0,0,0,0,0,0,0,0,0,11.1829,0,3.10844,0,0,0,0
"MtrNatGas",8,15,20,"",12.6218,0,0,0,10.8868,0,0,0,0,0,0,0,0,0,0,0,0,0,0,0,1.73494,0,0,0,0
"MtrNatGas",8,15,21,"",11.0935,0,0,0,10.3224,0,0,0,0,0,0,0,0,0,0,0,0,0,0,0,0.771087,0,0,0,0
"MtrNatGas",8,15,22,"",20.3285,0,0,0,19.9911,0,0,0,0,0,0,0,0,0,0,0,0,0,0,0,0.33735,0,0,0,0
"MtrNatGas",8,15,23,"",13.3457,0,0,0,5.42803,0,0,0,0,0,0,0,0,0,0,0,0,0,7.70077,0,0.216868,0,0,0,0
"MtrNatGas",8,15,24,"",12.2082,0,0,0,12.0877,0,0,0,0,0,0,0,0,0,0,0,0,0,0,0,0.120482,0,0,0,0
"MtrNatGas",8,16,1,"",3.77318,0,0,0,3.6527,0,0,0,0,0,0,0,0,0,0,0,0,0,0,0,0.120482,0,0,0,0
"MtrNatGas",8,16,2,"",2.90651,0,0,0,2.81012,0,0,0,0,0,0,0,0,0,0,0,0,0,0,0,0.0963858,0,0,0,0
"MtrNatGas",8,16,3,"",6.93307,0,0,0,6.86078,0,0,0,0,0,0,0,0,0,0,0,0,0,0,0,0.0722894,0,0,0,0
"MtrNatGas",8,16,4,"",5.46317,0,0,0,5.39088,0,0,0,0,0,0,0,0,0,0,0,0,0,0,0,0.0722894,0,0,0,0
"MtrNatGas",8,16,5,"",2.88198,0,0,0,2.80969,0,0,0,0,0,0,0,0,0,0,0,0,0,0,0,0.0722894,0,0,0,0
"MtrNatGas",8,16,6,"",3.36382,0,0,0,3.24334,0,0,0,0,0,0,0,0,0,0,0,0,0,0,0,0.120482,0,0,0,0
"MtrNatGas",8,16,7,"",5.92006,0,0,0,5.67909,0,0,0,0,0,0,0,0,0,0,0,0,0,0,0,0.240965,0,0,0,0
"MtrNatGas",8,16,8,"",13.6767,0,0,0,13.0261,0,0,0,0,0,0,0,0,0,0,0,0,0,0,0,0.650604,0,0,0,0
"MtrNatGas",8,16,9,"",10.7245,0,0,0,9.56787,0,0,0,0,0,0,0,0,0,0,0,0,0,0,0,1.15663,0,0,0,0
"MtrNatGas",8,16,10,"",53.8715,0,0,0,52.7149,0,0,0,0,0,0,0,0,0,0,0,0,0,0,0,1.15663,0,0,0,0
"MtrNatGas",8,16,11,"",31.4996,0,0,0,11.5479,0,0,0,0,0,0,0,0,0,0,0,0,0,18.8432,0,1.10844,0,0,0,0
"MtrNatGas",8,16,12,"",31.0024,0,0,0,12.6941,0,0,0,0,0,0,0,0,0,0,0,0,0,16.983,0,1.32531,0,0,0,0
"MtrNatGas",8,16,13,"",28.9355,0,0,0,24.7319,0,0,0,0,0,0,0,0,0,0,0,0,0,2.68549,0,1.51808,0,0,0,0
"MtrNatGas",8,16,14,"",10.6745,0,0,0,9.25283,0,0,0,0,0,0,0,0,0,0,0,0,0,0,0,1.42169,0,0,0,0
"MtrNatGas",8,16,15,"",14.2058,0,0,0,12.7118,0,0,0,0,0,0,0,0,0,0,0,0,0,0,0,1.49398,0,0,0,0
"MtrNatGas",8,16,16,"",24.4617,0,0,0,7.42002,0,0,0,0,0,0,0,0,0,0,0,0,0,15.4031,0,1.63856,0,0,0,0
"MtrNatGas",8,16,17,"",9.8751,0,0,0,7.68232,0,0,0,0,0,0,0,0,0,0,0,0,0,0,0,2.19278,0,0,0,0
"MtrNatGas",8,16,18,"",20.552,0,0,0,17.2026,0,0,0,0,0,0,0,0,0,0,0,0,0,0,0,3.34941,0,0,0,0
"MtrNatGas",8,16,19,"",33.9407,0,0,0,30.8323,0,0,0,0,0,0,0,0,0,0,0,0,0,0,0,3.10844,0,0,0,0
"MtrNatGas",8,16,20,"",16.9179,0,0,0,7.48094,0,0,0,0,0,0,0,0,0,0,0,0,0,7.70199,0,1.73494,0,0,0,0
"MtrNatGas",8,16,21,"",14.1262,0,0,0,12.4587,0,0,0,0,0,0,0,0,0,0,0,0,0,0.896423,0,0.771087,0,0,0,0
"MtrNatGas",8,16,22,"",19.8037,0,0,0,12.6607,0,0,0,0,0,0,0,0,0,0,0,0,0,6.80559,0,0.33735,0,0,0,0
"MtrNatGas",8,16,23,"",14.4788,0,0,0,6.56117,0,0,0,0,0,0,0,0,0,0,0,0,0,7.70077,0,0.216868,0,0,0,0
"MtrNatGas",8,16,24,"",4.06033,0,0,0,3.93985,0,0,0,0,0,0,0,0,0,0,0,0,0,0,0,0.120482,0,0,0,0
"MtrNatGas",8,17,1,"",7.2947,0,0,0,7.17422,0,0,0,0,0,0,0,0,0,0,0,0,0,0,0,0.120482,0,0,0,0
"MtrNatGas",8,17,2,"",3.06292,0,0,0,2.96653,0,0,0,0,0,0,0,0,0,0,0,0,0,0,0,0.0963858,0,0,0,0
"MtrNatGas",8,17,3,"",4.38227,0,0,0,4.28588,0,0,0,0,0,0,0,0,0,0,0,0,0,0,0,0.0963858,0,0,0,0
"MtrNatGas",8,17,4,"",3.04952,0,0,0,2.95313,0,0,0,0,0,0,0,0,0,0,0,0,0,0,0,0.0963858,0,0,0,0
"MtrNatGas",8,17,5,"",2.90607,0,0,0,2.80969,0,0,0,0,0,0,0,0,0,0,0,0,0,0,0,0.0963858,0,0,0,0
"MtrNatGas",8,17,6,"",3.60924,0,0,0,3.27189,0,0,0,0,0,0,0,0,0,0,0,0,0,0,0,0.33735,0,0,0,0
"MtrNatGas",8,17,7,"",3.87334,0,0,0,3.41551,0,0,0,0,0,0,0,0,0,0,0,0,0,0,0,0.457833,0,0,0,0
"MtrNatGas",8,17,8,"",14.5123,0,0,0,13.9099,0,0,0,0,0,0,0,0,0,0,0,0,0,0,0,0.602411,0,0,0,0
"MtrNatGas",8,17,9,"",20.4688,0,0,0,19.8423,0,0,0,0,0,0,0,0,0,0,0,0,0,0,0,0.626508,0,0,0,0
"MtrNatGas",8,17,10,"",19.125,0,0,0,18.5949,0,0,0,0,0,0,0,0,0,0,0,0,0,0,0,0.530122,0,0,0,0
"MtrNatGas",8,17,11,"",9.97559,0,0,0,9.46957,0,0,0,0,0,0,0,0,0,0,0,0,0,0,0,0.506026,0,0,0,0
"MtrNatGas",8,17,12,"",7.1723,0,0,0,6.4735,0,0,0,0,0,0,0,0,0,0,0,0,0,0,0,0.698797,0,0,0,0
"MtrNatGas",8,17,13,"",7.65009,0,0,0,6.80672,0,0,0,0,0,0,0,0,0,0,0,0,0,0,0,0.843376,0,0,0,0
"MtrNatGas",8,17,14,"",7.18462,0,0,0,6.41353,0,0,0,0,0,0,0,0,0,0,0,0,0,0,0,0.771087,0,0,0,0
"MtrNatGas",8,17,15,"",25.2783,0,0,0,12.8339,0,0,0,0,0,0,0,0,0,0,0,0,0,11.6251,0,0.81928,0,0,0,0
"MtrNatGas",8,17,16,"",15.6971,0,0,0,6.86496,0,0,0,0,0,0,0,0,0,0,0,0,0,7.57911,0,1.25302,0,0,0,0
"MtrNatGas",8,17,17,"",14.8709,0,0,0,8.20034,0,0,0,0,0,0,0,0,0,0,0,0,0,3.89952,0,2.77109,0,0,0,0
"MtrNatGas",8,17,18,"",13.2314,0,0,0,8.5808,0,0,0,0,0,0,0,0,0,0,0,0,0,0,0,4.65062,0,0,0,0
"MtrNatGas",8,17,19,"",14.3299,0,0,0,9.99256,0,0,0,0,0,0,0,0,0,0,0,0,0,0,0,4.33736,0,0,0,0
"MtrNatGas",8,17,20,"",13.074,0,0,0,10.7125,0,0,0,0,0,0,0,0,0,0,0,0,0,0,0,2.36145,0,0,0,0
"MtrNatGas",8,17,21,"",12.5086,0,0,0,11.4965,0,0,0,0,0,0,0,0,0,0,0,0,0,0,0,1.01205,0,0,0,0
"MtrNatGas",8,17,22,"",19.5691,0,0,0,19.0872,0,0,0,0,0,0,0,0,0,0,0,0,0,0,0,0.481929,0,0,0,0
"MtrNatGas",8,17,23,"",11.2388,0,0,0,10.9497,0,0,0,0,0,0,0,0,0,0,0,0,0,0,0,0.289157,0,0,0,0
"MtrNatGas",8,17,24,"",9.92292,0,0,0,7.71717,0,0,0,0,0,0,0,0,0,0,0,0,0,1.96479,0,0.240965,0,0,0,0
"MtrNatGas",8,18,1,"",9.24348,0,0,0,3.38754,0,0,0,0,0,0,0,0,0,0,0,0,0,5.73545,0,0.120482,0,0,0,0
"MtrNatGas",8,18,2,"",3.05202,0,0,0,2.95563,0,0,0,0,0,0,0,0,0,0,0,0,0,0,0,0.0963858,0,0,0,0
"MtrNatGas",8,18,3,"",3.09258,0,0,0,2.99619,0,0,0,0,0,0,0,0,0,0,0,0,0,0,0,0.0963858,0,0,0,0
"MtrNatGas",8,18,4,"",3.05189,0,0,0,2.95551,0,0,0,0,0,0,0,0,0,0,0,0,0,0,0,0.0963858,0,0,0,0
"MtrNatGas",8,18,5,"",3.05595,0,0,0,2.95956,0,0,0,0,0,0,0,0,0,0,0,0,0,0,0,0.0963858,0,0,0,0
"MtrNatGas",8,18,6,"",3.99235,0,0,0,3.655,0,0,0,0,0,0,0,0,0,0,0,0,0,0,0,0.33735,0,0,0,0
"MtrNatGas",8,18,7,"",6.53921,0,0,0,6.08137,0,0,0,0,0,0,0,0,0,0,0,0,0,0,0,0.457833,0,0,0,0
"MtrNatGas",8,18,8,"",19.8713,0,0,0,19.2689,0,0,0,0,0,0,0,0,0,0,0,0,0,0,0,0.602411,0,0,0,0
"MtrNatGas",8,18,9,"",41.1314,0,0,0,40.5049,0,0,0,0,0,0,0,0,0,0,0,0,0,0,0,0.626508,0,0,0,0
"MtrNatGas",8,18,10,"",23.0654,0,0,0,20.027,0,0,0,0,0,0,0,0,0,0,0,0,0,2.50833,0,0.530122,0,0,0,0
"MtrNatGas",8,18,11,"",25.067,0,0,0,11.6636,0,0,0,0,0,0,0,0,0,0,0,0,0,12.8973,0,0.506026,0,0,0,0
"MtrNatGas",8,18,12,"",10.1885,0,0,0,9.48969,0,0,0,0,0,0,0,0,0,0,0,0,0,0,0,0.698797,0,0,0,0
"MtrNatGas",8,18,13,"",14.6795,0,0,0,6.13456,0,0,0,0,0,0,0,0,0,0,0,0,0,7.70155,0,0.843376,0,0,0,0
"MtrNatGas",8,18,14,"",6.09176,0,0,0,5.32068,0,0,0,0,0,0,0,0,0,0,0,0,0,0,0,0.771087,0,0,0,0
"MtrNatGas",8,18,15,"",4.83744,0,0,0,4.01816,0,0,0,0,0,0,0,0,0,0,0,0,0,0,0,0.81928,0,0,0,0
"MtrNatGas",8,18,16,"",12.6232,0,0,0,5.48757,0,0,0,0,0,0,0,0,0,0,0,0,0,5.88264,0,1.25302,0,0,0,0
"MtrNatGas",8,18,17,"",26.3362,0,0,0,6.34475,0,0,0,0,0,0,0,0,0,0,0,0,0,17.2203,0,2.77109,0,0,0,0
"MtrNatGas",8,18,18,"",19.2967,0,0,0,6.94565,0,0,0,0,0,0,0,0,0,0,0,0,0,7.70039,0,4.65062,0,0,0,0
"MtrNatGas",8,18,19,"",22.6999,0,0,0,10.661,0,0,0,0,0,0,0,0,0,0,0,0,0,7.70148,0,4.33736,0,0,0,0
"MtrNatGas",8,18,20,"",8.96178,0,0,0,6.60033,0,0,0,0,0,0,0,0,0,0,0,0,0,0,0,2.36145,0,0,0,0
"MtrNatGas",8,18,21,"",12.3502,0,0,0,11.3382,0,0,0,0,0,0,0,0,0,0,0,0,0,0,0,1.01205,0,0,0,0
"MtrNatGas",8,18,22,"",12.5429,0,0,0,12.061,0,0,0,0,0,0,0,0,0,0,0,0,0,0,0,0.481929,0,0,0,0
"MtrNatGas",8,18,23,"",12.2739,0,0,0,10.5719,0,0,0,0,0,0,0,0,0,0,0,0,0,1.41278,0,0.289157,0,0,0,0
"MtrNatGas",8,18,24,"",16.027,0,0,0,12.0706,0,0,0,0,0,0,0,0,0,0,0,0,0,3.71548,0,0.240965,0,0,0,0
"MtrNatGas",8,19,1,"",5.97614,0,0,0,3.28088,0,0,0,0,0,0,0,0,0,0,0,0,0,2.57478,0,0.120482,0,0,0,0
"MtrNatGas",8,19,2,"",3.19513,0,0,0,3.09875,0,0,0,0,0,0,0,0,0,0,0,0,0,0,0,0.0963858,0,0,0,0
"MtrNatGas",8,19,3,"",2.91307,0,0,0,2.81668,0,0,0,0,0,0,0,0,0,0,0,0,0,0,0,0.0963858,0,0,0,0
"MtrNatGas",8,19,4,"",3.53129,0,0,0,3.4349,0,0,0,0,0,0,0,0,0,0,0,0,0,0,0,0.0963858,0,0,0,0
"MtrNatGas",8,19,5,"",2.9968,0,0,0,2.90041,0,0,0,0,0,0,0,0,0,0,0,0,0,0,0,0.0963858,0,0,0,0
"MtrNatGas",8,19,6,"",9.65853,0,0,0,9.32118,0,0,0,0,0,0,0,0,0,0,0,0,0,0,0,0.33735,0,0,0,0
"MtrNatGas",8,19,7,"",21.7582,0,0,0,21.3004,0,0,0,0,0,0,0,0,0,0,0,0,0,0,0,0.457833,0,0,0,0
"MtrNatGas",8,19,8,"",26.8953,0,0,0,26.2929,0,0,0,0,0,0,0,0,0,0,0,0,0,0,0,0.602411,0,0,0,0
"MtrNatGas",8,19,9,"",9.04766,0,0,0,8.42115,0,0,0,0,0,0,0,0,0,0,0,0,0,0,0,0.626508,0,0,0,0
"MtrNatGas",8,19,10,"",8.91269,0,0,0,5.87424,0,0,0,0,0,0,0,0,0,0,0,0,0,2.50833,0,0.530122,0,0,0,0
"MtrNatGas",8,19,11,"",8.88089,0,0,0,3.18066,0,0,0,0,0,0,0,0,0,0,0,0,0,5.19421,0,0.506026,0,0,0,0
"MtrNatGas",8,19,12,"",6.53112,0,0,0,5.83232,0,0,0,0,0,0,0,0,0,0,0,0,0,0,0,0.698797,0,0,0,0
"MtrNatGas",8,19,13,"",10.5836,0,0,0,5.73346,0,0,0,0,0,0,0,0,0,0,0,0,0,4.00679,0,0.843376,0,0,0,0
"MtrNatGas",8,19,14,"",18.3926,0,0,0,3.72875,0,0,0,0,0,0,0,0,0,0,0,0,0,13.8928,0,0.771087,0,0,0,0
"MtrNatGas",8,19,15,"",9.70621,0,0,0,3.6804,0,0,0,0,0,0,0,0,0,0,0,0,0,5.20652,0,0.81928,0,0,0,0
"MtrNatGas",8,19,16,"",5.02954,0,0,0,3.77653,0,0,0,0,0,0,0,0,0,0,0,0,0,0,0,1.25302,0,0,0,0
"MtrNatGas",8,19,17,"",6.2903,0,0,0,3.5192,0,0,0,0,0,0,0,0,0,0,0,0,0,0,0,2.77109,0,0,0,0
"MtrNatGas",8,19,18,"",8.94939,0,0,0,4.29878,0,0,0,0,0,0,0,0,0,0,0,0,0,0,0,4.65062,0,0,0,0
"MtrNatGas",8,19,19,"",19.263,0,0,0,11.0819,0,0,0,0,0,0,0,0,0,0,0,0,0,3.84377,0,4.33736,0,0,0,0
"MtrNatGas",8,19,20,"",26.4963,0,0,0,12.5835,0,0,0,0,0,0,0,0,0,0,0,0,0,11.5513,0,2.36145,0,0,0,0
"MtrNatGas",8,19,21,"",15.9099,0,0,0,14.8978,0,0,0,0,0,0,0,0,0,0,0,0,0,0,0,1.01205,0,0,0,0
"MtrNatGas",8,19,22,"",5.72124,0,0,0,5.23931,0,0,0,0,0,0,0,0,0,0,0,0,0,0,0,0.481929,0,0,0,0
"MtrNatGas",8,19,23,"",4.37527,0,0,0,4.08611,0,0,0,0,0,0,0,0,0,0,0,0,0,0,0,0.289157,0,0,0,0
"MtrNatGas",8,19,24,"",4.25083,0,0,0,4.00986,0,0,0,0,0,0,0,0,0,0,0,0,0,0,0,0.240965,0,0,0,0
"MtrNatGas",8,20,1,"",2.94023,0,0,0,2.81975,0,0,0,0,0,0,0,0,0,0,0,0,0,0,0,0.120482,0,0,0,0
"MtrNatGas",8,20,2,"",2.91744,0,0,0,2.82105,0,0,0,0,0,0,0,0,0,0,0,0,0,0,0,0.0963858,0,0,0,0
"MtrNatGas",8,20,3,"",3.92528,0,0,0,3.82889,0,0,0,0,0,0,0,0,0,0,0,0,0,0,0,0.0963858,0,0,0,0
"MtrNatGas",8,20,4,"",2.9205,0,0,0,2.82411,0,0,0,0,0,0,0,0,0,0,0,0,0,0,0,0.0963858,0,0,0,0
"MtrNatGas",8,20,5,"",4.17731,0,0,0,4.08093,0,0,0,0,0,0,0,0,0,0,0,0,0,0,0,0.0963858,0,0,0,0
"MtrNatGas",8,20,6,"",8.04515,0,0,0,7.7078,0,0,0,0,0,0,0,0,0,0,0,0,0,0,0,0.33735,0,0,0,0
"MtrNatGas",8,20,7,"",44.2301,0,0,0,43.7723,0,0,0,0,0,0,0,0,0,0,0,0,0,0,0,0.457833,0,0,0,0
"MtrNatGas",8,20,8,"",22.4976,0,0,0,21.8952,0,0,0,0,0,0,0,0,0,0,0,0,0,0,0,0.602411,0,0,0,0
"MtrNatGas",8,20,9,"",15.845,0,0,0,15.2185,0,0,0,0,0,0,0,0,0,0,0,0,0,0,0,0.626508,0,0,0,0
"MtrNatGas",8,20,10,"",39.4633,0,0,0,38.9332,0,0,0,0,0,0,0,0,0,0,0,0,0,0,0,0.530122,0,0,0,0
"MtrNatGas",8,20,11,"",20.6393,0,0,0,12.4302,0,0,0,0,0,0,0,0,0,0,0,0,0,7.70308,0,0.506026,0,0,0,0
"MtrNatGas",8,20,12,"",16.0882,0,0,0,10.0988,0,0,0,0,0,0,0,0,0,0,0,0,0,5.29063,0,0.698797,0,0,0,0
"MtrNatGas",8,20,13,"",9.02587,0,0,0,5.77251,0,0,0,0,0,0,0,0,0,0,0,0,0,2.40999,0,0.843376,0,0,0,0
"MtrNatGas",8,20,14,"",11.1034,0,0,0,5.33846,0,0,0,0,0,0,0,0,0,0,0,0,0,4.9939,0,0.771087,0,0,0,0
"MtrNatGas",8,20,15,"",14.4362,0,0,0,3.20385,0,0,0,0,0,0,0,0,0,0,0,0,0,10.413,0,0.81928,0,0,0,0
"MtrNatGas",8,20,16,"",7.2058,0,0,0,3.01146,0,0,0,0,0,0,0,0,0,0,0,0,0,2.94132,0,1.25302,0,0,0,0
"MtrNatGas",8,20,17,"",11.954,0,0,0,2.51256,0,0,0,0,0,0,0,0,0,0,0,0,0,6.67033,0,2.77109,0,0,0,0
"MtrNatGas",8,20,18,"",10.5962,0,0,0,2.17187,0,0,0,0,0,0,0,0,0,0,0,0,0,3.77373,0,4.65062,0,0,0,0
"MtrNatGas",8,20,19,"",8.77101,0,0,0,2.41832,0,0,0,0,0,0,0,0,0,0,0,0,0,2.01533,0,4.33736,0,0,0,0
"MtrNatGas",8,20,20,"",6.02898,0,0,0,3.66752,0,0,0,0,0,0,0,0,0,0,0,0,0,0,0,2.36145,0,0,0,0
"MtrNatGas",8,20,21,"",12.9785,0,0,0,11.9664,0,0,0,0,0,0,0,0,0,0,0,0,0,0,0,1.01205,0,0,0,0
"MtrNatGas",8,20,22,"",9.60986,0,0,0,9.12793,0,0,0,0,0,0,0,0,0,0,0,0,0,0,0,0.481929,0,0,0,0
"MtrNatGas",8,20,23,"",7.05955,0,0,0,5.35761,0,0,0,0,0,0,0,0,0,0,0,0,0,1.41278,0,0.289157,0,0,0,0
"MtrNatGas",8,20,24,"",9.62992,0,0,0,5.67347,0,0,0,0,0,0,0,0,0,0,0,0,0,3.71548,0,0.240965,0,0,0,0
"MtrNatGas",8,21,1,"",6.97382,0,0,0,4.27856,0,0,0,0,0,0,0,0,0,0,0,0,0,2.57478,0,0.120482,0,0,0,0
"MtrNatGas",8,21,2,"",3.06138,0,0,0,2.965,0,0,0,0,0,0,0,0,0,0,0,0,0,0,0,0.0963858,0,0,0,0
"MtrNatGas",8,21,3,"",3.09838,0,0,0,3.002,0,0,0,0,0,0,0,0,0,0,0,0,0,0,0,0.0963858,0,0,0,0
"MtrNatGas",8,21,4,"",3.32737,0,0,0,3.23099,0,0,0,0,0,0,0,0,0,0,0,0,0,0,0,0.0963858,0,0,0,0
"MtrNatGas",8,21,5,"",4.65839,0,0,0,4.56201,0,0,0,0,0,0,0,0,0,0,0,0,0,0,0,0.0963858,0,0,0,0
"MtrNatGas",8,21,6,"",5.22413,0,0,0,4.88678,0,0,0,0,0,0,0,0,0,0,0,0,0,0,0,0.33735,0,0,0,0
"MtrNatGas",8,21,7,"",19.9253,0,0,0,19.4674,0,0,0,0,0,0,0,0,0,0,0,0,0,0,0,0.457833,0,0,0,0
"MtrNatGas",8,21,8,"",19.1119,0,0,0,18.5095,0,0,0,0,0,0,0,0,0,0,0,0,0,0,0,0.602411,0,0,0,0
"MtrNatGas",8,21,9,"",23.8402,0,0,0,23.2137,0,0,0,0,0,0,0,0,0,0,0,0,0,0,0,0.626508,0,0,0,0
"MtrNatGas",8,21,10,"",13.6414,0,0,0,8.79889,0,0,0,0,0,0,0,0,0,0,0,0,0,4.31242,0,0.530122,0,0,0,0
"MtrNatGas",8,21,11,"",9.48764,0,0,0,5.5918,0,0,0,0,0,0,0,0,0,0,0,0,0,3.38981,0,0.506026,0,0,0,0
"MtrNatGas",8,21,12,"",6.06057,0,0,0,5.36178,0,0,0,0,0,0,0,0,0,0,0,0,0,0,0,0.698797,0,0,0,0
"MtrNatGas",8,21,13,"",12.3691,0,0,0,7.51897,0,0,0,0,0,0,0,0,0,0,0,0,0,4.00679,0,0.843376,0,0,0,0
"MtrNatGas",8,21,14,"",16.3314,0,0,0,4.16447,0,0,0,0,0,0,0,0,0,0,0,0,0,11.3958,0,0.771087,0,0,0,0
"MtrNatGas",8,21,15,"",5.73976,0,0,0,4.92048,0,0,0,0,0,0,0,0,0,0,0,0,0,0,0,0.81928,0,0,0,0
"MtrNatGas",8,21,16,"",8.98016,0,0,0,4.78583,0,0,0,0,0,0,0,0,0,0,0,0,0,2.94132,0,1.25302,0,0,0,0
"MtrNatGas",8,21,17,"",11.9979,0,0,0,4.46787,0,0,0,0,0,0,0,0,0,0,0,0,0,4.75893,0,2.77109,0,0,0,0
"MtrNatGas",8,21,18,"",10.4017,0,0,0,5.75107,0,0,0,0,0,0,0,0,0,0,0,0,0,0,0,4.65062,0,0,0,0
"MtrNatGas",8,21,19,"",19.9184,0,0,0,11.7372,0,0,0,0,0,0,0,0,0,0,0,0,0,3.84377,0,4.33736,0,0,0,0
"MtrNatGas",8,21,20,"",26.0278,0,0,0,12.115,0,0,0,0,0,0,0,0,0,0,0,0,0,11.5513,0,2.36145,0,0,0,0
"MtrNatGas",8,21,21,"",20.4243,0,0,0,19.4123,0,0,0,0,0,0,0,0,0,0,0,0,0,0,0,1.01205,0,0,0,0
"MtrNatGas",8,21,22,"",29.1433,0,0,0,28.6614,0,0,0,0,0,0,0,0,0,0,0,0,0,0,0,0.481929,0,0,0,0
"MtrNatGas",8,21,23,"",13.261,0,0,0,12.9719,0,0,0,0,0,0,0,0,0,0,0,0,0,0,0,0.289157,0,0,0,0
"MtrNatGas",8,21,24,"",7.96626,0,0,0,7.7253,0,0,0,0,0,0,0,0,0,0,0,0,0,0,0,0.240965,0,0,0,0
"MtrNatGas",8,22,1,"",4.1233,0,0,0,4.00281,0,0,0,0,0,0,0,0,0,0,0,0,0,0,0,0.120482,0,0,0,0
"MtrNatGas",8,22,2,"",2.90432,0,0,0,2.80794,0,0,0,0,0,0,0,0,0,0,0,0,0,0,0,0.0963858,0,0,0,0
"MtrNatGas",8,22,3,"",2.88067,0,0,0,2.80838,0,0,0,0,0,0,0,0,0,0,0,0,0,0,0,0.0722894,0,0,0,0
"MtrNatGas",8,22,4,"",2.8811,0,0,0,2.80881,0,0,0,0,0,0,0,0,0,0,0,0,0,0,0,0.0722894,0,0,0,0
"MtrNatGas",8,22,5,"",2.88197,0,0,0,2.80968,0,0,0,0,0,0,0,0,0,0,0,0,0,0,0,0.0722894,0,0,0,0
"MtrNatGas",8,22,6,"",2.93061,0,0,0,2.81012,0,0,0,0,0,0,0,0,0,0,0,0,0,0,0,0.120482,0,0,0,0
"MtrNatGas",8,22,7,"",10.7642,0,0,0,10.5232,0,0,0,0,0,0,0,0,0,0,0,0,0,0,0,0.240965,0,0,0,0
"MtrNatGas",8,22,8,"",11.7688,0,0,0,11.1182,0,0,0,0,0,0,0,0,0,0,0,0,0,0,0,0.650604,0,0,0,0
"MtrNatGas",8,22,9,"",6.8312,0,0,0,5.67457,0,0,0,0,0,0,0,0,0,0,0,0,0,0,0,1.15663,0,0,0,0
"MtrNatGas",8,22,10,"",13.0179,0,0,0,11.8613,0,0,0,0,0,0,0,0,0,0,0,0,0,0,0,1.15663,0,0,0,0
"MtrNatGas",8,22,11,"",6.80564,0,0,0,5.6972,0,0,0,0,0,0,0,0,0,0,0,0,0,0,0,1.10844,0,0,0,0
"MtrNatGas",8,22,12,"",22.0028,0,0,0,15.6609,0,0,0,0,0,0,0,0,0,0,0,0,0,5.01664,0,1.32531,0,0,0,0
"MtrNatGas",8,22,13,"",9.84622,0,0,0,5.64265,0,0,0,0,0,0,0,0,0,0,0,0,0,2.68549,0,1.51808,0,0,0,0
"MtrNatGas",8,22,14,"",5.8225,0,0,0,4.40081,0,0,0,0,0,0,0,0,0,0,0,0,0,0,0,1.42169,0,0,0,0
"MtrNatGas",8,22,15,"",7.17247,0,0,0,5.67849,0,0,0,0,0,0,0,0,0,0,0,0,0,0,0,1.49398,0,0,0,0
"MtrNatGas",8,22,16,"",5.97602,0,0,0,4.33746,0,0,0,0,0,0,0,0,0,0,0,0,0,0,0,1.63856,0,0,0,0
"MtrNatGas",8,22,17,"",5.86458,0,0,0,3.6718,0,0,0,0,0,0,0,0,0,0,0,0,0,0,0,2.19278,0,0,0,0
"MtrNatGas",8,22,18,"",9.60332,0,0,0,6.25392,0,0,0,0,0,0,0,0,0,0,0,0,0,0,0,3.34941,0,0,0,0
"MtrNatGas",8,22,19,"",41.9451,0,0,0,15.7281,0,0,0,0,0,0,0,0,0,0,0,0,0,23.1086,0,3.10844,0,0,0,0
"MtrNatGas",8,22,20,"",22.041,0,0,0,9.59503,0,0,0,0,0,0,0,0,0,0,0,0,0,10.711,0,1.73494,0,0,0,0
"MtrNatGas",8,22,21,"",27.7264,0,0,0,14.5619,0,0,0,0,0,0,0,0,0,0,0,0,0,12.3934,0,0.771087,0,0,0,0
"MtrNatGas",8,22,22,"",7.60392,0,0,0,7.26657,0,0,0,0,0,0,0,0,0,0,0,0,0,0,0,0.33735,0,0,0,0
"MtrNatGas",8,22,23,"",16.2675,0,0,0,8.34985,0,0,0,0,0,0,0,0,0,0,0,0,0,7.70077,0,0.216868,0,0,0,0
"MtrNatGas",8,22,24,"",5.78585,0,0,0,5.66536,0,0,0,0,0,0,0,0,0,0,0,0,0,0,0,0.120482,0,0,0,0
"MtrNatGas",8,23,1,"",3.34587,0,0,0,3.22539,0,0,0,0,0,0,0,0,0,0,0,0,0,0,0,0.120482,0,0,0,0
"MtrNatGas",8,23,2,"",2.90432,0,0,0,2.80793,0,0,0,0,0,0,0,0,0,0,0,0,0,0,0,0.0963858,0,0,0,0
"MtrNatGas",8,23,3,"",4.89807,0,0,0,4.82578,0,0,0,0,0,0,0,0,0,0,0,0,0,0,0,0.0722894,0,0,0,0
"MtrNatGas",8,23,4,"",4.16734,0,0,0,4.09505,0,0,0,0,0,0,0,0,0,0,0,0,0,0,0,0.0722894,0,0,0,0
"MtrNatGas",8,23,5,"",2.88198,0,0,0,2.80969,0,0,0,0,0,0,0,0,0,0,0,0,0,0,0,0.0722894,0,0,0,0
"MtrNatGas",8,23,6,"",2.9306,0,0,0,2.81012,0,0,0,0,0,0,0,0,0,0,0,0,0,0,0,0.120482,0,0,0,0
"MtrNatGas",8,23,7,"",5.04259,0,0,0,4.80162,0,0,0,0,0,0,0,0,0,0,0,0,0,0,0,0.240965,0,0,0,0
"MtrNatGas",8,23,8,"",8.37114,0,0,0,7.72053,0,0,0,0,0,0,0,0,0,0,0,0,0,0,0,0.650604,0,0,0,0
"MtrNatGas",8,23,9,"",36.6956,0,0,0,35.539,0,0,0,0,0,0,0,0,0,0,0,0,0,0,0,1.15663,0,0,0,0
"MtrNatGas",8,23,10,"",65.0501,0,0,0,63.8935,0,0,0,0,0,0,0,0,0,0,0,0,0,0,0,1.15663,0,0,0,0
"MtrNatGas",8,23,11,"",31.0738,0,0,0,22.2628,0,0,0,0,0,0,0,0,0,0,0,0,0,7.70257,0,1.10844,0,0,0,0
"MtrNatGas",8,23,12,"",16.0998,0,0,0,7.07105,0,0,0,0,0,0,0,0,0,0,0,0,0,7.7034,0,1.32531,0,0,0,0
"MtrNatGas",8,23,13,"",10.3679,0,0,0,8.8498,0,0,0,0,0,0,0,0,0,0,0,0,0,0,0,1.51808,0,0,0,0
"MtrNatGas",8,23,14,"",31.228,0,0,0,24.6709,0,0,0,0,0,0,0,0,0,0,0,0,0,5.13537,0,1.42169,0,0,0,0
"MtrNatGas",8,23,15,"",18.2959,0,0,0,6.53406,0,0,0,0,0,0,0,0,0,0,0,0,0,10.2679,0,1.49398,0,0,0,0
"MtrNatGas",8,23,16,"",19.1646,0,0,0,17.526,0,0,0,0,0,0,0,0,0,0,0,0,0,0,0,1.63856,0,0,0,0
"MtrNatGas",8,23,17,"",10.0246,0,0,0,7.83182,0,0,0,0,0,0,0,0,0,0,0,0,0,0,0,2.19278,0,0,0,0
"MtrNatGas",8,23,18,"",14.0902,0,0,0,10.7408,0,0,0,0,0,0,0,0,0,0,0,0,0,0,0,3.34941,0,0,0,0
"MtrNatGas",8,23,19,"",20.6297,0,0,0,17.5213,0,0,0,0,0,0,0,0,0,0,0,0,0,0,0,3.10844,0,0,0,0
"MtrNatGas",8,23,20,"",33.4712,0,0,0,8.63113,0,0,0,0,0,0,0,0,0,0,0,0,0,23.1051,0,1.73494,0,0,0,0
"MtrNatGas",8,23,21,"",25.6801,0,0,0,24.0126,0,0,0,0,0,0,0,0,0,0,0,0,0,0.896423,0,0.771087,0,0,0,0
"MtrNatGas",8,23,22,"",25.0643,0,0,0,17.9213,0,0,0,0,0,0,0,0,0,0,0,0,0,6.80559,0,0.33735,0,0,0,0
"MtrNatGas",8,23,23,"",20.6266,0,0,0,18.5613,0,0,0,0,0,0,0,0,0,0,0,0,0,1.84837,0,0.216868,0,0,0,0
"MtrNatGas",8,23,24,"",21.4669,0,0,0,15.4932,0,0,0,0,0,0,0,0,0,0,0,0,0,5.85317,0,0.120482,0,0,0,0
"MtrNatGas",8,24,1,"",11.6433,0,0,0,3.82077,0,0,0,0,0,0,0,0,0,0,0,0,0,7.70201,0,0.120482,0,0,0,0
"MtrNatGas",8,24,2,"",2.91351,0,0,0,2.81712,0,0,0,0,0,0,0,0,0,0,0,0,0,0,0,0.0963858,0,0,0,0
"MtrNatGas",8,24,3,"",3.13138,0,0,0,3.035,0,0,0,0,0,0,0,0,0,0,0,0,0,0,0,0.0963858,0,0,0,0
"MtrNatGas",8,24,4,"",2.91657,0,0,0,2.82018,0,0,0,0,0,0,0,0,0,0,0,0,0,0,0,0.0963858,0,0,0,0
"MtrNatGas",8,24,5,"",2.91788,0,0,0,2.82149,0,0,0,0,0,0,0,0,0,0,0,0,0,0,0,0.0963858,0,0,0,0
"MtrNatGas",8,24,6,"",3.43465,0,0,0,3.0973,0,0,0,0,0,0,0,0,0,0,0,0,0,0,0,0.33735,0,0,0,0
"MtrNatGas",8,24,7,"",16.0169,0,0,0,15.559,0,0,0,0,0,0,0,0,0,0,0,0,0,0,0,0.457833,0,0,0,0
"MtrNatGas",8,24,8,"",24.6743,0,0,0,24.0719,0,0,0,0,0,0,0,0,0,0,0,0,0,0,0,0.602411,0,0,0,0
"MtrNatGas",8,24,9,"",21.8485,0,0,0,13.5214,0,0,0,0,0,0,0,0,0,0,0,0,0,7.70058,0,0.626508,0,0,0,0
"MtrNatGas",8,24,10,"",30.4875,0,0,0,25.645,0,0,0,0,0,0,0,0,0,0,0,0,0,4.31242,0,0.530122,0,0,0,0
"MtrNatGas",8,24,11,"",26.662,0,0,0,10.9012,0,0,0,0,0,0,0,0,0,0,0,0,0,15.2548,0,0.506026,0,0,0,0
"MtrNatGas",8,24,12,"",15.5923,0,0,0,3.65317,0,0,0,0,0,0,0,0,0,0,0,0,0,11.2403,0,0.698797,0,0,0,0
"MtrNatGas",8,24,13,"",4.86167,0,0,0,4.01829,0,0,0,0,0,0,0,0,0,0,0,0,0,0,0,0.843376,0,0,0,0
"MtrNatGas",8,24,14,"",4.03207,0,0,0,3.26099,0,0,0,0,0,0,0,0,0,0,0,0,0,0,0,0.771087,0,0,0,0
"MtrNatGas",8,24,15,"",3.90741,0,0,0,3.08813,0,0,0,0,0,0,0,0,0,0,0,0,0,0,0,0.81928,0,0,0,0
"MtrNatGas",8,24,16,"",4.96284,0,0,0,3.70982,0,0,0,0,0,0,0,0,0,0,0,0,0,0,0,1.25302,0,0,0,0
"MtrNatGas",8,24,17,"",6.96896,0,0,0,4.19787,0,0,0,0,0,0,0,0,0,0,0,0,0,0,0,2.77109,0,0,0,0
"MtrNatGas",8,24,18,"",8.97912,0,0,0,4.3285,0,0,0,0,0,0,0,0,0,0,0,0,0,0,0,4.65062,0,0,0,0
"MtrNatGas",8,24,19,"",10.4284,0,0,0,6.09101,0,0,0,0,0,0,0,0,0,0,0,0,0,0,0,4.33736,0,0,0,0
"MtrNatGas",8,24,20,"",16.7863,0,0,0,8.50813,0,0,0,0,0,0,0,0,0,0,0,0,0,5.91673,0,2.36145,0,0,0,0
"MtrNatGas",8,24,21,"",12.2934,0,0,0,9.49843,0,0,0,0,0,0,0,0,0,0,0,0,0,1.78296,0,1.01205,0,0,0,0
"MtrNatGas",8,24,22,"",10.9719,0,0,0,10.49,0,0,0,0,0,0,0,0,0,0,0,0,0,0,0,0.481929,0,0,0,0
"MtrNatGas",8,24,23,"",5.505,0,0,0,5.21584,0,0,0,0,0,0,0,0,0,0,0,0,0,0,0,0.289157,0,0,0,0
"MtrNatGas",8,24,24,"",5.6342,0,0,0,5.39323,0,0,0,0,0,0,0,0,0,0,0,0,0,0,0,0.240965,0,0,0,0
"MtrNatGas",8,25,1,"",3.21811,0,0,0,3.09762,0,0,0,0,0,0,0,0,0,0,0,0,0,0,0,0.120482,0,0,0,0
"MtrNatGas",8,25,2,"",7.35617,0,0,0,7.25979,0,0,0,0,0,0,0,0,0,0,0,0,0,0,0,0.0963858,0,0,0,0
"MtrNatGas",8,25,3,"",6.38235,0,0,0,6.28596,0,0,0,0,0,0,0,0,0,0,0,0,0,0,0,0.0963858,0,0,0,0
"MtrNatGas",8,25,4,"",2.91088,0,0,0,2.81449,0,0,0,0,0,0,0,0,0,0,0,0,0,0,0,0.0963858,0,0,0,0
"MtrNatGas",8,25,5,"",2.91307,0,0,0,2.81668,0,0,0,0,0,0,0,0,0,0,0,0,0,0,0,0.0963858,0,0,0,0
"MtrNatGas",8,25,6,"",3.68897,0,0,0,3.35162,0,0,0,0,0,0,0,0,0,0,0,0,0,0,0,0.33735,0,0,0,0
"MtrNatGas",8,25,7,"",15.0406,0,0,0,14.5828,0,0,0,0,0,0,0,0,0,0,0,0,0,0,0,0.457833,0,0,0,0
"MtrNatGas",8,25,8,"",14.2729,0,0,0,13.6705,0,0,0,0,0,0,0,0,0,0,0,0,0,0,0,0.602411,0,0,0,0
"MtrNatGas",8,25,9,"",36.9263,0,0,0,28.5992,0,0,0,0,0,0,0,0,0,0,0,0,0,7.70058,0,0.626508,0,0,0,0
"MtrNatGas",8,25,10,"",27.4904,0,0,0,24.4519,0,0,0,0,0,0,0,0,0,0,0,0,0,2.50833,0,0.530122,0,0,0,0
"MtrNatGas",8,25,11,"",21.3144,0,0,0,11.4524,0,0,0,0,0,0,0,0,0,0,0,0,0,9.35601,0,0.506026,0,0,0,0
"MtrNatGas",8,25,12,"",15.7349,0,0,0,3.79577,0,0,0,0,0,0,0,0,0,0,0,0,0,11.2403,0,0.698797,0,0,0,0
"MtrNatGas",8,25,13,"",4.46899,0,0,0,3.62562,0,0,0,0,0,0,0,0,0,0,0,0,0,0,0,0.843376,0,0,0,0
"MtrNatGas",8,25,14,"",4.4625,0,0,0,3.69142,0,0,0,0,0,0,0,0,0,0,0,0,0,0,0,0.771087,0,0,0,0
"MtrNatGas",8,25,15,"",4.18242,0,0,0,3.36314,0,0,0,0,0,0,0,0,0,0,0,0,0,0,0,0.81928,0,0,0,0
"MtrNatGas",8,25,16,"",4.51272,0,0,0,3.25971,0,0,0,0,0,0,0,0,0,0,0,0,0,0,0,1.25302,0,0,0,0
"MtrNatGas",8,25,17,"",14.166,0,0,0,3.69242,0,0,0,0,0,0,0,0,0,0,0,0,0,7.70248,0,2.77109,0,0,0,0
"MtrNatGas",8,25,18,"",17.7538,0,0,0,5.40277,0,0,0,0,0,0,0,0,0,0,0,0,0,7.70039,0,4.65062,0,0,0,0
"MtrNatGas",8,25,19,"",22.2245,0,0,0,10.1857,0,0,0,0,0,0,0,0,0,0,0,0,0,7.70148,0,4.33736,0,0,0,0
"MtrNatGas",8,25,20,"",9.51335,0,0,0,7.1519,0,0,0,0,0,0,0,0,0,0,0,0,0,0,0,2.36145,0,0,0,0
"MtrNatGas",8,25,21,"",31.1,0,0,0,22.386,0,0,0,0,0,0,0,0,0,0,0,0,0,7.70188,0,1.01205,0,0,0,0
"MtrNatGas",8,25,22,"",14.8559,0,0,0,8.81414,0,0,0,0,0,0,0,0,0,0,0,0,0,5.55984,0,0.481929,0,0,0,0
"MtrNatGas",8,25,23,"",28.9234,0,0,0,26.4923,0,0,0,0,0,0,0,0,0,0,0,0,0,2.14188,0,0.289157,0,0,0,0
"MtrNatGas",8,25,24,"",6.79278,0,0,0,6.55182,0,0,0,0,0,0,0,0,0,0,0,0,0,0,0,0.240965,0,0,0,0
"MtrNatGas",8,26,1,"",4.06727,0,0,0,3.94678,0,0,0,0,0,0,0,0,0,0,0,0,0,0,0,0.120482,0,0,0,0
"MtrNatGas",8,26,2,"",2.90433,0,0,0,2.80794,0,0,0,0,0,0,0,0,0,0,0,0,0,0,0,0.0963858,0,0,0,0
"MtrNatGas",8,26,3,"",4.56641,0,0,0,4.47003,0,0,0,0,0,0,0,0,0,0,0,0,0,0,0,0.0963858,0,0,0,0
"MtrNatGas",8,26,4,"",2.90651,0,0,0,2.81013,0,0,0,0,0,0,0,0,0,0,0,0,0,0,0,0.0963858,0,0,0,0
"MtrNatGas",8,26,5,"",2.90782,0,0,0,2.81143,0,0,0,0,0,0,0,0,0,0,0,0,0,0,0,0.0963858,0,0,0,0
"MtrNatGas",8,26,6,"",3.45716,0,0,0,3.11981,0,0,0,0,0,0,0,0,0,0,0,0,0,0,0,0.33735,0,0,0,0
"MtrNatGas",8,26,7,"",5.42741,0,0,0,4.96957,0,0,0,0,0,0,0,0,0,0,0,0,0,0,0,0.457833,0,0,0,0
"MtrNatGas",8,26,8,"",18.4186,0,0,0,17.8162,0,0,0,0,0,0,0,0,0,0,0,0,0,0,0,0.602411,0,0,0,0
"MtrNatGas",8,26,9,"",13.1473,0,0,0,12.5208,0,0,0,0,0,0,0,0,0,0,0,0,0,0,0,0.626508,0,0,0,0
"MtrNatGas",8,26,10,"",42.7589,0,0,0,42.2288,0,0,0,0,0,0,0,0,0,0,0,0,0,0,0,0.530122,0,0,0,0
"MtrNatGas",8,26,11,"",26.0992,0,0,0,13.1078,0,0,0,0,0,0,0,0,0,0,0,0,0,12.4854,0,0.506026,0,0,0,0
"MtrNatGas",8,26,12,"",14.8307,0,0,0,3.51387,0,0,0,0,0,0,0,0,0,0,0,0,0,10.6181,0,0.698797,0,0,0,0
"MtrNatGas",8,26,13,"",4.49535,0,0,0,3.65198,0,0,0,0,0,0,0,0,0,0,0,0,0,0,0,0.843376,0,0,0,0
"MtrNatGas",8,26,14,"",3.80064,0,0,0,3.02955,0,0,0,0,0,0,0,0,0,0,0,0,0,0,0,0.771087,0,0,0,0
"MtrNatGas",8,26,15,"",4.25015,0,0,0,3.43087,0,0,0,0,0,0,0,0,0,0,0,0,0,0,0,0.81928,0,0,0,0
"MtrNatGas",8,26,16,"",9.00453,0,0,0,7.75152,0,0,0,0,0,0,0,0,0,0,0,0,0,0,0,1.25302,0,0,0,0
"MtrNatGas",8,26,17,"",7.55706,0,0,0,4.78597,0,0,0,0,0,0,0,0,0,0,0,0,0,0,0,2.77109,0,0,0,0
"MtrNatGas",8,26,18,"",8.92655,0,0,0,4.27593,0,0,0,0,0,0,0,0,0,0,0,0,0,0,0,4.65062,0,0,0,0
"MtrNatGas",8,26,19,"",14.4069,0,0,0,10.0695,0,0,0,0,0,0,0,0,0,0,0,0,0,0,0,4.33736,0,0,0,0
"MtrNatGas",8,26,20,"",5.67649,0,0,0,3.31504,0,0,0,0,0,0,0,0,0,0,0,0,0,0,0,2.36145,0,0,0,0
"MtrNatGas",8,26,21,"",4.80315,0,0,0,3.7911,0,0,0,0,0,0,0,0,0,0,0,0,0,0,0,1.01205,0,0,0,0
"MtrNatGas",8,26,22,"",7.66144,0,0,0,7.17951,0,0,0,0,0,0,0,0,0,0,0,0,0,0,0,0.481929,0,0,0,0
"MtrNatGas",8,26,23,"",8.81107,0,0,0,8.52192,0,0,0,0,0,0,0,0,0,0,0,0,0,0,0,0.289157,0,0,0,0
"MtrNatGas",8,26,24,"",4.08347,0,0,0,3.8425,0,0,0,0,0,0,0,0,0,0,0,0,0,0,0,0.240965,0,0,0,0
"MtrNatGas",8,27,1,"",3.06366,0,0,0,2.94318,0,0,0,0,0,0,0,0,0,0,0,0,0,0,0,0.120482,0,0,0,0
"MtrNatGas",8,27,2,"",3.03704,0,0,0,2.94065,0,0,0,0,0,0,0,0,0,0,0,0,0,0,0,0.0963858,0,0,0,0
"MtrNatGas",8,27,3,"",3.1108,0,0,0,3.01442,0,0,0,0,0,0,0,0,0,0,0,0,0,0,0,0.0963858,0,0,0,0
"MtrNatGas",8,27,4,"",3.24878,0,0,0,3.15239,0,0,0,0,0,0,0,0,0,0,0,0,0,0,0,0.0963858,0,0,0,0
"MtrNatGas",8,27,5,"",3.25842,0,0,0,3.16204,0,0,0,0,0,0,0,0,0,0,0,0,0,0,0,0.0963858,0,0,0,0
"MtrNatGas",8,27,6,"",3.86627,0,0,0,3.52892,0,0,0,0,0,0,0,0,0,0,0,0,0,0,0,0.33735,0,0,0,0
"MtrNatGas",8,27,7,"",17.4664,0,0,0,17.0086,0,0,0,0,0,0,0,0,0,0,0,0,0,0,0,0.457833,0,0,0,0
"MtrNatGas",8,27,8,"",49.0421,0,0,0,48.4397,0,0,0,0,0,0,0,0,0,0,0,0,0,0,0,0.602411,0,0,0,0
"MtrNatGas",8,27,9,"",17.3462,0,0,0,16.7197,0,0,0,0,0,0,0,0,0,0,0,0,0,0,0,0.626508,0,0,0,0
"MtrNatGas",8,27,10,"",14.8299,0,0,0,14.2998,0,0,0,0,0,0,0,0,0,0,0,0,0,0,0,0.530122,0,0,0,0
"MtrNatGas",8,27,11,"",17.6644,0,0,0,5.29725,0,0,0,0,0,0,0,0,0,0,0,0,0,11.8611,0,0.506026,0,0,0,0
"MtrNatGas",8,27,12,"",7.40292,0,0,0,3.16477,0,0,0,0,0,0,0,0,0,0,0,0,0,3.53936,0,0.698797,0,0,0,0
"MtrNatGas",8,27,13,"",3.99569,0,0,0,3.15231,0,0,0,0,0,0,0,0,0,0,0,0,0,0,0,0.843376,0,0,0,0
"MtrNatGas",8,27,14,"",3.07732,0,0,0,2.30623,0,0,0,0,0,0,0,0,0,0,0,0,0,0,0,0.771087,0,0,0,0
"MtrNatGas",8,27,15,"",2.10463,0,0,0,1.28535,0,0,0,0,0,0,0,0,0,0,0,0,0,0,0,0.81928,0,0,0,0
"MtrNatGas",8,27,16,"",2.83465,0,0,0,1.58164,0,0,0,0,0,0,0,0,0,0,0,0,0,0,0,1.25302,0,0,0,0
"MtrNatGas",8,27,17,"",6.76033,0,0,0,3.98924,0,0,0,0,0,0,0,0,0,0,0,0,0,0,0,2.77109,0,0,0,0
"MtrNatGas",8,27,18,"",8.55497,0,0,0,3.90435,0,0,0,0,0,0,0,0,0,0,0,0,0,0,0,4.65062,0,0,0,0
"MtrNatGas",8,27,19,"",14.6873,0,0,0,10.3499,0,0,0,0,0,0,0,0,0,0,0,0,0,0,0,4.33736,0,0,0,0
"MtrNatGas",8,27,20,"",8.86469,0,0,0,6.50324,0,0,0,0,0,0,0,0,0,0,0,0,0,0,0,2.36145,0,0,0,0
"MtrNatGas",8,27,21,"",9.8058,0,0,0,8.79375,0,0,0,0,0,0,0,0,0,0,0,0,0,0,0,1.01205,0,0,0,0
"MtrNatGas",8,27,22,"",9.72027,0,0,0,9.23835,0,0,0,0,0,0,0,0,0,0,0,0,0,0,0,0.481929,0,0,0,0
"MtrNatGas",8,27,23,"",13.758,0,0,0,13.4689,0,0,0,0,0,0,0,0,0,0,0,0,0,0,0,0.289157,0,0,0,0
"MtrNatGas",8,27,24,"",5.38324,0,0,0,5.14228,0,0,0,0,0,0,0,0,0,0,0,0,0,0,0,0.240965,0,0,0,0
"MtrNatGas",8,28,1,"",4.71333,0,0,0,4.59285,0,0,0,0,0,0,0,0,0,0,0,0,0,0,0,0.120482,0,0,0,0
"MtrNatGas",8,28,2,"",2.91044,0,0,0,2.81406,0,0,0,0,0,0,0,0,0,0,0,0,0,0,0,0.0963858,0,0,0,0
"MtrNatGas",8,28,3,"",2.91176,0,0,0,2.81537,0,0,0,0,0,0,0,0,0,0,0,0,0,0,0,0.0963858,0,0,0,0
"MtrNatGas",8,28,4,"",3.11526,0,0,0,3.01887,0,0,0,0,0,0,0,0,0,0,0,0,0,0,0,0.0963858,0,0,0,0
"MtrNatGas",8,28,5,"",2.91394,0,0,0,2.81756,0,0,0,0,0,0,0,0,0,0,0,0,0,0,0,0.0963858,0,0,0,0
"MtrNatGas",8,28,6,"",8.09656,0,0,0,7.75921,0,0,0,0,0,0,0,0,0,0,0,0,0,0,0,0.33735,0,0,0,0
"MtrNatGas",8,28,7,"",28.0782,0,0,0,27.6203,0,0,0,0,0,0,0,0,0,0,0,0,0,0,0,0.457833,0,0,0,0
"MtrNatGas",8,28,8,"",40.7608,0,0,0,40.1584,0,0,0,0,0,0,0,0,0,0,0,0,0,0,0,0.602411,0,0,0,0
"MtrNatGas",8,28,9,"",42.9069,0,0,0,42.2804,0,0,0,0,0,0,0,0,0,0,0,0,0,0,0,0.626508,0,0,0,0
"MtrNatGas",8,28,10,"",21.0377,0,0,0,11.8828,0,0,0,0,0,0,0,0,0,0,0,0,0,8.62484,0,0.530122,0,0,0,0
"MtrNatGas",8,28,11,"",13.4546,0,0,0,6.16893,0,0,0,0,0,0,0,0,0,0,0,0,0,6.77962,0,0.506026,0,0,0,0
"MtrNatGas",8,28,12,"",14.5937,0,0,0,13.8949,0,0,0,0,0,0,0,0,0,0,0,0,0,0,0,0.698797,0,0,0,0
"MtrNatGas",8,28,13,"",11.5879,0,0,0,10.7445,0,0,0,0,0,0,0,0,0,0,0,0,0,0,0,0.843376,0,0,0,0
"MtrNatGas",8,28,14,"",6.46072,0,0,0,5.68963,0,0,0,0,0,0,0,0,0,0,0,0,0,0,0,0.771087,0,0,0,0
"MtrNatGas",8,28,15,"",10.815,0,0,0,6.4977,0,0,0,0,0,0,0,0,0,0,0,0,0,3.49802,0,0.81928,0,0,0,0
"MtrNatGas",8,28,16,"",18.248,0,0,0,12.7931,0,0,0,0,0,0,0,0,0,0,0,0,0,4.20196,0,1.25302,0,0,0,0
"MtrNatGas",8,28,17,"",23.0388,0,0,0,12.5652,0,0,0,0,0,0,0,0,0,0,0,0,0,7.70248,0,2.77109,0,0,0,0
"MtrNatGas",8,28,18,"",24.5303,0,0,0,12.1793,0,0,0,0,0,0,0,0,0,0,0,0,0,7.70039,0,4.65062,0,0,0,0
"MtrNatGas",8,28,19,"",26.9503,0,0,0,14.9115,0,0,0,0,0,0,0,0,0,0,0,0,0,7.70148,0,4.33736,0,0,0,0
"MtrNatGas",8,28,20,"",20.3701,0,0,0,18.0086,0,0,0,0,0,0,0,0,0,0,0,0,0,0,0,2.36145,0,0,0,0
"MtrNatGas",8,28,21,"",16.1188,0,0,0,15.1067,0,0,0,0,0,0,0,0,0,0,0,0,0,0,0,1.01205,0,0,0,0
"MtrNatGas",8,28,22,"",18.3648,0,0,0,17.8828,0,0,0,0,0,0,0,0,0,0,0,0,0,0,0,0.481929,0,0,0,0
"MtrNatGas",8,28,23,"",5.8388,0,0,0,5.54964,0,0,0,0,0,0,0,0,0,0,0,0,0,0,0,0.289157,0,0,0,0
"MtrNatGas",8,28,24,"",5.0551,0,0,0,4.81414,0,0,0,0,0,0,0,0,0,0,0,0,0,0,0,0.240965,0,0,0,0
"MtrNatGas",8,29,1,"",4.14942,0,0,0,4.02894,0,0,0,0,0,0,0,0,0,0,0,0,0,0,0,0.120482,0,0,0,0
"MtrNatGas",8,29,2,"",3.09184,0,0,0,2.99546,0,0,0,0,0,0,0,0,0,0,0,0,0,0,0,0.0963858,0,0,0,0
"MtrNatGas",8,29,3,"",3.76178,0,0,0,3.68949,0,0,0,0,0,0,0,0,0,0,0,0,0,0,0,0.0722894,0,0,0,0
"MtrNatGas",8,29,4,"",3.30349,0,0,0,3.23121,0,0,0,0,0,0,0,0,0,0,0,0,0,0,0,0.0722894,0,0,0,0
"MtrNatGas",8,29,5,"",3.18436,0,0,0,3.11207,0,0,0,0,0,0,0,0,0,0,0,0,0,0,0,0.0722894,0,0,0,0
"MtrNatGas",8,29,6,"",7.23161,0,0,0,7.11113,0,0,0,0,0,0,0,0,0,0,0,0,0,0,0,0.120482,0,0,0,0
"MtrNatGas",8,29,7,"",16.7283,0,0,0,16.4873,0,0,0,0,0,0,0,0,0,0,0,0,0,0,0,0.240965,0,0,0,0
"MtrNatGas",8,29,8,"",44.9231,0,0,0,35.4748,0,0,0,0,0,0,0,0,0,0,0,0,0,8.79771,0,0.650604,0,0,0,0
"MtrNatGas",8,29,9,"",34.1654,0,0,0,19.5861,0,0,0,0,0,0,0,0,0,0,0,0,0,13.4226,0,1.15663,0,0,0,0
"MtrNatGas",8,29,10,"",30.0394,0,0,0,16.1235,0,0,0,0,0,0,0,0,0,0,0,0,0,12.7593,0,1.15663,0,0,0,0
"MtrNatGas",8,29,11,"",19.1636,0,0,0,14.5228,0,0,0,0,0,0,0,0,0,0,0,0,0,3.53236,0,1.10844,0,0,0,0
"MtrNatGas",8,29,12,"",27.6801,0,0,0,18.6522,0,0,0,0,0,0,0,0,0,0,0,0,0,7.70259,0,1.32531,0,0,0,0
"MtrNatGas",8,29,13,"",9.50622,0,0,0,7.98814,0,0,0,0,0,0,0,0,0,0,0,0,0,0,0,1.51808,0,0,0,0
"MtrNatGas",8,29,14,"",6.36755,0,0,0,4.94586,0,0,0,0,0,0,0,0,0,0,0,0,0,0,0,1.42169,0,0,0,0
"MtrNatGas",8,29,15,"",9.85542,0,0,0,8.36144,0,0,0,0,0,0,0,0,0,0,0,0,0,0,0,1.49398,0,0,0,0
"MtrNatGas",8,29,16,"",12.2062,0,0,0,10.5676,0,0,0,0,0,0,0,0,0,0,0,0,0,0,0,1.63856,0,0,0,0
"MtrNatGas",8,29,17,"",21.5851,0,0,0,19.3923,0,0,0,0,0,0,0,0,0,0,0,0,0,0,0,2.19278,0,0,0,0
"MtrNatGas",8,29,18,"",16.4756,0,0,0,13.1262,0,0,0,0,0,0,0,0,0,0,0,0,0,0,0,3.34941,0,0,0,0
"MtrNatGas",8,29,19,"",11.6557,0,0,0,8.54722,0,0,0,0,0,0,0,0,0,0,0,0,0,0,0,3.10844,0,0,0,0
"MtrNatGas",8,29,20,"",14.6168,0,0,0,12.8819,0,0,0,0,0,0,0,0,0,0,0,0,0,0,0,1.73494,0,0,0,0
"MtrNatGas",8,29,21,"",29.6995,0,0,0,21.2261,0,0,0,0,0,0,0,0,0,0,0,0,0,7.7023,0,0.771087,0,0,0,0
"MtrNatGas",8,29,22,"",14.6635,0,0,0,14.3262,0,0,0,0,0,0,0,0,0,0,0,0,0,0,0,0.33735,0,0,0,0
"MtrNatGas",8,29,23,"",4.81405,0,0,0,4.59719,0,0,0,0,0,0,0,0,0,0,0,0,0,0,0,0.216868,0,0,0,0
"MtrNatGas",8,29,24,"",9.72199,0,0,0,9.6015,0,0,0,0,0,0,0,0,0,0,0,0,0,0,0,0.120482,0,0,0,0
"MtrNatGas",8,30,1,"",8.35327,0,0,0,8.23279,0,0,0,0,0,0,0,0,0,0,0,0,0,0,0,0.120482,0,0,0,0
"MtrNatGas",8,30,2,"",2.90607,0,0,0,2.80969,0,0,0,0,0,0,0,0,0,0,0,0,0,0,0,0.0963858,0,0,0,0
"MtrNatGas",8,30,3,"",2.88242,0,0,0,2.81013,0,0,0,0,0,0,0,0,0,0,0,0,0,0,0,0.0722894,0,0,0,0
"MtrNatGas",8,30,4,"",2.88242,0,0,0,2.81013,0,0,0,0,0,0,0,0,0,0,0,0,0,0,0,0.0722894,0,0,0,0
"MtrNatGas",8,30,5,"",3.01857,0,0,0,2.94629,0,0,0,0,0,0,0,0,0,0,0,0,0,0,0,0.0722894,0,0,0,0
"MtrNatGas",8,30,6,"",2.93148,0,0,0,2.811,0,0,0,0,0,0,0,0,0,0,0,0,0,0,0,0.120482,0,0,0,0
"MtrNatGas",8,30,7,"",6.30767,0,0,0,6.06671,0,0,0,0,0,0,0,0,0,0,0,0,0,0,0,0.240965,0,0,0,0
"MtrNatGas",8,30,8,"",11.6982,0,0,0,11.0476,0,0,0,0,0,0,0,0,0,0,0,0,0,0,0,0.650604,0,0,0,0
"MtrNatGas",8,30,9,"",10.2764,0,0,0,9.1198,0,0,0,0,0,0,0,0,0,0,0,0,0,0,0,1.15663,0,0,0,0
"MtrNatGas",8,30,10,"",19.9018,0,0,0,18.7451,0,0,0,0,0,0,0,0,0,0,0,0,0,0,0,1.15663,0,0,0,0
"MtrNatGas",8,30,11,"",22.6568,0,0,0,21.5483,0,0,0,0,0,0,0,0,0,0,0,0,0,0,0,1.10844,0,0,0,0
"MtrNatGas",8,30,12,"",30.6038,0,0,0,18.9335,0,0,0,0,0,0,0,0,0,0,0,0,0,10.3451,0,1.32531,0,0,0,0
"MtrNatGas",8,30,13,"",30.4541,0,0,0,12.3852,0,0,0,0,0,0,0,0,0,0,0,0,0,16.5508,0,1.51808,0,0,0,0
"MtrNatGas",8,30,14,"",28.4211,0,0,0,15.381,0,0,0,0,0,0,0,0,0,0,0,0,0,11.6184,0,1.42169,0,0,0,0
"MtrNatGas",8,30,15,"",15.3779,0,0,0,6.18272,0,0,0,0,0,0,0,0,0,0,0,0,0,7.70123,0,1.49398,0,0,0,0
"MtrNatGas",8,30,16,"",6.9646,0,0,0,5.32605,0,0,0,0,0,0,0,0,0,0,0,0,0,0,0,1.63856,0,0,0,0
"MtrNatGas",8,30,17,"",14.2369,0,0,0,4.34327,0,0,0,0,0,0,0,0,0,0,0,0,0,7.70089,0,2.19278,0,0,0,0
"MtrNatGas",8,30,18,"",8.83087,0,0,0,5.48146,0,0,0,0,0,0,0,0,0,0,0,0,0,0,0,3.34941,0,0,0,0
"MtrNatGas",8,30,19,"",9.88308,0,0,0,6.77464,0,0,0,0,0,0,0,0,0,0,0,0,0,0,0,3.10844,0,0,0,0
"MtrNatGas",8,30,20,"",11.5362,0,0,0,9.80126,0,0,0,0,0,0,0,0,0,0,0,0,0,0,0,1.73494,0,0,0,0
"MtrNatGas",8,30,21,"",14.1328,0,0,0,13.3617,0,0,0,0,0,0,0,0,0,0,0,0,0,0,0,0.771087,0,0,0,0
"MtrNatGas",8,30,22,"",14.1725,0,0,0,11.496,0,0,0,0,0,0,0,0,0,0,0,0,0,2.33913,0,0.33735,0,0,0,0
"MtrNatGas",8,30,23,"",19.7927,0,0,0,6.51141,0,0,0,0,0,0,0,0,0,0,0,0,0,13.0644,0,0.216868,0,0,0,0
"MtrNatGas",8,30,24,"",5.05087,0,0,0,4.93039,0,0,0,0,0,0,0,0,0,0,0,0,0,0,0,0.120482,0,0,0,0
"MtrNatGas",8,31,1,"",3.2688,0,0,0,3.14832,0,0,0,0,0,0,0,0,0,0,0,0,0,0,0,0.120482,0,0,0,0
"MtrNatGas",8,31,2,"",3.05919,0,0,0,2.96281,0,0,0,0,0,0,0,0,0,0,0,0,0,0,0,0.0963858,0,0,0,0
"MtrNatGas",8,31,3,"",4.05393,0,0,0,3.95754,0,0,0,0,0,0,0,0,0,0,0,0,0,0,0,0.0963858,0,0,0,0
"MtrNatGas",8,31,4,"",2.90564,0,0,0,2.80925,0,0,0,0,0,0,0,0,0,0,0,0,0,0,0,0.0963858,0,0,0,0
"MtrNatGas",8,31,5,"",2.90607,0,0,0,2.80969,0,0,0,0,0,0,0,0,0,0,0,0,0,0,0,0.0963858,0,0,0,0
"MtrNatGas",8,31,6,"",3.67219,0,0,0,3.33484,0,0,0,0,0,0,0,0,0,0,0,0,0,0,0,0.33735,0,0,0,0
"MtrNatGas",8,31,7,"",18.6968,0,0,0,18.239,0,0,0,0,0,0,0,0,0,0,0,0,0,0,0,0.457833,0,0,0,0
"MtrNatGas",8,31,8,"",14.6844,0,0,0,14.0819,0,0,0,0,0,0,0,0,0,0,0,0,0,0,0,0.602411,0,0,0,0
"MtrNatGas",8,31,9,"",57.0282,0,0,0,48.7011,0,0,0,0,0,0,0,0,0,0,0,0,0,7.70058,0,0.626508,0,0,0,0
"MtrNatGas",8,31,10,"",16.512,0,0,0,15.9819,0,0,0,0,0,0,0,0,0,0,0,0,0,0,0,0.530122,0,0,0,0
"MtrNatGas",8,31,11,"",10.3939,0,0,0,9.88792,0,0,0,0,0,0,0,0,0,0,0,0,0,0,0,0.506026,0,0,0,0
"MtrNatGas",8,31,12,"",17.9898,0,0,0,9.59011,0,0,0,0,0,0,0,0,0,0,0,0,0,7.70093,0,0.698797,0,0,0,0
"MtrNatGas",8,31,13,"",7.17914,0,0,0,6.33577,0,0,0,0,0,0,0,0,0,0,0,0,0,0,0,0.843376,0,0,0,0
"MtrNatGas",8,31,14,"",11.7941,0,0,0,6.0291,0,0,0,0,0,0,0,0,0,0,0,0,0,4.9939,0,0.771087,0,0,0,0
"MtrNatGas",8,31,15,"",15.2186,0,0,0,3.98629,0,0,0,0,0,0,0,0,0,0,0,0,0,10.413,0,0.81928,0,0,0,0
"MtrNatGas",8,31,16,"",9.01905,0,0,0,4.82471,0,0,0,0,0,0,0,0,0,0,0,0,0,2.94132,0,1.25302,0,0,0,0
"MtrNatGas",8,31,17,"",19.6763,0,0,0,4.44379,0,0,0,0,0,0,0,0,0,0,0,0,0,12.4614,0,2.77109,0,0,0,0
"MtrNatGas",8,31,18,"",17.3445,0,0,0,4.99347,0,0,0,0,0,0,0,0,0,0,0,0,0,7.70039,0,4.65062,0,0,0,0
"MtrNatGas",8,31,19,"",19.4869,0,0,0,7.44803,0,0,0,0,0,0,0,0,0,0,0,0,0,7.70148,0,4.33736,0,0,0,0
"MtrNatGas",8,31,20,"",10.8413,0,0,0,8.47983,0,0,0,0,0,0,0,0,0,0,0,0,0,0,0,2.36145,0,0,0,0
"MtrNatGas",8,31,21,"",21.1078,0,0,0,20.0957,0,0,0,0,0,0,0,0,0,0,0,0,0,0,0,1.01205,0,0,0,0
"MtrNatGas",8,31,22,"",22.1435,0,0,0,21.6616,0,0,0,0,0,0,0,0,0,0,0,0,0,0,0,0.481929,0,0,0,0
"MtrNatGas",8,31,23,"",13.1499,0,0,0,5.42496,0,0,0,0,0,0,0,0,0,0,0,0,0,7.43576,0,0.289157,0,0,0,0
"MtrNatGas",8,31,24,"",6.29749,0,0,0,5.79013,0,0,0,0,0,0,0,0,0,0,0,0,0,0.266395,0,0.240965,0,0,0,0
"MtrNatGas",9,1,1,"",3.61154,0,0,0,3.49066,0,0,0,0,0,0,0,0,0,0,0,0,0,0,0,0.120875,0,0,0,0
"MtrNatGas",9,1,2,"",3.33549,0,0,0,3.23879,0,0,0,0,0,0,0,0,0,0,0,0,0,0,0,0.0967001,0,0,0,0
"MtrNatGas",9,1,3,"",5.04982,0,0,0,4.95312,0,0,0,0,0,0,0,0,0,0,0,0,0,0,0,0.0967001,0,0,0,0
"MtrNatGas",9,1,4,"",3.68298,0,0,0,3.58628,0,0,0,0,0,0,0,0,0,0,0,0,0,0,0,0.0967001,0,0,0,0
"MtrNatGas",9,1,5,"",3.00607,0,0,0,2.90937,0,0,0,0,0,0,0,0,0,0,0,0,0,0,0,0.0967001,0,0,0,0
"MtrNatGas",9,1,6,"",14.3809,0,0,0,14.0424,0,0,0,0,0,0,0,0,0,0,0,0,0,0,0,0.33845,0,0,0,0
"MtrNatGas",9,1,7,"",6.45925,0,0,0,5.99992,0,0,0,0,0,0,0,0,0,0,0,0,0,0,0,0.459326,0,0,0,0
"MtrNatGas",9,1,8,"",27.2109,0,0,0,26.6065,0,0,0,0,0,0,0,0,0,0,0,0,0,0,0,0.604376,0,0,0,0
"MtrNatGas",9,1,9,"",13.8972,0,0,0,13.2686,0,0,0,0,0,0,0,0,0,0,0,0,0,0,0,0.628551,0,0,0,0
"MtrNatGas",9,1,10,"",18.8451,0,0,0,18.3133,0,0,0,0,0,0,0,0,0,0,0,0,0,0,0,0.531851,0,0,0,0
"MtrNatGas",9,1,11,"",11.3348,0,0,0,10.8272,0,0,0,0,0,0,0,0,0,0,0,0,0,0,0,0.507676,0,0,0,0
"MtrNatGas",9,1,12,"",14.8752,0,0,0,9.10234,0,0,0,0,0,0,0,0,0,0,0,0,0,5.07181,0,0.701076,0,0,0,0
"MtrNatGas",9,1,13,"",9.37926,0,0,0,5.90353,0,0,0,0,0,0,0,0,0,0,0,0,0,2.62961,0,0.846126,0,0,0,0
"MtrNatGas",9,1,14,"",4.49338,0,0,0,3.71978,0,0,0,0,0,0,0,0,0,0,0,0,0,0,0,0.773601,0,0,0,0
"MtrNatGas",9,1,15,"",3.83449,0,0,0,3.01253,0,0,0,0,0,0,0,0,0,0,0,0,0,0,0,0.821951,0,0,0,0
"MtrNatGas",9,1,16,"",6.25429,0,0,0,2.05587,0,0,0,0,0,0,0,0,0,0,0,0,0,2.94132,0,1.2571,0,0,0,0
"MtrNatGas",9,1,17,"",9.51969,0,0,0,1.98062,0,0,0,0,0,0,0,0,0,0,0,0,0,4.75893,0,2.78013,0,0,0,0
"MtrNatGas",9,1,18,"",7.36691,0,0,0,2.70113,0,0,0,0,0,0,0,0,0,0,0,0,0,0,0,4.66578,0,0,0,0
"MtrNatGas",9,1,19,"",8.96233,0,0,0,4.61082,0,0,0,0,0,0,0,0,0,0,0,0,0,0,0,4.35151,0,0,0,0
"MtrNatGas",9,1,20,"",8.15743,0,0,0,5.78827,0,0,0,0,0,0,0,0,0,0,0,0,0,0,0,2.36915,0,0,0,0
"MtrNatGas",9,1,21,"",7.64121,0,0,0,6.62586,0,0,0,0,0,0,0,0,0,0,0,0,0,0,0,1.01535,0,0,0,0
"MtrNatGas",9,1,22,"",10.0373,0,0,0,9.55379,0,0,0,0,0,0,0,0,0,0,0,0,0,0,0,0.483501,0,0,0,0
"MtrNatGas",9,1,23,"",9.33821,0,0,0,9.04811,0,0,0,0,0,0,0,0,0,0,0,0,0,0,0,0.2901,0,0,0,0
"MtrNatGas",9,1,24,"",8.20491,0,0,0,7.96316,0,0,0,0,0,0,0,0,0,0,0,0,0,0,0,0.24175,0,0,0,0
"MtrNatGas",9,2,1,"",2.91745,0,0,0,2.79657,0,0,0,0,0,0,0,0,0,0,0,0,0,0,0,0.120875,0,0,0,0
"MtrNatGas",9,2,2,"",3.05233,0,0,0,2.95563,0,0,0,0,0,0,0,0,0,0,0,0,0,0,0,0.0967001,0,0,0,0
"MtrNatGas",9,2,3,"",3.2208,0,0,0,3.1241,0,0,0,0,0,0,0,0,0,0,0,0,0,0,0,0.0967001,0,0,0,0
"MtrNatGas",9,2,4,"",2.90114,0,0,0,2.80444,0,0,0,0,0,0,0,0,0,0,0,0,0,0,0,0.0967001,0,0,0,0
"MtrNatGas",9,2,5,"",4.00452,0,0,0,3.90782,0,0,0,0,0,0,0,0,0,0,0,0,0,0,0,0.0967001,0,0,0,0
"MtrNatGas",9,2,6,"",7.52426,0,0,0,7.18581,0,0,0,0,0,0,0,0,0,0,0,0,0,0,0,0.33845,0,0,0,0
"MtrNatGas",9,2,7,"",30.7314,0,0,0,30.272,0,0,0,0,0,0,0,0,0,0,0,0,0,0,0,0.459326,0,0,0,0
"MtrNatGas",9,2,8,"",26.5271,0,0,0,25.9227,0,0,0,0,0,0,0,0,0,0,0,0,0,0,0,0.604376,0,0,0,0
"MtrNatGas",9,2,9,"",22.0331,0,0,0,13.704,0,0,0,0,0,0,0,0,0,0,0,0,0,7.70058,0,0.628551,0,0,0,0
"MtrNatGas",9,2,10,"",19.8828,0,0,0,19.3509,0,0,0,0,0,0,0,0,0,0,0,0,0,0,0,0.531851,0,0,0,0
"MtrNatGas",9,2,11,"",11.046,0,0,0,10.5383,0,0,0,0,0,0,0,0,0,0,0,0,0,0,0,0.507676,0,0,0,0
"MtrNatGas",9,2,12,"",19.0301,0,0,0,5.33743,0,0,0,0,0,0,0,0,0,0,0,0,0,12.9916,0,0.701076,0,0,0,0
"MtrNatGas",9,2,13,"",9.02181,0,0,0,5.7657,0,0,0,0,0,0,0,0,0,0,0,0,0,2.40999,0,0.846126,0,0,0,0
"MtrNatGas",9,2,14,"",4.67038,0,0,0,3.89678,0,0,0,0,0,0,0,0,0,0,0,0,0,0,0,0.773601,0,0,0,0
"MtrNatGas",9,2,15,"",20.4278,0,0,0,15.6814,0,0,0,0,0,0,0,0,0,0,0,0,0,3.92445,0,0.821951,0,0,0,0
"MtrNatGas",9,2,16,"",21.3612,0,0,0,12.525,0,0,0,0,0,0,0,0,0,0,0,0,0,7.57911,0,1.2571,0,0,0,0
"MtrNatGas",9,2,17,"",16.569,0,0,0,7.978,0,0,0,0,0,0,0,0,0,0,0,0,0,5.81091,0,2.78013,0,0,0,0
"MtrNatGas",9,2,18,"",16.7283,0,0,0,8.28879,0,0,0,0,0,0,0,0,0,0,0,0,0,3.77373,0,4.66578,0,0,0,0
"MtrNatGas",9,2,19,"",13.3535,0,0,0,6.98671,0,0,0,0,0,0,0,0,0,0,0,0,0,2.01533,0,4.35151,0,0,0,0
"MtrNatGas",9,2,20,"",12.0667,0,0,0,9.69755,0,0,0,0,0,0,0,0,0,0,0,0,0,0,0,2.36915,0,0,0,0
"MtrNatGas",9,2,21,"",9.56604,0,0,0,8.55069,0,0,0,0,0,0,0,0,0,0,0,0,0,0,0,1.01535,0,0,0,0
"MtrNatGas",9,2,22,"",13.05,0,0,0,12.5665,0,0,0,0,0,0,0,0,0,0,0,0,0,0,0,0.483501,0,0,0,0
"MtrNatGas",9,2,23,"",14.6479,0,0,0,6.65502,0,0,0,0,0,0,0,0,0,0,0,0,0,7.70279,0,0.2901,0,0,0,0
"MtrNatGas",9,2,24,"",7.08542,0,0,0,6.84367,0,0,0,0,0,0,0,0,0,0,0,0,0,0,0,0.24175,0,0,0,0
"MtrNatGas",9,3,1,"",6.96096,0,0,0,6.84009,0,0,0,0,0,0,0,0,0,0,0,0,0,0,0,0.120875,0,0,0,0
"MtrNatGas",9,3,2,"",7.20328,0,0,0,7.10658,0,0,0,0,0,0,0,0,0,0,0,0,0,0,0,0.0967001,0,0,0,0
"MtrNatGas",9,3,3,"",5.36144,0,0,0,5.26474,0,0,0,0,0,0,0,0,0,0,0,0,0,0,0,0.0967001,0,0,0,0
"MtrNatGas",9,3,4,"",2.9042,0,0,0,2.8075,0,0,0,0,0,0,0,0,0,0,0,0,0,0,0,0.0967001,0,0,0,0
"MtrNatGas",9,3,5,"",2.90726,0,0,0,2.81056,0,0,0,0,0,0,0,0,0,0,0,0,0,0,0,0.0967001,0,0,0,0
"MtrNatGas",9,3,6,"",3.684,0,0,0,3.34555,0,0,0,0,0,0,0,0,0,0,0,0,0,0,0,0.33845,0,0,0,0
"MtrNatGas",9,3,7,"",7.61642,0,0,0,7.15709,0,0,0,0,0,0,0,0,0,0,0,0,0,0,0,0.459326,0,0,0,0
"MtrNatGas",9,3,8,"",24.84,0,0,0,24.2357,0,0,0,0,0,0,0,0,0,0,0,0,0,0,0,0.604376,0,0,0,0
"MtrNatGas",9,3,9,"",39.8297,0,0,0,39.2012,0,0,0,0,0,0,0,0,0,0,0,0,0,0,0,0.628551,0,0,0,0
"MtrNatGas",9,3,10,"",21.6677,0,0,0,21.1359,0,0,0,0,0,0,0,0,0,0,0,0,0,0,0,0.531851,0,0,0,0
"MtrNatGas",9,3,11,"",16.2636,0,0,0,11.5942,0,0,0,0,0,0,0,0,0,0,0,0,0,4.16181,0,0.507676,0,0,0,0
"MtrNatGas",9,3,12,"",13.8322,0,0,0,9.59172,0,0,0,0,0,0,0,0,0,0,0,0,0,3.53936,0,0.701076,0,0,0,0
"MtrNatGas",9,3,13,"",13.7577,0,0,0,5.21005,0,0,0,0,0,0,0,0,0,0,0,0,0,7.70155,0,0.846126,0,0,0,0
"MtrNatGas",9,3,14,"",4.99869,0,0,0,4.22509,0,0,0,0,0,0,0,0,0,0,0,0,0,0,0,0.773601,0,0,0,0
"MtrNatGas",9,3,15,"",9.28421,0,0,0,8.46226,0,0,0,0,0,0,0,0,0,0,0,0,0,0,0,0.821951,0,0,0,0
"MtrNatGas",9,3,16,"",12.3554,0,0,0,11.0983,0,0,0,0,0,0,0,0,0,0,0,0,0,0,0,1.2571,0,0,0,0
"MtrNatGas",9,3,17,"",22.2447,0,0,0,11.762,0,0,0,0,0,0,0,0,0,0,0,0,0,7.70248,0,2.78013,0,0,0,0
"MtrNatGas",9,3,18,"",26.0483,0,0,0,13.6821,0,0,0,0,0,0,0,0,0,0,0,0,0,7.70039,0,4.66578,0,0,0,0
"MtrNatGas",9,3,19,"",33.2993,0,0,0,21.2463,0,0,0,0,0,0,0,0,0,0,0,0,0,7.70148,0,4.35151,0,0,0,0
"MtrNatGas",9,3,20,"",9.73262,0,0,0,7.36347,0,0,0,0,0,0,0,0,0,0,0,0,0,0,0,2.36915,0,0,0,0
"MtrNatGas",9,3,21,"",14.6059,0,0,0,13.5906,0,0,0,0,0,0,0,0,0,0,0,0,0,0,0,1.01535,0,0,0,0
"MtrNatGas",9,3,22,"",14.6352,0,0,0,14.1517,0,0,0,0,0,0,0,0,0,0,0,0,0,0,0,0.483501,0,0,0,0
"MtrNatGas",9,3,23,"",25.0383,0,0,0,24.7482,0,0,0,0,0,0,0,0,0,0,0,0,0,0,0,0.2901,0,0,0,0
"MtrNatGas",9,3,24,"",9.33916,0,0,0,7.13263,0,0,0,0,0,0,0,0,0,0,0,0,0,1.96479,0,0.24175,0,0,0,0
"MtrNatGas",9,4,1,"",9.55912,0,0,0,3.70279,0,0,0,0,0,0,0,0,0,0,0,0,0,5.73545,0,0.120875,0,0,0,0
"MtrNatGas",9,4,2,"",3.19029,0,0,0,3.09359,0,0,0,0,0,0,0,0,0,0,0,0,0,0,0,0.0967001,0,0,0,0
"MtrNatGas",9,4,3,"",3.69468,0,0,0,3.59798,0,0,0,0,0,0,0,0,0,0,0,0,0,0,0,0.0967001,0,0,0,0
"MtrNatGas",9,4,4,"",3.0479,0,0,0,2.9512,0,0,0,0,0,0,0,0,0,0,0,0,0,0,0,0.0967001,0,0,0,0
"MtrNatGas",9,4,5,"",2.91032,0,0,0,2.81362,0,0,0,0,0,0,0,0,0,0,0,0,0,0,0,0.0967001,0,0,0,0
"MtrNatGas",9,4,6,"",3.76859,0,0,0,3.43014,0,0,0,0,0,0,0,0,0,0,0,0,0,0,0,0.33845,0,0,0,0
"MtrNatGas",9,4,7,"",4.89348,0,0,0,4.43415,0,0,0,0,0,0,0,0,0,0,0,0,0,0,0,0.459326,0,0,0,0
"MtrNatGas",9,4,8,"",19.1664,0,0,0,18.562,0,0,0,0,0,0,0,0,0,0,0,0,0,0,0,0.604376,0,0,0,0
"MtrNatGas",9,4,9,"",38.3055,0,0,0,29.9764,0,0,0,0,0,0,0,0,0,0,0,0,0,7.70058,0,0.628551,0,0,0,0
"MtrNatGas",9,4,10,"",26.7711,0,0,0,23.7309,0,0,0,0,0,0,0,0,0,0,0,0,0,2.50833,0,0.531851,0,0,0,0
"MtrNatGas",9,4,11,"",24.9529,0,0,0,10.9274,0,0,0,0,0,0,0,0,0,0,0,0,0,13.5178,0,0.507676,0,0,0,0
"MtrNatGas",9,4,12,"",19.8202,0,0,0,4.33952,0,0,0,0,0,0,0,0,0,0,0,0,0,14.7796,0,0.701076,0,0,0,0
"MtrNatGas",9,4,13,"",5.62226,0,0,0,4.77614,0,0,0,0,0,0,0,0,0,0,0,0,0,0,0,0.846126,0,0,0,0
"MtrNatGas",9,4,14,"",4.22483,0,0,0,3.45123,0,0,0,0,0,0,0,0,0,0,0,0,0,0,0,0.773601,0,0,0,0
"MtrNatGas",9,4,15,"",3.54677,0,0,0,2.72482,0,0,0,0,0,0,0,0,0,0,0,0,0,0,0,0.821951,0,0,0,0
"MtrNatGas",9,4,16,"",2.84164,0,0,0,1.58454,0,0,0,0,0,0,0,0,0,0,0,0,0,0,0,1.2571,0,0,0,0
"MtrNatGas",9,4,17,"",4.24013,0,0,0,1.46,0,0,0,0,0,0,0,0,0,0,0,0,0,0,0,2.78013,0,0,0,0
"MtrNatGas",9,4,18,"",6.21115,0,0,0,1.54537,0,0,0,0,0,0,0,0,0,0,0,0,0,0,0,4.66578,0,0,0,0
"MtrNatGas",9,4,19,"",7.31171,0,0,0,2.9602,0,0,0,0,0,0,0,0,0,0,0,0,0,0,0,4.35151,0,0,0,0
"MtrNatGas",9,4,20,"",7.56212,0,0,0,5.19297,0,0,0,0,0,0,0,0,0,0,0,0,0,0,0,2.36915,0,0,0,0
"MtrNatGas",9,4,21,"",9.30119,0,0,0,8.28584,0,0,0,0,0,0,0,0,0,0,0,0,0,0,0,1.01535,0,0,0,0
"MtrNatGas",9,4,22,"",17.4791,0,0,0,16.9956,0,0,0,0,0,0,0,0,0,0,0,0,0,0,0,0.483501,0,0,0,0
"MtrNatGas",9,4,23,"",25.1699,0,0,0,9.74129,0,0,0,0,0,0,0,0,0,0,0,0,0,15.1386,0,0.2901,0,0,0,0
"MtrNatGas",9,4,24,"",6.97909,0,0,0,6.47095,0,0,0,0,0,0,0,0,0,0,0,0,0,0.266395,0,0.24175,0,0,0,0
"MtrNatGas",9,5,1,"",4.08414,0,0,0,3.96327,0,0,0,0,0,0,0,0,0,0,0,0,0,0,0,0.120875,0,0,0,0
"MtrNatGas",9,5,2,"",3.07548,0,0,0,2.97878,0,0,0,0,0,0,0,0,0,0,0,0,0,0,0,0.0967001,0,0,0,0
"MtrNatGas",9,5,3,"",3.62317,0,0,0,3.55065,0,0,0,0,0,0,0,0,0,0,0,0,0,0,0,0.0725251,0,0,0,0
"MtrNatGas",9,5,4,"",3.3333,0,0,0,3.26078,0,0,0,0,0,0,0,0,0,0,0,0,0,0,0,0.0725251,0,0,0,0
"MtrNatGas",9,5,5,"",3.18057,0,0,0,3.10804,0,0,0,0,0,0,0,0,0,0,0,0,0,0,0,0.0725251,0,0,0,0
"MtrNatGas",9,5,6,"",3.78261,0,0,0,3.66173,0,0,0,0,0,0,0,0,0,0,0,0,0,0,0,0.120875,0,0,0,0
"MtrNatGas",9,5,7,"",6.41173,0,0,0,6.16998,0,0,0,0,0,0,0,0,0,0,0,0,0,0,0,0.24175,0,0,0,0
"MtrNatGas",9,5,8,"",8.80334,0,0,0,8.15062,0,0,0,0,0,0,0,0,0,0,0,0,0,0,0,0.652726,0,0,0,0
"MtrNatGas",9,5,9,"",22.1,0,0,0,20.9396,0,0,0,0,0,0,0,0,0,0,0,0,0,0,0,1.1604,0,0,0,0
"MtrNatGas",9,5,10,"",14.5407,0,0,0,5.67876,0,0,0,0,0,0,0,0,0,0,0,0,0,7.70149,0,1.1604,0,0,0,0
"MtrNatGas",9,5,11,"",8.6134,0,0,0,7.50135,0,0,0,0,0,0,0,0,0,0,0,0,0,0,0,1.11205,0,0,0,0
"MtrNatGas",9,5,12,"",19.6824,0,0,0,7.84515,0,0,0,0,0,0,0,0,0,0,0,0,0,10.5077,0,1.32963,0,0,0,0
"MtrNatGas",9,5,13,"",11.0192,0,0,0,4.60123,0,0,0,0,0,0,0,0,0,0,0,0,0,4.89491,0,1.52303,0,0,0,0
"MtrNatGas",9,5,14,"",5.62021,0,0,0,4.19388,0,0,0,0,0,0,0,0,0,0,0,0,0,0,0,1.42633,0,0,0,0
"MtrNatGas",9,5,15,"",5.7858,0,0,0,4.28695,0,0,0,0,0,0,0,0,0,0,0,0,0,0,0,1.49885,0,0,0,0
"MtrNatGas",9,5,16,"",7.73999,0,0,0,6.09609,0,0,0,0,0,0,0,0,0,0,0,0,0,0,0,1.6439,0,0,0,0
"MtrNatGas",9,5,17,"",9.94551,0,0,0,7.74558,0,0,0,0,0,0,0,0,0,0,0,0,0,0,0,2.19993,0,0,0,0
"MtrNatGas",9,5,18,"",15.2444,0,0,0,11.8841,0,0,0,0,0,0,0,0,0,0,0,0,0,0,0,3.36033,0,0,0,0
"MtrNatGas",9,5,19,"",9.30475,0,0,0,6.18617,0,0,0,0,0,0,0,0,0,0,0,0,0,0,0,3.11858,0,0,0,0
"MtrNatGas",9,5,20,"",9.65065,0,0,0,7.91005,0,0,0,0,0,0,0,0,0,0,0,0,0,0,0,1.7406,0,0,0,0
"MtrNatGas",9,5,21,"",12.3585,0,0,0,11.5849,0,0,0,0,0,0,0,0,0,0,0,0,0,0,0,0.773601,0,0,0,0
"MtrNatGas",9,5,22,"",9.83379,0,0,0,9.49535,0,0,0,0,0,0,0,0,0,0,0,0,0,0,0,0.33845,0,0,0,0
"MtrNatGas",9,5,23,"",3.70869,0,0,0,3.49112,0,0,0,0,0,0,0,0,0,0,0,0,0,0,0,0.217575,0,0,0,0
"MtrNatGas",9,5,24,"",7.45713,0,0,0,7.33625,0,0,0,0,0,0,0,0,0,0,0,0,0,0,0,0.120875,0,0,0,0
"MtrNatGas",9,6,1,"",2.92531,0,0,0,2.80444,0,0,0,0,0,0,0,0,0,0,0,0,0,0,0,0.120875,0,0,0,0
"MtrNatGas",9,6,2,"",3.04742,0,0,0,2.95072,0,0,0,0,0,0,0,0,0,0,0,0,0,0,0,0.0967001,0,0,0,0
"MtrNatGas",9,6,3,"",2.8809,0,0,0,2.80838,0,0,0,0,0,0,0,0,0,0,0,0,0,0,0,0.0725251,0,0,0,0
"MtrNatGas",9,6,4,"",2.88265,0,0,0,2.81013,0,0,0,0,0,0,0,0,0,0,0,0,0,0,0,0.0725251,0,0,0,0
"MtrNatGas",9,6,5,"",2.88483,0,0,0,2.81231,0,0,0,0,0,0,0,0,0,0,0,0,0,0,0,0.0725251,0,0,0,0
"MtrNatGas",9,6,6,"",2.93493,0,0,0,2.81406,0,0,0,0,0,0,0,0,0,0,0,0,0,0,0,0.120875,0,0,0,0
"MtrNatGas",9,6,7,"",13.4991,0,0,0,13.2574,0,0,0,0,0,0,0,0,0,0,0,0,0,0,0,0.24175,0,0,0,0
"MtrNatGas",9,6,8,"",14.7437,0,0,0,14.091,0,0,0,0,0,0,0,0,0,0,0,0,0,0,0,0.652726,0,0,0,0
"MtrNatGas",9,6,9,"",10.0384,0,0,0,8.878,0,0,0,0,0,0,0,0,0,0,0,0,0,0,0,1.1604,0,0,0,0
"MtrNatGas",9,6,10,"",38.7247,0,0,0,37.5643,0,0,0,0,0,0,0,0,0,0,0,0,0,0,0,1.1604,0,0,0,0
"MtrNatGas",9,6,11,"",12.6705,0,0,0,11.5584,0,0,0,0,0,0,0,0,0,0,0,0,0,0,0,1.11205,0,0,0,0
"MtrNatGas",9,6,12,"",15.7759,0,0,0,10.7206,0,0,0,0,0,0,0,0,0,0,0,0,0,3.72559,0,1.32963,0,0,0,0
"MtrNatGas",9,6,13,"",29.9336,0,0,0,24.4373,0,0,0,0,0,0,0,0,0,0,0,0,0,3.97329,0,1.52303,0,0,0,0
"MtrNatGas",9,6,14,"",11.0923,0,0,0,9.66595,0,0,0,0,0,0,0,0,0,0,0,0,0,0,0,1.42633,0,0,0,0
"MtrNatGas",9,6,15,"",24.3192,0,0,0,22.8204,0,0,0,0,0,0,0,0,0,0,0,0,0,0,0,1.49885,0,0,0,0
"MtrNatGas",9,6,16,"",29.2538,0,0,0,12.2068,0,0,0,0,0,0,0,0,0,0,0,0,0,15.4031,0,1.6439,0,0,0,0
"MtrNatGas",9,6,17,"",12.6962,0,0,0,10.4962,0,0,0,0,0,0,0,0,0,0,0,0,0,0,0,2.19993,0,0,0,0
"MtrNatGas",9,6,18,"",25.0978,0,0,0,21.7375,0,0,0,0,0,0,0,0,0,0,0,0,0,0,0,3.36033,0,0,0,0
"MtrNatGas",9,6,19,"",66.2788,0,0,0,40.0516,0,0,0,0,0,0,0,0,0,0,0,0,0,23.1086,0,3.11858,0,0,0,0
"MtrNatGas",9,6,20,"",32.3651,0,0,0,12.2114,0,0,0,0,0,0,0,0,0,0,0,0,0,18.413,0,1.7406,0,0,0,0
"MtrNatGas",9,6,21,"",31.2729,0,0,0,17.2095,0,0,0,0,0,0,0,0,0,0,0,0,0,13.2898,0,0.773601,0,0,0,0
"MtrNatGas",9,6,22,"",23.3988,0,0,0,16.2547,0,0,0,0,0,0,0,0,0,0,0,0,0,6.80559,0,0.33845,0,0,0,0
"MtrNatGas",9,6,23,"",11.6753,0,0,0,11.4577,0,0,0,0,0,0,0,0,0,0,0,0,0,0,0,0.217575,0,0,0,0
"MtrNatGas",9,6,24,"",3.94724,0,0,0,3.82636,0,0,0,0,0,0,0,0,0,0,0,0,0,0,0,0.120875,0,0,0,0
"MtrNatGas",9,7,1,"",3.59036,0,0,0,3.46949,0,0,0,0,0,0,0,0,0,0,0,0,0,0,0,0.120875,0,0,0,0
"MtrNatGas",9,7,2,"",4.31357,0,0,0,4.21687,0,0,0,0,0,0,0,0,0,0,0,0,0,0,0,0.0967001,0,0,0,0
"MtrNatGas",9,7,3,"",2.87959,0,0,0,2.80706,0,0,0,0,0,0,0,0,0,0,0,0,0,0,0,0.0725251,0,0,0,0
"MtrNatGas",9,7,4,"",2.88046,0,0,0,2.80794,0,0,0,0,0,0,0,0,0,0,0,0,0,0,0,0.0725251,0,0,0,0
"MtrNatGas",9,7,5,"",2.88134,0,0,0,2.80881,0,0,0,0,0,0,0,0,0,0,0,0,0,0,0,0.0725251,0,0,0,0
"MtrNatGas",9,7,6,"",2.93056,0,0,0,2.80969,0,0,0,0,0,0,0,0,0,0,0,0,0,0,0,0.120875,0,0,0,0
"MtrNatGas",9,7,7,"",4.80661,0,0,0,4.56486,0,0,0,0,0,0,0,0,0,0,0,0,0,0,0,0.24175,0,0,0,0
"MtrNatGas",9,7,8,"",28.4601,0,0,0,27.8073,0,0,0,0,0,0,0,0,0,0,0,0,0,0,0,0.652726,0,0,0,0
"MtrNatGas",9,7,9,"",30.1226,0,0,0,28.9622,0,0,0,0,0,0,0,0,0,0,0,0,0,0,0,1.1604,0,0,0,0
"MtrNatGas",9,7,10,"",22.3769,0,0,0,5.80864,0,0,0,0,0,0,0,0,0,0,0,0,0,15.4079,0,1.1604,0,0,0,0
"MtrNatGas",9,7,11,"",5.6951,0,0,0,4.58305,0,0,0,0,0,0,0,0,0,0,0,0,0,0,0,1.11205,0,0,0,0
"MtrNatGas",9,7,12,"",18.9447,0,0,0,17.6151,0,0,0,0,0,0,0,0,0,0,0,0,0,0,0,1.32963,0,0,0,0
"MtrNatGas",9,7,13,"",7.44394,0,0,0,5.92092,0,0,0,0,0,0,0,0,0,0,0,0,0,0,0,1.52303,0,0,0,0
"MtrNatGas",9,7,14,"",5.04006,0,0,0,3.61374,0,0,0,0,0,0,0,0,0,0,0,0,0,0,0,1.42633,0,0,0,0
"MtrNatGas",9,7,15,"",9.26721,0,0,0,3.36962,0,0,0,0,0,0,0,0,0,0,0,0,0,4.39874,0,1.49885,0,0,0,0
"MtrNatGas",9,7,16,"",7.32763,0,0,0,2.37759,0,0,0,0,0,0,0,0,0,0,0,0,0,3.30614,0,1.6439,0,0,0,0
"MtrNatGas",9,7,17,"",3.59042,0,0,0,1.39049,0,0,0,0,0,0,0,0,0,0,0,0,0,0,0,2.19993,0,0,0,0
"MtrNatGas",9,7,18,"",16.4595,0,0,0,5.39621,0,0,0,0,0,0,0,0,0,0,0,0,0,7.70294,0,3.36033,0,0,0,0
"MtrNatGas",9,7,19,"",34.0798,0,0,0,7.85787,0,0,0,0,0,0,0,0,0,0,0,0,0,23.1034,0,3.11858,0,0,0,0
"MtrNatGas",9,7,20,"",12.3043,0,0,0,10.5637,0,0,0,0,0,0,0,0,0,0,0,0,0,0,0,1.7406,0,0,0,0
"MtrNatGas",9,7,21,"",25.7969,0,0,0,25.0233,0,0,0,0,0,0,0,0,0,0,0,0,0,0,0,0.773601,0,0,0,0
"MtrNatGas",9,7,22,"",13.4218,0,0,0,13.0833,0,0,0,0,0,0,0,0,0,0,0,0,0,0,0,0.33845,0,0,0,0
"MtrNatGas",9,7,23,"",16.5921,0,0,0,8.67373,0,0,0,0,0,0,0,0,0,0,0,0,0,7.70077,0,0.217575,0,0,0,0
"MtrNatGas",9,7,24,"",14.8483,0,0,0,7.02642,0,0,0,0,0,0,0,0,0,0,0,0,0,7.70096,0,0.120875,0,0,0,0
"MtrNatGas",9,8,1,"",10.8068,0,0,0,2.98339,0,0,0,0,0,0,0,0,0,0,0,0,0,7.70256,0,0.120875,0,0,0,0
"MtrNatGas",9,8,2,"",2.90682,0,0,0,2.81012,0,0,0,0,0,0,0,0,0,0,0,0,0,0,0,0.0967001,0,0,0,0
"MtrNatGas",9,8,3,"",2.90638,0,0,0,2.80968,0,0,0,0,0,0,0,0,0,0,0,0,0,0,0,0.0967001,0,0,0,0
"MtrNatGas",9,8,4,"",2.90638,0,0,0,2.80968,0,0,0,0,0,0,0,0,0,0,0,0,0,0,0,0.0967001,0,0,0,0
"MtrNatGas",9,8,5,"",4.00781,0,0,0,3.91111,0,0,0,0,0,0,0,0,0,0,0,0,0,0,0,0.0967001,0,0,0,0
"MtrNatGas",9,8,6,"",10.1408,0,0,0,9.80236,0,0,0,0,0,0,0,0,0,0,0,0,0,0,0,0.33845,0,0,0,0
"MtrNatGas",9,8,7,"",23.8985,0,0,0,23.4392,0,0,0,0,0,0,0,0,0,0,0,0,0,0,0,0.459326,0,0,0,0
"MtrNatGas",9,8,8,"",19.7795,0,0,0,19.1751,0,0,0,0,0,0,0,0,0,0,0,0,0,0,0,0.604376,0,0,0,0
"MtrNatGas",9,8,9,"",14.7553,0,0,0,14.1268,0,0,0,0,0,0,0,0,0,0,0,0,0,0,0,0.628551,0,0,0,0
"MtrNatGas",9,8,10,"",7.57242,0,0,0,7.04057,0,0,0,0,0,0,0,0,0,0,0,0,0,0,0,0.531851,0,0,0,0
"MtrNatGas",9,8,11,"",4.0216,0,0,0,3.51392,0,0,0,0,0,0,0,0,0,0,0,0,0,0,0,0.507676,0,0,0,0
"MtrNatGas",9,8,12,"",7.25131,0,0,0,6.55024,0,0,0,0,0,0,0,0,0,0,0,0,0,0,0,0.701076,0,0,0,0
"MtrNatGas",9,8,13,"",13.081,0,0,0,8.22813,0,0,0,0,0,0,0,0,0,0,0,0,0,4.00679,0,0.846126,0,0,0,0
"MtrNatGas",9,8,14,"",23.5814,0,0,0,8.91496,0,0,0,0,0,0,0,0,0,0,0,0,0,13.8928,0,0.773601,0,0,0,0
"MtrNatGas",9,8,15,"",17.4075,0,0,0,3.67836,0,0,0,0,0,0,0,0,0,0,0,0,0,12.9072,0,0.821951,0,0,0,0
"MtrNatGas",9,8,16,"",4.8791,0,0,0,3.62199,0,0,0,0,0,0,0,0,0,0,0,0,0,0,0,1.2571,0,0,0,0
"MtrNatGas",9,8,17,"",6.06477,0,0,0,3.28464,0,0,0,0,0,0,0,0,0,0,0,0,0,0,0,2.78013,0,0,0,0
"MtrNatGas",9,8,18,"",7.78077,0,0,0,3.11498,0,0,0,0,0,0,0,0,0,0,0,0,0,0,0,4.66578,0,0,0,0
"MtrNatGas",9,8,19,"",16.2025,0,0,0,8.00721,0,0,0,0,0,0,0,0,0,0,0,0,0,3.84377,0,4.35151,0,0,0,0
"MtrNatGas",9,8,20,"",27.1619,0,0,0,13.2414,0,0,0,0,0,0,0,0,0,0,0,0,0,11.5513,0,2.36915,0,0,0,0
"MtrNatGas",9,8,21,"",18.7061,0,0,0,17.6908,0,0,0,0,0,0,0,0,0,0,0,0,0,0,0,1.01535,0,0,0,0
"MtrNatGas",9,8,22,"",12.9352,0,0,0,12.4517,0,0,0,0,0,0,0,0,0,0,0,0,0,0,0,0.483501,0,0,0,0
"MtrNatGas",9,8,23,"",5.09098,0,0,0,4.80088,0,0,0,0,0,0,0,0,0,0,0,0,0,0,0,0.2901,0,0,0,0
"MtrNatGas",9,8,24,"",30.8603,0,0,0,30.6186,0,0,0,0,0,0,0,0,0,0,0,0,0,0,0,0.24175,0,0,0,0
"MtrNatGas",9,9,1,"",3.36297,0,0,0,3.24209,0,0,0,0,0,0,0,0,0,0,0,0,0,0,0,0.120875,0,0,0,0
"MtrNatGas",9,9,2,"",5.20189,0,0,0,5.10519,0,0,0,0,0,0,0,0,0,0,0,0,0,0,0,0.0967001,0,0,0,0
"MtrNatGas",9,9,3,"",4.21801,0,0,0,4.12131,0,0,0,0,0,0,0,0,0,0,0,0,0,0,0,0.0967001,0,0,0,0
"MtrNatGas",9,9,4,"",3.41358,0,0,0,3.31688,0,0,0,0,0,0,0,0,0,0,0,0,0,0,0,0.0967001,0,0,0,0
"MtrNatGas",9,9,5,"",3.27888,0,0,0,3.18218,0,0,0,0,0,0,0,0,0,0,0,0,0,0,0,0.0967001,0,0,0,0
"MtrNatGas",9,9,6,"",4.48273,0,0,0,4.14428,0,0,0,0,0,0,0,0,0,0,0,0,0,0,0,0.33845,0,0,0,0
"MtrNatGas",9,9,7,"",33.2551,0,0,0,32.7958,0,0,0,0,0,0,0,0,0,0,0,0,0,0,0,0.459326,0,0,0,0
"MtrNatGas",9,9,8,"",24.8352,0,0,0,24.2308,0,0,0,0,0,0,0,0,0,0,0,0,0,0,0,0.604376,0,0,0,0
"MtrNatGas",9,9,9,"",27.6924,0,0,0,27.0639,0,0,0,0,0,0,0,0,0,0,0,0,0,0,0,0.628551,0,0,0,0
"MtrNatGas",9,9,10,"",32.1256,0,0,0,31.5938,0,0,0,0,0,0,0,0,0,0,0,0,0,0,0,0.531851,0,0,0,0
"MtrNatGas",9,9,11,"",16.8802,0,0,0,8.67322,0,0,0,0,0,0,0,0,0,0,0,0,0,7.69933,0,0.507676,0,0,0,0
"MtrNatGas",9,9,12,"",11.811,0,0,0,5.81927,0,0,0,0,0,0,0,0,0,0,0,0,0,5.29063,0,0.701076,0,0,0,0
"MtrNatGas",9,9,13,"",7.72563,0,0,0,4.46951,0,0,0,0,0,0,0,0,0,0,0,0,0,2.40999,0,0.846126,0,0,0,0
"MtrNatGas",9,9,14,"",4.45896,0,0,0,3.68536,0,0,0,0,0,0,0,0,0,0,0,0,0,0,0,0.773601,0,0,0,0
"MtrNatGas",9,9,15,"",3.64196,0,0,0,2.82001,0,0,0,0,0,0,0,0,0,0,0,0,0,0,0,0.821951,0,0,0,0
"MtrNatGas",9,9,16,"",6.34228,0,0,0,2.14386,0,0,0,0,0,0,0,0,0,0,0,0,0,2.94132,0,1.2571,0,0,0,0
"MtrNatGas",9,9,17,"",12.3028,0,0,0,2.85231,0,0,0,0,0,0,0,0,0,0,0,0,0,6.67033,0,2.78013,0,0,0,0
"MtrNatGas",9,9,18,"",11.9318,0,0,0,3.49231,0,0,0,0,0,0,0,0,0,0,0,0,0,3.77373,0,4.66578,0,0,0,0
"MtrNatGas",9,9,19,"",11.2388,0,0,0,4.87192,0,0,0,0,0,0,0,0,0,0,0,0,0,2.01533,0,4.35151,0,0,0,0
"MtrNatGas",9,9,20,"",13.0835,0,0,0,4.79761,0,0,0,0,0,0,0,0,0,0,0,0,0,5.91673,0,2.36915,0,0,0,0
"MtrNatGas",9,9,21,"",8.72413,0,0,0,5.92582,0,0,0,0,0,0,0,0,0,0,0,0,0,1.78296,0,1.01535,0,0,0,0
"MtrNatGas",9,9,22,"",12.3662,0,0,0,11.8827,0,0,0,0,0,0,0,0,0,0,0,0,0,0,0,0.483501,0,0,0,0
"MtrNatGas",9,9,23,"",16.3358,0,0,0,16.0457,0,0,0,0,0,0,0,0,0,0,0,0,0,0,0,0.2901,0,0,0,0
"MtrNatGas",9,9,24,"",6.70151,0,0,0,6.45976,0,0,0,0,0,0,0,0,0,0,0,0,0,0,0,0.24175,0,0,0,0
"MtrNatGas",9,10,1,"",3.22696,0,0,0,3.10608,0,0,0,0,0,0,0,0,0,0,0,0,0,0,0,0.120875,0,0,0,0
"MtrNatGas",9,10,2,"",5.20896,0,0,0,5.11226,0,0,0,0,0,0,0,0,0,0,0,0,0,0,0,0.0967001,0,0,0,0
"MtrNatGas",9,10,3,"",5.63815,0,0,0,5.54145,0,0,0,0,0,0,0,0,0,0,0,0,0,0,0,0.0967001,0,0,0,0
"MtrNatGas",9,10,4,"",2.91076,0,0,0,2.81406,0,0,0,0,0,0,0,0,0,0,0,0,0,0,0,0.0967001,0,0,0,0
"MtrNatGas",9,10,5,"",3.05465,0,0,0,2.95795,0,0,0,0,0,0,0,0,0,0,0,0,0,0,0,0.0967001,0,0,0,0
"MtrNatGas",9,10,6,"",3.15251,0,0,0,2.81406,0,0,0,0,0,0,0,0,0,0,0,0,0,0,0,0.33845,0,0,0,0
"MtrNatGas",9,10,7,"",14.7966,0,0,0,14.3373,0,0,0,0,0,0,0,0,0,0,0,0,0,0,0,0.459326,0,0,0,0
"MtrNatGas",9,10,8,"",22.9866,0,0,0,22.3823,0,0,0,0,0,0,0,0,0,0,0,0,0,0,0,0.604376,0,0,0,0
"MtrNatGas",9,10,9,"",33.4138,0,0,0,17.384,0,0,0,0,0,0,0,0,0,0,0,0,0,15.4012,0,0.628551,0,0,0,0
"MtrNatGas",9,10,10,"",22.5553,0,0,0,19.5151,0,0,0,0,0,0,0,0,0,0,0,0,0,2.50833,0,0.531851,0,0,0,0
"MtrNatGas",9,10,11,"",30.6281,0,0,0,17.2231,0,0,0,0,0,0,0,0,0,0,0,0,0,12.8973,0,0.507676,0,0,0,0
"MtrNatGas",9,10,12,"",25.8472,0,0,0,9.74431,0,0,0,0,0,0,0,0,0,0,0,0,0,15.4019,0,0.701076,0,0,0,0
"MtrNatGas",9,10,13,"",12.6495,0,0,0,4.10187,0,0,0,0,0,0,0,0,0,0,0,0,0,7.70155,0,0.846126,0,0,0,0
"MtrNatGas",9,10,14,"",4.40335,0,0,0,3.62975,0,0,0,0,0,0,0,0,0,0,0,0,0,0,0,0.773601,0,0,0,0
"MtrNatGas",9,10,15,"",4.27406,0,0,0,3.45211,0,0,0,0,0,0,0,0,0,0,0,0,0,0,0,0.821951,0,0,0,0
"MtrNatGas",9,10,16,"",3.56359,0,0,0,2.30649,0,0,0,0,0,0,0,0,0,0,0,0,0,0,0,1.2571,0,0,0,0
"MtrNatGas",9,10,17,"",4.10774,0,0,0,1.32761,0,0,0,0,0,0,0,0,0,0,0,0,0,0,0,2.78013,0,0,0,0
"MtrNatGas",9,10,18,"",6.02491,0,0,0,1.35913,0,0,0,0,0,0,0,0,0,0,0,0,0,0,0,4.66578,0,0,0,0
"MtrNatGas",9,10,19,"",8.65732,0,0,0,4.30581,0,0,0,0,0,0,0,0,0,0,0,0,0,0,0,4.35151,0,0,0,0
"MtrNatGas",9,10,20,"",10.6843,0,0,0,8.31512,0,0,0,0,0,0,0,0,0,0,0,0,0,0,0,2.36915,0,0,0,0
"MtrNatGas",9,10,21,"",42.9877,0,0,0,34.2705,0,0,0,0,0,0,0,0,0,0,0,0,0,7.70188,0,1.01535,0,0,0,0
"MtrNatGas",9,10,22,"",23.939,0,0,0,17.8957,0,0,0,0,0,0,0,0,0,0,0,0,0,5.55984,0,0.483501,0,0,0,0
"MtrNatGas",9,10,23,"",37.8577,0,0,0,22.6631,0,0,0,0,0,0,0,0,0,0,0,0,0,14.9045,0,0.2901,0,0,0,0
"MtrNatGas",9,10,24,"",19.8255,0,0,0,11.8148,0,0,0,0,0,0,0,0,0,0,0,0,0,7.76903,0,0.24175,0,0,0,0
"MtrNatGas",9,11,1,"",6.32882,0,0,0,3.63317,0,0,0,0,0,0,0,0,0,0,0,0,0,2.57478,0,0.120875,0,0,0,0
"MtrNatGas",9,11,2,"",3.36051,0,0,0,3.26381,0,0,0,0,0,0,0,0,0,0,0,0,0,0,0,0.0967001,0,0,0,0
"MtrNatGas",9,11,3,"",3.259,0,0,0,3.1623,0,0,0,0,0,0,0,0,0,0,0,0,0,0,0,0.0967001,0,0,0,0
"MtrNatGas",9,11,4,"",3.27532,0,0,0,3.17862,0,0,0,0,0,0,0,0,0,0,0,0,0,0,0,0.0967001,0,0,0,0
"MtrNatGas",9,11,5,"",4.38856,0,0,0,4.29186,0,0,0,0,0,0,0,0,0,0,0,0,0,0,0,0.0967001,0,0,0,0
"MtrNatGas",9,11,6,"",8.18213,0,0,0,7.84368,0,0,0,0,0,0,0,0,0,0,0,0,0,0,0,0.33845,0,0,0,0
"MtrNatGas",9,11,7,"",8.99875,0,0,0,8.53943,0,0,0,0,0,0,0,0,0,0,0,0,0,0,0,0.459326,0,0,0,0
"MtrNatGas",9,11,8,"",23.9495,0,0,0,23.3452,0,0,0,0,0,0,0,0,0,0,0,0,0,0,0,0.604376,0,0,0,0
"MtrNatGas",9,11,9,"",55.119,0,0,0,54.4905,0,0,0,0,0,0,0,0,0,0,0,0,0,0,0,0.628551,0,0,0,0
"MtrNatGas",9,11,10,"",22.7909,0,0,0,14.5597,0,0,0,0,0,0,0,0,0,0,0,0,0,7.69937,0,0.531851,0,0,0,0
"MtrNatGas",9,11,11,"",11.182,0,0,0,2.97496,0,0,0,0,0,0,0,0,0,0,0,0,0,7.69933,0,0.507676,0,0,0,0
"MtrNatGas",9,11,12,"",5.59683,0,0,0,4.89576,0,0,0,0,0,0,0,0,0,0,0,0,0,0,0,0.701076,0,0,0,0
"MtrNatGas",9,11,13,"",7.22523,0,0,0,6.3791,0,0,0,0,0,0,0,0,0,0,0,0,0,0,0,0.846126,0,0,0,0
"MtrNatGas",9,11,14,"",7.94571,0,0,0,3.57034,0,0,0,0,0,0,0,0,0,0,0,0,0,3.60176,0,0.773601,0,0,0,0
"MtrNatGas",9,11,15,"",9.07224,0,0,0,4.15059,0,0,0,0,0,0,0,0,0,0,0,0,0,4.0997,0,0.821951,0,0,0,0
"MtrNatGas",9,11,16,"",4.85251,0,0,0,3.59541,0,0,0,0,0,0,0,0,0,0,0,0,0,0,0,1.2571,0,0,0,0
"MtrNatGas",9,11,17,"",7.98775,0,0,0,5.20762,0,0,0,0,0,0,0,0,0,0,0,0,0,0,0,2.78013,0,0,0,0
"MtrNatGas",9,11,18,"",13.4511,0,0,0,8.78536,0,0,0,0,0,0,0,0,0,0,0,0,0,0,0,4.66578,0,0,0,0
"MtrNatGas",9,11,19,"",16.3946,0,0,0,7.99825,0,0,0,0,0,0,0,0,0,0,0,0,0,4.04487,0,4.35151,0,0,0,0
"MtrNatGas",9,11,20,"",15.4162,0,0,0,9.38873,0,0,0,0,0,0,0,0,0,0,0,0,0,3.65827,0,2.36915,0,0,0,0
"MtrNatGas",9,11,21,"",8.8767,0,0,0,7.86135,0,0,0,0,0,0,0,0,0,0,0,0,0,0,0,1.01535,0,0,0,0
"MtrNatGas",9,11,22,"",29.9458,0,0,0,29.4623,0,0,0,0,0,0,0,0,0,0,0,0,0,0,0,0.483501,0,0,0,0
"MtrNatGas",9,11,23,"",26.1143,0,0,0,10.9527,0,0,0,0,0,0,0,0,0,0,0,0,0,14.8715,0,0.2901,0,0,0,0
"MtrNatGas",9,11,24,"",7.25665,0,0,0,6.48211,0,0,0,0,0,0,0,0,0,0,0,0,0,0.532791,0,0.24175,0,0,0,0
"MtrNatGas",9,12,1,"",3.73275,0,0,0,3.61187,0,0,0,0,0,0,0,0,0,0,0,0,0,0,0,0.120875,0,0,0,0
"MtrNatGas",9,12,2,"",3.1952,0,0,0,3.0985,0,0,0,0,0,0,0,0,0,0,0,0,0,0,0,0.0967001,0,0,0,0
"MtrNatGas",9,12,3,"",3.02455,0,0,0,2.95202,0,0,0,0,0,0,0,0,0,0,0,0,0,0,0,0.0725251,0,0,0,0
"MtrNatGas",9,12,4,"",3.72725,0,0,0,3.65473,0,0,0,0,0,0,0,0,0,0,0,0,0,0,0,0.0725251,0,0,0,0
"MtrNatGas",9,12,5,"",3.16086,0,0,0,3.08834,0,0,0,0,0,0,0,0,0,0,0,0,0,0,0,0.0725251,0,0,0,0
"MtrNatGas",9,12,6,"",3.83209,0,0,0,3.71122,0,0,0,0,0,0,0,0,0,0,0,0,0,0,0,0.120875,0,0,0,0
"MtrNatGas",9,12,7,"",3.48197,0,0,0,3.24022,0,0,0,0,0,0,0,0,0,0,0,0,0,0,0,0.24175,0,0,0,0
"MtrNatGas",9,12,8,"",12.6205,0,0,0,11.9678,0,0,0,0,0,0,0,0,0,0,0,0,0,0,0,0.652726,0,0,0,0
"MtrNatGas",9,12,9,"",20.7962,0,0,0,19.6358,0,0,0,0,0,0,0,0,0,0,0,0,0,0,0,1.1604,0,0,0,0
"MtrNatGas",9,12,10,"",80.3158,0,0,0,71.4539,0,0,0,0,0,0,0,0,0,0,0,0,0,7.70149,0,1.1604,0,0,0,0
"MtrNatGas",9,12,11,"",54.1435,0,0,0,40.0825,0,0,0,0,0,0,0,0,0,0,0,0,0,12.9489,0,1.11205,0,0,0,0
"MtrNatGas",9,12,12,"",55.5541,0,0,0,18.1513,0,0,0,0,0,0,0,0,0,0,0,0,0,36.0731,0,1.32963,0,0,0,0
"MtrNatGas",9,12,13,"",25.0904,0,0,0,12.4683,0,0,0,0,0,0,0,0,0,0,0,0,0,11.0991,0,1.52303,0,0,0,0
"MtrNatGas",9,12,14,"",31.0581,0,0,0,28.1354,0,0,0,0,0,0,0,0,0,0,0,0,0,1.49641,0,1.42633,0,0,0,0
"MtrNatGas",9,12,15,"",11.5298,0,0,0,10.0309,0,0,0,0,0,0,0,0,0,0,0,0,0,0,0,1.49885,0,0,0,0
"MtrNatGas",9,12,16,"",9.48856,0,0,0,7.84465,0,0,0,0,0,0,0,0,0,0,0,0,0,0,0,1.6439,0,0,0,0
"MtrNatGas",9,12,17,"",7.74819,0,0,0,5.54826,0,0,0,0,0,0,0,0,0,0,0,0,0,0,0,2.19993,0,0,0,0
"MtrNatGas",9,12,18,"",23.2718,0,0,0,19.9115,0,0,0,0,0,0,0,0,0,0,0,0,0,0,0,3.36033,0,0,0,0
"MtrNatGas",9,12,19,"",30.3456,0,0,0,27.227,0,0,0,0,0,0,0,0,0,0,0,0,0,0,0,3.11858,0,0,0,0
"MtrNatGas",9,12,20,"",21.7936,0,0,0,20.053,0,0,0,0,0,0,0,0,0,0,0,0,0,0,0,1.7406,0,0,0,0
"MtrNatGas",9,12,21,"",11.7025,0,0,0,10.9289,0,0,0,0,0,0,0,0,0,0,0,0,0,0,0,0.773601,0,0,0,0
"MtrNatGas",9,12,22,"",6.78748,0,0,0,6.44903,0,0,0,0,0,0,0,0,0,0,0,0,0,0,0,0.33845,0,0,0,0
"MtrNatGas",9,12,23,"",24.2442,0,0,0,20.3298,0,0,0,0,0,0,0,0,0,0,0,0,0,3.69674,0,0.217575,0,0,0,0
"MtrNatGas",9,12,24,"",28.1148,0,0,0,16.2875,0,0,0,0,0,0,0,0,0,0,0,0,0,11.7063,0,0.120875,0,0,0,0
"MtrNatGas",9,13,1,"",18.3398,0,0,0,2.81493,0,0,0,0,0,0,0,0,0,0,0,0,0,15.404,0,0.120875,0,0,0,0
"MtrNatGas",9,13,2,"",2.91251,0,0,0,2.81581,0,0,0,0,0,0,0,0,0,0,0,0,0,0,0,0.0967001,0,0,0,0
"MtrNatGas",9,13,3,"",2.88877,0,0,0,2.81625,0,0,0,0,0,0,0,0,0,0,0,0,0,0,0,0.0725251,0,0,0,0
"MtrNatGas",9,13,4,"",2.88921,0,0,0,2.81668,0,0,0,0,0,0,0,0,0,0,0,0,0,0,0,0.0725251,0,0,0,0
"MtrNatGas",9,13,5,"",2.88964,0,0,0,2.81712,0,0,0,0,0,0,0,0,0,0,0,0,0,0,0,0.0725251,0,0,0,0
"MtrNatGas",9,13,6,"",5.36819,0,0,0,5.24731,0,0,0,0,0,0,0,0,0,0,0,0,0,0,0,0.120875,0,0,0,0
"MtrNatGas",9,13,7,"",5.58913,0,0,0,5.34738,0,0,0,0,0,0,0,0,0,0,0,0,0,0,0,0.24175,0,0,0,0
"MtrNatGas",9,13,8,"",20.6479,0,0,0,15.5964,0,0,0,0,0,0,0,0,0,0,0,0,0,4.39885,0,0.652726,0,0,0,0
"MtrNatGas",9,13,9,"",33.6716,0,0,0,25.7999,0,0,0,0,0,0,0,0,0,0,0,0,0,6.7113,0,1.1604,0,0,0,0
"MtrNatGas",9,13,10,"",27.5056,0,0,0,22.0495,0,0,0,0,0,0,0,0,0,0,0,0,0,4.29572,0,1.1604,0,0,0,0
"MtrNatGas",9,13,11,"",16.0637,0,0,0,11.5136,0,0,0,0,0,0,0,0,0,0,0,0,0,3.4381,0,1.11205,0,0,0,0
"MtrNatGas",9,13,12,"",28.9994,0,0,0,15.7034,0,0,0,0,0,0,0,0,0,0,0,0,0,11.9664,0,1.32963,0,0,0,0
"MtrNatGas",9,13,13,"",6.12826,0,0,0,4.60523,0,0,0,0,0,0,0,0,0,0,0,0,0,0,0,1.52303,0,0,0,0
"MtrNatGas",9,13,14,"",6.105,0,0,0,4.67867,0,0,0,0,0,0,0,0,0,0,0,0,0,0,0,1.42633,0,0,0,0
"MtrNatGas",9,13,15,"",5.46599,0,0,0,3.96714,0,0,0,0,0,0,0,0,0,0,0,0,0,0,0,1.49885,0,0,0,0
"MtrNatGas",9,13,16,"",4.6087,0,0,0,2.96479,0,0,0,0,0,0,0,0,0,0,0,0,0,0,0,1.6439,0,0,0,0
"MtrNatGas",9,13,17,"",5.33796,0,0,0,3.13803,0,0,0,0,0,0,0,0,0,0,0,0,0,0,0,2.19993,0,0,0,0
"MtrNatGas",9,13,18,"",6.94831,0,0,0,3.58798,0,0,0,0,0,0,0,0,0,0,0,0,0,0,0,3.36033,0,0,0,0
"MtrNatGas",9,13,19,"",10.2909,0,0,0,7.17228,0,0,0,0,0,0,0,0,0,0,0,0,0,0,0,3.11858,0,0,0,0
"MtrNatGas",9,13,20,"",6.40363,0,0,0,4.66303,0,0,0,0,0,0,0,0,0,0,0,0,0,0,0,1.7406,0,0,0,0
"MtrNatGas",9,13,21,"",7.79669,0,0,0,7.02309,0,0,0,0,0,0,0,0,0,0,0,0,0,0,0,0.773601,0,0,0,0
"MtrNatGas",9,13,22,"",11.8098,0,0,0,11.4713,0,0,0,0,0,0,0,0,0,0,0,0,0,0,0,0.33845,0,0,0,0
"MtrNatGas",9,13,23,"",3.17163,0,0,0,2.95405,0,0,0,0,0,0,0,0,0,0,0,0,0,0,0,0.217575,0,0,0,0
"MtrNatGas",9,13,24,"",2.93537,0,0,0,2.8145,0,0,0,0,0,0,0,0,0,0,0,0,0,0,0,0.120875,0,0,0,0
"MtrNatGas",9,14,1,"",2.93537,0,0,0,2.8145,0,0,0,0,0,0,0,0,0,0,0,0,0,0,0,0.120875,0,0,0,0
"MtrNatGas",9,14,2,"",5.16182,0,0,0,5.06512,0,0,0,0,0,0,0,0,0,0,0,0,0,0,0,0.0967001,0,0,0,0
"MtrNatGas",9,14,3,"",4.45075,0,0,0,4.35405,0,0,0,0,0,0,0,0,0,0,0,0,0,0,0,0.0967001,0,0,0,0
"MtrNatGas",9,14,4,"",3.52132,0,0,0,3.42462,0,0,0,0,0,0,0,0,0,0,0,0,0,0,0,0.0967001,0,0,0,0
"MtrNatGas",9,14,5,"",2.9923,0,0,0,2.8956,0,0,0,0,0,0,0,0,0,0,0,0,0,0,0,0.0967001,0,0,0,0
"MtrNatGas",9,14,6,"",8.6741,0,0,0,8.33565,0,0,0,0,0,0,0,0,0,0,0,0,0,0,0,0.33845,0,0,0,0
"MtrNatGas",9,14,7,"",16.4227,0,0,0,15.9634,0,0,0,0,0,0,0,0,0,0,0,0,0,0,0,0.459326,0,0,0,0
"MtrNatGas",9,14,8,"",32.1069,0,0,0,31.5025,0,0,0,0,0,0,0,0,0,0,0,0,0,0,0,0.604376,0,0,0,0
"MtrNatGas",9,14,9,"",13.0869,0,0,0,4.75776,0,0,0,0,0,0,0,0,0,0,0,0,0,7.70058,0,0.628551,0,0,0,0
"MtrNatGas",9,14,10,"",27.8014,0,0,0,27.2695,0,0,0,0,0,0,0,0,0,0,0,0,0,0,0,0.531851,0,0,0,0
"MtrNatGas",9,14,11,"",31.8386,0,0,0,15.3041,0,0,0,0,0,0,0,0,0,0,0,0,0,16.0268,0,0.507676,0,0,0,0
"MtrNatGas",9,14,12,"",19.1578,0,0,0,3.67705,0,0,0,0,0,0,0,0,0,0,0,0,0,14.7796,0,0.701076,0,0,0,0
"MtrNatGas",9,14,13,"",7.45788,0,0,0,6.61175,0,0,0,0,0,0,0,0,0,0,0,0,0,0,0,0.846126,0,0,0,0
"MtrNatGas",9,14,14,"",4.88832,0,0,0,4.11471,0,0,0,0,0,0,0,0,0,0,0,0,0,0,0,0.773601,0,0,0,0
"MtrNatGas",9,14,15,"",7.27965,0,0,0,6.4577,0,0,0,0,0,0,0,0,0,0,0,0,0,0,0,0.821951,0,0,0,0
"MtrNatGas",9,14,16,"",6.07709,0,0,0,4.81999,0,0,0,0,0,0,0,0,0,0,0,0,0,0,0,1.2571,0,0,0,0
"MtrNatGas",9,14,17,"",9.18481,0,0,0,6.40468,0,0,0,0,0,0,0,0,0,0,0,0,0,0,0,2.78013,0,0,0,0
"MtrNatGas",9,14,18,"",8.21302,0,0,0,3.54724,0,0,0,0,0,0,0,0,0,0,0,0,0,0,0,4.66578,0,0,0,0
"MtrNatGas",9,14,19,"",17.791,0,0,0,13.4395,0,0,0,0,0,0,0,0,0,0,0,0,0,0,0,4.35151,0,0,0,0
"MtrNatGas",9,14,20,"",7.44141,0,0,0,5.07225,0,0,0,0,0,0,0,0,0,0,0,0,0,0,0,2.36915,0,0,0,0
"MtrNatGas",9,14,21,"",16.3056,0,0,0,15.2902,0,0,0,0,0,0,0,0,0,0,0,0,0,0,0,1.01535,0,0,0,0
"MtrNatGas",9,14,22,"",7.96587,0,0,0,7.48237,0,0,0,0,0,0,0,0,0,0,0,0,0,0,0,0.483501,0,0,0,0
"MtrNatGas",9,14,23,"",14.1855,0,0,0,13.8954,0,0,0,0,0,0,0,0,0,0,0,0,0,0,0,0.2901,0,0,0,0
"MtrNatGas",9,14,24,"",5.13239,0,0,0,4.89064,0,0,0,0,0,0,0,0,0,0,0,0,0,0,0,0.24175,0,0,0,0
"MtrNatGas",9,15,1,"",3.97859,0,0,0,3.85771,0,0,0,0,0,0,0,0,0,0,0,0,0,0,0,0.120875,0,0,0,0
"MtrNatGas",9,15,2,"",5.07276,0,0,0,4.97606,0,0,0,0,0,0,0,0,0,0,0,0,0,0,0,0.0967001,0,0,0,0
"MtrNatGas",9,15,3,"",4.25506,0,0,0,4.15836,0,0,0,0,0,0,0,0,0,0,0,0,0,0,0,0.0967001,0,0,0,0
"MtrNatGas",9,15,4,"",2.91426,0,0,0,2.81756,0,0,0,0,0,0,0,0,0,0,0,0,0,0,0,0.0967001,0,0,0,0
"MtrNatGas",9,15,5,"",3.06013,0,0,0,2.96343,0,0,0,0,0,0,0,0,0,0,0,0,0,0,0,0.0967001,0,0,0,0
"MtrNatGas",9,15,6,"",5.02699,0,0,0,4.68854,0,0,0,0,0,0,0,0,0,0,0,0,0,0,0,0.33845,0,0,0,0
"MtrNatGas",9,15,7,"",35.297,0,0,0,34.8377,0,0,0,0,0,0,0,0,0,0,0,0,0,0,0,0.459326,0,0,0,0
"MtrNatGas",9,15,8,"",13.6745,0,0,0,13.0701,0,0,0,0,0,0,0,0,0,0,0,0,0,0,0,0.604376,0,0,0,0
"MtrNatGas",9,15,9,"",22.9581,0,0,0,14.629,0,0,0,0,0,0,0,0,0,0,0,0,0,7.70058,0,0.628551,0,0,0,0
"MtrNatGas",9,15,10,"",41.4164,0,0,0,40.8845,0,0,0,0,0,0,0,0,0,0,0,0,0,0,0,0.531851,0,0,0,0
"MtrNatGas",9,15,11,"",33.0184,0,0,0,20.6458,0,0,0,0,0,0,0,0,0,0,0,0,0,11.8649,0,0.507676,0,0,0,0
"MtrNatGas",9,15,12,"",22.3423,0,0,0,5.11032,0,0,0,0,0,0,0,0,0,0,0,0,0,16.5309,0,0.701076,0,0,0,0
"MtrNatGas",9,15,13,"",11.113,0,0,0,7.85687,0,0,0,0,0,0,0,0,0,0,0,0,0,2.40999,0,0.846126,0,0,0,0
"MtrNatGas",9,15,14,"",6.98364,0,0,0,6.21004,0,0,0,0,0,0,0,0,0,0,0,0,0,0,0,0.773601,0,0,0,0
"MtrNatGas",9,15,15,"",7.28086,0,0,0,6.45891,0,0,0,0,0,0,0,0,0,0,0,0,0,0,0,0.821951,0,0,0,0
"MtrNatGas",9,15,16,"",5.26775,0,0,0,4.01065,0,0,0,0,0,0,0,0,0,0,0,0,0,0,0,1.2571,0,0,0,0
"MtrNatGas",9,15,17,"",9.56301,0,0,0,4.87149,0,0,0,0,0,0,0,0,0,0,0,0,0,1.91139,0,2.78013,0,0,0,0
"MtrNatGas",9,15,18,"",12.8166,0,0,0,4.37707,0,0,0,0,0,0,0,0,0,0,0,0,0,3.77373,0,4.66578,0,0,0,0
"MtrNatGas",9,15,19,"",13.2999,0,0,0,6.93311,0,0,0,0,0,0,0,0,0,0,0,0,0,2.01533,0,4.35151,0,0,0,0
"MtrNatGas",9,15,20,"",7.48951,0,0,0,5.12036,0,0,0,0,0,0,0,0,0,0,0,0,0,0,0,2.36915,0,0,0,0
"MtrNatGas",9,15,21,"",12.1703,0,0,0,11.155,0,0,0,0,0,0,0,0,0,0,0,0,0,0,0,1.01535,0,0,0,0
"MtrNatGas",9,15,22,"",16.6055,0,0,0,16.122,0,0,0,0,0,0,0,0,0,0,0,0,0,0,0,0.483501,0,0,0,0
"MtrNatGas",9,15,23,"",17.4126,0,0,0,15.7097,0,0,0,0,0,0,0,0,0,0,0,0,0,1.41278,0,0.2901,0,0,0,0
"MtrNatGas",9,15,24,"",38.6964,0,0,0,34.7391,0,0,0,0,0,0,0,0,0,0,0,0,0,3.71548,0,0.24175,0,0,0,0
"MtrNatGas",9,16,1,"",6.566,0,0,0,3.87035,0,0,0,0,0,0,0,0,0,0,0,0,0,2.57478,0,0.120875,0,0,0,0
"MtrNatGas",9,16,2,"",3.08338,0,0,0,2.98668,0,0,0,0,0,0,0,0,0,0,0,0,0,0,0,0.0967001,0,0,0,0
"MtrNatGas",9,16,3,"",4.2302,0,0,0,4.1335,0,0,0,0,0,0,0,0,0,0,0,0,0,0,0,0.0967001,0,0,0,0
"MtrNatGas",9,16,4,"",2.92956,0,0,0,2.83286,0,0,0,0,0,0,0,0,0,0,0,0,0,0,0,0.0967001,0,0,0,0
"MtrNatGas",9,16,5,"",2.93087,0,0,0,2.83417,0,0,0,0,0,0,0,0,0,0,0,0,0,0,0,0.0967001,0,0,0,0
"MtrNatGas",9,16,6,"",3.32725,0,0,0,2.9888,0,0,0,0,0,0,0,0,0,0,0,0,0,0,0,0.33845,0,0,0,0
"MtrNatGas",9,16,7,"",10.1904,0,0,0,9.7311,0,0,0,0,0,0,0,0,0,0,0,0,0,0,0,0.459326,0,0,0,0
"MtrNatGas",9,16,8,"",10.8186,0,0,0,10.2142,0,0,0,0,0,0,0,0,0,0,0,0,0,0,0,0.604376,0,0,0,0
"MtrNatGas",9,16,9,"",22.6574,0,0,0,22.0288,0,0,0,0,0,0,0,0,0,0,0,0,0,0,0,0.628551,0,0,0,0
"MtrNatGas",9,16,10,"",21.4755,0,0,0,20.9436,0,0,0,0,0,0,0,0,0,0,0,0,0,0,0,0.531851,0,0,0,0
"MtrNatGas",9,16,11,"",12.368,0,0,0,11.8603,0,0,0,0,0,0,0,0,0,0,0,0,0,0,0,0.507676,0,0,0,0
"MtrNatGas",9,16,12,"",15.9258,0,0,0,7.70037,0,0,0,0,0,0,0,0,0,0,0,0,0,7.52434,0,0.701076,0,0,0,0
"MtrNatGas",9,16,13,"",7.54051,0,0,0,6.51832,0,0,0,0,0,0,0,0,0,0,0,0,0,0.176068,0,0.846126,0,0,0,0
"MtrNatGas",9,16,14,"",8.62806,0,0,0,5.35751,0,0,0,0,0,0,0,0,0,0,0,0,0,2.49695,0,0.773601,0,0,0,0
"MtrNatGas",9,16,15,"",16.1065,0,0,0,6.15359,0,0,0,0,0,0,0,0,0,0,0,0,0,9.13097,0,0.821951,0,0,0,0
"MtrNatGas",9,16,16,"",17.6391,0,0,0,5.86161,0,0,0,0,0,0,0,0,0,0,0,0,0,10.5204,0,1.2571,0,0,0,0
"MtrNatGas",9,16,17,"",16.1925,0,0,0,4.75395,0,0,0,0,0,0,0,0,0,0,0,0,0,8.65845,0,2.78013,0,0,0,0
"MtrNatGas",9,16,18,"",10.303,0,0,0,5.63719,0,0,0,0,0,0,0,0,0,0,0,0,0,0,0,4.66578,0,0,0,0
"MtrNatGas",9,16,19,"",15.3804,0,0,0,11.0289,0,0,0,0,0,0,0,0,0,0,0,0,0,0,0,4.35151,0,0,0,0
"MtrNatGas",9,16,20,"",18.6993,0,0,0,16.3301,0,0,0,0,0,0,0,0,0,0,0,0,0,0,0,2.36915,0,0,0,0
"MtrNatGas",9,16,21,"",22.6506,0,0,0,21.6352,0,0,0,0,0,0,0,0,0,0,0,0,0,0,0,1.01535,0,0,0,0
"MtrNatGas",9,16,22,"",14.8979,0,0,0,14.4144,0,0,0,0,0,0,0,0,0,0,0,0,0,0,0,0.483501,0,0,0,0
"MtrNatGas",9,16,23,"",7.78373,0,0,0,7.49363,0,0,0,0,0,0,0,0,0,0,0,0,0,0,0,0.2901,0,0,0,0
"MtrNatGas",9,16,24,"",3.85312,0,0,0,3.61137,0,0,0,0,0,0,0,0,0,0,0,0,0,0,0,0.24175,0,0,0,0
"MtrNatGas",9,17,1,"",4.06268,0,0,0,3.9418,0,0,0,0,0,0,0,0,0,0,0,0,0,0,0,0.120875,0,0,0,0
"MtrNatGas",9,17,2,"",3.21076,0,0,0,3.11406,0,0,0,0,0,0,0,0,0,0,0,0,0,0,0,0.0967001,0,0,0,0
"MtrNatGas",9,17,3,"",7.10977,0,0,0,7.01307,0,0,0,0,0,0,0,0,0,0,0,0,0,0,0,0.0967001,0,0,0,0
"MtrNatGas",9,17,4,"",2.92912,0,0,0,2.83242,0,0,0,0,0,0,0,0,0,0,0,0,0,0,0,0.0967001,0,0,0,0
"MtrNatGas",9,17,5,"",2.93306,0,0,0,2.83636,0,0,0,0,0,0,0,0,0,0,0,0,0,0,0,0.0967001,0,0,0,0
"MtrNatGas",9,17,6,"",6.74656,0,0,0,6.40811,0,0,0,0,0,0,0,0,0,0,0,0,0,0,0,0.33845,0,0,0,0
"MtrNatGas",9,17,7,"",12.972,0,0,0,4.81268,0,0,0,0,0,0,0,0,0,0,0,0,0,7.70002,0,0.459326,0,0,0,0
"MtrNatGas",9,17,8,"",5.56747,0,0,0,4.9631,0,0,0,0,0,0,0,0,0,0,0,0,0,0,0,0.604376,0,0,0,0
"MtrNatGas",9,17,9,"",18.0689,0,0,0,17.4403,0,0,0,0,0,0,0,0,0,0,0,0,0,0,0,0.628551,0,0,0,0
"MtrNatGas",9,17,10,"",57.2267,0,0,0,51.6782,0,0,0,0,0,0,0,0,0,0,0,0,0,5.01665,0,0.531851,0,0,0,0
"MtrNatGas",9,17,11,"",22.5166,0,0,0,7.45873,0,0,0,0,0,0,0,0,0,0,0,0,0,14.5502,0,0.507676,0,0,0,0
"MtrNatGas",9,17,12,"",8.81729,0,0,0,4.57685,0,0,0,0,0,0,0,0,0,0,0,0,0,3.53936,0,0.701076,0,0,0,0
"MtrNatGas",9,17,13,"",4.20088,0,0,0,3.35476,0,0,0,0,0,0,0,0,0,0,0,0,0,0,0,0.846126,0,0,0,0
"MtrNatGas",9,17,14,"",3.51323,0,0,0,2.73963,0,0,0,0,0,0,0,0,0,0,0,0,0,0,0,0.773601,0,0,0,0
"MtrNatGas",9,17,15,"",2.09374,0,0,0,1.27179,0,0,0,0,0,0,0,0,0,0,0,0,0,0,0,0.821951,0,0,0,0
"MtrNatGas",9,17,16,"",2.5231,0,0,0,1.26599,0,0,0,0,0,0,0,0,0,0,0,0,0,0,0,1.2571,0,0,0,0
"MtrNatGas",9,17,17,"",4.11434,0,0,0,1.33421,0,0,0,0,0,0,0,0,0,0,0,0,0,0,0,2.78013,0,0,0,0
"MtrNatGas",9,17,18,"",5.92707,0,0,0,1.26129,0,0,0,0,0,0,0,0,0,0,0,0,0,0,0,4.66578,0,0,0,0
"MtrNatGas",9,17,19,"",5.65259,0,0,0,1.30108,0,0,0,0,0,0,0,0,0,0,0,0,0,0,0,4.35151,0,0,0,0
"MtrNatGas",9,17,20,"",3.63323,0,0,0,1.26408,0,0,0,0,0,0,0,0,0,0,0,0,0,0,0,2.36915,0,0,0,0
"MtrNatGas",9,17,21,"",2.27955,0,0,0,1.26419,0,0,0,0,0,0,0,0,0,0,0,0,0,0,0,1.01535,0,0,0,0
"MtrNatGas",9,17,22,"",1.74326,0,0,0,1.25976,0,0,0,0,0,0,0,0,0,0,0,0,0,0,0,0.483501,0,0,0,0
"MtrNatGas",9,17,23,"",1.56862,0,0,0,1.27852,0,0,0,0,0,0,0,0,0,0,0,0,0,0,0,0.2901,0,0,0,0
"MtrNatGas",9,17,24,"",1.52829,0,0,0,1.28654,0,0,0,0,0,0,0,0,0,0,0,0,0,0,0,0.24175,0,0,0,0
"MtrNatGas",9,18,1,"",1.39982,0,0,0,1.27894,0,0,0,0,0,0,0,0,0,0,0,0,0,0,0,0.120875,0,0,0,0
"MtrNatGas",9,18,2,"",1.38021,0,0,0,1.28351,0,0,0,0,0,0,0,0,0,0,0,0,0,0,0,0.0967001,0,0,0,0
"MtrNatGas",9,18,3,"",1.38543,0,0,0,1.28873,0,0,0,0,0,0,0,0,0,0,0,0,0,0,0,0.0967001,0,0,0,0
"MtrNatGas",9,18,4,"",1.38401,0,0,0,1.28731,0,0,0,0,0,0,0,0,0,0,0,0,0,0,0,0.0967001,0,0,0,0
"MtrNatGas",9,18,5,"",1.39142,0,0,0,1.29472,0,0,0,0,0,0,0,0,0,0,0,0,0,0,0,0.0967001,0,0,0,0
"MtrNatGas",9,18,6,"",1.63494,0,0,0,1.29649,0,0,0,0,0,0,0,0,0,0,0,0,0,0,0,0.33845,0,0,0,0
"MtrNatGas",9,18,7,"",1.82295,0,0,0,1.36362,0,0,0,0,0,0,0,0,0,0,0,0,0,0,0,0.459326,0,0,0,0
"MtrNatGas",9,18,8,"",4.31298,0,0,0,3.70861,0,0,0,0,0,0,0,0,0,0,0,0,0,0,0,0.604376,0,0,0,0
"MtrNatGas",9,18,9,"",23.4756,0,0,0,22.8471,0,0,0,0,0,0,0,0,0,0,0,0,0,0,0,0.628551,0,0,0,0
"MtrNatGas",9,18,10,"",24.1152,0,0,0,21.075,0,0,0,0,0,0,0,0,0,0,0,0,0,2.50833,0,0.531851,0,0,0,0
"MtrNatGas",9,18,11,"",22.082,0,0,0,8.67703,0,0,0,0,0,0,0,0,0,0,0,0,0,12.8973,0,0.507676,0,0,0,0
"MtrNatGas",9,18,12,"",13.5906,0,0,0,12.8895,0,0,0,0,0,0,0,0,0,0,0,0,0,0,0,0.701076,0,0,0,0
"MtrNatGas",9,18,13,"",23.402,0,0,0,7.1528,0,0,0,0,0,0,0,0,0,0,0,0,0,15.4031,0,0.846126,0,0,0,0
"MtrNatGas",9,18,14,"",5.53597,0,0,0,4.76237,0,0,0,0,0,0,0,0,0,0,0,0,0,0,0,0.773601,0,0,0,0
"MtrNatGas",9,18,15,"",21.4456,0,0,0,16.6992,0,0,0,0,0,0,0,0,0,0,0,0,0,3.92445,0,0.821951,0,0,0,0
"MtrNatGas",9,18,16,"",20.7912,0,0,0,11.955,0,0,0,0,0,0,0,0,0,0,0,0,0,7.57911,0,1.2571,0,0,0,0
"MtrNatGas",9,18,17,"",14.5214,0,0,0,7.84171,0,0,0,0,0,0,0,0,0,0,0,0,0,3.89952,0,2.78013,0,0,0,0
"MtrNatGas",9,18,18,"",12.4933,0,0,0,7.82748,0,0,0,0,0,0,0,0,0,0,0,0,0,0,0,4.66578,0,0,0,0
"MtrNatGas",9,18,19,"",21.3764,0,0,0,17.0249,0,0,0,0,0,0,0,0,0,0,0,0,0,0,0,4.35151,0,0,0,0
"MtrNatGas",9,18,20,"",14.8038,0,0,0,12.4346,0,0,0,0,0,0,0,0,0,0,0,0,0,0,0,2.36915,0,0,0,0
"MtrNatGas",9,18,21,"",18.127,0,0,0,17.1117,0,0,0,0,0,0,0,0,0,0,0,0,0,0,0,1.01535,0,0,0,0
"MtrNatGas",9,18,22,"",10.0592,0,0,0,9.57569,0,0,0,0,0,0,0,0,0,0,0,0,0,0,0,0.483501,0,0,0,0
"MtrNatGas",9,18,23,"",7.76766,0,0,0,6.06478,0,0,0,0,0,0,0,0,0,0,0,0,0,1.41278,0,0.2901,0,0,0,0
"MtrNatGas",9,18,24,"",10.1513,0,0,0,6.19411,0,0,0,0,0,0,0,0,0,0,0,0,0,3.71548,0,0.24175,0,0,0,0
"MtrNatGas",9,19,1,"",5.80841,0,0,0,3.11276,0,0,0,0,0,0,0,0,0,0,0,0,0,2.57478,0,0.120875,0,0,0,0
"MtrNatGas",9,19,2,"",2.91251,0,0,0,2.81581,0,0,0,0,0,0,0,0,0,0,0,0,0,0,0,0.0967001,0,0,0,0
"MtrNatGas",9,19,3,"",2.89227,0,0,0,2.81974,0,0,0,0,0,0,0,0,0,0,0,0,0,0,0,0.0725251,0,0,0,0
"MtrNatGas",9,19,4,"",2.89621,0,0,0,2.82368,0,0,0,0,0,0,0,0,0,0,0,0,0,0,0,0.0725251,0,0,0,0
"MtrNatGas",9,19,5,"",2.90014,0,0,0,2.82762,0,0,0,0,0,0,0,0,0,0,0,0,0,0,0,0.0725251,0,0,0,0
"MtrNatGas",9,19,6,"",3.09473,0,0,0,2.97386,0,0,0,0,0,0,0,0,0,0,0,0,0,0,0,0.120875,0,0,0,0
"MtrNatGas",9,19,7,"",21.6128,0,0,0,21.371,0,0,0,0,0,0,0,0,0,0,0,0,0,0,0,0.24175,0,0,0,0
"MtrNatGas",9,19,8,"",14.6824,0,0,0,14.0296,0,0,0,0,0,0,0,0,0,0,0,0,0,0,0,0.652726,0,0,0,0
"MtrNatGas",9,19,9,"",15.9824,0,0,0,14.822,0,0,0,0,0,0,0,0,0,0,0,0,0,0,0,1.1604,0,0,0,0
"MtrNatGas",9,19,10,"",19.6956,0,0,0,18.5352,0,0,0,0,0,0,0,0,0,0,0,0,0,0,0,1.1604,0,0,0,0
"MtrNatGas",9,19,11,"",32.7722,0,0,0,28.4783,0,0,0,0,0,0,0,0,0,0,0,0,0,3.18183,0,1.11205,0,0,0,0
"MtrNatGas",9,19,12,"",23.9203,0,0,0,15.9414,0,0,0,0,0,0,0,0,0,0,0,0,0,6.64929,0,1.32963,0,0,0,0
"MtrNatGas",9,19,13,"",11.7291,0,0,0,4.63125,0,0,0,0,0,0,0,0,0,0,0,0,0,5.57483,0,1.52303,0,0,0,0
"MtrNatGas",9,19,14,"",9.43441,0,0,0,8.00809,0,0,0,0,0,0,0,0,0,0,0,0,0,0,0,1.42633,0,0,0,0
"MtrNatGas",9,19,15,"",5.45225,0,0,0,3.9534,0,0,0,0,0,0,0,0,0,0,0,0,0,0,0,1.49885,0,0,0,0
"MtrNatGas",9,19,16,"",9.92713,0,0,0,8.28323,0,0,0,0,0,0,0,0,0,0,0,0,0,0,0,1.6439,0,0,0,0
"MtrNatGas",9,19,17,"",11.3481,0,0,0,5.56818,0,0,0,0,0,0,0,0,0,0,0,0,0,3.58002,0,2.19993,0,0,0,0
"MtrNatGas",9,19,18,"",15.323,0,0,0,7.83983,0,0,0,0,0,0,0,0,0,0,0,0,0,4.12283,0,3.36033,0,0,0,0
"MtrNatGas",9,19,19,"",10.8471,0,0,0,7.7285,0,0,0,0,0,0,0,0,0,0,0,0,0,0,0,3.11858,0,0,0,0
"MtrNatGas",9,19,20,"",22.9311,0,0,0,21.1905,0,0,0,0,0,0,0,0,0,0,0,0,0,0,0,1.7406,0,0,0,0
"MtrNatGas",9,19,21,"",19.2549,0,0,0,15.3215,0,0,0,0,0,0,0,0,0,0,0,0,0,3.15976,0,0.773601,0,0,0,0
"MtrNatGas",9,19,22,"",22.4138,0,0,0,17.5345,0,0,0,0,0,0,0,0,0,0,0,0,0,4.54086,0,0.33845,0,0,0,0
"MtrNatGas",9,19,23,"",26.7847,0,0,0,18.8664,0,0,0,0,0,0,0,0,0,0,0,0,0,7.70077,0,0.217575,0,0,0,0
"MtrNatGas",9,19,24,"",13.7985,0,0,0,5.97616,0,0,0,0,0,0,0,0,0,0,0,0,0,7.70152,0,0.120875,0,0,0,0
"MtrNatGas",9,20,1,"",2.938,0,0,0,2.81712,0,0,0,0,0,0,0,0,0,0,0,0,0,0,0,0.120875,0,0,0,0
"MtrNatGas",9,20,2,"",2.9147,0,0,0,2.81799,0,0,0,0,0,0,0,0,0,0,0,0,0,0,0,0.0967001,0,0,0,0
"MtrNatGas",9,20,3,"",3.23821,0,0,0,3.16569,0,0,0,0,0,0,0,0,0,0,0,0,0,0,0,0.0725251,0,0,0,0
"MtrNatGas",9,20,4,"",2.89315,0,0,0,2.82062,0,0,0,0,0,0,0,0,0,0,0,0,0,0,0,0.0725251,0,0,0,0
"MtrNatGas",9,20,5,"",2.89402,0,0,0,2.82149,0,0,0,0,0,0,0,0,0,0,0,0,0,0,0,0.0725251,0,0,0,0
"MtrNatGas",9,20,6,"",5.62119,0,0,0,5.50031,0,0,0,0,0,0,0,0,0,0,0,0,0,0,0,0.120875,0,0,0,0
"MtrNatGas",9,20,7,"",19.4416,0,0,0,19.1998,0,0,0,0,0,0,0,0,0,0,0,0,0,0,0,0.24175,0,0,0,0
"MtrNatGas",9,20,8,"",52.1521,0,0,0,39.3996,0,0,0,0,0,0,0,0,0,0,0,0,0,12.0998,0,0.652726,0,0,0,0
"MtrNatGas",9,20,9,"",45.3945,0,0,0,31.5359,0,0,0,0,0,0,0,0,0,0,0,0,0,12.6982,0,1.1604,0,0,0,0
"MtrNatGas",9,20,10,"",32.0459,0,0,0,9.47045,0,0,0,0,0,0,0,0,0,0,0,0,0,21.415,0,1.1604,0,0,0,0
"MtrNatGas",9,20,11,"",19.216,0,0,0,18.1039,0,0,0,0,0,0,0,0,0,0,0,0,0,0,0,1.11205,0,0,0,0
"MtrNatGas",9,20,12,"",32.8702,0,0,0,21.5072,0,0,0,0,0,0,0,0,0,0,0,0,0,10.0333,0,1.32963,0,0,0,0
"MtrNatGas",9,20,13,"",19.6,0,0,0,12.706,0,0,0,0,0,0,0,0,0,0,0,0,0,5.37099,0,1.52303,0,0,0,0
"MtrNatGas",9,20,14,"",13.7123,0,0,0,12.286,0,0,0,0,0,0,0,0,0,0,0,0,0,0,0,1.42633,0,0,0,0
"MtrNatGas",9,20,15,"",7.64596,0,0,0,6.14711,0,0,0,0,0,0,0,0,0,0,0,0,0,0,0,1.49885,0,0,0,0
"MtrNatGas",9,20,16,"",10.5939,0,0,0,4.54869,0,0,0,0,0,0,0,0,0,0,0,0,0,4.40128,0,1.6439,0,0,0,0
"MtrNatGas",9,20,17,"",16.8953,0,0,0,7.11708,0,0,0,0,0,0,0,0,0,0,0,0,0,7.57834,0,2.19993,0,0,0,0
"MtrNatGas",9,20,18,"",18.7422,0,0,0,7.74012,0,0,0,0,0,0,0,0,0,0,0,0,0,7.64172,0,3.36033,0,0,0,0
"MtrNatGas",9,20,19,"",21.3102,0,0,0,7.0087,0,0,0,0,0,0,0,0,0,0,0,0,0,11.1829,0,3.11858,0,0,0,0
"MtrNatGas",9,20,20,"",9.43608,0,0,0,7.69548,0,0,0,0,0,0,0,0,0,0,0,0,0,0,0,1.7406,0,0,0,0
"MtrNatGas",9,20,21,"",7.85352,0,0,0,7.07992,0,0,0,0,0,0,0,0,0,0,0,0,0,0,0,0.773601,0,0,0,0
"MtrNatGas",9,20,22,"",13.8589,0,0,0,13.5205,0,0,0,0,0,0,0,0,0,0,0,0,0,0,0,0.33845,0,0,0,0
"MtrNatGas",9,20,23,"",20.5282,0,0,0,4.90914,0,0,0,0,0,0,0,0,0,0,0,0,0,15.4015,0,0.217575,0,0,0,0
"MtrNatGas",9,20,24,"",4.10061,0,0,0,3.97974,0,0,0,0,0,0,0,0,0,0,0,0,0,0,0,0.120875,0,0,0,0
"MtrNatGas",9,21,1,"",3.2331,0,0,0,3.11222,0,0,0,0,0,0,0,0,0,0,0,0,0,0,0,0.120875,0,0,0,0
"MtrNatGas",9,21,2,"",2.92606,0,0,0,2.82936,0,0,0,0,0,0,0,0,0,0,0,0,0,0,0,0.0967001,0,0,0,0
"MtrNatGas",9,21,3,"",3.11075,0,0,0,3.01405,0,0,0,0,0,0,0,0,0,0,0,0,0,0,0,0.0967001,0,0,0,0
"MtrNatGas",9,21,4,"",3.07157,0,0,0,2.97487,0,0,0,0,0,0,0,0,0,0,0,0,0,0,0,0.0967001,0,0,0,0
"MtrNatGas",9,21,5,"",4.4997,0,0,0,4.403,0,0,0,0,0,0,0,0,0,0,0,0,0,0,0,0.0967001,0,0,0,0
"MtrNatGas",9,21,6,"",9.89006,0,0,0,9.55161,0,0,0,0,0,0,0,0,0,0,0,0,0,0,0,0.33845,0,0,0,0
"MtrNatGas",9,21,7,"",14.4851,0,0,0,14.0257,0,0,0,0,0,0,0,0,0,0,0,0,0,0,0,0.459326,0,0,0,0
"MtrNatGas",9,21,8,"",54.6729,0,0,0,54.0686,0,0,0,0,0,0,0,0,0,0,0,0,0,0,0,0.604376,0,0,0,0
"MtrNatGas",9,21,9,"",13.6828,0,0,0,13.0542,0,0,0,0,0,0,0,0,0,0,0,0,0,0,0,0.628551,0,0,0,0
"MtrNatGas",9,21,10,"",5.93244,0,0,0,5.40059,0,0,0,0,0,0,0,0,0,0,0,0,0,0,0,0.531851,0,0,0,0
"MtrNatGas",9,21,11,"",4.55656,0,0,0,4.04889,0,0,0,0,0,0,0,0,0,0,0,0,0,0,0,0.507676,0,0,0,0
"MtrNatGas",9,21,12,"",5.93478,0,0,0,5.2337,0,0,0,0,0,0,0,0,0,0,0,0,0,0,0,0.701076,0,0,0,0
"MtrNatGas",9,21,13,"",13.1602,0,0,0,4.61246,0,0,0,0,0,0,0,0,0,0,0,0,0,7.70162,0,0.846126,0,0,0,0
"MtrNatGas",9,21,14,"",3.74065,0,0,0,2.96705,0,0,0,0,0,0,0,0,0,0,0,0,0,0,0,0.773601,0,0,0,0
"MtrNatGas",9,21,15,"",2.73256,0,0,0,1.9106,0,0,0,0,0,0,0,0,0,0,0,0,0,0,0,0.821951,0,0,0,0
"MtrNatGas",9,21,16,"",5.07739,0,0,0,3.82029,0,0,0,0,0,0,0,0,0,0,0,0,0,0,0,1.2571,0,0,0,0
"MtrNatGas",9,21,17,"",7.34968,0,0,0,4.56955,0,0,0,0,0,0,0,0,0,0,0,0,0,0,0,2.78013,0,0,0,0
"MtrNatGas",9,21,18,"",10.123,0,0,0,5.45725,0,0,0,0,0,0,0,0,0,0,0,0,0,0,0,4.66578,0,0,0,0
"MtrNatGas",9,21,19,"",10.0963,0,0,0,5.74482,0,0,0,0,0,0,0,0,0,0,0,0,0,0,0,4.35151,0,0,0,0
"MtrNatGas",9,21,20,"",20.1681,0,0,0,17.7989,0,0,0,0,0,0,0,0,0,0,0,0,0,0,0,2.36915,0,0,0,0
"MtrNatGas",9,21,21,"",12.0383,0,0,0,11.0229,0,0,0,0,0,0,0,0,0,0,0,0,0,0,0,1.01535,0,0,0,0
"MtrNatGas",9,21,22,"",23.3135,0,0,0,22.83,0,0,0,0,0,0,0,0,0,0,0,0,0,0,0,0.483501,0,0,0,0
"MtrNatGas",9,21,23,"",10.6364,0,0,0,10.3463,0,0,0,0,0,0,0,0,0,0,0,0,0,0,0,0.2901,0,0,0,0
"MtrNatGas",9,21,24,"",5.07987,0,0,0,4.83812,0,0,0,0,0,0,0,0,0,0,0,0,0,0,0,0.24175,0,0,0,0
"MtrNatGas",9,22,1,"",2.93756,0,0,0,2.81668,0,0,0,0,0,0,0,0,0,0,0,0,0,0,0,0.120875,0,0,0,0
"MtrNatGas",9,22,2,"",5.08049,0,0,0,4.98379,0,0,0,0,0,0,0,0,0,0,0,0,0,0,0,0.0967001,0,0,0,0
"MtrNatGas",9,22,3,"",4.04421,0,0,0,3.94751,0,0,0,0,0,0,0,0,0,0,0,0,0,0,0,0.0967001,0,0,0,0
"MtrNatGas",9,22,4,"",2.91469,0,0,0,2.81799,0,0,0,0,0,0,0,0,0,0,0,0,0,0,0,0.0967001,0,0,0,0
"MtrNatGas",9,22,5,"",2.91469,0,0,0,2.81799,0,0,0,0,0,0,0,0,0,0,0,0,0,0,0,0.0967001,0,0,0,0
"MtrNatGas",9,22,6,"",3.15688,0,0,0,2.81843,0,0,0,0,0,0,0,0,0,0,0,0,0,0,0,0.33845,0,0,0,0
"MtrNatGas",9,22,7,"",43.3006,0,0,0,42.8413,0,0,0,0,0,0,0,0,0,0,0,0,0,0,0,0.459326,0,0,0,0
"MtrNatGas",9,22,8,"",28.8776,0,0,0,28.2732,0,0,0,0,0,0,0,0,0,0,0,0,0,0,0,0.604376,0,0,0,0
"MtrNatGas",9,22,9,"",14.0434,0,0,0,13.4149,0,0,0,0,0,0,0,0,0,0,0,0,0,0,0,0.628551,0,0,0,0
"MtrNatGas",9,22,10,"",23.3834,0,0,0,22.8515,0,0,0,0,0,0,0,0,0,0,0,0,0,0,0,0.531851,0,0,0,0
"MtrNatGas",9,22,11,"",8.58667,0,0,0,8.07899,0,0,0,0,0,0,0,0,0,0,0,0,0,0,0,0.507676,0,0,0,0
"MtrNatGas",9,22,12,"",17.9768,0,0,0,11.985,0,0,0,0,0,0,0,0,0,0,0,0,0,5.29063,0,0.701076,0,0,0,0
"MtrNatGas",9,22,13,"",12.0999,0,0,0,8.84382,0,0,0,0,0,0,0,0,0,0,0,0,0,2.40999,0,0.846126,0,0,0,0
"MtrNatGas",9,22,14,"",14.3864,0,0,0,8.61889,0,0,0,0,0,0,0,0,0,0,0,0,0,4.9939,0,0.773601,0,0,0,0
"MtrNatGas",9,22,15,"",35.4838,0,0,0,24.2488,0,0,0,0,0,0,0,0,0,0,0,0,0,10.413,0,0.821951,0,0,0,0
"MtrNatGas",9,22,16,"",22.8155,0,0,0,18.617,0,0,0,0,0,0,0,0,0,0,0,0,0,2.94132,0,1.2571,0,0,0,0
"MtrNatGas",9,22,17,"",18.0456,0,0,0,8.59513,0,0,0,0,0,0,0,0,0,0,0,0,0,6.67033,0,2.78013,0,0,0,0
"MtrNatGas",9,22,18,"",17.7927,0,0,0,9.35317,0,0,0,0,0,0,0,0,0,0,0,0,0,3.77373,0,4.66578,0,0,0,0
"MtrNatGas",9,22,19,"",17.0193,0,0,0,10.6524,0,0,0,0,0,0,0,0,0,0,0,0,0,2.01533,0,4.35151,0,0,0,0
"MtrNatGas",9,22,20,"",19.5858,0,0,0,17.2166,0,0,0,0,0,0,0,0,0,0,0,0,0,0,0,2.36915,0,0,0,0
"MtrNatGas",9,22,21,"",19.5113,0,0,0,18.496,0,0,0,0,0,0,0,0,0,0,0,0,0,0,0,1.01535,0,0,0,0
"MtrNatGas",9,22,22,"",7.36626,0,0,0,6.88276,0,0,0,0,0,0,0,0,0,0,0,0,0,0,0,0.483501,0,0,0,0
"MtrNatGas",9,22,23,"",12.7672,0,0,0,12.4771,0,0,0,0,0,0,0,0,0,0,0,0,0,0,0,0.2901,0,0,0,0
"MtrNatGas",9,22,24,"",3.05712,0,0,0,2.81537,0,0,0,0,0,0,0,0,0,0,0,0,0,0,0,0.24175,0,0,0,0
"MtrNatGas",9,23,1,"",3.42143,0,0,0,3.30056,0,0,0,0,0,0,0,0,0,0,0,0,0,0,0,0.120875,0,0,0,0
"MtrNatGas",9,23,2,"",3.20937,0,0,0,3.11267,0,0,0,0,0,0,0,0,0,0,0,0,0,0,0,0.0967001,0,0,0,0
"MtrNatGas",9,23,3,"",3.08891,0,0,0,2.99221,0,0,0,0,0,0,0,0,0,0,0,0,0,0,0,0.0967001,0,0,0,0
"MtrNatGas",9,23,4,"",3.2793,0,0,0,3.1826,0,0,0,0,0,0,0,0,0,0,0,0,0,0,0,0.0967001,0,0,0,0
"MtrNatGas",9,23,5,"",3.28935,0,0,0,3.19265,0,0,0,0,0,0,0,0,0,0,0,0,0,0,0,0.0967001,0,0,0,0
"MtrNatGas",9,23,6,"",3.31605,0,0,0,2.9776,0,0,0,0,0,0,0,0,0,0,0,0,0,0,0,0.33845,0,0,0,0
"MtrNatGas",9,23,7,"",5.42803,0,0,0,4.96871,0,0,0,0,0,0,0,0,0,0,0,0,0,0,0,0.459326,0,0,0,0
"MtrNatGas",9,23,8,"",39.1083,0,0,0,38.504,0,0,0,0,0,0,0,0,0,0,0,0,0,0,0,0.604376,0,0,0,0
"MtrNatGas",9,23,9,"",51.7093,0,0,0,51.0808,0,0,0,0,0,0,0,0,0,0,0,0,0,0,0,0.628551,0,0,0,0
"MtrNatGas",9,23,10,"",21.7674,0,0,0,13.5362,0,0,0,0,0,0,0,0,0,0,0,0,0,7.69937,0,0.531851,0,0,0,0
"MtrNatGas",9,23,11,"",11.378,0,0,0,3.17104,0,0,0,0,0,0,0,0,0,0,0,0,0,7.69933,0,0.507676,0,0,0,0
"MtrNatGas",9,23,12,"",4.59203,0,0,0,3.89095,0,0,0,0,0,0,0,0,0,0,0,0,0,0,0,0.701076,0,0,0,0
"MtrNatGas",9,23,13,"",5.78039,0,0,0,4.93426,0,0,0,0,0,0,0,0,0,0,0,0,0,0,0,0.846126,0,0,0,0
"MtrNatGas",9,23,14,"",8.42541,0,0,0,4.05005,0,0,0,0,0,0,0,0,0,0,0,0,0,3.60176,0,0.773601,0,0,0,0
"MtrNatGas",9,23,15,"",15.45,0,0,0,2.82764,0,0,0,0,0,0,0,0,0,0,0,0,0,11.8004,0,0.821951,0,0,0,0
"MtrNatGas",9,23,16,"",3.61855,0,0,0,2.36145,0,0,0,0,0,0,0,0,0,0,0,0,0,0,0,1.2571,0,0,0,0
"MtrNatGas",9,23,17,"",7.56014,0,0,0,4.78002,0,0,0,0,0,0,0,0,0,0,0,0,0,0,0,2.78013,0,0,0,0
"MtrNatGas",9,23,18,"",14.1376,0,0,0,9.47182,0,0,0,0,0,0,0,0,0,0,0,0,0,0,0,4.66578,0,0,0,0
"MtrNatGas",9,23,19,"",17.1851,0,0,0,8.78872,0,0,0,0,0,0,0,0,0,0,0,0,0,4.04487,0,4.35151,0,0,0,0
"MtrNatGas",9,23,20,"",13.0642,0,0,0,7.03673,0,0,0,0,0,0,0,0,0,0,0,0,0,3.65827,0,2.36915,0,0,0,0
"MtrNatGas",9,23,21,"",8.22318,0,0,0,7.20782,0,0,0,0,0,0,0,0,0,0,0,0,0,0,0,1.01535,0,0,0,0
"MtrNatGas",9,23,22,"",19.2059,0,0,0,18.7224,0,0,0,0,0,0,0,0,0,0,0,0,0,0,0,0.483501,0,0,0,0
"MtrNatGas",9,23,23,"",16.6376,0,0,0,8.91172,0,0,0,0,0,0,0,0,0,0,0,0,0,7.43576,0,0.2901,0,0,0,0
"MtrNatGas",9,23,24,"",7.54191,0,0,0,7.03376,0,0,0,0,0,0,0,0,0,0,0,0,0,0.266395,0,0.24175,0,0,0,0
"MtrNatGas",9,24,1,"",3.5217,0,0,0,3.40083,0,0,0,0,0,0,0,0,0,0,0,0,0,0,0,0.120875,0,0,0,0
"MtrNatGas",9,24,2,"",3.22244,0,0,0,3.12574,0,0,0,0,0,0,0,0,0,0,0,0,0,0,0,0.0967001,0,0,0,0
"MtrNatGas",9,24,3,"",3.43462,0,0,0,3.33792,0,0,0,0,0,0,0,0,0,0,0,0,0,0,0,0.0967001,0,0,0,0
"MtrNatGas",9,24,4,"",3.06805,0,0,0,2.97135,0,0,0,0,0,0,0,0,0,0,0,0,0,0,0,0.0967001,0,0,0,0
"MtrNatGas",9,24,5,"",2.92607,0,0,0,2.82937,0,0,0,0,0,0,0,0,0,0,0,0,0,0,0,0.0967001,0,0,0,0
"MtrNatGas",9,24,6,"",5.21677,0,0,0,4.87832,0,0,0,0,0,0,0,0,0,0,0,0,0,0,0,0.33845,0,0,0,0
"MtrNatGas",9,24,7,"",34.2174,0,0,0,33.7581,0,0,0,0,0,0,0,0,0,0,0,0,0,0,0,0.459326,0,0,0,0
"MtrNatGas",9,24,8,"",27.4623,0,0,0,26.8579,0,0,0,0,0,0,0,0,0,0,0,0,0,0,0,0.604376,0,0,0,0
"MtrNatGas",9,24,9,"",37.702,0,0,0,37.0735,0,0,0,0,0,0,0,0,0,0,0,0,0,0,0,0.628551,0,0,0,0
"MtrNatGas",9,24,10,"",32.6075,0,0,0,29.5673,0,0,0,0,0,0,0,0,0,0,0,0,0,2.50833,0,0.531851,0,0,0,0
"MtrNatGas",9,24,11,"",22.1544,0,0,0,16.4525,0,0,0,0,0,0,0,0,0,0,0,0,0,5.19421,0,0.507676,0,0,0,0
"MtrNatGas",9,24,12,"",20.3916,0,0,0,6.87555,0,0,0,0,0,0,0,0,0,0,0,0,0,12.815,0,0.701076,0,0,0,0
"MtrNatGas",9,24,13,"",10.3259,0,0,0,6.89372,0,0,0,0,0,0,0,0,0,0,0,0,0,2.58606,0,0.846126,0,0,0,0
"MtrNatGas",9,24,14,"",5.87194,0,0,0,5.09834,0,0,0,0,0,0,0,0,0,0,0,0,0,0,0,0.773601,0,0,0,0
"MtrNatGas",9,24,15,"",9.55705,0,0,0,4.81065,0,0,0,0,0,0,0,0,0,0,0,0,0,3.92445,0,0.821951,0,0,0,0
"MtrNatGas",9,24,16,"",15.3269,0,0,0,6.49067,0,0,0,0,0,0,0,0,0,0,0,0,0,7.57911,0,1.2571,0,0,0,0
"MtrNatGas",9,24,17,"",24.0707,0,0,0,7.77717,0,0,0,0,0,0,0,0,0,0,0,0,0,13.5134,0,2.78013,0,0,0,0
"MtrNatGas",9,24,18,"",26.8795,0,0,0,10.7396,0,0,0,0,0,0,0,0,0,0,0,0,0,11.4741,0,4.66578,0,0,0,0
"MtrNatGas",9,24,19,"",28.5999,0,0,0,14.5315,0,0,0,0,0,0,0,0,0,0,0,0,0,9.71681,0,4.35151,0,0,0,0
"MtrNatGas",9,24,20,"",18.4796,0,0,0,16.1104,0,0,0,0,0,0,0,0,0,0,0,0,0,0,0,2.36915,0,0,0,0
"MtrNatGas",9,24,21,"",21.7717,0,0,0,20.7564,0,0,0,0,0,0,0,0,0,0,0,0,0,0,0,1.01535,0,0,0,0
"MtrNatGas",9,24,22,"",16.2129,0,0,0,15.7294,0,0,0,0,0,0,0,0,0,0,0,0,0,0,0,0.483501,0,0,0,0
"MtrNatGas",9,24,23,"",17.6566,0,0,0,9.6637,0,0,0,0,0,0,0,0,0,0,0,0,0,7.70279,0,0.2901,0,0,0,0
"MtrNatGas",9,24,24,"",6.7464,0,0,0,6.50465,0,0,0,0,0,0,0,0,0,0,0,0,0,0,0,0.24175,0,0,0,0
"MtrNatGas",9,25,1,"",3.23168,0,0,0,3.1108,0,0,0,0,0,0,0,0,0,0,0,0,0,0,0,0.120875,0,0,0,0
"MtrNatGas",9,25,2,"",5.09394,0,0,0,4.99724,0,0,0,0,0,0,0,0,0,0,0,0,0,0,0,0.0967001,0,0,0,0
"MtrNatGas",9,25,3,"",4.24282,0,0,0,4.14612,0,0,0,0,0,0,0,0,0,0,0,0,0,0,0,0.0967001,0,0,0,0
"MtrNatGas",9,25,4,"",3.06903,0,0,0,2.97233,0,0,0,0,0,0,0,0,0,0,0,0,0,0,0,0.0967001,0,0,0,0
"MtrNatGas",9,25,5,"",2.9265,0,0,0,2.8298,0,0,0,0,0,0,0,0,0,0,0,0,0,0,0,0.0967001,0,0,0,0
"MtrNatGas",9,25,6,"",5.55324,0,0,0,5.21479,0,0,0,0,0,0,0,0,0,0,0,0,0,0,0,0.33845,0,0,0,0
"MtrNatGas",9,25,7,"",12.4726,0,0,0,12.0132,0,0,0,0,0,0,0,0,0,0,0,0,0,0,0,0.459326,0,0,0,0
"MtrNatGas",9,25,8,"",26.7881,0,0,0,26.1838,0,0,0,0,0,0,0,0,0,0,0,0,0,0,0,0.604376,0,0,0,0
"MtrNatGas",9,25,9,"",43.9976,0,0,0,43.369,0,0,0,0,0,0,0,0,0,0,0,0,0,0,0,0.628551,0,0,0,0
"MtrNatGas",9,25,10,"",10.2569,0,0,0,9.72507,0,0,0,0,0,0,0,0,0,0,0,0,0,0,0,0.531851,0,0,0,0
"MtrNatGas",9,25,11,"",6.99368,0,0,0,6.486,0,0,0,0,0,0,0,0,0,0,0,0,0,0,0,0.507676,0,0,0,0
"MtrNatGas",9,25,12,"",8.7345,0,0,0,8.03343,0,0,0,0,0,0,0,0,0,0,0,0,0,0,0,0.701076,0,0,0,0
"MtrNatGas",9,25,13,"",12.9251,0,0,0,4.37743,0,0,0,0,0,0,0,0,0,0,0,0,0,7.70155,0,0.846126,0,0,0,0
"MtrNatGas",9,25,14,"",5.5241,0,0,0,4.7505,0,0,0,0,0,0,0,0,0,0,0,0,0,0,0,0.773601,0,0,0,0
"MtrNatGas",9,25,15,"",12.45,0,0,0,3.9274,0,0,0,0,0,0,0,0,0,0,0,0,0,7.7007,0,0.821951,0,0,0,0
"MtrNatGas",9,25,16,"",8.93001,0,0,0,4.73159,0,0,0,0,0,0,0,0,0,0,0,0,0,2.94132,0,1.2571,0,0,0,0
"MtrNatGas",9,25,17,"",21.0853,0,0,0,5.84372,0,0,0,0,0,0,0,0,0,0,0,0,0,12.4614,0,2.78013,0,0,0,0
"MtrNatGas",9,25,18,"",19.839,0,0,0,7.47278,0,0,0,0,0,0,0,0,0,0,0,0,0,7.70039,0,4.66578,0,0,0,0
"MtrNatGas",9,25,19,"",26.9581,0,0,0,14.9051,0,0,0,0,0,0,0,0,0,0,0,0,0,7.70148,0,4.35151,0,0,0,0
"MtrNatGas",9,25,20,"",11.3397,0,0,0,8.97058,0,0,0,0,0,0,0,0,0,0,0,0,0,0,0,2.36915,0,0,0,0
"MtrNatGas",9,25,21,"",13.7307,0,0,0,12.7154,0,0,0,0,0,0,0,0,0,0,0,0,0,0,0,1.01535,0,0,0,0
"MtrNatGas",9,25,22,"",10.0783,0,0,0,9.5948,0,0,0,0,0,0,0,0,0,0,0,0,0,0,0,0.483501,0,0,0,0
"MtrNatGas",9,25,23,"",15.9877,0,0,0,15.6976,0,0,0,0,0,0,0,0,0,0,0,0,0,0,0,0.2901,0,0,0,0
"MtrNatGas",9,25,24,"",6.2518,0,0,0,6.01005,0,0,0,0,0,0,0,0,0,0,0,0,0,0,0,0.24175,0,0,0,0
"MtrNatGas",9,26,1,"",5.20161,0,0,0,5.08073,0,0,0,0,0,0,0,0,0,0,0,0,0,0,0,0.120875,0,0,0,0
"MtrNatGas",9,26,2,"",3.09362,0,0,0,2.99692,0,0,0,0,0,0,0,0,0,0,0,0,0,0,0,0.0967001,0,0,0,0
"MtrNatGas",9,26,3,"",4.8771,0,0,0,4.80458,0,0,0,0,0,0,0,0,0,0,0,0,0,0,0,0.0725251,0,0,0,0
"MtrNatGas",9,26,4,"",4.44331,0,0,0,4.37079,0,0,0,0,0,0,0,0,0,0,0,0,0,0,0,0.0725251,0,0,0,0
"MtrNatGas",9,26,5,"",3.99315,0,0,0,3.92062,0,0,0,0,0,0,0,0,0,0,0,0,0,0,0,0.0725251,0,0,0,0
"MtrNatGas",9,26,6,"",3.43687,0,0,0,3.316,0,0,0,0,0,0,0,0,0,0,0,0,0,0,0,0.120875,0,0,0,0
"MtrNatGas",9,26,7,"",22.387,0,0,0,22.1453,0,0,0,0,0,0,0,0,0,0,0,0,0,0,0,0.24175,0,0,0,0
"MtrNatGas",9,26,8,"",14.5634,0,0,0,13.9107,0,0,0,0,0,0,0,0,0,0,0,0,0,0,0,0.652726,0,0,0,0
"MtrNatGas",9,26,9,"",16.3446,0,0,0,15.1842,0,0,0,0,0,0,0,0,0,0,0,0,0,0,0,1.1604,0,0,0,0
"MtrNatGas",9,26,10,"",20.3797,0,0,0,19.2192,0,0,0,0,0,0,0,0,0,0,0,0,0,0,0,1.1604,0,0,0,0
"MtrNatGas",9,26,11,"",23.6805,0,0,0,22.5684,0,0,0,0,0,0,0,0,0,0,0,0,0,0,0,1.11205,0,0,0,0
"MtrNatGas",9,26,12,"",24.3415,0,0,0,15.3093,0,0,0,0,0,0,0,0,0,0,0,0,0,7.70259,0,1.32963,0,0,0,0
"MtrNatGas",9,26,13,"",7.83371,0,0,0,6.31068,0,0,0,0,0,0,0,0,0,0,0,0,0,0,0,1.52303,0,0,0,0
"MtrNatGas",9,26,14,"",9.49776,0,0,0,8.07143,0,0,0,0,0,0,0,0,0,0,0,0,0,0,0,1.42633,0,0,0,0
"MtrNatGas",9,26,15,"",6.29492,0,0,0,4.79606,0,0,0,0,0,0,0,0,0,0,0,0,0,0,0,1.49885,0,0,0,0
"MtrNatGas",9,26,16,"",14.2418,0,0,0,10.0883,0,0,0,0,0,0,0,0,0,0,0,0,0,2.50955,0,1.6439,0,0,0,0
"MtrNatGas",9,26,17,"",25.0871,0,0,0,17.6955,0,0,0,0,0,0,0,0,0,0,0,0,0,5.19166,0,2.19993,0,0,0,0
"MtrNatGas",9,26,18,"",24.2438,0,0,0,13.1803,0,0,0,0,0,0,0,0,0,0,0,0,0,7.70314,0,3.36033,0,0,0,0
"MtrNatGas",9,26,19,"",10.2402,0,0,0,7.12164,0,0,0,0,0,0,0,0,0,0,0,0,0,0,0,3.11858,0,0,0,0
"MtrNatGas",9,26,20,"",21.239,0,0,0,19.4984,0,0,0,0,0,0,0,0,0,0,0,0,0,0,0,1.7406,0,0,0,0
"MtrNatGas",9,26,21,"",10.6029,0,0,0,9.82928,0,0,0,0,0,0,0,0,0,0,0,0,0,0,0,0.773601,0,0,0,0
"MtrNatGas",9,26,22,"",21.9905,0,0,0,21.652,0,0,0,0,0,0,0,0,0,0,0,0,0,0,0,0.33845,0,0,0,0
"MtrNatGas",9,26,23,"",18.8096,0,0,0,18.592,0,0,0,0,0,0,0,0,0,0,0,0,0,0,0,0.217575,0,0,0,0
"MtrNatGas",9,26,24,"",22.8718,0,0,0,15.0494,0,0,0,0,0,0,0,0,0,0,0,0,0,7.70152,0,0.120875,0,0,0,0
"MtrNatGas",9,27,1,"",3.36787,0,0,0,3.24699,0,0,0,0,0,0,0,0,0,0,0,0,0,0,0,0.120875,0,0,0,0
"MtrNatGas",9,27,2,"",2.92169,0,0,0,2.82499,0,0,0,0,0,0,0,0,0,0,0,0,0,0,0,0.0967001,0,0,0,0
"MtrNatGas",9,27,3,"",4.93072,0,0,0,4.8582,0,0,0,0,0,0,0,0,0,0,0,0,0,0,0,0.0725251,0,0,0,0
"MtrNatGas",9,27,4,"",4.19553,0,0,0,4.12301,0,0,0,0,0,0,0,0,0,0,0,0,0,0,0,0.0725251,0,0,0,0
"MtrNatGas",9,27,5,"",2.90233,0,0,0,2.8298,0,0,0,0,0,0,0,0,0,0,0,0,0,0,0,0.0725251,0,0,0,0
"MtrNatGas",9,27,6,"",4.74383,0,0,0,4.62295,0,0,0,0,0,0,0,0,0,0,0,0,0,0,0,0.120875,0,0,0,0
"MtrNatGas",9,27,7,"",7.02866,0,0,0,6.78691,0,0,0,0,0,0,0,0,0,0,0,0,0,0,0,0.24175,0,0,0,0
"MtrNatGas",9,27,8,"",14.2663,0,0,0,9.21476,0,0,0,0,0,0,0,0,0,0,0,0,0,4.39885,0,0.652726,0,0,0,0
"MtrNatGas",9,27,9,"",17.1648,0,0,0,9.29314,0,0,0,0,0,0,0,0,0,0,0,0,0,6.7113,0,1.1604,0,0,0,0
"MtrNatGas",9,27,10,"",28.174,0,0,0,22.7179,0,0,0,0,0,0,0,0,0,0,0,0,0,4.29572,0,1.1604,0,0,0,0
"MtrNatGas",9,27,11,"",15.713,0,0,0,6.89842,0,0,0,0,0,0,0,0,0,0,0,0,0,7.70257,0,1.11205,0,0,0,0
"MtrNatGas",9,27,12,"",17.0434,0,0,0,10.6972,0,0,0,0,0,0,0,0,0,0,0,0,0,5.01664,0,1.32963,0,0,0,0
"MtrNatGas",9,27,13,"",14.8607,0,0,0,10.6522,0,0,0,0,0,0,0,0,0,0,0,0,0,2.68549,0,1.52303,0,0,0,0
"MtrNatGas",9,27,14,"",6.58013,0,0,0,5.1538,0,0,0,0,0,0,0,0,0,0,0,0,0,0,0,1.42633,0,0,0,0
"MtrNatGas",9,27,15,"",9.43933,0,0,0,7.94047,0,0,0,0,0,0,0,0,0,0,0,0,0,0,0,1.49885,0,0,0,0
"MtrNatGas",9,27,16,"",13.6637,0,0,0,4.31829,0,0,0,0,0,0,0,0,0,0,0,0,0,7.70154,0,1.6439,0,0,0,0
"MtrNatGas",9,27,17,"",9.28893,0,0,0,7.089,0,0,0,0,0,0,0,0,0,0,0,0,0,0,0,2.19993,0,0,0,0
"MtrNatGas",9,27,18,"",10.6339,0,0,0,7.27352,0,0,0,0,0,0,0,0,0,0,0,0,0,0,0,3.36033,0,0,0,0
"MtrNatGas",9,27,19,"",20.292,0,0,0,9.47052,0,0,0,0,0,0,0,0,0,0,0,0,0,7.70286,0,3.11858,0,0,0,0
"MtrNatGas",9,27,20,"",12.0765,0,0,0,6.7656,0,0,0,0,0,0,0,0,0,0,0,0,0,3.57035,0,1.7406,0,0,0,0
"MtrNatGas",9,27,21,"",12.5518,0,0,0,7.64708,0,0,0,0,0,0,0,0,0,0,0,0,0,4.13114,0,0.773601,0,0,0,0
"MtrNatGas",9,27,22,"",12.1192,0,0,0,11.7807,0,0,0,0,0,0,0,0,0,0,0,0,0,0,0,0.33845,0,0,0,0
"MtrNatGas",9,27,23,"",14.2298,0,0,0,6.31146,0,0,0,0,0,0,0,0,0,0,0,0,0,7.70077,0,0.217575,0,0,0,0
"MtrNatGas",9,27,24,"",3.64328,0,0,0,3.5224,0,0,0,0,0,0,0,0,0,0,0,0,0,0,0,0.120875,0,0,0,0
"MtrNatGas",9,28,1,"",3.28378,0,0,0,3.1629,0,0,0,0,0,0,0,0,0,0,0,0,0,0,0,0.120875,0,0,0,0
"MtrNatGas",9,28,2,"",3.22772,0,0,0,3.13102,0,0,0,0,0,0,0,0,0,0,0,0,0,0,0,0.0967001,0,0,0,0
"MtrNatGas",9,28,3,"",3.09781,0,0,0,3.00111,0,0,0,0,0,0,0,0,0,0,0,0,0,0,0,0.0967001,0,0,0,0
"MtrNatGas",9,28,4,"",3.19912,0,0,0,3.10242,0,0,0,0,0,0,0,0,0,0,0,0,0,0,0,0.0967001,0,0,0,0
"MtrNatGas",9,28,5,"",4.66932,0,0,0,4.57262,0,0,0,0,0,0,0,0,0,0,0,0,0,0,0,0.0967001,0,0,0,0
"MtrNatGas",9,28,6,"",8.78669,0,0,0,8.44824,0,0,0,0,0,0,0,0,0,0,0,0,0,0,0,0.33845,0,0,0,0
"MtrNatGas",9,28,7,"",14.9231,0,0,0,14.4637,0,0,0,0,0,0,0,0,0,0,0,0,0,0,0,0.459326,0,0,0,0
"MtrNatGas",9,28,8,"",35.2148,0,0,0,26.9073,0,0,0,0,0,0,0,0,0,0,0,0,0,7.70312,0,0.604376,0,0,0,0
"MtrNatGas",9,28,9,"",58.8496,0,0,0,50.5204,0,0,0,0,0,0,0,0,0,0,0,0,0,7.70058,0,0.628551,0,0,0,0
"MtrNatGas",9,28,10,"",20.4761,0,0,0,12.2449,0,0,0,0,0,0,0,0,0,0,0,0,0,7.69937,0,0.531851,0,0,0,0
"MtrNatGas",9,28,11,"",10.1663,0,0,0,9.65859,0,0,0,0,0,0,0,0,0,0,0,0,0,0,0,0.507676,0,0,0,0
"MtrNatGas",9,28,12,"",16.8497,0,0,0,8.44767,0,0,0,0,0,0,0,0,0,0,0,0,0,7.70093,0,0.701076,0,0,0,0
"MtrNatGas",9,28,13,"",17.3081,0,0,0,8.7604,0,0,0,0,0,0,0,0,0,0,0,0,0,7.70155,0,0.846126,0,0,0,0
"MtrNatGas",9,28,14,"",8.29031,0,0,0,3.91495,0,0,0,0,0,0,0,0,0,0,0,0,0,3.60176,0,0.773601,0,0,0,0
"MtrNatGas",9,28,15,"",14.0614,0,0,0,9.13973,0,0,0,0,0,0,0,0,0,0,0,0,0,4.0997,0,0.821951,0,0,0,0
"MtrNatGas",9,28,16,"",13.1802,0,0,0,8.08844,0,0,0,0,0,0,0,0,0,0,0,0,0,3.83464,0,1.2571,0,0,0,0
"MtrNatGas",9,28,17,"",15.3667,0,0,0,8.72091,0,0,0,0,0,0,0,0,0,0,0,0,0,3.86561,0,2.78013,0,0,0,0
"MtrNatGas",9,28,18,"",17.3545,0,0,0,12.6888,0,0,0,0,0,0,0,0,0,0,0,0,0,0,0,4.66578,0,0,0,0
"MtrNatGas",9,28,19,"",29.7001,0,0,0,21.3037,0,0,0,0,0,0,0,0,0,0,0,0,0,4.04487,0,4.35151,0,0,0,0
"MtrNatGas",9,28,20,"",32.2226,0,0,0,18.4944,0,0,0,0,0,0,0,0,0,0,0,0,0,11.359,0,2.36915,0,0,0,0
"MtrNatGas",9,28,21,"",27.2461,0,0,0,26.2308,0,0,0,0,0,0,0,0,0,0,0,0,0,0,0,1.01535,0,0,0,0
"MtrNatGas",9,28,22,"",34.571,0,0,0,34.0875,0,0,0,0,0,0,0,0,0,0,0,0,0,0,0,0.483501,0,0,0,0
"MtrNatGas",9,28,23,"",16.5596,0,0,0,8.83373,0,0,0,0,0,0,0,0,0,0,0,0,0,7.43576,0,0.2901,0,0,0,0
"MtrNatGas",9,28,24,"",8.07003,0,0,0,7.56188,0,0,0,0,0,0,0,0,0,0,0,0,0,0.266395,0,0.24175,0,0,0,0
"MtrNatGas",9,29,1,"",6.91689,0,0,0,6.79602,0,0,0,0,0,0,0,0,0,0,0,0,0,0,0,0.120875,0,0,0,0
"MtrNatGas",9,29,2,"",2.92257,0,0,0,2.82587,0,0,0,0,0,0,0,0,0,0,0,0,0,0,0,0.0967001,0,0,0,0
"MtrNatGas",9,29,3,"",2.92519,0,0,0,2.82849,0,0,0,0,0,0,0,0,0,0,0,0,0,0,0,0.0967001,0,0,0,0
"MtrNatGas",9,29,4,"",2.92782,0,0,0,2.83112,0,0,0,0,0,0,0,0,0,0,0,0,0,0,0,0.0967001,0,0,0,0
"MtrNatGas",9,29,5,"",2.93,0,0,0,2.8333,0,0,0,0,0,0,0,0,0,0,0,0,0,0,0,0.0967001,0,0,0,0
"MtrNatGas",9,29,6,"",3.17438,0,0,0,2.83593,0,0,0,0,0,0,0,0,0,0,0,0,0,0,0,0.33845,0,0,0,0
"MtrNatGas",9,29,7,"",5.25488,0,0,0,4.79555,0,0,0,0,0,0,0,0,0,0,0,0,0,0,0,0.459326,0,0,0,0
"MtrNatGas",9,29,8,"",22.8261,0,0,0,22.2218,0,0,0,0,0,0,0,0,0,0,0,0,0,0,0,0.604376,0,0,0,0
"MtrNatGas",9,29,9,"",35.1087,0,0,0,26.7796,0,0,0,0,0,0,0,0,0,0,0,0,0,7.70058,0,0.628551,0,0,0,0
"MtrNatGas",9,29,10,"",18.5071,0,0,0,17.9753,0,0,0,0,0,0,0,0,0,0,0,0,0,0,0,0.531851,0,0,0,0
"MtrNatGas",9,29,11,"",18.3345,0,0,0,17.8269,0,0,0,0,0,0,0,0,0,0,0,0,0,0,0,0.507676,0,0,0,0
"MtrNatGas",9,29,12,"",25.9296,0,0,0,10.0033,0,0,0,0,0,0,0,0,0,0,0,0,0,15.2253,0,0.701076,0,0,0,0
"MtrNatGas",9,29,13,"",13.2106,0,0,0,4.48686,0,0,0,0,0,0,0,0,0,0,0,0,0,7.87762,0,0.846126,0,0,0,0
"MtrNatGas",9,29,14,"",5.49572,0,0,0,4.72212,0,0,0,0,0,0,0,0,0,0,0,0,0,0,0,0.773601,0,0,0,0
"MtrNatGas",9,29,15,"",15.9724,0,0,0,7.44974,0,0,0,0,0,0,0,0,0,0,0,0,0,7.7007,0,0.821951,0,0,0,0
"MtrNatGas",9,29,16,"",7.59676,0,0,0,6.33966,0,0,0,0,0,0,0,0,0,0,0,0,0,0,0,1.2571,0,0,0,0
"MtrNatGas",9,29,17,"",11.4772,0,0,0,8.69706,0,0,0,0,0,0,0,0,0,0,0,0,0,0,0,2.78013,0,0,0,0
"MtrNatGas",9,29,18,"",13.9209,0,0,0,9.25511,0,0,0,0,0,0,0,0,0,0,0,0,0,0,0,4.66578,0,0,0,0
"MtrNatGas",9,29,19,"",30.2811,0,0,0,25.9296,0,0,0,0,0,0,0,0,0,0,0,0,0,0,0,4.35151,0,0,0,0
"MtrNatGas",9,29,20,"",23.2448,0,0,0,20.8756,0,0,0,0,0,0,0,0,0,0,0,0,0,0,0,2.36915,0,0,0,0
"MtrNatGas",9,29,21,"",23.7943,0,0,0,22.7789,0,0,0,0,0,0,0,0,0,0,0,0,0,0,0,1.01535,0,0,0,0
"MtrNatGas",9,29,22,"",18.9534,0,0,0,18.4699,0,0,0,0,0,0,0,0,0,0,0,0,0,0,0,0.483501,0,0,0,0
"MtrNatGas",9,29,23,"",7.05801,0,0,0,6.76791,0,0,0,0,0,0,0,0,0,0,0,0,0,0,0,0.2901,0,0,0,0
"MtrNatGas",9,29,24,"",9.43054,0,0,0,7.224,0,0,0,0,0,0,0,0,0,0,0,0,0,1.96479,0,0.24175,0,0,0,0
"MtrNatGas",9,30,1,"",8.67607,0,0,0,2.81974,0,0,0,0,0,0,0,0,0,0,0,0,0,5.73545,0,0.120875,0,0,0,0
"MtrNatGas",9,30,2,"",2.91906,0,0,0,2.82236,0,0,0,0,0,0,0,0,0,0,0,0,0,0,0,0.0967001,0,0,0,0
"MtrNatGas",9,30,3,"",3.9086,0,0,0,3.8119,0,0,0,0,0,0,0,0,0,0,0,0,0,0,0,0.0967001,0,0,0,0
"MtrNatGas",9,30,4,"",2.92344,0,0,0,2.82674,0,0,0,0,0,0,0,0,0,0,0,0,0,0,0,0.0967001,0,0,0,0
"MtrNatGas",9,30,5,"",2.92606,0,0,0,2.82936,0,0,0,0,0,0,0,0,0,0,0,0,0,0,0,0.0967001,0,0,0,0
"MtrNatGas",9,30,6,"",20.1914,0,0,0,19.853,0,0,0,0,0,0,0,0,0,0,0,0,0,0,0,0.33845,0,0,0,0
"MtrNatGas",9,30,7,"",13.6005,0,0,0,13.1412,0,0,0,0,0,0,0,0,0,0,0,0,0,0,0,0.459326,0,0,0,0
"MtrNatGas",9,30,8,"",21.1838,0,0,0,20.5794,0,0,0,0,0,0,0,0,0,0,0,0,0,0,0,0.604376,0,0,0,0
"MtrNatGas",9,30,9,"",48.05,0,0,0,47.4214,0,0,0,0,0,0,0,0,0,0,0,0,0,0,0,0.628551,0,0,0,0
"MtrNatGas",9,30,10,"",17.1727,0,0,0,16.6408,0,0,0,0,0,0,0,0,0,0,0,0,0,0,0,0.531851,0,0,0,0
"MtrNatGas",9,30,11,"",6.38273,0,0,0,5.87505,0,0,0,0,0,0,0,0,0,0,0,0,0,0,0,0.507676,0,0,0,0
"MtrNatGas",9,30,12,"",9.93853,0,0,0,9.23746,0,0,0,0,0,0,0,0,0,0,0,0,0,0,0,0.701076,0,0,0,0
"MtrNatGas",9,30,13,"",15.5442,0,0,0,4.74995,0,0,0,0,0,0,0,0,0,0,0,0,0,9.94808,0,0.846126,0,0,0,0
"MtrNatGas",9,30,14,"",9.6712,0,0,0,3.44114,0,0,0,0,0,0,0,0,0,0,0,0,0,5.45646,0,0.773601,0,0,0,0
"MtrNatGas",9,30,15,"",4.0867,0,0,0,3.26475,0,0,0,0,0,0,0,0,0,0,0,0,0,0,0,0.821951,0,0,0,0
"MtrNatGas",9,30,16,"",5.49013,0,0,0,4.23303,0,0,0,0,0,0,0,0,0,0,0,0,0,0,0,1.2571,0,0,0,0
"MtrNatGas",9,30,17,"",14.7617,0,0,0,4.27909,0,0,0,0,0,0,0,0,0,0,0,0,0,7.70248,0,2.78013,0,0,0,0
"MtrNatGas",9,30,18,"",18.2844,0,0,0,5.9182,0,0,0,0,0,0,0,0,0,0,0,0,0,7.70039,0,4.66578,0,0,0,0
"MtrNatGas",9,30,19,"",21.9378,0,0,0,9.88481,0,0,0,0,0,0,0,0,0,0,0,0,0,7.70148,0,4.35151,0,0,0,0
"MtrNatGas",9,30,20,"",19.0826,0,0,0,16.7134,0,0,0,0,0,0,0,0,0,0,0,0,0,0,0,2.36915,0,0,0,0
"MtrNatGas",9,30,21,"",13.484,0,0,0,12.4687,0,0,0,0,0,0,0,0,0,0,0,0,0,0,0,1.01535,0,0,0,0
"MtrNatGas",9,30,22,"",12.6871,0,0,0,12.2036,0,0,0,0,0,0,0,0,0,0,0,0,0,0,0,0.483501,0,0,0,0
"MtrNatGas",9,30,23,"",19.6646,0,0,0,3.9689,0,0,0,0,0,0,0,0,0,0,0,0,0,15.4056,0,0.2901,0,0,0,0
"MtrNatGas",9,30,24,"",4.5179,0,0,0,4.27615,0,0,0,0,0,0,0,0,0,0,0,0,0,0,0,0.24175,0,0,0,0
"MtrNatGas",10,1,1,"",5.00464,0,0,0,4.88415,0,0,0,0,0,0,0,0,0,0,0,0,0,0,0,0.120482,0,0,0,0
"MtrNatGas",10,1,2,"",2.90957,0,0,0,2.81318,0,0,0,0,0,0,0,0,0,0,0,0,0,0,0,0.0963858,0,0,0,0
"MtrNatGas",10,1,3,"",2.91088,0,0,0,2.8145,0,0,0,0,0,0,0,0,0,0,0,0,0,0,0,0.0963858,0,0,0,0
"MtrNatGas",10,1,4,"",2.9122,0,0,0,2.81581,0,0,0,0,0,0,0,0,0,0,0,0,0,0,0,0.0963858,0,0,0,0
"MtrNatGas",10,1,5,"",3.06067,0,0,0,2.96428,0,0,0,0,0,0,0,0,0,0,0,0,0,0,0,0.0963858,0,0,0,0
"MtrNatGas",10,1,6,"",18.9388,0,0,0,18.6014,0,0,0,0,0,0,0,0,0,0,0,0,0,0,0,0.33735,0,0,0,0
"MtrNatGas",10,1,7,"",14.9712,0,0,0,14.5134,0,0,0,0,0,0,0,0,0,0,0,0,0,0,0,0.457833,0,0,0,0
"MtrNatGas",10,1,8,"",9.44374,0,0,0,8.84133,0,0,0,0,0,0,0,0,0,0,0,0,0,0,0,0.602411,0,0,0,0
"MtrNatGas",10,1,9,"",15.3852,0,0,0,14.7587,0,0,0,0,0,0,0,0,0,0,0,0,0,0,0,0.626508,0,0,0,0
"MtrNatGas",10,1,10,"",22.3965,0,0,0,21.8664,0,0,0,0,0,0,0,0,0,0,0,0,0,0,0,0.530122,0,0,0,0
"MtrNatGas",10,1,11,"",17.5545,0,0,0,9.34541,0,0,0,0,0,0,0,0,0,0,0,0,0,7.70308,0,0.506026,0,0,0,0
"MtrNatGas",10,1,12,"",8.1183,0,0,0,7.41951,0,0,0,0,0,0,0,0,0,0,0,0,0,0,0,0.698797,0,0,0,0
"MtrNatGas",10,1,13,"",8.8855,0,0,0,5.79558,0,0,0,0,0,0,0,0,0,0,0,0,0,2.24654,0,0.843376,0,0,0,0
"MtrNatGas",10,1,14,"",13.5698,0,0,0,4.84526,0,0,0,0,0,0,0,0,0,0,0,0,0,7.95341,0,0.771087,0,0,0,0
"MtrNatGas",10,1,15,"",18.6334,0,0,0,4.90695,0,0,0,0,0,0,0,0,0,0,0,0,0,12.9072,0,0.81928,0,0,0,0
"MtrNatGas",10,1,16,"",4.16951,0,0,0,2.9165,0,0,0,0,0,0,0,0,0,0,0,0,0,0,0,1.25302,0,0,0,0
"MtrNatGas",10,1,17,"",5.83253,0,0,0,3.06144,0,0,0,0,0,0,0,0,0,0,0,0,0,0,0,2.77109,0,0,0,0
"MtrNatGas",10,1,18,"",7.89935,0,0,0,3.24874,0,0,0,0,0,0,0,0,0,0,0,0,0,0,0,4.65062,0,0,0,0
"MtrNatGas",10,1,19,"",10.3277,0,0,0,5.99032,0,0,0,0,0,0,0,0,0,0,0,0,0,0,0,4.33736,0,0,0,0
"MtrNatGas",10,1,20,"",24.2791,0,0,0,21.9176,0,0,0,0,0,0,0,0,0,0,0,0,0,0,0,2.36145,0,0,0,0
"MtrNatGas",10,1,21,"",15.6936,0,0,0,14.6815,0,0,0,0,0,0,0,0,0,0,0,0,0,0,0,1.01205,0,0,0,0
"MtrNatGas",10,1,22,"",16.4417,0,0,0,15.9598,0,0,0,0,0,0,0,0,0,0,0,0,0,0,0,0.481929,0,0,0,0
"MtrNatGas",10,1,23,"",9.14406,0,0,0,7.44212,0,0,0,0,0,0,0,0,0,0,0,0,0,1.41278,0,0.289157,0,0,0,0
"MtrNatGas",10,1,24,"",9.95812,0,0,0,6.00168,0,0,0,0,0,0,0,0,0,0,0,0,0,3.71548,0,0.240965,0,0,0,0
"MtrNatGas",10,2,1,"",5.49139,0,0,0,2.79613,0,0,0,0,0,0,0,0,0,0,0,0,0,2.57478,0,0.120482,0,0,0,0
"MtrNatGas",10,2,2,"",2.89689,0,0,0,2.8005,0,0,0,0,0,0,0,0,0,0,0,0,0,0,0,0.0963858,0,0,0,0
"MtrNatGas",10,2,3,"",3.32089,0,0,0,3.2245,0,0,0,0,0,0,0,0,0,0,0,0,0,0,0,0.0963858,0,0,0,0
"MtrNatGas",10,2,4,"",2.97511,0,0,0,2.87873,0,0,0,0,0,0,0,0,0,0,0,0,0,0,0,0.0963858,0,0,0,0
"MtrNatGas",10,2,5,"",3.04552,0,0,0,2.94913,0,0,0,0,0,0,0,0,0,0,0,0,0,0,0,0.0963858,0,0,0,0
"MtrNatGas",10,2,6,"",3.82933,0,0,0,3.49198,0,0,0,0,0,0,0,0,0,0,0,0,0,0,0,0.33735,0,0,0,0
"MtrNatGas",10,2,7,"",5.49511,0,0,0,5.03728,0,0,0,0,0,0,0,0,0,0,0,0,0,0,0,0.457833,0,0,0,0
"MtrNatGas",10,2,8,"",30.9572,0,0,0,30.3548,0,0,0,0,0,0,0,0,0,0,0,0,0,0,0,0.602411,0,0,0,0
"MtrNatGas",10,2,9,"",30.6155,0,0,0,29.989,0,0,0,0,0,0,0,0,0,0,0,0,0,0,0,0.626508,0,0,0,0
"MtrNatGas",10,2,10,"",18.8201,0,0,0,12.8047,0,0,0,0,0,0,0,0,0,0,0,0,0,5.48529,0,0.530122,0,0,0,0
"MtrNatGas",10,2,11,"",13.8398,0,0,0,6.95434,0,0,0,0,0,0,0,0,0,0,0,0,0,6.37941,0,0.506026,0,0,0,0
"MtrNatGas",10,2,12,"",7.63855,0,0,0,3.40039,0,0,0,0,0,0,0,0,0,0,0,0,0,3.53936,0,0.698797,0,0,0,0
"MtrNatGas",10,2,13,"",4.16846,0,0,0,3.32508,0,0,0,0,0,0,0,0,0,0,0,0,0,0,0,0.843376,0,0,0,0
"MtrNatGas",10,2,14,"",3.30802,0,0,0,2.53693,0,0,0,0,0,0,0,0,0,0,0,0,0,0,0,0.771087,0,0,0,0
"MtrNatGas",10,2,15,"",2.15498,0,0,0,1.3357,0,0,0,0,0,0,0,0,0,0,0,0,0,0,0,0.81928,0,0,0,0
"MtrNatGas",10,2,16,"",6.38858,0,0,0,2.19424,0,0,0,0,0,0,0,0,0,0,0,0,0,2.94132,0,1.25302,0,0,0,0
"MtrNatGas",10,2,17,"",20.2441,0,0,0,5.01156,0,0,0,0,0,0,0,0,0,0,0,0,0,12.4614,0,2.77109,0,0,0,0
"MtrNatGas",10,2,18,"",17.6873,0,0,0,5.33626,0,0,0,0,0,0,0,0,0,0,0,0,0,7.70039,0,4.65062,0,0,0,0
"MtrNatGas",10,2,19,"",19.7028,0,0,0,7.66395,0,0,0,0,0,0,0,0,0,0,0,0,0,7.70148,0,4.33736,0,0,0,0
"MtrNatGas",10,2,20,"",16.1444,0,0,0,13.783,0,0,0,0,0,0,0,0,0,0,0,0,0,0,0,2.36145,0,0,0,0
"MtrNatGas",10,2,21,"",6.6791,0,0,0,5.66705,0,0,0,0,0,0,0,0,0,0,0,0,0,0,0,1.01205,0,0,0,0
"MtrNatGas",10,2,22,"",8.95317,0,0,0,8.47124,0,0,0,0,0,0,0,0,0,0,0,0,0,0,0,0.481929,0,0,0,0
"MtrNatGas",10,2,23,"",6.57075,0,0,0,6.28159,0,0,0,0,0,0,0,0,0,0,0,0,0,0,0,0.289157,0,0,0,0
"MtrNatGas",10,2,24,"",7.27116,0,0,0,7.03019,0,0,0,0,0,0,0,0,0,0,0,0,0,0,0,0.240965,0,0,0,0
"MtrNatGas",10,3,1,"",4.59619,0,0,0,4.47571,0,0,0,0,0,0,0,0,0,0,0,0,0,0,0,0.120482,0,0,0,0
"MtrNatGas",10,3,2,"",2.90258,0,0,0,2.80619,0,0,0,0,0,0,0,0,0,0,0,0,0,0,0,0.0963858,0,0,0,0
"MtrNatGas",10,3,3,"",3.02523,0,0,0,2.95294,0,0,0,0,0,0,0,0,0,0,0,0,0,0,0,0.0722894,0,0,0,0
"MtrNatGas",10,3,4,"",3.01464,0,0,0,2.94235,0,0,0,0,0,0,0,0,0,0,0,0,0,0,0,0.0722894,0,0,0,0
"MtrNatGas",10,3,5,"",2.89072,0,0,0,2.81843,0,0,0,0,0,0,0,0,0,0,0,0,0,0,0,0.0722894,0,0,0,0
"MtrNatGas",10,3,6,"",5.9763,0,0,0,5.85582,0,0,0,0,0,0,0,0,0,0,0,0,0,0,0,0.120482,0,0,0,0
"MtrNatGas",10,3,7,"",6.37953,0,0,0,6.13857,0,0,0,0,0,0,0,0,0,0,0,0,0,0,0,0.240965,0,0,0,0
"MtrNatGas",10,3,8,"",32.4037,0,0,0,27.3543,0,0,0,0,0,0,0,0,0,0,0,0,0,4.39885,0,0.650604,0,0,0,0
"MtrNatGas",10,3,9,"",31.4194,0,0,0,23.5514,0,0,0,0,0,0,0,0,0,0,0,0,0,6.7113,0,1.15663,0,0,0,0
"MtrNatGas",10,3,10,"",35.8756,0,0,0,26.2553,0,0,0,0,0,0,0,0,0,0,0,0,0,8.46361,0,1.15663,0,0,0,0
"MtrNatGas",10,3,11,"",63.0861,0,0,0,51.8254,0,0,0,0,0,0,0,0,0,0,0,0,0,10.1523,0,1.10844,0,0,0,0
"MtrNatGas",10,3,12,"",54.4825,0,0,0,39.5582,0,0,0,0,0,0,0,0,0,0,0,0,0,13.599,0,1.32531,0,0,0,0
"MtrNatGas",10,3,13,"",26.1183,0,0,0,14.0095,0,0,0,0,0,0,0,0,0,0,0,0,0,10.5907,0,1.51808,0,0,0,0
"MtrNatGas",10,3,14,"",12.2723,0,0,0,8.2692,0,0,0,0,0,0,0,0,0,0,0,0,0,2.58139,0,1.42169,0,0,0,0
"MtrNatGas",10,3,15,"",11.9393,0,0,0,5.32584,0,0,0,0,0,0,0,0,0,0,0,0,0,5.11949,0,1.49398,0,0,0,0
"MtrNatGas",10,3,16,"",7.83475,0,0,0,6.19619,0,0,0,0,0,0,0,0,0,0,0,0,0,0,0,1.63856,0,0,0,0
"MtrNatGas",10,3,17,"",14.4294,0,0,0,8.65664,0,0,0,0,0,0,0,0,0,0,0,0,0,3.58002,0,2.19278,0,0,0,0
"MtrNatGas",10,3,18,"",34.8698,0,0,0,27.3976,0,0,0,0,0,0,0,0,0,0,0,0,0,4.12283,0,3.34941,0,0,0,0
"MtrNatGas",10,3,19,"",24.351,0,0,0,21.2425,0,0,0,0,0,0,0,0,0,0,0,0,0,0,0,3.10844,0,0,0,0
"MtrNatGas",10,3,20,"",18.502,0,0,0,16.7671,0,0,0,0,0,0,0,0,0,0,0,0,0,0,0,1.73494,0,0,0,0
"MtrNatGas",10,3,21,"",27.6293,0,0,0,15.9962,0,0,0,0,0,0,0,0,0,0,0,0,0,10.8621,0,0.771087,0,0,0,0
"MtrNatGas",10,3,22,"",15.5445,0,0,0,10.6663,0,0,0,0,0,0,0,0,0,0,0,0,0,4.54086,0,0.33735,0,0,0,0
"MtrNatGas",10,3,23,"",6.16412,0,0,0,5.94725,0,0,0,0,0,0,0,0,0,0,0,0,0,0,0,0.216868,0,0,0,0
"MtrNatGas",10,3,24,"",5.30019,0,0,0,5.1797,0,0,0,0,0,0,0,0,0,0,0,0,0,0,0,0.120482,0,0,0,0
"MtrNatGas",10,4,1,"",6.71305,0,0,0,6.59256,0,0,0,0,0,0,0,0,0,0,0,0,0,0,0,0.120482,0,0,0,0
"MtrNatGas",10,4,2,"",4.27661,0,0,0,4.18022,0,0,0,0,0,0,0,0,0,0,0,0,0,0,0,0.0963858,0,0,0,0
"MtrNatGas",10,4,3,"",4.92587,0,0,0,4.85358,0,0,0,0,0,0,0,0,0,0,0,0,0,0,0,0.0722894,0,0,0,0
"MtrNatGas",10,4,4,"",4.1869,0,0,0,4.11461,0,0,0,0,0,0,0,0,0,0,0,0,0,0,0,0.0722894,0,0,0,0
"MtrNatGas",10,4,5,"",2.88679,0,0,0,2.8145,0,0,0,0,0,0,0,0,0,0,0,0,0,0,0,0.0722894,0,0,0,0
"MtrNatGas",10,4,6,"",5.45443,0,0,0,5.33395,0,0,0,0,0,0,0,0,0,0,0,0,0,0,0,0.120482,0,0,0,0
"MtrNatGas",10,4,7,"",5.44957,0,0,0,5.20861,0,0,0,0,0,0,0,0,0,0,0,0,0,0,0,0.240965,0,0,0,0
"MtrNatGas",10,4,8,"",20.0678,0,0,0,15.0183,0,0,0,0,0,0,0,0,0,0,0,0,0,4.39885,0,0.650604,0,0,0,0
"MtrNatGas",10,4,9,"",27.7405,0,0,0,19.8726,0,0,0,0,0,0,0,0,0,0,0,0,0,6.7113,0,1.15663,0,0,0,0
"MtrNatGas",10,4,10,"",37.5613,0,0,0,32.109,0,0,0,0,0,0,0,0,0,0,0,0,0,4.29572,0,1.15663,0,0,0,0
"MtrNatGas",10,4,11,"",35.5991,0,0,0,23.35,0,0,0,0,0,0,0,0,0,0,0,0,0,11.1407,0,1.10844,0,0,0,0
"MtrNatGas",10,4,12,"",33.3199,0,0,0,16.3027,0,0,0,0,0,0,0,0,0,0,0,0,0,15.692,0,1.32531,0,0,0,0
"MtrNatGas",10,4,13,"",17.2447,0,0,0,4.0522,0,0,0,0,0,0,0,0,0,0,0,0,0,11.6744,0,1.51808,0,0,0,0
"MtrNatGas",10,4,14,"",7.11989,0,0,0,5.6982,0,0,0,0,0,0,0,0,0,0,0,0,0,0,0,1.42169,0,0,0,0
"MtrNatGas",10,4,15,"",6.23684,0,0,0,4.74286,0,0,0,0,0,0,0,0,0,0,0,0,0,0,0,1.49398,0,0,0,0
"MtrNatGas",10,4,16,"",5.28348,0,0,0,3.64493,0,0,0,0,0,0,0,0,0,0,0,0,0,0,0,1.63856,0,0,0,0
"MtrNatGas",10,4,17,"",6.59623,0,0,0,4.40345,0,0,0,0,0,0,0,0,0,0,0,0,0,0,0,2.19278,0,0,0,0
"MtrNatGas",10,4,18,"",10.2458,0,0,0,6.89641,0,0,0,0,0,0,0,0,0,0,0,0,0,0,0,3.34941,0,0,0,0
"MtrNatGas",10,4,19,"",27.6424,0,0,0,16.8312,0,0,0,0,0,0,0,0,0,0,0,0,0,7.7027,0,3.10844,0,0,0,0
"MtrNatGas",10,4,20,"",15.0311,0,0,0,13.2962,0,0,0,0,0,0,0,0,0,0,0,0,0,0,0,1.73494,0,0,0,0
"MtrNatGas",10,4,21,"",18.5588,0,0,0,14.9195,0,0,0,0,0,0,0,0,0,0,0,0,0,2.86817,0,0.771087,0,0,0,0
"MtrNatGas",10,4,22,"",22.1142,0,0,0,16.943,0,0,0,0,0,0,0,0,0,0,0,0,0,4.83381,0,0.33735,0,0,0,0
"MtrNatGas",10,4,23,"",3.67996,0,0,0,3.46309,0,0,0,0,0,0,0,0,0,0,0,0,0,0,0,0.216868,0,0,0,0
"MtrNatGas",10,4,24,"",6.64352,0,0,0,6.52304,0,0,0,0,0,0,0,0,0,0,0,0,0,0,0,0.120482,0,0,0,0
"MtrNatGas",10,5,1,"",4.08044,0,0,0,3.95995,0,0,0,0,0,0,0,0,0,0,0,0,0,0,0,0.120482,0,0,0,0
"MtrNatGas",10,5,2,"",3.20738,0,0,0,3.11099,0,0,0,0,0,0,0,0,0,0,0,0,0,0,0,0.0963858,0,0,0,0
"MtrNatGas",10,5,3,"",2.91569,0,0,0,2.81931,0,0,0,0,0,0,0,0,0,0,0,0,0,0,0,0.0963858,0,0,0,0
"MtrNatGas",10,5,4,"",2.91569,0,0,0,2.81931,0,0,0,0,0,0,0,0,0,0,0,0,0,0,0,0.0963858,0,0,0,0
"MtrNatGas",10,5,5,"",2.91525,0,0,0,2.81887,0,0,0,0,0,0,0,0,0,0,0,0,0,0,0,0.0963858,0,0,0,0
"MtrNatGas",10,5,6,"",3.31076,0,0,0,2.97341,0,0,0,0,0,0,0,0,0,0,0,0,0,0,0,0.33735,0,0,0,0
"MtrNatGas",10,5,7,"",4.70297,0,0,0,4.24514,0,0,0,0,0,0,0,0,0,0,0,0,0,0,0,0.457833,0,0,0,0
"MtrNatGas",10,5,8,"",15.8996,0,0,0,15.2971,0,0,0,0,0,0,0,0,0,0,0,0,0,0,0,0.602411,0,0,0,0
"MtrNatGas",10,5,9,"",25.1112,0,0,0,16.7842,0,0,0,0,0,0,0,0,0,0,0,0,0,7.70058,0,0.626508,0,0,0,0
"MtrNatGas",10,5,10,"",26.5708,0,0,0,21.024,0,0,0,0,0,0,0,0,0,0,0,0,0,5.01665,0,0.530122,0,0,0,0
"MtrNatGas",10,5,11,"",19.9107,0,0,0,9.0163,0,0,0,0,0,0,0,0,0,0,0,0,0,10.3884,0,0.506026,0,0,0,0
"MtrNatGas",10,5,12,"",18.5221,0,0,0,6.25039,0,0,0,0,0,0,0,0,0,0,0,0,0,11.5729,0,0.698797,0,0,0,0
"MtrNatGas",10,5,13,"",7.52432,0,0,0,2.85459,0,0,0,0,0,0,0,0,0,0,0,0,0,3.82636,0,0.843376,0,0,0,0
"MtrNatGas",10,5,14,"",5.09079,0,0,0,4.3197,0,0,0,0,0,0,0,0,0,0,0,0,0,0,0,0.771087,0,0,0,0
"MtrNatGas",10,5,15,"",22.9071,0,0,0,6.68639,0,0,0,0,0,0,0,0,0,0,0,0,0,15.4014,0,0.81928,0,0,0,0
"MtrNatGas",10,5,16,"",5.86727,0,0,0,4.61426,0,0,0,0,0,0,0,0,0,0,0,0,0,0,0,1.25302,0,0,0,0
"MtrNatGas",10,5,17,"",8.42808,0,0,0,5.65699,0,0,0,0,0,0,0,0,0,0,0,0,0,0,0,2.77109,0,0,0,0
"MtrNatGas",10,5,18,"",11.8698,0,0,0,7.21915,0,0,0,0,0,0,0,0,0,0,0,0,0,0,0,4.65062,0,0,0,0
"MtrNatGas",10,5,19,"",13.8809,0,0,0,9.54349,0,0,0,0,0,0,0,0,0,0,0,0,0,0,0,4.33736,0,0,0,0
"MtrNatGas",10,5,20,"",13.2884,0,0,0,10.927,0,0,0,0,0,0,0,0,0,0,0,0,0,0,0,2.36145,0,0,0,0
"MtrNatGas",10,5,21,"",12.6292,0,0,0,11.6172,0,0,0,0,0,0,0,0,0,0,0,0,0,0,0,1.01205,0,0,0,0
"MtrNatGas",10,5,22,"",4.8381,0,0,0,4.35617,0,0,0,0,0,0,0,0,0,0,0,0,0,0,0,0.481929,0,0,0,0
"MtrNatGas",10,5,23,"",4.22308,0,0,0,3.93392,0,0,0,0,0,0,0,0,0,0,0,0,0,0,0,0.289157,0,0,0,0
"MtrNatGas",10,5,24,"",7.76322,0,0,0,7.52225,0,0,0,0,0,0,0,0,0,0,0,0,0,0,0,0.240965,0,0,0,0
"MtrNatGas",10,6,1,"",3.51482,0,0,0,3.39434,0,0,0,0,0,0,0,0,0,0,0,0,0,0,0,0.120482,0,0,0,0
"MtrNatGas",10,6,2,"",2.91044,0,0,0,2.81406,0,0,0,0,0,0,0,0,0,0,0,0,0,0,0,0.0963858,0,0,0,0
"MtrNatGas",10,6,3,"",3.289,0,0,0,3.19261,0,0,0,0,0,0,0,0,0,0,0,0,0,0,0,0.0963858,0,0,0,0
"MtrNatGas",10,6,4,"",3.20326,0,0,0,3.10687,0,0,0,0,0,0,0,0,0,0,0,0,0,0,0,0.0963858,0,0,0,0
"MtrNatGas",10,6,5,"",3.06021,0,0,0,2.96382,0,0,0,0,0,0,0,0,0,0,0,0,0,0,0,0.0963858,0,0,0,0
"MtrNatGas",10,6,6,"",7.80443,0,0,0,7.46708,0,0,0,0,0,0,0,0,0,0,0,0,0,0,0,0.33735,0,0,0,0
"MtrNatGas",10,6,7,"",11.1642,0,0,0,10.7064,0,0,0,0,0,0,0,0,0,0,0,0,0,0,0,0.457833,0,0,0,0
"MtrNatGas",10,6,8,"",35.9422,0,0,0,27.6367,0,0,0,0,0,0,0,0,0,0,0,0,0,7.70312,0,0.602411,0,0,0,0
"MtrNatGas",10,6,9,"",15.5142,0,0,0,14.8876,0,0,0,0,0,0,0,0,0,0,0,0,0,0,0,0.626508,0,0,0,0
"MtrNatGas",10,6,10,"",14.479,0,0,0,13.9488,0,0,0,0,0,0,0,0,0,0,0,0,0,0,0,0.530122,0,0,0,0
"MtrNatGas",10,6,11,"",19.8895,0,0,0,11.6803,0,0,0,0,0,0,0,0,0,0,0,0,0,7.70308,0,0.506026,0,0,0,0
"MtrNatGas",10,6,12,"",5.59867,0,0,0,4.89987,0,0,0,0,0,0,0,0,0,0,0,0,0,0,0,0.698797,0,0,0,0
"MtrNatGas",10,6,13,"",8.06602,0,0,0,7.22265,0,0,0,0,0,0,0,0,0,0,0,0,0,0,0,0.843376,0,0,0,0
"MtrNatGas",10,6,14,"",4.6922,0,0,0,3.92111,0,0,0,0,0,0,0,0,0,0,0,0,0,0,0,0.771087,0,0,0,0
"MtrNatGas",10,6,15,"",4.87347,0,0,0,4.05419,0,0,0,0,0,0,0,0,0,0,0,0,0,0,0,0.81928,0,0,0,0
"MtrNatGas",10,6,16,"",9.00038,0,0,0,3.91273,0,0,0,0,0,0,0,0,0,0,0,0,0,3.83464,0,1.25302,0,0,0,0
"MtrNatGas",10,6,17,"",10.2194,0,0,0,3.5827,0,0,0,0,0,0,0,0,0,0,0,0,0,3.86561,0,2.77109,0,0,0,0
"MtrNatGas",10,6,18,"",8.88555,0,0,0,4.23493,0,0,0,0,0,0,0,0,0,0,0,0,0,0,0,4.65062,0,0,0,0
"MtrNatGas",10,6,19,"",12.0917,0,0,0,7.75433,0,0,0,0,0,0,0,0,0,0,0,0,0,0,0,4.33736,0,0,0,0
"MtrNatGas",10,6,20,"",24.3879,0,0,0,14.3256,0,0,0,0,0,0,0,0,0,0,0,0,0,7.70077,0,2.36145,0,0,0,0
"MtrNatGas",10,6,21,"",10.4304,0,0,0,9.41837,0,0,0,0,0,0,0,0,0,0,0,0,0,0,0,1.01205,0,0,0,0
"MtrNatGas",10,6,22,"",15.8298,0,0,0,15.3478,0,0,0,0,0,0,0,0,0,0,0,0,0,0,0,0.481929,0,0,0,0
"MtrNatGas",10,6,23,"",18.5276,0,0,0,16.8257,0,0,0,0,0,0,0,0,0,0,0,0,0,1.41278,0,0.289157,0,0,0,0
"MtrNatGas",10,6,24,"",19.3512,0,0,0,15.3947,0,0,0,0,0,0,0,0,0,0,0,0,0,3.71548,0,0.240965,0,0,0,0
"MtrNatGas",10,7,1,"",8.6051,0,0,0,5.90984,0,0,0,0,0,0,0,0,0,0,0,0,0,2.57478,0,0.120482,0,0,0,0
"MtrNatGas",10,7,2,"",2.91176,0,0,0,2.81537,0,0,0,0,0,0,0,0,0,0,0,0,0,0,0,0.0963858,0,0,0,0
"MtrNatGas",10,7,3,"",2.9135,0,0,0,2.81712,0,0,0,0,0,0,0,0,0,0,0,0,0,0,0,0.0963858,0,0,0,0
"MtrNatGas",10,7,4,"",2.91569,0,0,0,2.8193,0,0,0,0,0,0,0,0,0,0,0,0,0,0,0,0.0963858,0,0,0,0
"MtrNatGas",10,7,5,"",2.91744,0,0,0,2.82106,0,0,0,0,0,0,0,0,0,0,0,0,0,0,0,0.0963858,0,0,0,0
"MtrNatGas",10,7,6,"",3.84944,0,0,0,3.51209,0,0,0,0,0,0,0,0,0,0,0,0,0,0,0,0.33735,0,0,0,0
"MtrNatGas",10,7,7,"",6.54645,0,0,0,6.08862,0,0,0,0,0,0,0,0,0,0,0,0,0,0,0,0.457833,0,0,0,0
"MtrNatGas",10,7,8,"",12.9031,0,0,0,12.3007,0,0,0,0,0,0,0,0,0,0,0,0,0,0,0,0.602411,0,0,0,0
"MtrNatGas",10,7,9,"",43.763,0,0,0,43.1365,0,0,0,0,0,0,0,0,0,0,0,0,0,0,0,0.626508,0,0,0,0
"MtrNatGas",10,7,10,"",10.0975,0,0,0,9.56737,0,0,0,0,0,0,0,0,0,0,0,0,0,0,0,0.530122,0,0,0,0
"MtrNatGas",10,7,11,"",9.05947,0,0,0,8.55345,0,0,0,0,0,0,0,0,0,0,0,0,0,0,0,0.506026,0,0,0,0
"MtrNatGas",10,7,12,"",8.77559,0,0,0,8.07679,0,0,0,0,0,0,0,0,0,0,0,0,0,0,0,0.698797,0,0,0,0
"MtrNatGas",10,7,13,"",12.3212,0,0,0,3.77625,0,0,0,0,0,0,0,0,0,0,0,0,0,7.70155,0,0.843376,0,0,0,0
"MtrNatGas",10,7,14,"",5.1916,0,0,0,4.42052,0,0,0,0,0,0,0,0,0,0,0,0,0,0,0,0.771087,0,0,0,0
"MtrNatGas",10,7,15,"",19.953,0,0,0,11.433,0,0,0,0,0,0,0,0,0,0,0,0,0,7.7007,0,0.81928,0,0,0,0
"MtrNatGas",10,7,16,"",15.5911,0,0,0,11.3968,0,0,0,0,0,0,0,0,0,0,0,0,0,2.94132,0,1.25302,0,0,0,0
"MtrNatGas",10,7,17,"",28.3696,0,0,0,13.1371,0,0,0,0,0,0,0,0,0,0,0,0,0,12.4614,0,2.77109,0,0,0,0
"MtrNatGas",10,7,18,"",25.1494,0,0,0,12.7983,0,0,0,0,0,0,0,0,0,0,0,0,0,7.70039,0,4.65062,0,0,0,0
"MtrNatGas",10,7,19,"",29.1162,0,0,0,17.0773,0,0,0,0,0,0,0,0,0,0,0,0,0,7.70148,0,4.33736,0,0,0,0
"MtrNatGas",10,7,20,"",16.4729,0,0,0,14.1114,0,0,0,0,0,0,0,0,0,0,0,0,0,0,0,2.36145,0,0,0,0
"MtrNatGas",10,7,21,"",13.3664,0,0,0,12.3544,0,0,0,0,0,0,0,0,0,0,0,0,0,0,0,1.01205,0,0,0,0
"MtrNatGas",10,7,22,"",14.0617,0,0,0,13.5798,0,0,0,0,0,0,0,0,0,0,0,0,0,0,0,0.481929,0,0,0,0
"MtrNatGas",10,7,23,"",6.58993,0,0,0,6.30078,0,0,0,0,0,0,0,0,0,0,0,0,0,0,0,0.289157,0,0,0,0
"MtrNatGas",10,7,24,"",9.70942,0,0,0,7.50367,0,0,0,0,0,0,0,0,0,0,0,0,0,1.96479,0,0.240965,0,0,0,0
"MtrNatGas",10,8,1,"",9.01938,0,0,0,3.16345,0,0,0,0,0,0,0,0,0,0,0,0,0,5.73545,0,0.120482,0,0,0,0
"MtrNatGas",10,8,2,"",3.07126,0,0,0,2.97487,0,0,0,0,0,0,0,0,0,0,0,0,0,0,0,0.0963858,0,0,0,0
"MtrNatGas",10,8,3,"",4.08421,0,0,0,3.98783,0,0,0,0,0,0,0,0,0,0,0,0,0,0,0,0.0963858,0,0,0,0
"MtrNatGas",10,8,4,"",2.91482,0,0,0,2.81843,0,0,0,0,0,0,0,0,0,0,0,0,0,0,0,0.0963858,0,0,0,0
"MtrNatGas",10,8,5,"",4.04113,0,0,0,3.94474,0,0,0,0,0,0,0,0,0,0,0,0,0,0,0,0.0963858,0,0,0,0
"MtrNatGas",10,8,6,"",7.37359,0,0,0,7.03624,0,0,0,0,0,0,0,0,0,0,0,0,0,0,0,0.33735,0,0,0,0
"MtrNatGas",10,8,7,"",12.0186,0,0,0,11.5608,0,0,0,0,0,0,0,0,0,0,0,0,0,0,0,0.457833,0,0,0,0
"MtrNatGas",10,8,8,"",22.9483,0,0,0,22.3459,0,0,0,0,0,0,0,0,0,0,0,0,0,0,0,0.602411,0,0,0,0
"MtrNatGas",10,8,9,"",32.7943,0,0,0,32.1678,0,0,0,0,0,0,0,0,0,0,0,0,0,0,0,0.626508,0,0,0,0
"MtrNatGas",10,8,10,"",17.1511,0,0,0,16.621,0,0,0,0,0,0,0,0,0,0,0,0,0,0,0,0.530122,0,0,0,0
"MtrNatGas",10,8,11,"",4.82798,0,0,0,4.32195,0,0,0,0,0,0,0,0,0,0,0,0,0,0,0,0.506026,0,0,0,0
"MtrNatGas",10,8,12,"",5.25101,0,0,0,4.55222,0,0,0,0,0,0,0,0,0,0,0,0,0,0,0,0.698797,0,0,0,0
"MtrNatGas",10,8,13,"",4.98263,0,0,0,4.13925,0,0,0,0,0,0,0,0,0,0,0,0,0,0,0,0.843376,0,0,0,0
"MtrNatGas",10,8,14,"",4.96099,0,0,0,4.1899,0,0,0,0,0,0,0,0,0,0,0,0,0,0,0,0.771087,0,0,0,0
"MtrNatGas",10,8,15,"",13.2072,0,0,0,4.68724,0,0,0,0,0,0,0,0,0,0,0,0,0,7.7007,0,0.81928,0,0,0,0
"MtrNatGas",10,8,16,"",9.73672,0,0,0,5.54239,0,0,0,0,0,0,0,0,0,0,0,0,0,2.94132,0,1.25302,0,0,0,0
"MtrNatGas",10,8,17,"",16.8986,0,0,0,9.36862,0,0,0,0,0,0,0,0,0,0,0,0,0,4.75893,0,2.77109,0,0,0,0
"MtrNatGas",10,8,18,"",10.0547,0,0,0,5.4041,0,0,0,0,0,0,0,0,0,0,0,0,0,0,0,4.65062,0,0,0,0
"MtrNatGas",10,8,19,"",12.0551,0,0,0,7.71777,0,0,0,0,0,0,0,0,0,0,0,0,0,0,0,4.33736,0,0,0,0
"MtrNatGas",10,8,20,"",17.9061,0,0,0,15.5447,0,0,0,0,0,0,0,0,0,0,0,0,0,0,0,2.36145,0,0,0,0
"MtrNatGas",10,8,21,"",9.86445,0,0,0,8.8524,0,0,0,0,0,0,0,0,0,0,0,0,0,0,0,1.01205,0,0,0,0
"MtrNatGas",10,8,22,"",15.3039,0,0,0,14.822,0,0,0,0,0,0,0,0,0,0,0,0,0,0,0,0.481929,0,0,0,0
"MtrNatGas",10,8,23,"",12.7011,0,0,0,4.97621,0,0,0,0,0,0,0,0,0,0,0,0,0,7.43576,0,0.289157,0,0,0,0
"MtrNatGas",10,8,24,"",3.69123,0,0,0,3.18387,0,0,0,0,0,0,0,0,0,0,0,0,0,0.266395,0,0.240965,0,0,0,0
"MtrNatGas",10,9,1,"",4.00402,0,0,0,3.88354,0,0,0,0,0,0,0,0,0,0,0,0,0,0,0,0.120482,0,0,0,0
"MtrNatGas",10,9,2,"",2.91919,0,0,0,2.8228,0,0,0,0,0,0,0,0,0,0,0,0,0,0,0,0.0963858,0,0,0,0
"MtrNatGas",10,9,3,"",2.9205,0,0,0,2.82412,0,0,0,0,0,0,0,0,0,0,0,0,0,0,0,0.0963858,0,0,0,0
"MtrNatGas",10,9,4,"",2.92138,0,0,0,2.82499,0,0,0,0,0,0,0,0,0,0,0,0,0,0,0,0.0963858,0,0,0,0
"MtrNatGas",10,9,5,"",2.92269,0,0,0,2.8263,0,0,0,0,0,0,0,0,0,0,0,0,0,0,0,0.0963858,0,0,0,0
"MtrNatGas",10,9,6,"",4.08729,0,0,0,3.74994,0,0,0,0,0,0,0,0,0,0,0,0,0,0,0,0.33735,0,0,0,0
"MtrNatGas",10,9,7,"",19.2567,0,0,0,18.7988,0,0,0,0,0,0,0,0,0,0,0,0,0,0,0,0.457833,0,0,0,0
"MtrNatGas",10,9,8,"",13.1201,0,0,0,12.5177,0,0,0,0,0,0,0,0,0,0,0,0,0,0,0,0.602411,0,0,0,0
"MtrNatGas",10,9,9,"",12.4463,0,0,0,11.8198,0,0,0,0,0,0,0,0,0,0,0,0,0,0,0,0.626508,0,0,0,0
"MtrNatGas",10,9,10,"",11.8751,0,0,0,7.03259,0,0,0,0,0,0,0,0,0,0,0,0,0,4.31242,0,0.530122,0,0,0,0
"MtrNatGas",10,9,11,"",8.11166,0,0,0,4.21582,0,0,0,0,0,0,0,0,0,0,0,0,0,3.38981,0,0.506026,0,0,0,0
"MtrNatGas",10,9,12,"",3.97649,0,0,0,3.2777,0,0,0,0,0,0,0,0,0,0,0,0,0,0,0,0.698797,0,0,0,0
"MtrNatGas",10,9,13,"",4.52884,0,0,0,3.68546,0,0,0,0,0,0,0,0,0,0,0,0,0,0,0,0.843376,0,0,0,0
"MtrNatGas",10,9,14,"",3.79929,0,0,0,3.0282,0,0,0,0,0,0,0,0,0,0,0,0,0,0,0,0.771087,0,0,0,0
"MtrNatGas",10,9,15,"",14.009,0,0,0,13.1898,0,0,0,0,0,0,0,0,0,0,0,0,0,0,0,0.81928,0,0,0,0
"MtrNatGas",10,9,16,"",14.4562,0,0,0,10.2619,0,0,0,0,0,0,0,0,0,0,0,0,0,2.94132,0,1.25302,0,0,0,0
"MtrNatGas",10,9,17,"",16.954,0,0,0,9.42395,0,0,0,0,0,0,0,0,0,0,0,0,0,4.75893,0,2.77109,0,0,0,0
"MtrNatGas",10,9,18,"",15.4254,0,0,0,10.7748,0,0,0,0,0,0,0,0,0,0,0,0,0,0,0,4.65062,0,0,0,0
"MtrNatGas",10,9,19,"",12.7834,0,0,0,8.44602,0,0,0,0,0,0,0,0,0,0,0,0,0,0,0,4.33736,0,0,0,0
"MtrNatGas",10,9,20,"",17.5748,0,0,0,15.2133,0,0,0,0,0,0,0,0,0,0,0,0,0,0,0,2.36145,0,0,0,0
"MtrNatGas",10,9,21,"",8.35861,0,0,0,7.34656,0,0,0,0,0,0,0,0,0,0,0,0,0,0,0,1.01205,0,0,0,0
"MtrNatGas",10,9,22,"",12.4915,0,0,0,12.0096,0,0,0,0,0,0,0,0,0,0,0,0,0,0,0,0.481929,0,0,0,0
"MtrNatGas",10,9,23,"",7.842,0,0,0,7.55284,0,0,0,0,0,0,0,0,0,0,0,0,0,0,0,0.289157,0,0,0,0
"MtrNatGas",10,9,24,"",6.07611,0,0,0,5.83514,0,0,0,0,0,0,0,0,0,0,0,0,0,0,0,0.240965,0,0,0,0
"MtrNatGas",10,10,1,"",2.9446,0,0,0,2.82412,0,0,0,0,0,0,0,0,0,0,0,0,0,0,0,0.120482,0,0,0,0
"MtrNatGas",10,10,2,"",3.0725,0,0,0,2.97611,0,0,0,0,0,0,0,0,0,0,0,0,0,0,0,0.0963858,0,0,0,0
"MtrNatGas",10,10,3,"",2.89947,0,0,0,2.82718,0,0,0,0,0,0,0,0,0,0,0,0,0,0,0,0.0722894,0,0,0,0
"MtrNatGas",10,10,4,"",2.90078,0,0,0,2.82849,0,0,0,0,0,0,0,0,0,0,0,0,0,0,0,0.0722894,0,0,0,0
"MtrNatGas",10,10,5,"",2.90253,0,0,0,2.83024,0,0,0,0,0,0,0,0,0,0,0,0,0,0,0,0.0722894,0,0,0,0
"MtrNatGas",10,10,6,"",2.95203,0,0,0,2.83155,0,0,0,0,0,0,0,0,0,0,0,0,0,0,0,0.120482,0,0,0,0
"MtrNatGas",10,10,7,"",4.33425,0,0,0,4.09329,0,0,0,0,0,0,0,0,0,0,0,0,0,0,0,0.240965,0,0,0,0
"MtrNatGas",10,10,8,"",10.0007,0,0,0,9.35013,0,0,0,0,0,0,0,0,0,0,0,0,0,0,0,0.650604,0,0,0,0
"MtrNatGas",10,10,9,"",28.4385,0,0,0,27.2818,0,0,0,0,0,0,0,0,0,0,0,0,0,0,0,1.15663,0,0,0,0
"MtrNatGas",10,10,10,"",56.6865,0,0,0,55.5299,0,0,0,0,0,0,0,0,0,0,0,0,0,0,0,1.15663,0,0,0,0
"MtrNatGas",10,10,11,"",35.8582,0,0,0,27.0474,0,0,0,0,0,0,0,0,0,0,0,0,0,7.70236,0,1.10844,0,0,0,0
"MtrNatGas",10,10,12,"",28.0926,0,0,0,12.2038,0,0,0,0,0,0,0,0,0,0,0,0,0,14.5635,0,1.32531,0,0,0,0
"MtrNatGas",10,10,13,"",26.6431,0,0,0,10.3793,0,0,0,0,0,0,0,0,0,0,0,0,0,14.7457,0,1.51808,0,0,0,0
"MtrNatGas",10,10,14,"",33.039,0,0,0,19.8517,0,0,0,0,0,0,0,0,0,0,0,0,0,11.7656,0,1.42169,0,0,0,0
"MtrNatGas",10,10,15,"",11.447,0,0,0,4.81913,0,0,0,0,0,0,0,0,0,0,0,0,0,5.13393,0,1.49398,0,0,0,0
"MtrNatGas",10,10,16,"",6.00753,0,0,0,4.36897,0,0,0,0,0,0,0,0,0,0,0,0,0,0,0,1.63856,0,0,0,0
"MtrNatGas",10,10,17,"",7.22527,0,0,0,5.03249,0,0,0,0,0,0,0,0,0,0,0,0,0,0,0,2.19278,0,0,0,0
"MtrNatGas",10,10,18,"",7.17938,0,0,0,3.82998,0,0,0,0,0,0,0,0,0,0,0,0,0,0,0,3.34941,0,0,0,0
"MtrNatGas",10,10,19,"",18.4636,0,0,0,15.3551,0,0,0,0,0,0,0,0,0,0,0,0,0,0,0,3.10844,0,0,0,0
"MtrNatGas",10,10,20,"",25.0288,0,0,0,15.5922,0,0,0,0,0,0,0,0,0,0,0,0,0,7.70157,0,1.73494,0,0,0,0
"MtrNatGas",10,10,21,"",17.3609,0,0,0,16.5899,0,0,0,0,0,0,0,0,0,0,0,0,0,0,0,0.771087,0,0,0,0
"MtrNatGas",10,10,22,"",23.9684,0,0,0,23.631,0,0,0,0,0,0,0,0,0,0,0,0,0,0,0,0.33735,0,0,0,0
"MtrNatGas",10,10,23,"",17.7251,0,0,0,15.6599,0,0,0,0,0,0,0,0,0,0,0,0,0,1.84837,0,0.216868,0,0,0,0
"MtrNatGas",10,10,24,"",17.4948,0,0,0,11.5211,0,0,0,0,0,0,0,0,0,0,0,0,0,5.85317,0,0.120482,0,0,0,0
"MtrNatGas",10,11,1,"",11.4121,0,0,0,3.58966,0,0,0,0,0,0,0,0,0,0,0,0,0,7.70201,0,0.120482,0,0,0,0
"MtrNatGas",10,11,2,"",3.07793,0,0,0,2.98154,0,0,0,0,0,0,0,0,0,0,0,0,0,0,0,0.0963858,0,0,0,0
"MtrNatGas",10,11,3,"",3.86454,0,0,0,3.79225,0,0,0,0,0,0,0,0,0,0,0,0,0,0,0,0.0722894,0,0,0,0
"MtrNatGas",10,11,4,"",2.90777,0,0,0,2.83548,0,0,0,0,0,0,0,0,0,0,0,0,0,0,0,0.0722894,0,0,0,0
"MtrNatGas",10,11,5,"",2.90953,0,0,0,2.83724,0,0,0,0,0,0,0,0,0,0,0,0,0,0,0,0.0722894,0,0,0,0
"MtrNatGas",10,11,6,"",2.95947,0,0,0,2.83898,0,0,0,0,0,0,0,0,0,0,0,0,0,0,0,0.120482,0,0,0,0
"MtrNatGas",10,11,7,"",4.79698,0,0,0,4.55601,0,0,0,0,0,0,0,0,0,0,0,0,0,0,0,0.240965,0,0,0,0
"MtrNatGas",10,11,8,"",17.3864,0,0,0,16.7358,0,0,0,0,0,0,0,0,0,0,0,0,0,0,0,0.650604,0,0,0,0
"MtrNatGas",10,11,9,"",9.81824,0,0,0,8.66161,0,0,0,0,0,0,0,0,0,0,0,0,0,0,0,1.15663,0,0,0,0
"MtrNatGas",10,11,10,"",25.0872,0,0,0,23.9306,0,0,0,0,0,0,0,0,0,0,0,0,0,0,0,1.15663,0,0,0,0
"MtrNatGas",10,11,11,"",34.8623,0,0,0,33.7539,0,0,0,0,0,0,0,0,0,0,0,0,0,0,0,1.10844,0,0,0,0
"MtrNatGas",10,11,12,"",59.5156,0,0,0,36.7276,0,0,0,0,0,0,0,0,0,0,0,0,0,21.4627,0,1.32531,0,0,0,0
"MtrNatGas",10,11,13,"",23.3905,0,0,0,12.5282,0,0,0,0,0,0,0,0,0,0,0,0,0,9.34427,0,1.51808,0,0,0,0
"MtrNatGas",10,11,14,"",25.3089,0,0,0,20.1472,0,0,0,0,0,0,0,0,0,0,0,0,0,3.73998,0,1.42169,0,0,0,0
"MtrNatGas",10,11,15,"",15.6465,0,0,0,10.1924,0,0,0,0,0,0,0,0,0,0,0,0,0,3.96011,0,1.49398,0,0,0,0
"MtrNatGas",10,11,16,"",13.8016,0,0,0,7.76177,0,0,0,0,0,0,0,0,0,0,0,0,0,4.40128,0,1.63856,0,0,0,0
"MtrNatGas",10,11,17,"",20.8415,0,0,0,11.0704,0,0,0,0,0,0,0,0,0,0,0,0,0,7.57834,0,2.19278,0,0,0,0
"MtrNatGas",10,11,18,"",26.7737,0,0,0,15.7826,0,0,0,0,0,0,0,0,0,0,0,0,0,7.64172,0,3.34941,0,0,0,0
"MtrNatGas",10,11,19,"",37.4121,0,0,0,15.4179,0,0,0,0,0,0,0,0,0,0,0,0,0,18.8858,0,3.10844,0,0,0,0
"MtrNatGas",10,11,20,"",17.6645,0,0,0,12.3592,0,0,0,0,0,0,0,0,0,0,0,0,0,3.57035,0,1.73494,0,0,0,0
"MtrNatGas",10,11,21,"",18.6919,0,0,0,13.7897,0,0,0,0,0,0,0,0,0,0,0,0,0,4.13114,0,0.771087,0,0,0,0
"MtrNatGas",10,11,22,"",18.1973,0,0,0,17.86,0,0,0,0,0,0,0,0,0,0,0,0,0,0,0,0.33735,0,0,0,0
"MtrNatGas",10,11,23,"",22.2724,0,0,0,6.65402,0,0,0,0,0,0,0,0,0,0,0,0,0,15.4015,0,0.216868,0,0,0,0
"MtrNatGas",10,11,24,"",4.9625,0,0,0,4.84202,0,0,0,0,0,0,0,0,0,0,0,0,0,0,0,0.120482,0,0,0,0
"MtrNatGas",10,12,1,"",7.41755,0,0,0,7.29706,0,0,0,0,0,0,0,0,0,0,0,0,0,0,0,0.120482,0,0,0,0
"MtrNatGas",10,12,2,"",12.8439,0,0,0,5.04596,0,0,0,0,0,0,0,0,0,0,0,0,0,7.7016,0,0.0963858,0,0,0,0
"MtrNatGas",10,12,3,"",4.30781,0,0,0,4.21142,0,0,0,0,0,0,0,0,0,0,0,0,0,0,0,0.0963858,0,0,0,0
"MtrNatGas",10,12,4,"",3.14798,0,0,0,3.05159,0,0,0,0,0,0,0,0,0,0,0,0,0,0,0,0.0963858,0,0,0,0
"MtrNatGas",10,12,5,"",3.23574,0,0,0,3.13936,0,0,0,0,0,0,0,0,0,0,0,0,0,0,0,0.0963858,0,0,0,0
"MtrNatGas",10,12,6,"",8.28712,0,0,0,7.94977,0,0,0,0,0,0,0,0,0,0,0,0,0,0,0,0.33735,0,0,0,0
"MtrNatGas",10,12,7,"",7.97838,0,0,0,7.52055,0,0,0,0,0,0,0,0,0,0,0,0,0,0,0,0.457833,0,0,0,0
"MtrNatGas",10,12,8,"",14.5155,0,0,0,13.9131,0,0,0,0,0,0,0,0,0,0,0,0,0,0,0,0.602411,0,0,0,0
"MtrNatGas",10,12,9,"",5.82644,0,0,0,5.19994,0,0,0,0,0,0,0,0,0,0,0,0,0,0,0,0.626508,0,0,0,0
"MtrNatGas",10,12,10,"",35.2824,0,0,0,34.7523,0,0,0,0,0,0,0,0,0,0,0,0,0,0,0,0.530122,0,0,0,0
"MtrNatGas",10,12,11,"",37.8541,0,0,0,17.7801,0,0,0,0,0,0,0,0,0,0,0,0,0,19.568,0,0.506026,0,0,0,0
"MtrNatGas",10,12,12,"",25.1681,0,0,0,20.93,0,0,0,0,0,0,0,0,0,0,0,0,0,3.53936,0,0.698797,0,0,0,0
"MtrNatGas",10,12,13,"",15.8929,0,0,0,15.0495,0,0,0,0,0,0,0,0,0,0,0,0,0,0,0,0.843376,0,0,0,0
"MtrNatGas",10,12,14,"",6.29973,0,0,0,5.52865,0,0,0,0,0,0,0,0,0,0,0,0,0,0,0,0.771087,0,0,0,0
"MtrNatGas",10,12,15,"",10.24,0,0,0,5.92268,0,0,0,0,0,0,0,0,0,0,0,0,0,3.49802,0,0.81928,0,0,0,0
"MtrNatGas",10,12,16,"",12.8004,0,0,0,4.40411,0,0,0,0,0,0,0,0,0,0,0,0,0,7.14327,0,1.25302,0,0,0,0
"MtrNatGas",10,12,17,"",13.0384,0,0,0,5.50842,0,0,0,0,0,0,0,0,0,0,0,0,0,4.75893,0,2.77109,0,0,0,0
"MtrNatGas",10,12,18,"",8.06817,0,0,0,3.41756,0,0,0,0,0,0,0,0,0,0,0,0,0,0,0,4.65062,0,0,0,0
"MtrNatGas",10,12,19,"",15.4766,0,0,0,11.1392,0,0,0,0,0,0,0,0,0,0,0,0,0,0,0,4.33736,0,0,0,0
"MtrNatGas",10,12,20,"",12.2428,0,0,0,9.88136,0,0,0,0,0,0,0,0,0,0,0,0,0,0,0,2.36145,0,0,0,0
"MtrNatGas",10,12,21,"",8.13868,0,0,0,7.12663,0,0,0,0,0,0,0,0,0,0,0,0,0,0,0,1.01205,0,0,0,0
"MtrNatGas",10,12,22,"",20.4917,0,0,0,20.0098,0,0,0,0,0,0,0,0,0,0,0,0,0,0,0,0.481929,0,0,0,0
"MtrNatGas",10,12,23,"",29.9142,0,0,0,19.0979,0,0,0,0,0,0,0,0,0,0,0,0,0,10.5272,0,0.289157,0,0,0,0
"MtrNatGas",10,12,24,"",19.13,0,0,0,11.4581,0,0,0,0,0,0,0,0,0,0,0,0,0,7.43096,0,0.240965,0,0,0,0
"MtrNatGas",10,13,1,"",8.9497,0,0,0,3.67966,0,0,0,0,0,0,0,0,0,0,0,0,0,5.14956,0,0.120482,0,0,0,0
"MtrNatGas",10,13,2,"",3.07723,0,0,0,2.98084,0,0,0,0,0,0,0,0,0,0,0,0,0,0,0,0.0963858,0,0,0,0
"MtrNatGas",10,13,3,"",4.1534,0,0,0,4.05701,0,0,0,0,0,0,0,0,0,0,0,0,0,0,0,0.0963858,0,0,0,0
"MtrNatGas",10,13,4,"",2.93275,0,0,0,2.83636,0,0,0,0,0,0,0,0,0,0,0,0,0,0,0,0.0963858,0,0,0,0
"MtrNatGas",10,13,5,"",3.08287,0,0,0,2.98648,0,0,0,0,0,0,0,0,0,0,0,0,0,0,0,0.0963858,0,0,0,0
"MtrNatGas",10,13,6,"",8.67968,0,0,0,8.34232,0,0,0,0,0,0,0,0,0,0,0,0,0,0,0,0.33735,0,0,0,0
"MtrNatGas",10,13,7,"",20.8017,0,0,0,12.6438,0,0,0,0,0,0,0,0,0,0,0,0,0,7.70002,0,0.457833,0,0,0,0
"MtrNatGas",10,13,8,"",13.6172,0,0,0,13.0148,0,0,0,0,0,0,0,0,0,0,0,0,0,0,0,0.602411,0,0,0,0
"MtrNatGas",10,13,9,"",8.90327,0,0,0,8.27676,0,0,0,0,0,0,0,0,0,0,0,0,0,0,0,0.626508,0,0,0,0
"MtrNatGas",10,13,10,"",36.9389,0,0,0,33.9004,0,0,0,0,0,0,0,0,0,0,0,0,0,2.50833,0,0.530122,0,0,0,0
"MtrNatGas",10,13,11,"",28.051,0,0,0,10.4859,0,0,0,0,0,0,0,0,0,0,0,0,0,17.0591,0,0.506026,0,0,0,0
"MtrNatGas",10,13,12,"",9.00348,0,0,0,4.76533,0,0,0,0,0,0,0,0,0,0,0,0,0,3.53936,0,0.698797,0,0,0,0
"MtrNatGas",10,13,13,"",5.74343,0,0,0,4.90005,0,0,0,0,0,0,0,0,0,0,0,0,0,0,0,0.843376,0,0,0,0
"MtrNatGas",10,13,14,"",3.94384,0,0,0,3.17276,0,0,0,0,0,0,0,0,0,0,0,0,0,0,0,0.771087,0,0,0,0
"MtrNatGas",10,13,15,"",3.46131,0,0,0,2.64203,0,0,0,0,0,0,0,0,0,0,0,0,0,0,0,0.81928,0,0,0,0
"MtrNatGas",10,13,16,"",2.53902,0,0,0,1.286,0,0,0,0,0,0,0,0,0,0,0,0,0,0,0,1.25302,0,0,0,0
"MtrNatGas",10,13,17,"",4.14001,0,0,0,1.36892,0,0,0,0,0,0,0,0,0,0,0,0,0,0,0,2.77109,0,0,0,0
"MtrNatGas",10,13,18,"",5.94558,0,0,0,1.29496,0,0,0,0,0,0,0,0,0,0,0,0,0,0,0,4.65062,0,0,0,0
"MtrNatGas",10,13,19,"",5.74894,0,0,0,1.41158,0,0,0,0,0,0,0,0,0,0,0,0,0,0,0,4.33736,0,0,0,0
"MtrNatGas",10,13,20,"",3.66638,0,0,0,1.30493,0,0,0,0,0,0,0,0,0,0,0,0,0,0,0,2.36145,0,0,0,0
"MtrNatGas",10,13,21,"",2.87664,0,0,0,1.86459,0,0,0,0,0,0,0,0,0,0,0,0,0,0,0,1.01205,0,0,0,0
"MtrNatGas",10,13,22,"",5.72761,0,0,0,5.24568,0,0,0,0,0,0,0,0,0,0,0,0,0,0,0,0.481929,0,0,0,0
"MtrNatGas",10,13,23,"",6.47511,0,0,0,4.77317,0,0,0,0,0,0,0,0,0,0,0,0,0,1.41278,0,0.289157,0,0,0,0
"MtrNatGas",10,13,24,"",9.5846,0,0,0,5.62815,0,0,0,0,0,0,0,0,0,0,0,0,0,3.71548,0,0.240965,0,0,0,0
"MtrNatGas",10,14,1,"",6.03741,0,0,0,3.34215,0,0,0,0,0,0,0,0,0,0,0,0,0,2.57478,0,0.120482,0,0,0,0
"MtrNatGas",10,14,2,"",3.17774,0,0,0,3.08135,0,0,0,0,0,0,0,0,0,0,0,0,0,0,0,0.0963858,0,0,0,0
"MtrNatGas",10,14,3,"",4.03067,0,0,0,3.93429,0,0,0,0,0,0,0,0,0,0,0,0,0,0,0,0.0963858,0,0,0,0
"MtrNatGas",10,14,4,"",2.917,0,0,0,2.82062,0,0,0,0,0,0,0,0,0,0,0,0,0,0,0,0.0963858,0,0,0,0
"MtrNatGas",10,14,5,"",2.91745,0,0,0,2.82106,0,0,0,0,0,0,0,0,0,0,0,0,0,0,0,0.0963858,0,0,0,0
"MtrNatGas",10,14,6,"",3.15884,0,0,0,2.82149,0,0,0,0,0,0,0,0,0,0,0,0,0,0,0,0.33735,0,0,0,0
"MtrNatGas",10,14,7,"",12.5031,0,0,0,12.0453,0,0,0,0,0,0,0,0,0,0,0,0,0,0,0,0.457833,0,0,0,0
"MtrNatGas",10,14,8,"",18.3691,0,0,0,17.7667,0,0,0,0,0,0,0,0,0,0,0,0,0,0,0,0.602411,0,0,0,0
"MtrNatGas",10,14,9,"",28.2215,0,0,0,19.8944,0,0,0,0,0,0,0,0,0,0,0,0,0,7.70058,0,0.626508,0,0,0,0
"MtrNatGas",10,14,10,"",31.8314,0,0,0,26.2846,0,0,0,0,0,0,0,0,0,0,0,0,0,5.01665,0,0.530122,0,0,0,0
"MtrNatGas",10,14,11,"",24.4194,0,0,0,9.36316,0,0,0,0,0,0,0,0,0,0,0,0,0,14.5502,0,0.506026,0,0,0,0
"MtrNatGas",10,14,12,"",19.3331,0,0,0,7.39406,0,0,0,0,0,0,0,0,0,0,0,0,0,11.2403,0,0.698797,0,0,0,0
"MtrNatGas",10,14,13,"",11.966,0,0,0,3.4211,0,0,0,0,0,0,0,0,0,0,0,0,0,7.70155,0,0.843376,0,0,0,0
"MtrNatGas",10,14,14,"",3.978,0,0,0,3.20692,0,0,0,0,0,0,0,0,0,0,0,0,0,0,0,0.771087,0,0,0,0
"MtrNatGas",10,14,15,"",3.25264,0,0,0,2.43336,0,0,0,0,0,0,0,0,0,0,0,0,0,0,0,0.81928,0,0,0,0
"MtrNatGas",10,14,16,"",2.5469,0,0,0,1.29389,0,0,0,0,0,0,0,0,0,0,0,0,0,0,0,1.25302,0,0,0,0
"MtrNatGas",10,14,17,"",4.22802,0,0,0,1.45693,0,0,0,0,0,0,0,0,0,0,0,0,0,0,0,2.77109,0,0,0,0
"MtrNatGas",10,14,18,"",5.91703,0,0,0,1.26642,0,0,0,0,0,0,0,0,0,0,0,0,0,0,0,4.65062,0,0,0,0
"MtrNatGas",10,14,19,"",8.95357,0,0,0,4.61621,0,0,0,0,0,0,0,0,0,0,0,0,0,0,0,4.33736,0,0,0,0
"MtrNatGas",10,14,20,"",7.02282,0,0,0,4.66137,0,0,0,0,0,0,0,0,0,0,0,0,0,0,0,2.36145,0,0,0,0
"MtrNatGas",10,14,21,"",13.9944,0,0,0,12.9823,0,0,0,0,0,0,0,0,0,0,0,0,0,0,0,1.01205,0,0,0,0
"MtrNatGas",10,14,22,"",9.05092,0,0,0,8.56899,0,0,0,0,0,0,0,0,0,0,0,0,0,0,0,0.481929,0,0,0,0
"MtrNatGas",10,14,23,"",3.90152,0,0,0,3.61236,0,0,0,0,0,0,0,0,0,0,0,0,0,0,0,0.289157,0,0,0,0
"MtrNatGas",10,14,24,"",5.90744,0,0,0,5.66647,0,0,0,0,0,0,0,0,0,0,0,0,0,0,0,0.240965,0,0,0,0
"MtrNatGas",10,15,1,"",3.55592,0,0,0,3.43544,0,0,0,0,0,0,0,0,0,0,0,0,0,0,0,0.120482,0,0,0,0
"MtrNatGas",10,15,2,"",5.2642,0,0,0,5.16781,0,0,0,0,0,0,0,0,0,0,0,0,0,0,0,0.0963858,0,0,0,0
"MtrNatGas",10,15,3,"",4.41827,0,0,0,4.32188,0,0,0,0,0,0,0,0,0,0,0,0,0,0,0,0.0963858,0,0,0,0
"MtrNatGas",10,15,4,"",3.05381,0,0,0,2.95742,0,0,0,0,0,0,0,0,0,0,0,0,0,0,0,0.0963858,0,0,0,0
"MtrNatGas",10,15,5,"",2.91176,0,0,0,2.81537,0,0,0,0,0,0,0,0,0,0,0,0,0,0,0,0.0963858,0,0,0,0
"MtrNatGas",10,15,6,"",3.75057,0,0,0,3.41322,0,0,0,0,0,0,0,0,0,0,0,0,0,0,0,0.33735,0,0,0,0
"MtrNatGas",10,15,7,"",5.94206,0,0,0,5.48422,0,0,0,0,0,0,0,0,0,0,0,0,0,0,0,0.457833,0,0,0,0
"MtrNatGas",10,15,8,"",36.5958,0,0,0,35.9934,0,0,0,0,0,0,0,0,0,0,0,0,0,0,0,0.602411,0,0,0,0
"MtrNatGas",10,15,9,"",65.3776,0,0,0,57.0505,0,0,0,0,0,0,0,0,0,0,0,0,0,7.70058,0,0.626508,0,0,0,0
"MtrNatGas",10,15,10,"",8.62139,0,0,0,8.09127,0,0,0,0,0,0,0,0,0,0,0,0,0,0,0,0.530122,0,0,0,0
"MtrNatGas",10,15,11,"",7.97725,0,0,0,7.47123,0,0,0,0,0,0,0,0,0,0,0,0,0,0,0,0.506026,0,0,0,0
"MtrNatGas",10,15,12,"",17.6476,0,0,0,9.24788,0,0,0,0,0,0,0,0,0,0,0,0,0,7.70093,0,0.698797,0,0,0,0
"MtrNatGas",10,15,13,"",6.52293,0,0,0,5.67955,0,0,0,0,0,0,0,0,0,0,0,0,0,0,0,0.843376,0,0,0,0
"MtrNatGas",10,15,14,"",5.87695,0,0,0,5.10587,0,0,0,0,0,0,0,0,0,0,0,0,0,0,0,0.771087,0,0,0,0
"MtrNatGas",10,15,15,"",5.03821,0,0,0,4.21893,0,0,0,0,0,0,0,0,0,0,0,0,0,0,0,0.81928,0,0,0,0
"MtrNatGas",10,15,16,"",7.9255,0,0,0,3.73116,0,0,0,0,0,0,0,0,0,0,0,0,0,2.94132,0,1.25302,0,0,0,0
"MtrNatGas",10,15,17,"",11.3382,0,0,0,3.80819,0,0,0,0,0,0,0,0,0,0,0,0,0,4.75893,0,2.77109,0,0,0,0
"MtrNatGas",10,15,18,"",9.6341,0,0,0,4.98348,0,0,0,0,0,0,0,0,0,0,0,0,0,0,0,4.65062,0,0,0,0
"MtrNatGas",10,15,19,"",12.4836,0,0,0,8.1462,0,0,0,0,0,0,0,0,0,0,0,0,0,0,0,4.33736,0,0,0,0
"MtrNatGas",10,15,20,"",16.5134,0,0,0,6.45148,0,0,0,0,0,0,0,0,0,0,0,0,0,7.70051,0,2.36145,0,0,0,0
"MtrNatGas",10,15,21,"",14.446,0,0,0,13.4339,0,0,0,0,0,0,0,0,0,0,0,0,0,0,0,1.01205,0,0,0,0
"MtrNatGas",10,15,22,"",23.8041,0,0,0,23.3221,0,0,0,0,0,0,0,0,0,0,0,0,0,0,0,0.481929,0,0,0,0
"MtrNatGas",10,15,23,"",39.2693,0,0,0,23.8441,0,0,0,0,0,0,0,0,0,0,0,0,0,15.136,0,0.289157,0,0,0,0
"MtrNatGas",10,15,24,"",7.66107,0,0,0,7.15371,0,0,0,0,0,0,0,0,0,0,0,0,0,0.266395,0,0.240965,0,0,0,0
"MtrNatGas",10,16,1,"",3.99951,0,0,0,3.87903,0,0,0,0,0,0,0,0,0,0,0,0,0,0,0,0.120482,0,0,0,0
"MtrNatGas",10,16,2,"",5.26477,0,0,0,5.16839,0,0,0,0,0,0,0,0,0,0,0,0,0,0,0,0.0963858,0,0,0,0
"MtrNatGas",10,16,3,"",4.28547,0,0,0,4.18908,0,0,0,0,0,0,0,0,0,0,0,0,0,0,0,0.0963858,0,0,0,0
"MtrNatGas",10,16,4,"",3.5517,0,0,0,3.45531,0,0,0,0,0,0,0,0,0,0,0,0,0,0,0,0.0963858,0,0,0,0
"MtrNatGas",10,16,5,"",3.15105,0,0,0,3.05466,0,0,0,0,0,0,0,0,0,0,0,0,0,0,0,0.0963858,0,0,0,0
"MtrNatGas",10,16,6,"",7.99068,0,0,0,7.65333,0,0,0,0,0,0,0,0,0,0,0,0,0,0,0,0.33735,0,0,0,0
"MtrNatGas",10,16,7,"",24.6033,0,0,0,24.1454,0,0,0,0,0,0,0,0,0,0,0,0,0,0,0,0.457833,0,0,0,0
"MtrNatGas",10,16,8,"",37.4549,0,0,0,36.8525,0,0,0,0,0,0,0,0,0,0,0,0,0,0,0,0.602411,0,0,0,0
"MtrNatGas",10,16,9,"",19.5653,0,0,0,18.9388,0,0,0,0,0,0,0,0,0,0,0,0,0,0,0,0.626508,0,0,0,0
"MtrNatGas",10,16,10,"",30.131,0,0,0,25.2885,0,0,0,0,0,0,0,0,0,0,0,0,0,4.31242,0,0.530122,0,0,0,0
"MtrNatGas",10,16,11,"",26.1908,0,0,0,10.4301,0,0,0,0,0,0,0,0,0,0,0,0,0,15.2547,0,0.506026,0,0,0,0
"MtrNatGas",10,16,12,"",7.73638,0,0,0,3.49822,0,0,0,0,0,0,0,0,0,0,0,0,0,3.53936,0,0.698797,0,0,0,0
"MtrNatGas",10,16,13,"",7.51981,0,0,0,6.67643,0,0,0,0,0,0,0,0,0,0,0,0,0,0,0,0.843376,0,0,0,0
"MtrNatGas",10,16,14,"",16.8877,0,0,0,4.54752,0,0,0,0,0,0,0,0,0,0,0,0,0,11.5691,0,0.771087,0,0,0,0
"MtrNatGas",10,16,15,"",10.4321,0,0,0,5.77902,0,0,0,0,0,0,0,0,0,0,0,0,0,3.83381,0,0.81928,0,0,0,0
"MtrNatGas",10,16,16,"",7.40784,0,0,0,6.15482,0,0,0,0,0,0,0,0,0,0,0,0,0,0,0,1.25302,0,0,0,0
"MtrNatGas",10,16,17,"",8.23732,0,0,0,5.46623,0,0,0,0,0,0,0,0,0,0,0,0,0,0,0,2.77109,0,0,0,0
"MtrNatGas",10,16,18,"",10.683,0,0,0,6.03243,0,0,0,0,0,0,0,0,0,0,0,0,0,0,0,4.65062,0,0,0,0
"MtrNatGas",10,16,19,"",22.6681,0,0,0,18.3307,0,0,0,0,0,0,0,0,0,0,0,0,0,0,0,4.33736,0,0,0,0
"MtrNatGas",10,16,20,"",13.6977,0,0,0,11.3362,0,0,0,0,0,0,0,0,0,0,0,0,0,0,0,2.36145,0,0,0,0
"MtrNatGas",10,16,21,"",22.0741,0,0,0,21.062,0,0,0,0,0,0,0,0,0,0,0,0,0,0,0,1.01205,0,0,0,0
"MtrNatGas",10,16,22,"",27.8626,0,0,0,11.9753,0,0,0,0,0,0,0,0,0,0,0,0,0,15.4054,0,0.481929,0,0,0,0
"MtrNatGas",10,16,23,"",18.3238,0,0,0,16.6219,0,0,0,0,0,0,0,0,0,0,0,0,0,1.41278,0,0.289157,0,0,0,0
"MtrNatGas",10,16,24,"",10.1753,0,0,0,6.21884,0,0,0,0,0,0,0,0,0,0,0,0,0,3.71548,0,0.240965,0,0,0,0
"MtrNatGas",10,17,1,"",6.52309,0,0,0,3.82783,0,0,0,0,0,0,0,0,0,0,0,0,0,2.57478,0,0.120482,0,0,0,0
"MtrNatGas",10,17,2,"",2.91307,0,0,0,2.81668,0,0,0,0,0,0,0,0,0,0,0,0,0,0,0,0.0963858,0,0,0,0
"MtrNatGas",10,17,3,"",7.02042,0,0,0,6.94813,0,0,0,0,0,0,0,0,0,0,0,0,0,0,0,0.0722894,0,0,0,0
"MtrNatGas",10,17,4,"",5.52598,0,0,0,5.45369,0,0,0,0,0,0,0,0,0,0,0,0,0,0,0,0.0722894,0,0,0,0
"MtrNatGas",10,17,5,"",2.89684,0,0,0,2.82455,0,0,0,0,0,0,0,0,0,0,0,0,0,0,0,0.0722894,0,0,0,0
"MtrNatGas",10,17,6,"",5.13315,0,0,0,5.01267,0,0,0,0,0,0,0,0,0,0,0,0,0,0,0,0.120482,0,0,0,0
"MtrNatGas",10,17,7,"",7.08071,0,0,0,6.83974,0,0,0,0,0,0,0,0,0,0,0,0,0,0,0,0.240965,0,0,0,0
"MtrNatGas",10,17,8,"",16.7652,0,0,0,11.7158,0,0,0,0,0,0,0,0,0,0,0,0,0,4.39885,0,0.650604,0,0,0,0
"MtrNatGas",10,17,9,"",17.1347,0,0,0,9.26676,0,0,0,0,0,0,0,0,0,0,0,0,0,6.7113,0,1.15663,0,0,0,0
"MtrNatGas",10,17,10,"",29.3679,0,0,0,23.9155,0,0,0,0,0,0,0,0,0,0,0,0,0,4.29572,0,1.15663,0,0,0,0
"MtrNatGas",10,17,11,"",32.2018,0,0,0,15.6883,0,0,0,0,0,0,0,0,0,0,0,0,0,15.4051,0,1.10844,0,0,0,0
"MtrNatGas",10,17,12,"",12.3856,0,0,0,7.92587,0,0,0,0,0,0,0,0,0,0,0,0,0,3.13448,0,1.32531,0,0,0,0
"MtrNatGas",10,17,13,"",19.1051,0,0,0,13.0187,0,0,0,0,0,0,0,0,0,0,0,0,0,4.56828,0,1.51808,0,0,0,0
"MtrNatGas",10,17,14,"",15.5411,0,0,0,6.41784,0,0,0,0,0,0,0,0,0,0,0,0,0,7.70154,0,1.42169,0,0,0,0
"MtrNatGas",10,17,15,"",11.5456,0,0,0,10.0516,0,0,0,0,0,0,0,0,0,0,0,0,0,0,0,1.49398,0,0,0,0
"MtrNatGas",10,17,16,"",14.7574,0,0,0,5.41729,0,0,0,0,0,0,0,0,0,0,0,0,0,7.70154,0,1.63856,0,0,0,0
"MtrNatGas",10,17,17,"",12.0343,0,0,0,9.84148,0,0,0,0,0,0,0,0,0,0,0,0,0,0,0,2.19278,0,0,0,0
"MtrNatGas",10,17,18,"",11.8332,0,0,0,8.48382,0,0,0,0,0,0,0,0,0,0,0,0,0,0,0,3.34941,0,0,0,0
"MtrNatGas",10,17,19,"",23.4255,0,0,0,12.6142,0,0,0,0,0,0,0,0,0,0,0,0,0,7.70286,0,3.10844,0,0,0,0
"MtrNatGas",10,17,20,"",18.9291,0,0,0,13.6238,0,0,0,0,0,0,0,0,0,0,0,0,0,3.57035,0,1.73494,0,0,0,0
"MtrNatGas",10,17,21,"",21.1555,0,0,0,16.2533,0,0,0,0,0,0,0,0,0,0,0,0,0,4.13114,0,0.771087,0,0,0,0
"MtrNatGas",10,17,22,"",9.49985,0,0,0,9.1625,0,0,0,0,0,0,0,0,0,0,0,0,0,0,0,0.33735,0,0,0,0
"MtrNatGas",10,17,23,"",9.11061,0,0,0,8.89374,0,0,0,0,0,0,0,0,0,0,0,0,0,0,0,0.216868,0,0,0,0
"MtrNatGas",10,17,24,"",4.41536,0,0,0,4.29488,0,0,0,0,0,0,0,0,0,0,0,0,0,0,0,0.120482,0,0,0,0
"MtrNatGas",10,18,1,"",3.69316,0,0,0,3.57267,0,0,0,0,0,0,0,0,0,0,0,0,0,0,0,0.120482,0,0,0,0
"MtrNatGas",10,18,2,"",3.04309,0,0,0,2.9467,0,0,0,0,0,0,0,0,0,0,0,0,0,0,0,0.0963858,0,0,0,0
"MtrNatGas",10,18,3,"",2.86842,0,0,0,2.79613,0,0,0,0,0,0,0,0,0,0,0,0,0,0,0,0.0722894,0,0,0,0
"MtrNatGas",10,18,4,"",2.86842,0,0,0,2.79613,0,0,0,0,0,0,0,0,0,0,0,0,0,0,0,0.0722894,0,0,0,0
"MtrNatGas",10,18,5,"",2.86886,0,0,0,2.79657,0,0,0,0,0,0,0,0,0,0,0,0,0,0,0,0.0722894,0,0,0,0
"MtrNatGas",10,18,6,"",3.78937,0,0,0,3.66888,0,0,0,0,0,0,0,0,0,0,0,0,0,0,0,0.120482,0,0,0,0
"MtrNatGas",10,18,7,"",3.22248,0,0,0,2.98152,0,0,0,0,0,0,0,0,0,0,0,0,0,0,0,0.240965,0,0,0,0
"MtrNatGas",10,18,8,"",18.2681,0,0,0,17.6175,0,0,0,0,0,0,0,0,0,0,0,0,0,0,0,0.650604,0,0,0,0
"MtrNatGas",10,18,9,"",20.0871,0,0,0,18.9305,0,0,0,0,0,0,0,0,0,0,0,0,0,0,0,1.15663,0,0,0,0
"MtrNatGas",10,18,10,"",45.0559,0,0,0,43.8993,0,0,0,0,0,0,0,0,0,0,0,0,0,0,0,1.15663,0,0,0,0
"MtrNatGas",10,18,11,"",40.1774,0,0,0,32.1927,0,0,0,0,0,0,0,0,0,0,0,0,0,6.8762,0,1.10844,0,0,0,0
"MtrNatGas",10,18,12,"",51.9305,0,0,0,19.8124,0,0,0,0,0,0,0,0,0,0,0,0,0,30.7928,0,1.32531,0,0,0,0
"MtrNatGas",10,18,13,"",21.5809,0,0,0,11.5212,0,0,0,0,0,0,0,0,0,0,0,0,0,8.54157,0,1.51808,0,0,0,0
"MtrNatGas",10,18,14,"",25.1921,0,0,0,16.0689,0,0,0,0,0,0,0,0,0,0,0,0,0,7.70154,0,1.42169,0,0,0,0
"MtrNatGas",10,18,15,"",5.79898,0,0,0,4.305,0,0,0,0,0,0,0,0,0,0,0,0,0,0,0,1.49398,0,0,0,0
"MtrNatGas",10,18,16,"",5.38208,0,0,0,3.74352,0,0,0,0,0,0,0,0,0,0,0,0,0,0,0,1.63856,0,0,0,0
"MtrNatGas",10,18,17,"",6.19628,0,0,0,4.0035,0,0,0,0,0,0,0,0,0,0,0,0,0,0,0,2.19278,0,0,0,0
"MtrNatGas",10,18,18,"",10.8781,0,0,0,7.52869,0,0,0,0,0,0,0,0,0,0,0,0,0,0,0,3.34941,0,0,0,0
"MtrNatGas",10,18,19,"",16.0011,0,0,0,12.8927,0,0,0,0,0,0,0,0,0,0,0,0,0,0,0,3.10844,0,0,0,0
"MtrNatGas",10,18,20,"",10.409,0,0,0,8.67402,0,0,0,0,0,0,0,0,0,0,0,0,0,0,0,1.73494,0,0,0,0
"MtrNatGas",10,18,21,"",14.1554,0,0,0,13.3843,0,0,0,0,0,0,0,0,0,0,0,0,0,0,0,0.771087,0,0,0,0
"MtrNatGas",10,18,22,"",15.4194,0,0,0,15.0821,0,0,0,0,0,0,0,0,0,0,0,0,0,0,0,0.33735,0,0,0,0
"MtrNatGas",10,18,23,"",5.05061,0,0,0,4.83375,0,0,0,0,0,0,0,0,0,0,0,0,0,0,0,0.216868,0,0,0,0
"MtrNatGas",10,18,24,"",5.23182,0,0,0,5.11134,0,0,0,0,0,0,0,0,0,0,0,0,0,0,0,0.120482,0,0,0,0
"MtrNatGas",10,19,1,"",2.93279,0,0,0,2.81231,0,0,0,0,0,0,0,0,0,0,0,0,0,0,0,0.120482,0,0,0,0
"MtrNatGas",10,19,2,"",5.11858,0,0,0,5.02219,0,0,0,0,0,0,0,0,0,0,0,0,0,0,0,0.0963858,0,0,0,0
"MtrNatGas",10,19,3,"",5.06163,0,0,0,4.96524,0,0,0,0,0,0,0,0,0,0,0,0,0,0,0,0.0963858,0,0,0,0
"MtrNatGas",10,19,4,"",2.91526,0,0,0,2.81887,0,0,0,0,0,0,0,0,0,0,0,0,0,0,0,0.0963858,0,0,0,0
"MtrNatGas",10,19,5,"",2.917,0,0,0,2.82062,0,0,0,0,0,0,0,0,0,0,0,0,0,0,0,0.0963858,0,0,0,0
"MtrNatGas",10,19,6,"",3.86251,0,0,0,3.52516,0,0,0,0,0,0,0,0,0,0,0,0,0,0,0,0.33735,0,0,0,0
"MtrNatGas",10,19,7,"",26.917,0,0,0,26.4591,0,0,0,0,0,0,0,0,0,0,0,0,0,0,0,0.457833,0,0,0,0
"MtrNatGas",10,19,8,"",20.1042,0,0,0,19.5018,0,0,0,0,0,0,0,0,0,0,0,0,0,0,0,0.602411,0,0,0,0
"MtrNatGas",10,19,9,"",29.8843,0,0,0,29.2578,0,0,0,0,0,0,0,0,0,0,0,0,0,0,0,0.626508,0,0,0,0
"MtrNatGas",10,19,10,"",14.0224,0,0,0,13.4922,0,0,0,0,0,0,0,0,0,0,0,0,0,0,0,0.530122,0,0,0,0
"MtrNatGas",10,19,11,"",5.61688,0,0,0,5.11085,0,0,0,0,0,0,0,0,0,0,0,0,0,0,0,0.506026,0,0,0,0
"MtrNatGas",10,19,12,"",8.82983,0,0,0,8.13103,0,0,0,0,0,0,0,0,0,0,0,0,0,0,0,0.698797,0,0,0,0
"MtrNatGas",10,19,13,"",6.35533,0,0,0,5.51195,0,0,0,0,0,0,0,0,0,0,0,0,0,0,0,0.843376,0,0,0,0
"MtrNatGas",10,19,14,"",12.1577,0,0,0,6.39274,0,0,0,0,0,0,0,0,0,0,0,0,0,4.9939,0,0.771087,0,0,0,0
"MtrNatGas",10,19,15,"",15.8645,0,0,0,4.63219,0,0,0,0,0,0,0,0,0,0,0,0,0,10.413,0,0.81928,0,0,0,0
"MtrNatGas",10,19,16,"",9.18359,0,0,0,7.93058,0,0,0,0,0,0,0,0,0,0,0,0,0,0,0,1.25302,0,0,0,0
"MtrNatGas",10,19,17,"",24.246,0,0,0,13.7724,0,0,0,0,0,0,0,0,0,0,0,0,0,7.70248,0,2.77109,0,0,0,0
"MtrNatGas",10,19,18,"",21.5485,0,0,0,9.19747,0,0,0,0,0,0,0,0,0,0,0,0,0,7.70039,0,4.65062,0,0,0,0
"MtrNatGas",10,19,19,"",26.8864,0,0,0,14.8475,0,0,0,0,0,0,0,0,0,0,0,0,0,7.70148,0,4.33736,0,0,0,0
"MtrNatGas",10,19,20,"",15.0405,0,0,0,12.6791,0,0,0,0,0,0,0,0,0,0,0,0,0,0,0,2.36145,0,0,0,0
"MtrNatGas",10,19,21,"",23.4018,0,0,0,22.3897,0,0,0,0,0,0,0,0,0,0,0,0,0,0,0,1.01205,0,0,0,0
"MtrNatGas",10,19,22,"",14.0409,0,0,0,13.559,0,0,0,0,0,0,0,0,0,0,0,0,0,0,0,0.481929,0,0,0,0
"MtrNatGas",10,19,23,"",14.3596,0,0,0,14.0704,0,0,0,0,0,0,0,0,0,0,0,0,0,0,0,0.289157,0,0,0,0
"MtrNatGas",10,19,24,"",5.21251,0,0,0,4.97155,0,0,0,0,0,0,0,0,0,0,0,0,0,0,0,0.240965,0,0,0,0
"MtrNatGas",10,20,1,"",2.93367,0,0,0,2.81318,0,0,0,0,0,0,0,0,0,0,0,0,0,0,0,0.120482,0,0,0,0
"MtrNatGas",10,20,2,"",3.0695,0,0,0,2.97311,0,0,0,0,0,0,0,0,0,0,0,0,0,0,0,0.0963858,0,0,0,0
"MtrNatGas",10,20,3,"",3.42789,0,0,0,3.3315,0,0,0,0,0,0,0,0,0,0,0,0,0,0,0,0.0963858,0,0,0,0
"MtrNatGas",10,20,4,"",2.97726,0,0,0,2.88088,0,0,0,0,0,0,0,0,0,0,0,0,0,0,0,0.0963858,0,0,0,0
"MtrNatGas",10,20,5,"",3.04367,0,0,0,2.94729,0,0,0,0,0,0,0,0,0,0,0,0,0,0,0,0.0963858,0,0,0,0
"MtrNatGas",10,20,6,"",5.52986,0,0,0,5.19251,0,0,0,0,0,0,0,0,0,0,0,0,0,0,0,0.33735,0,0,0,0
"MtrNatGas",10,20,7,"",12.2524,0,0,0,11.7946,0,0,0,0,0,0,0,0,0,0,0,0,0,0,0,0.457833,0,0,0,0
"MtrNatGas",10,20,8,"",39.7015,0,0,0,39.0991,0,0,0,0,0,0,0,0,0,0,0,0,0,0,0,0.602411,0,0,0,0
"MtrNatGas",10,20,9,"",37.0925,0,0,0,36.466,0,0,0,0,0,0,0,0,0,0,0,0,0,0,0,0.626508,0,0,0,0
"MtrNatGas",10,20,10,"",15.6547,0,0,0,9.63931,0,0,0,0,0,0,0,0,0,0,0,0,0,5.48529,0,0.530122,0,0,0,0
"MtrNatGas",10,20,11,"",10.3115,0,0,0,7.58782,0,0,0,0,0,0,0,0,0,0,0,0,0,2.2176,0,0.506026,0,0,0,0
"MtrNatGas",10,20,12,"",6.58018,0,0,0,5.88138,0,0,0,0,0,0,0,0,0,0,0,0,0,0,0,0.698797,0,0,0,0
"MtrNatGas",10,20,13,"",9.31855,0,0,0,8.47517,0,0,0,0,0,0,0,0,0,0,0,0,0,0,0,0.843376,0,0,0,0
"MtrNatGas",10,20,14,"",11.4679,0,0,0,10.6968,0,0,0,0,0,0,0,0,0,0,0,0,0,0,0,0.771087,0,0,0,0
"MtrNatGas",10,20,15,"",20.6751,0,0,0,8.23065,0,0,0,0,0,0,0,0,0,0,0,0,0,11.6251,0,0.81928,0,0,0,0
"MtrNatGas",10,20,16,"",27.3282,0,0,0,18.4961,0,0,0,0,0,0,0,0,0,0,0,0,0,7.57911,0,1.25302,0,0,0,0
"MtrNatGas",10,20,17,"",23.7522,0,0,0,9.37908,0,0,0,0,0,0,0,0,0,0,0,0,0,11.602,0,2.77109,0,0,0,0
"MtrNatGas",10,20,18,"",20.4515,0,0,0,8.10046,0,0,0,0,0,0,0,0,0,0,0,0,0,7.70039,0,4.65062,0,0,0,0
"MtrNatGas",10,20,19,"",23.8041,0,0,0,11.7652,0,0,0,0,0,0,0,0,0,0,0,0,0,7.70148,0,4.33736,0,0,0,0
"MtrNatGas",10,20,20,"",16.4056,0,0,0,14.0441,0,0,0,0,0,0,0,0,0,0,0,0,0,0,0,2.36145,0,0,0,0
"MtrNatGas",10,20,21,"",12.4805,0,0,0,11.4684,0,0,0,0,0,0,0,0,0,0,0,0,0,0,0,1.01205,0,0,0,0
"MtrNatGas",10,20,22,"",7.331,0,0,0,6.84907,0,0,0,0,0,0,0,0,0,0,0,0,0,0,0,0.481929,0,0,0,0
"MtrNatGas",10,20,23,"",5.01964,0,0,0,4.73049,0,0,0,0,0,0,0,0,0,0,0,0,0,0,0,0.289157,0,0,0,0
"MtrNatGas",10,20,24,"",4.71026,0,0,0,4.4693,0,0,0,0,0,0,0,0,0,0,0,0,0,0,0,0.240965,0,0,0,0
"MtrNatGas",10,21,1,"",6.88251,0,0,0,6.76203,0,0,0,0,0,0,0,0,0,0,0,0,0,0,0,0.120482,0,0,0,0
"MtrNatGas",10,21,2,"",10.9061,0,0,0,3.10815,0,0,0,0,0,0,0,0,0,0,0,0,0,7.7016,0,0.0963858,0,0,0,0
"MtrNatGas",10,21,3,"",3.11972,0,0,0,3.02333,0,0,0,0,0,0,0,0,0,0,0,0,0,0,0,0.0963858,0,0,0,0
"MtrNatGas",10,21,4,"",3.62556,0,0,0,3.52918,0,0,0,0,0,0,0,0,0,0,0,0,0,0,0,0.0963858,0,0,0,0
"MtrNatGas",10,21,5,"",3.14281,0,0,0,3.04643,0,0,0,0,0,0,0,0,0,0,0,0,0,0,0,0.0963858,0,0,0,0
"MtrNatGas",10,21,6,"",11.6288,0,0,0,11.2914,0,0,0,0,0,0,0,0,0,0,0,0,0,0,0,0.33735,0,0,0,0
"MtrNatGas",10,21,7,"",13.9871,0,0,0,13.5293,0,0,0,0,0,0,0,0,0,0,0,0,0,0,0,0.457833,0,0,0,0
"MtrNatGas",10,21,8,"",64.2475,0,0,0,55.9419,0,0,0,0,0,0,0,0,0,0,0,0,0,7.70312,0,0.602411,0,0,0,0
"MtrNatGas",10,21,9,"",30.5947,0,0,0,14.567,0,0,0,0,0,0,0,0,0,0,0,0,0,15.4012,0,0.626508,0,0,0,0
"MtrNatGas",10,21,10,"",16.9669,0,0,0,8.44314,0,0,0,0,0,0,0,0,0,0,0,0,0,7.99362,0,0.530122,0,0,0,0
"MtrNatGas",10,21,11,"",27.2447,0,0,0,19.3269,0,0,0,0,0,0,0,0,0,0,0,0,0,7.41181,0,0.506026,0,0,0,0
"MtrNatGas",10,21,12,"",27.3043,0,0,0,11.2037,0,0,0,0,0,0,0,0,0,0,0,0,0,15.4019,0,0.698797,0,0,0,0
"MtrNatGas",10,21,13,"",7.63879,0,0,0,6.79541,0,0,0,0,0,0,0,0,0,0,0,0,0,0,0,0.843376,0,0,0,0
"MtrNatGas",10,21,14,"",5.53958,0,0,0,4.76849,0,0,0,0,0,0,0,0,0,0,0,0,0,0,0,0.771087,0,0,0,0
"MtrNatGas",10,21,15,"",7.51106,0,0,0,6.69178,0,0,0,0,0,0,0,0,0,0,0,0,0,0,0,0.81928,0,0,0,0
"MtrNatGas",10,21,16,"",13.3438,0,0,0,8.25617,0,0,0,0,0,0,0,0,0,0,0,0,0,3.83464,0,1.25302,0,0,0,0
"MtrNatGas",10,21,17,"",14.088,0,0,0,7.45128,0,0,0,0,0,0,0,0,0,0,0,0,0,3.86561,0,2.77109,0,0,0,0
"MtrNatGas",10,21,18,"",8.34737,0,0,0,3.69675,0,0,0,0,0,0,0,0,0,0,0,0,0,0,0,4.65062,0,0,0,0
"MtrNatGas",10,21,19,"",16.55,0,0,0,12.2127,0,0,0,0,0,0,0,0,0,0,0,0,0,0,0,4.33736,0,0,0,0
"MtrNatGas",10,21,20,"",29.9122,0,0,0,19.85,0,0,0,0,0,0,0,0,0,0,0,0,0,7.70077,0,2.36145,0,0,0,0
"MtrNatGas",10,21,21,"",15.0476,0,0,0,14.0356,0,0,0,0,0,0,0,0,0,0,0,0,0,0,0,1.01205,0,0,0,0
"MtrNatGas",10,21,22,"",10.7833,0,0,0,10.3014,0,0,0,0,0,0,0,0,0,0,0,0,0,0,0,0.481929,0,0,0,0
"MtrNatGas",10,21,23,"",10.952,0,0,0,2.96125,0,0,0,0,0,0,0,0,0,0,0,0,0,7.7016,0,0.289157,0,0,0,0
"MtrNatGas",10,21,24,"",7.47058,0,0,0,7.22962,0,0,0,0,0,0,0,0,0,0,0,0,0,0,0,0.240965,0,0,0,0
"MtrNatGas",10,22,1,"",6.08329,0,0,0,5.9628,0,0,0,0,0,0,0,0,0,0,0,0,0,0,0,0.120482,0,0,0,0
"MtrNatGas",10,22,2,"",2.91832,0,0,0,2.82193,0,0,0,0,0,0,0,0,0,0,0,0,0,0,0,0.0963858,0,0,0,0
"MtrNatGas",10,22,3,"",3.13931,0,0,0,3.04292,0,0,0,0,0,0,0,0,0,0,0,0,0,0,0,0.0963858,0,0,0,0
"MtrNatGas",10,22,4,"",2.91701,0,0,0,2.82062,0,0,0,0,0,0,0,0,0,0,0,0,0,0,0,0.0963858,0,0,0,0
"MtrNatGas",10,22,5,"",2.91613,0,0,0,2.81975,0,0,0,0,0,0,0,0,0,0,0,0,0,0,0,0.0963858,0,0,0,0
"MtrNatGas",10,22,6,"",3.70323,0,0,0,3.36588,0,0,0,0,0,0,0,0,0,0,0,0,0,0,0,0.33735,0,0,0,0
"MtrNatGas",10,22,7,"",27.0095,0,0,0,26.5517,0,0,0,0,0,0,0,0,0,0,0,0,0,0,0,0.457833,0,0,0,0
"MtrNatGas",10,22,8,"",17.5572,0,0,0,16.9548,0,0,0,0,0,0,0,0,0,0,0,0,0,0,0,0.602411,0,0,0,0
"MtrNatGas",10,22,9,"",39.952,0,0,0,31.625,0,0,0,0,0,0,0,0,0,0,0,0,0,7.70058,0,0.626508,0,0,0,0
"MtrNatGas",10,22,10,"",19.9349,0,0,0,15.0924,0,0,0,0,0,0,0,0,0,0,0,0,0,4.31242,0,0.530122,0,0,0,0
"MtrNatGas",10,22,11,"",22.1567,0,0,0,14.0991,0,0,0,0,0,0,0,0,0,0,0,0,0,7.55162,0,0.506026,0,0,0,0
"MtrNatGas",10,22,12,"",16.317,0,0,0,4.37791,0,0,0,0,0,0,0,0,0,0,0,0,0,11.2403,0,0.698797,0,0,0,0
"MtrNatGas",10,22,13,"",5.79749,0,0,0,4.95412,0,0,0,0,0,0,0,0,0,0,0,0,0,0,0,0.843376,0,0,0,0
"MtrNatGas",10,22,14,"",5.5044,0,0,0,4.73331,0,0,0,0,0,0,0,0,0,0,0,0,0,0,0,0.771087,0,0,0,0
"MtrNatGas",10,22,15,"",26.9328,0,0,0,26.1135,0,0,0,0,0,0,0,0,0,0,0,0,0,0,0,0.81928,0,0,0,0
"MtrNatGas",10,22,16,"",15.1115,0,0,0,13.8585,0,0,0,0,0,0,0,0,0,0,0,0,0,0,0,1.25302,0,0,0,0
"MtrNatGas",10,22,17,"",26.5886,0,0,0,16.1151,0,0,0,0,0,0,0,0,0,0,0,0,0,7.70248,0,2.77109,0,0,0,0
"MtrNatGas",10,22,18,"",31.7129,0,0,0,19.3619,0,0,0,0,0,0,0,0,0,0,0,0,0,7.70039,0,4.65062,0,0,0,0
"MtrNatGas",10,22,19,"",28.4942,0,0,0,16.4553,0,0,0,0,0,0,0,0,0,0,0,0,0,7.70148,0,4.33736,0,0,0,0
"MtrNatGas",10,22,20,"",25.9257,0,0,0,23.5642,0,0,0,0,0,0,0,0,0,0,0,0,0,0,0,2.36145,0,0,0,0
"MtrNatGas",10,22,21,"",38.3842,0,0,0,29.6702,0,0,0,0,0,0,0,0,0,0,0,0,0,7.70188,0,1.01205,0,0,0,0
"MtrNatGas",10,22,22,"",14.9685,0,0,0,8.92671,0,0,0,0,0,0,0,0,0,0,0,0,0,5.55984,0,0.481929,0,0,0,0
"MtrNatGas",10,22,23,"",13.7804,0,0,0,11.3494,0,0,0,0,0,0,0,0,0,0,0,0,0,2.14188,0,0.289157,0,0,0,0
"MtrNatGas",10,22,24,"",11.3353,0,0,0,9.12953,0,0,0,0,0,0,0,0,0,0,0,0,0,1.96479,0,0.240965,0,0,0,0
"MtrNatGas",10,23,1,"",9.85861,0,0,0,4.00268,0,0,0,0,0,0,0,0,0,0,0,0,0,5.73545,0,0.120482,0,0,0,0
"MtrNatGas",10,23,2,"",3.06572,0,0,0,2.96933,0,0,0,0,0,0,0,0,0,0,0,0,0,0,0,0.0963858,0,0,0,0
"MtrNatGas",10,23,3,"",4.1527,0,0,0,4.05632,0,0,0,0,0,0,0,0,0,0,0,0,0,0,0,0.0963858,0,0,0,0
"MtrNatGas",10,23,4,"",3.29373,0,0,0,3.19735,0,0,0,0,0,0,0,0,0,0,0,0,0,0,0,0.0963858,0,0,0,0
"MtrNatGas",10,23,5,"",3.3031,0,0,0,3.20672,0,0,0,0,0,0,0,0,0,0,0,0,0,0,0,0.0963858,0,0,0,0
"MtrNatGas",10,23,6,"",3.16453,0,0,0,2.82718,0,0,0,0,0,0,0,0,0,0,0,0,0,0,0,0.33735,0,0,0,0
"MtrNatGas",10,23,7,"",5.12805,0,0,0,4.67022,0,0,0,0,0,0,0,0,0,0,0,0,0,0,0,0.457833,0,0,0,0
"MtrNatGas",10,23,8,"",10.6286,0,0,0,10.0262,0,0,0,0,0,0,0,0,0,0,0,0,0,0,0,0.602411,0,0,0,0
"MtrNatGas",10,23,9,"",27.9285,0,0,0,27.302,0,0,0,0,0,0,0,0,0,0,0,0,0,0,0,0.626508,0,0,0,0
"MtrNatGas",10,23,10,"",42.8632,0,0,0,34.6337,0,0,0,0,0,0,0,0,0,0,0,0,0,7.69937,0,0.530122,0,0,0,0
"MtrNatGas",10,23,11,"",26.8939,0,0,0,14.5267,0,0,0,0,0,0,0,0,0,0,0,0,0,11.8611,0,0.506026,0,0,0,0
"MtrNatGas",10,23,12,"",16.7137,0,0,0,4.95117,0,0,0,0,0,0,0,0,0,0,0,0,0,11.0637,0,0.698797,0,0,0,0
"MtrNatGas",10,23,13,"",7.973,0,0,0,6.95355,0,0,0,0,0,0,0,0,0,0,0,0,0,0.176068,0,0.843376,0,0,0,0
"MtrNatGas",10,23,14,"",9.06487,0,0,0,4.69202,0,0,0,0,0,0,0,0,0,0,0,0,0,3.60176,0,0.771087,0,0,0,0
"MtrNatGas",10,23,15,"",9.70201,0,0,0,4.78303,0,0,0,0,0,0,0,0,0,0,0,0,0,4.0997,0,0.81928,0,0,0,0
"MtrNatGas",10,23,16,"",11.637,0,0,0,4.5013,0,0,0,0,0,0,0,0,0,0,0,0,0,5.88264,0,1.25302,0,0,0,0
"MtrNatGas",10,23,17,"",18.0978,0,0,0,5.80887,0,0,0,0,0,0,0,0,0,0,0,0,0,9.51787,0,2.77109,0,0,0,0
"MtrNatGas",10,23,18,"",15.2787,0,0,0,10.6281,0,0,0,0,0,0,0,0,0,0,0,0,0,0,0,4.65062,0,0,0,0
"MtrNatGas",10,23,19,"",25.636,0,0,0,17.2538,0,0,0,0,0,0,0,0,0,0,0,0,0,4.04487,0,4.33736,0,0,0,0
"MtrNatGas",10,23,20,"",22.8121,0,0,0,16.7924,0,0,0,0,0,0,0,0,0,0,0,0,0,3.65827,0,2.36145,0,0,0,0
"MtrNatGas",10,23,21,"",12.8754,0,0,0,11.8633,0,0,0,0,0,0,0,0,0,0,0,0,0,0,0,1.01205,0,0,0,0
"MtrNatGas",10,23,22,"",21.3138,0,0,0,20.8319,0,0,0,0,0,0,0,0,0,0,0,0,0,0,0,0.481929,0,0,0,0
"MtrNatGas",10,23,23,"",9.38404,0,0,0,9.09488,0,0,0,0,0,0,0,0,0,0,0,0,0,0,0,0.289157,0,0,0,0
"MtrNatGas",10,23,24,"",6.66322,0,0,0,6.42226,0,0,0,0,0,0,0,0,0,0,0,0,0,0,0,0.240965,0,0,0,0
"MtrNatGas",10,24,1,"",2.95028,0,0,0,2.8298,0,0,0,0,0,0,0,0,0,0,0,0,0,0,0,0.120482,0,0,0,0
"MtrNatGas",10,24,2,"",2.9275,0,0,0,2.83111,0,0,0,0,0,0,0,0,0,0,0,0,0,0,0,0.0963858,0,0,0,0
"MtrNatGas",10,24,3,"",2.90471,0,0,0,2.83242,0,0,0,0,0,0,0,0,0,0,0,0,0,0,0,0.0722894,0,0,0,0
"MtrNatGas",10,24,4,"",2.90559,0,0,0,2.8333,0,0,0,0,0,0,0,0,0,0,0,0,0,0,0,0.0722894,0,0,0,0
"MtrNatGas",10,24,5,"",2.9069,0,0,0,2.83461,0,0,0,0,0,0,0,0,0,0,0,0,0,0,0,0.0722894,0,0,0,0
"MtrNatGas",10,24,6,"",3.76297,0,0,0,3.64249,0,0,0,0,0,0,0,0,0,0,0,0,0,0,0,0.120482,0,0,0,0
"MtrNatGas",10,24,7,"",31.0872,0,0,0,30.8463,0,0,0,0,0,0,0,0,0,0,0,0,0,0,0,0.240965,0,0,0,0
"MtrNatGas",10,24,8,"",31.7053,0,0,0,31.0547,0,0,0,0,0,0,0,0,0,0,0,0,0,0,0,0.650604,0,0,0,0
"MtrNatGas",10,24,9,"",8.93762,0,0,0,7.78099,0,0,0,0,0,0,0,0,0,0,0,0,0,0,0,1.15663,0,0,0,0
"MtrNatGas",10,24,10,"",26.3425,0,0,0,25.1859,0,0,0,0,0,0,0,0,0,0,0,0,0,0,0,1.15663,0,0,0,0
"MtrNatGas",10,24,11,"",15.3474,0,0,0,10.8009,0,0,0,0,0,0,0,0,0,0,0,0,0,3.4381,0,1.10844,0,0,0,0
"MtrNatGas",10,24,12,"",30.1764,0,0,0,13.7503,0,0,0,0,0,0,0,0,0,0,0,0,0,15.1008,0,1.32531,0,0,0,0
"MtrNatGas",10,24,13,"",21.6295,0,0,0,15.5431,0,0,0,0,0,0,0,0,0,0,0,0,0,4.56828,0,1.51808,0,0,0,0
"MtrNatGas",10,24,14,"",15.9713,0,0,0,6.84806,0,0,0,0,0,0,0,0,0,0,0,0,0,7.70154,0,1.42169,0,0,0,0
"MtrNatGas",10,24,15,"",9.58442,0,0,0,8.09044,0,0,0,0,0,0,0,0,0,0,0,0,0,0,0,1.49398,0,0,0,0
"MtrNatGas",10,24,16,"",14.4356,0,0,0,5.09553,0,0,0,0,0,0,0,0,0,0,0,0,0,7.70154,0,1.63856,0,0,0,0
"MtrNatGas",10,24,17,"",7.99905,0,0,0,5.80627,0,0,0,0,0,0,0,0,0,0,0,0,0,0,0,2.19278,0,0,0,0
"MtrNatGas",10,24,18,"",13.3641,0,0,0,10.0147,0,0,0,0,0,0,0,0,0,0,0,0,0,0,0,3.34941,0,0,0,0
"MtrNatGas",10,24,19,"",20.5923,0,0,0,17.4839,0,0,0,0,0,0,0,0,0,0,0,0,0,0,0,3.10844,0,0,0,0
"MtrNatGas",10,24,20,"",24.2644,0,0,0,22.5294,0,0,0,0,0,0,0,0,0,0,0,0,0,0,0,1.73494,0,0,0,0
"MtrNatGas",10,24,21,"",17.7171,0,0,0,16.946,0,0,0,0,0,0,0,0,0,0,0,0,0,0,0,0.771087,0,0,0,0
"MtrNatGas",10,24,22,"",16.9415,0,0,0,16.6042,0,0,0,0,0,0,0,0,0,0,0,0,0,0,0,0.33735,0,0,0,0
"MtrNatGas",10,24,23,"",19.7929,0,0,0,19.5761,0,0,0,0,0,0,0,0,0,0,0,0,0,0,0,0.216868,0,0,0,0
"MtrNatGas",10,24,24,"",11.7453,0,0,0,3.92332,0,0,0,0,0,0,0,0,0,0,0,0,0,7.70152,0,0.120482,0,0,0,0
"MtrNatGas",10,25,1,"",9.69275,0,0,0,9.57227,0,0,0,0,0,0,0,0,0,0,0,0,0,0,0,0.120482,0,0,0,0
"MtrNatGas",10,25,2,"",5.81295,0,0,0,5.71656,0,0,0,0,0,0,0,0,0,0,0,0,0,0,0,0.0963858,0,0,0,0
"MtrNatGas",10,25,3,"",2.89159,0,0,0,2.8193,0,0,0,0,0,0,0,0,0,0,0,0,0,0,0,0.0722894,0,0,0,0
"MtrNatGas",10,25,4,"",3.02565,0,0,0,2.95336,0,0,0,0,0,0,0,0,0,0,0,0,0,0,0,0.0722894,0,0,0,0
"MtrNatGas",10,25,5,"",3.17424,0,0,0,3.10195,0,0,0,0,0,0,0,0,0,0,0,0,0,0,0,0.0722894,0,0,0,0
"MtrNatGas",10,25,6,"",3.30098,0,0,0,3.1805,0,0,0,0,0,0,0,0,0,0,0,0,0,0,0,0.120482,0,0,0,0
"MtrNatGas",10,25,7,"",11.8812,0,0,0,11.6402,0,0,0,0,0,0,0,0,0,0,0,0,0,0,0,0.240965,0,0,0,0
"MtrNatGas",10,25,8,"",15.7027,0,0,0,15.0521,0,0,0,0,0,0,0,0,0,0,0,0,0,0,0,0.650604,0,0,0,0
"MtrNatGas",10,25,9,"",12.2974,0,0,0,11.1408,0,0,0,0,0,0,0,0,0,0,0,0,0,0,0,1.15663,0,0,0,0
"MtrNatGas",10,25,10,"",41.6834,0,0,0,40.5268,0,0,0,0,0,0,0,0,0,0,0,0,0,0,0,1.15663,0,0,0,0
"MtrNatGas",10,25,11,"",21.3776,0,0,0,20.2692,0,0,0,0,0,0,0,0,0,0,0,0,0,0,0,1.10844,0,0,0,0
"MtrNatGas",10,25,12,"",8.56686,0,0,0,7.24155,0,0,0,0,0,0,0,0,0,0,0,0,0,0,0,1.32531,0,0,0,0
"MtrNatGas",10,25,13,"",12.1076,0,0,0,10.5895,0,0,0,0,0,0,0,0,0,0,0,0,0,0,0,1.51808,0,0,0,0
"MtrNatGas",10,25,14,"",13.3069,0,0,0,4.18411,0,0,0,0,0,0,0,0,0,0,0,0,0,7.70108,0,1.42169,0,0,0,0
"MtrNatGas",10,25,15,"",10.4397,0,0,0,8.94572,0,0,0,0,0,0,0,0,0,0,0,0,0,0,0,1.49398,0,0,0,0
"MtrNatGas",10,25,16,"",8.42885,0,0,0,6.79029,0,0,0,0,0,0,0,0,0,0,0,0,0,0,0,1.63856,0,0,0,0
"MtrNatGas",10,25,17,"",15.3681,0,0,0,7.81014,0,0,0,0,0,0,0,0,0,0,0,0,0,5.36514,0,2.19278,0,0,0,0
"MtrNatGas",10,25,18,"",13.0635,0,0,0,7.37882,0,0,0,0,0,0,0,0,0,0,0,0,0,2.33523,0,3.34941,0,0,0,0
"MtrNatGas",10,25,19,"",31.2272,0,0,0,20.4159,0,0,0,0,0,0,0,0,0,0,0,0,0,7.70286,0,3.10844,0,0,0,0
"MtrNatGas",10,25,20,"",12.5428,0,0,0,7.23753,0,0,0,0,0,0,0,0,0,0,0,0,0,3.57035,0,1.73494,0,0,0,0
"MtrNatGas",10,25,21,"",17.2528,0,0,0,12.3506,0,0,0,0,0,0,0,0,0,0,0,0,0,4.13114,0,0.771087,0,0,0,0
"MtrNatGas",10,25,22,"",24.2156,0,0,0,19.2,0,0,0,0,0,0,0,0,0,0,0,0,0,4.67826,0,0.33735,0,0,0,0
"MtrNatGas",10,25,23,"",22.3081,0,0,0,11.3639,0,0,0,0,0,0,0,0,0,0,0,0,0,10.7274,0,0.216868,0,0,0,0
"MtrNatGas",10,25,24,"",3.39628,0,0,0,3.27579,0,0,0,0,0,0,0,0,0,0,0,0,0,0,0,0.120482,0,0,0,0
"MtrNatGas",10,26,1,"",2.94197,0,0,0,2.82149,0,0,0,0,0,0,0,0,0,0,0,0,0,0,0,0.120482,0,0,0,0
"MtrNatGas",10,26,2,"",2.91919,0,0,0,2.8228,0,0,0,0,0,0,0,0,0,0,0,0,0,0,0,0.0963858,0,0,0,0
"MtrNatGas",10,26,3,"",2.92007,0,0,0,2.82368,0,0,0,0,0,0,0,0,0,0,0,0,0,0,0,0.0963858,0,0,0,0
"MtrNatGas",10,26,4,"",2.92138,0,0,0,2.82499,0,0,0,0,0,0,0,0,0,0,0,0,0,0,0,0.0963858,0,0,0,0
"MtrNatGas",10,26,5,"",3.07211,0,0,0,2.97572,0,0,0,0,0,0,0,0,0,0,0,0,0,0,0,0.0963858,0,0,0,0
"MtrNatGas",10,26,6,"",3.79475,0,0,0,3.4574,0,0,0,0,0,0,0,0,0,0,0,0,0,0,0,0.33735,0,0,0,0
"MtrNatGas",10,26,7,"",3.57302,0,0,0,3.11519,0,0,0,0,0,0,0,0,0,0,0,0,0,0,0,0.457833,0,0,0,0
"MtrNatGas",10,26,8,"",6.24845,0,0,0,5.64604,0,0,0,0,0,0,0,0,0,0,0,0,0,0,0,0.602411,0,0,0,0
"MtrNatGas",10,26,9,"",6.84196,0,0,0,6.21545,0,0,0,0,0,0,0,0,0,0,0,0,0,0,0,0.626508,0,0,0,0
"MtrNatGas",10,26,10,"",16.9009,0,0,0,16.3708,0,0,0,0,0,0,0,0,0,0,0,0,0,0,0,0.530122,0,0,0,0
"MtrNatGas",10,26,11,"",24.2354,0,0,0,8.32312,0,0,0,0,0,0,0,0,0,0,0,0,0,15.4062,0,0.506026,0,0,0,0
"MtrNatGas",10,26,12,"",3.61157,0,0,0,2.91278,0,0,0,0,0,0,0,0,0,0,0,0,0,0,0,0.698797,0,0,0,0
"MtrNatGas",10,26,13,"",4.32512,0,0,0,3.48174,0,0,0,0,0,0,0,0,0,0,0,0,0,0,0,0.843376,0,0,0,0
"MtrNatGas",10,26,14,"",3.64785,0,0,0,2.87676,0,0,0,0,0,0,0,0,0,0,0,0,0,0,0,0.771087,0,0,0,0
"MtrNatGas",10,26,15,"",2.44234,0,0,0,1.62306,0,0,0,0,0,0,0,0,0,0,0,0,0,0,0,0.81928,0,0,0,0
"MtrNatGas",10,26,16,"",5.49165,0,0,0,1.29731,0,0,0,0,0,0,0,0,0,0,0,0,0,2.94132,0,1.25302,0,0,0,0
"MtrNatGas",10,26,17,"",8.78329,0,0,0,1.25327,0,0,0,0,0,0,0,0,0,0,0,0,0,4.75893,0,2.77109,0,0,0,0
"MtrNatGas",10,26,18,"",5.90097,0,0,0,1.25036,0,0,0,0,0,0,0,0,0,0,0,0,0,0,0,4.65062,0,0,0,0
"MtrNatGas",10,26,19,"",5.62865,0,0,0,1.29128,0,0,0,0,0,0,0,0,0,0,0,0,0,0,0,4.33736,0,0,0,0
"MtrNatGas",10,26,20,"",3.63018,0,0,0,1.26872,0,0,0,0,0,0,0,0,0,0,0,0,0,0,0,2.36145,0,0,0,0
"MtrNatGas",10,26,21,"",2.32413,0,0,0,1.31208,0,0,0,0,0,0,0,0,0,0,0,0,0,0,0,1.01205,0,0,0,0
"MtrNatGas",10,26,22,"",1.89334,0,0,0,1.41141,0,0,0,0,0,0,0,0,0,0,0,0,0,0,0,0.481929,0,0,0,0
"MtrNatGas",10,26,23,"",3.91037,0,0,0,2.20843,0,0,0,0,0,0,0,0,0,0,0,0,0,1.41278,0,0.289157,0,0,0,0
"MtrNatGas",10,26,24,"",10.5087,0,0,0,6.5523,0,0,0,0,0,0,0,0,0,0,0,0,0,3.71548,0,0.240965,0,0,0,0
"MtrNatGas",10,27,1,"",5.50932,0,0,0,2.81406,0,0,0,0,0,0,0,0,0,0,0,0,0,2.57478,0,0.120482,0,0,0,0
"MtrNatGas",10,27,2,"",6.54056,0,0,0,6.44417,0,0,0,0,0,0,0,0,0,0,0,0,0,0,0,0.0963858,0,0,0,0
"MtrNatGas",10,27,3,"",5.2716,0,0,0,5.17521,0,0,0,0,0,0,0,0,0,0,0,0,0,0,0,0.0963858,0,0,0,0
"MtrNatGas",10,27,4,"",2.91831,0,0,0,2.82193,0,0,0,0,0,0,0,0,0,0,0,0,0,0,0,0.0963858,0,0,0,0
"MtrNatGas",10,27,5,"",2.92094,0,0,0,2.82455,0,0,0,0,0,0,0,0,0,0,0,0,0,0,0,0.0963858,0,0,0,0
"MtrNatGas",10,27,6,"",7.69209,0,0,0,7.35474,0,0,0,0,0,0,0,0,0,0,0,0,0,0,0,0.33735,0,0,0,0
"MtrNatGas",10,27,7,"",16.1017,0,0,0,15.6439,0,0,0,0,0,0,0,0,0,0,0,0,0,0,0,0.457833,0,0,0,0
"MtrNatGas",10,27,8,"",32.6953,0,0,0,24.3898,0,0,0,0,0,0,0,0,0,0,0,0,0,7.70312,0,0.602411,0,0,0,0
"MtrNatGas",10,27,9,"",43.6464,0,0,0,43.0199,0,0,0,0,0,0,0,0,0,0,0,0,0,0,0,0.626508,0,0,0,0
"MtrNatGas",10,27,10,"",28.6815,0,0,0,20.452,0,0,0,0,0,0,0,0,0,0,0,0,0,7.69937,0,0.530122,0,0,0,0
"MtrNatGas",10,27,11,"",14.8912,0,0,0,10.2234,0,0,0,0,0,0,0,0,0,0,0,0,0,4.16181,0,0.506026,0,0,0,0
"MtrNatGas",10,27,12,"",12.7217,0,0,0,8.48351,0,0,0,0,0,0,0,0,0,0,0,0,0,3.53936,0,0.698797,0,0,0,0
"MtrNatGas",10,27,13,"",16.5659,0,0,0,8.02103,0,0,0,0,0,0,0,0,0,0,0,0,0,7.70155,0,0.843376,0,0,0,0
"MtrNatGas",10,27,14,"",9.20333,0,0,0,4.83048,0,0,0,0,0,0,0,0,0,0,0,0,0,3.60176,0,0.771087,0,0,0,0
"MtrNatGas",10,27,15,"",9.65758,0,0,0,4.7386,0,0,0,0,0,0,0,0,0,0,0,0,0,4.0997,0,0.81928,0,0,0,0
"MtrNatGas",10,27,16,"",10.2819,0,0,0,5.19427,0,0,0,0,0,0,0,0,0,0,0,0,0,3.83464,0,1.25302,0,0,0,0
"MtrNatGas",10,27,17,"",22.0898,0,0,0,7.75061,0,0,0,0,0,0,0,0,0,0,0,0,0,11.5681,0,2.77109,0,0,0,0
"MtrNatGas",10,27,18,"",27.0289,0,0,0,14.6779,0,0,0,0,0,0,0,0,0,0,0,0,0,7.70039,0,4.65062,0,0,0,0
"MtrNatGas",10,27,19,"",45.089,0,0,0,29.0053,0,0,0,0,0,0,0,0,0,0,0,0,0,11.7463,0,4.33736,0,0,0,0
"MtrNatGas",10,27,20,"",27.5505,0,0,0,13.83,0,0,0,0,0,0,0,0,0,0,0,0,0,11.359,0,2.36145,0,0,0,0
"MtrNatGas",10,27,21,"",15.0669,0,0,0,14.0549,0,0,0,0,0,0,0,0,0,0,0,0,0,0,0,1.01205,0,0,0,0
"MtrNatGas",10,27,22,"",16.45,0,0,0,15.9681,0,0,0,0,0,0,0,0,0,0,0,0,0,0,0,0.481929,0,0,0,0
"MtrNatGas",10,27,23,"",25.185,0,0,0,24.8958,0,0,0,0,0,0,0,0,0,0,0,0,0,0,0,0.289157,0,0,0,0
"MtrNatGas",10,27,24,"",7.8474,0,0,0,7.60644,0,0,0,0,0,0,0,0,0,0,0,0,0,0,0,0.240965,0,0,0,0
"MtrNatGas",10,28,1,"",2.93847,0,0,0,2.81799,0,0,0,0,0,0,0,0,0,0,0,0,0,0,0,0.120482,0,0,0,0
"MtrNatGas",10,28,2,"",3.08064,0,0,0,2.98425,0,0,0,0,0,0,0,0,0,0,0,0,0,0,0,0.0963858,0,0,0,0
"MtrNatGas",10,28,3,"",4.7533,0,0,0,4.65692,0,0,0,0,0,0,0,0,0,0,0,0,0,0,0,0.0963858,0,0,0,0
"MtrNatGas",10,28,4,"",2.99833,0,0,0,2.90194,0,0,0,0,0,0,0,0,0,0,0,0,0,0,0,0.0963858,0,0,0,0
"MtrNatGas",10,28,5,"",3.07005,0,0,0,2.97366,0,0,0,0,0,0,0,0,0,0,0,0,0,0,0,0.0963858,0,0,0,0
"MtrNatGas",10,28,6,"",3.31548,0,0,0,2.97813,0,0,0,0,0,0,0,0,0,0,0,0,0,0,0,0.33735,0,0,0,0
"MtrNatGas",10,28,7,"",15.3952,0,0,0,14.9374,0,0,0,0,0,0,0,0,0,0,0,0,0,0,0,0.457833,0,0,0,0
"MtrNatGas",10,28,8,"",70.5301,0,0,0,69.9277,0,0,0,0,0,0,0,0,0,0,0,0,0,0,0,0.602411,0,0,0,0
"MtrNatGas",10,28,9,"",20.7079,0,0,0,20.0814,0,0,0,0,0,0,0,0,0,0,0,0,0,0,0,0.626508,0,0,0,0
"MtrNatGas",10,28,10,"",19.6188,0,0,0,13.6034,0,0,0,0,0,0,0,0,0,0,0,0,0,5.48529,0,0.530122,0,0,0,0
"MtrNatGas",10,28,11,"",7.88801,0,0,0,5.16438,0,0,0,0,0,0,0,0,0,0,0,0,0,2.2176,0,0.506026,0,0,0,0
"MtrNatGas",10,28,12,"",7.09703,0,0,0,6.39823,0,0,0,0,0,0,0,0,0,0,0,0,0,0,0,0.698797,0,0,0,0
"MtrNatGas",10,28,13,"",6.01887,0,0,0,5.17549,0,0,0,0,0,0,0,0,0,0,0,0,0,0,0,0.843376,0,0,0,0
"MtrNatGas",10,28,14,"",8.29069,0,0,0,5.02266,0,0,0,0,0,0,0,0,0,0,0,0,0,2.49695,0,0.771087,0,0,0,0
"MtrNatGas",10,28,15,"",15.1674,0,0,0,5.21719,0,0,0,0,0,0,0,0,0,0,0,0,0,9.13097,0,0.81928,0,0,0,0
"MtrNatGas",10,28,16,"",42.5438,0,0,0,30.7704,0,0,0,0,0,0,0,0,0,0,0,0,0,10.5204,0,1.25302,0,0,0,0
"MtrNatGas",10,28,17,"",16.406,0,0,0,4.9765,0,0,0,0,0,0,0,0,0,0,0,0,0,8.65845,0,2.77109,0,0,0,0
"MtrNatGas",10,28,18,"",10.4256,0,0,0,5.775,0,0,0,0,0,0,0,0,0,0,0,0,0,0,0,4.65062,0,0,0,0
"MtrNatGas",10,28,19,"",14.638,0,0,0,10.3006,0,0,0,0,0,0,0,0,0,0,0,0,0,0,0,4.33736,0,0,0,0
"MtrNatGas",10,28,20,"",18.3239,0,0,0,15.9624,0,0,0,0,0,0,0,0,0,0,0,0,0,0,0,2.36145,0,0,0,0
"MtrNatGas",10,28,21,"",21.8666,0,0,0,17.879,0,0,0,0,0,0,0,0,0,0,0,0,0,2.9756,0,1.01205,0,0,0,0
"MtrNatGas",10,28,22,"",24.4709,0,0,0,19.2632,0,0,0,0,0,0,0,0,0,0,0,0,0,4.72578,0,0.481929,0,0,0,0
"MtrNatGas",10,28,23,"",22.4526,0,0,0,8.50728,0,0,0,0,0,0,0,0,0,0,0,0,0,13.6561,0,0.289157,0,0,0,0
"MtrNatGas",10,28,24,"",4.95272,0,0,0,2.96621,0,0,0,0,0,0,0,0,0,0,0,0,0,1.74554,0,0.240965,0,0,0,0
"MtrNatGas",10,29,1,"",3.29874,0,0,0,3.17826,0,0,0,0,0,0,0,0,0,0,0,0,0,0,0,0.120482,0,0,0,0
"MtrNatGas",10,29,2,"",5.15631,0,0,0,5.05992,0,0,0,0,0,0,0,0,0,0,0,0,0,0,0,0.0963858,0,0,0,0
"MtrNatGas",10,29,3,"",4.28187,0,0,0,4.18548,0,0,0,0,0,0,0,0,0,0,0,0,0,0,0,0.0963858,0,0,0,0
"MtrNatGas",10,29,4,"",4.25982,0,0,0,4.16344,0,0,0,0,0,0,0,0,0,0,0,0,0,0,0,0.0963858,0,0,0,0
"MtrNatGas",10,29,5,"",5.01798,0,0,0,4.92159,0,0,0,0,0,0,0,0,0,0,0,0,0,0,0,0.0963858,0,0,0,0
"MtrNatGas",10,29,6,"",7.02288,0,0,0,6.68553,0,0,0,0,0,0,0,0,0,0,0,0,0,0,0,0.33735,0,0,0,0
"MtrNatGas",10,29,7,"",31.6686,0,0,0,31.2108,0,0,0,0,0,0,0,0,0,0,0,0,0,0,0,0.457833,0,0,0,0
"MtrNatGas",10,29,8,"",28.4789,0,0,0,27.8765,0,0,0,0,0,0,0,0,0,0,0,0,0,0,0,0.602411,0,0,0,0
"MtrNatGas",10,29,9,"",27.0387,0,0,0,26.4122,0,0,0,0,0,0,0,0,0,0,0,0,0,0,0,0.626508,0,0,0,0
"MtrNatGas",10,29,10,"",13.3673,0,0,0,12.8372,0,0,0,0,0,0,0,0,0,0,0,0,0,0,0,0.530122,0,0,0,0
"MtrNatGas",10,29,11,"",14.24,0,0,0,13.734,0,0,0,0,0,0,0,0,0,0,0,0,0,0,0,0.506026,0,0,0,0
"MtrNatGas",10,29,12,"",12.0731,0,0,0,11.3743,0,0,0,0,0,0,0,0,0,0,0,0,0,0,0,0.698797,0,0,0,0
"MtrNatGas",10,29,13,"",20.1091,0,0,0,11.5642,0,0,0,0,0,0,0,0,0,0,0,0,0,7.70155,0,0.843376,0,0,0,0
"MtrNatGas",10,29,14,"",12.9568,0,0,0,12.1857,0,0,0,0,0,0,0,0,0,0,0,0,0,0,0,0.771087,0,0,0,0
"MtrNatGas",10,29,15,"",7.75801,0,0,0,6.93874,0,0,0,0,0,0,0,0,0,0,0,0,0,0,0,0.81928,0,0,0,0
"MtrNatGas",10,29,16,"",6.88494,0,0,0,5.63193,0,0,0,0,0,0,0,0,0,0,0,0,0,0,0,1.25302,0,0,0,0
"MtrNatGas",10,29,17,"",10.4364,0,0,0,7.6653,0,0,0,0,0,0,0,0,0,0,0,0,0,0,0,2.77109,0,0,0,0
"MtrNatGas",10,29,18,"",12.5464,0,0,0,7.8958,0,0,0,0,0,0,0,0,0,0,0,0,0,0,0,4.65062,0,0,0,0
"MtrNatGas",10,29,19,"",42.0505,0,0,0,37.7132,0,0,0,0,0,0,0,0,0,0,0,0,0,0,0,4.33736,0,0,0,0
"MtrNatGas",10,29,20,"",28.8988,0,0,0,26.5374,0,0,0,0,0,0,0,0,0,0,0,0,0,0,0,2.36145,0,0,0,0
"MtrNatGas",10,29,21,"",24.9401,0,0,0,23.9281,0,0,0,0,0,0,0,0,0,0,0,0,0,0,0,1.01205,0,0,0,0
"MtrNatGas",10,29,22,"",13.8286,0,0,0,13.3467,0,0,0,0,0,0,0,0,0,0,0,0,0,0,0,0.481929,0,0,0,0
"MtrNatGas",10,29,23,"",24.0606,0,0,0,23.7715,0,0,0,0,0,0,0,0,0,0,0,0,0,0,0,0.289157,0,0,0,0
"MtrNatGas",10,29,24,"",38.6909,0,0,0,38.4499,0,0,0,0,0,0,0,0,0,0,0,0,0,0,0,0.240965,0,0,0,0
"MtrNatGas",10,30,1,"",4.08559,0,0,0,3.96511,0,0,0,0,0,0,0,0,0,0,0,0,0,0,0,0.120482,0,0,0,0
"MtrNatGas",10,30,2,"",3.07864,0,0,0,2.98226,0,0,0,0,0,0,0,0,0,0,0,0,0,0,0,0.0963858,0,0,0,0
"MtrNatGas",10,30,3,"",3.94573,0,0,0,3.84935,0,0,0,0,0,0,0,0,0,0,0,0,0,0,0,0.0963858,0,0,0,0
"MtrNatGas",10,30,4,"",4.76388,0,0,0,4.66749,0,0,0,0,0,0,0,0,0,0,0,0,0,0,0,0.0963858,0,0,0,0
"MtrNatGas",10,30,5,"",5.11553,0,0,0,5.01915,0,0,0,0,0,0,0,0,0,0,0,0,0,0,0,0.0963858,0,0,0,0
"MtrNatGas",10,30,6,"",9.67515,0,0,0,9.3378,0,0,0,0,0,0,0,0,0,0,0,0,0,0,0,0.33735,0,0,0,0
"MtrNatGas",10,30,7,"",31.4461,0,0,0,30.9883,0,0,0,0,0,0,0,0,0,0,0,0,0,0,0,0.457833,0,0,0,0
"MtrNatGas",10,30,8,"",29.6167,0,0,0,29.0143,0,0,0,0,0,0,0,0,0,0,0,0,0,0,0,0.602411,0,0,0,0
"MtrNatGas",10,30,9,"",18.7694,0,0,0,18.1429,0,0,0,0,0,0,0,0,0,0,0,0,0,0,0,0.626508,0,0,0,0
"MtrNatGas",10,30,10,"",19.658,0,0,0,19.1279,0,0,0,0,0,0,0,0,0,0,0,0,0,0,0,0.530122,0,0,0,0
"MtrNatGas",10,30,11,"",15.4034,0,0,0,14.8974,0,0,0,0,0,0,0,0,0,0,0,0,0,0,0,0.506026,0,0,0,0
"MtrNatGas",10,30,12,"",9.78924,0,0,0,9.09045,0,0,0,0,0,0,0,0,0,0,0,0,0,0,0,0.698797,0,0,0,0
"MtrNatGas",10,30,13,"",7.32105,0,0,0,6.47768,0,0,0,0,0,0,0,0,0,0,0,0,0,0,0,0.843376,0,0,0,0
"MtrNatGas",10,30,14,"",10.3874,0,0,0,7.11941,0,0,0,0,0,0,0,0,0,0,0,0,0,2.49695,0,0.771087,0,0,0,0
"MtrNatGas",10,30,15,"",18.2955,0,0,0,12.2697,0,0,0,0,0,0,0,0,0,0,0,0,0,5.20652,0,0.81928,0,0,0,0
"MtrNatGas",10,30,16,"",13.8735,0,0,0,9.67918,0,0,0,0,0,0,0,0,0,0,0,0,0,2.94132,0,1.25302,0,0,0,0
"MtrNatGas",10,30,17,"",18.0674,0,0,0,10.5374,0,0,0,0,0,0,0,0,0,0,0,0,0,4.75893,0,2.77109,0,0,0,0
"MtrNatGas",10,30,18,"",15.1319,0,0,0,10.4813,0,0,0,0,0,0,0,0,0,0,0,0,0,0,0,4.65062,0,0,0,0
"MtrNatGas",10,30,19,"",38.332,0,0,0,33.9947,0,0,0,0,0,0,0,0,0,0,0,0,0,0,0,4.33736,0,0,0,0
"MtrNatGas",10,30,20,"",27.6957,0,0,0,25.3342,0,0,0,0,0,0,0,0,0,0,0,0,0,0,0,2.36145,0,0,0,0
"MtrNatGas",10,30,21,"",19.5801,0,0,0,18.5681,0,0,0,0,0,0,0,0,0,0,0,0,0,0,0,1.01205,0,0,0,0
"MtrNatGas",10,30,22,"",15.6028,0,0,0,15.1208,0,0,0,0,0,0,0,0,0,0,0,0,0,0,0,0.481929,0,0,0,0
"MtrNatGas",10,30,23,"",9.60872,0,0,0,9.31956,0,0,0,0,0,0,0,0,0,0,0,0,0,0,0,0.289157,0,0,0,0
"MtrNatGas",10,30,24,"",5.60986,0,0,0,5.36889,0,0,0,0,0,0,0,0,0,0,0,0,0,0,0,0.240965,0,0,0,0
"MtrNatGas",10,31,1,"",3.38568,0,0,0,3.2652,0,0,0,0,0,0,0,0,0,0,0,0,0,0,0,0.120482,0,0,0,0
"MtrNatGas",10,31,2,"",2.92881,0,0,0,2.83242,0,0,0,0,0,0,0,0,0,0,0,0,0,0,0,0.0963858,0,0,0,0
"MtrNatGas",10,31,3,"",3.05085,0,0,0,2.97856,0,0,0,0,0,0,0,0,0,0,0,0,0,0,0,0.0722894,0,0,0,0
"MtrNatGas",10,31,4,"",3.03722,0,0,0,2.96493,0,0,0,0,0,0,0,0,0,0,0,0,0,0,0,0.0722894,0,0,0,0
"MtrNatGas",10,31,5,"",2.90428,0,0,0,2.83199,0,0,0,0,0,0,0,0,0,0,0,0,0,0,0,0.0722894,0,0,0,0
"MtrNatGas",10,31,6,"",3.64321,0,0,0,3.52273,0,0,0,0,0,0,0,0,0,0,0,0,0,0,0,0.120482,0,0,0,0
"MtrNatGas",10,31,7,"",10.87,0,0,0,10.629,0,0,0,0,0,0,0,0,0,0,0,0,0,0,0,0.240965,0,0,0,0
"MtrNatGas",10,31,8,"",25.5608,0,0,0,24.9102,0,0,0,0,0,0,0,0,0,0,0,0,0,0,0,0.650604,0,0,0,0
"MtrNatGas",10,31,9,"",33.5716,0,0,0,32.415,0,0,0,0,0,0,0,0,0,0,0,0,0,0,0,1.15663,0,0,0,0
"MtrNatGas",10,31,10,"",33.9992,0,0,0,28.6747,0,0,0,0,0,0,0,0,0,0,0,0,0,4.16788,0,1.15663,0,0,0,0
"MtrNatGas",10,31,11,"",23.5928,0,0,0,18.952,0,0,0,0,0,0,0,0,0,0,0,0,0,3.53236,0,1.10844,0,0,0,0
"MtrNatGas",10,31,12,"",11.4195,0,0,0,10.0942,0,0,0,0,0,0,0,0,0,0,0,0,0,0,0,1.32531,0,0,0,0
"MtrNatGas",10,31,13,"",6.00873,0,0,0,4.49065,0,0,0,0,0,0,0,0,0,0,0,0,0,0,0,1.51808,0,0,0,0
"MtrNatGas",10,31,14,"",7.60507,0,0,0,6.18338,0,0,0,0,0,0,0,0,0,0,0,0,0,0,0,1.42169,0,0,0,0
"MtrNatGas",10,31,15,"",5.21955,0,0,0,3.72557,0,0,0,0,0,0,0,0,0,0,0,0,0,0,0,1.49398,0,0,0,0
"MtrNatGas",10,31,16,"",7.27488,0,0,0,5.63632,0,0,0,0,0,0,0,0,0,0,0,0,0,0,0,1.63856,0,0,0,0
"MtrNatGas",10,31,17,"",6.19394,0,0,0,4.00116,0,0,0,0,0,0,0,0,0,0,0,0,0,0,0,2.19278,0,0,0,0
"MtrNatGas",10,31,18,"",9.10594,0,0,0,5.75654,0,0,0,0,0,0,0,0,0,0,0,0,0,0,0,3.34941,0,0,0,0
"MtrNatGas",10,31,19,"",13.1555,0,0,0,10.0471,0,0,0,0,0,0,0,0,0,0,0,0,0,0,0,3.10844,0,0,0,0
"MtrNatGas",10,31,20,"",23.7141,0,0,0,14.2772,0,0,0,0,0,0,0,0,0,0,0,0,0,7.70199,0,1.73494,0,0,0,0
"MtrNatGas",10,31,21,"",25.4232,0,0,0,16.0534,0,0,0,0,0,0,0,0,0,0,0,0,0,8.59872,0,0.771087,0,0,0,0
"MtrNatGas",10,31,22,"",21.022,0,0,0,13.8791,0,0,0,0,0,0,0,0,0,0,0,0,0,6.80559,0,0.33735,0,0,0,0
"MtrNatGas",10,31,23,"",4.65608,0,0,0,4.43921,0,0,0,0,0,0,0,0,0,0,0,0,0,0,0,0.216868,0,0,0,0
"MtrNatGas",10,31,24,"",3.08326,0,0,0,2.96278,0,0,0,0,0,0,0,0,0,0,0,0,0,0,0,0.120482,0,0,0,0
"MtrNatGas",11,1,1,"",3.40504,0,0,0,3.25732,0,0,0,0,0,0,0,0,0,0,0,0,0,0,0,0.147722,0,0,0,0
"MtrNatGas",11,1,2,"",2.93879,0,0,0,2.82062,0,0,0,0,0,0,0,0,0,0,0,0,0,0,0,0.118177,0,0,0,0
"MtrNatGas",11,1,3,"",4.99457,0,0,0,4.90594,0,0,0,0,0,0,0,0,0,0,0,0,0,0,0,0.0886331,0,0,0,0
"MtrNatGas",11,1,3,"",4.99514,0,0,0,4.90651,0,0,0,0,0,0,0,0,0,0,0,0,0,0,0,0.0886331,0,0,0,0
"MtrNatGas",11,1,4,"",4.239,0,0,0,4.15036,0,0,0,0,0,0,0,0,0,0,0,0,0,0,0,0.0886331,0,0,0,0
"MtrNatGas",11,1,5,"",2.91057,0,0,0,2.82193,0,0,0,0,0,0,0,0,0,0,0,0,0,0,0,0.0886331,0,0,0,0
"MtrNatGas",11,1,6,"",3.40858,0,0,0,3.26086,0,0,0,0,0,0,0,0,0,0,0,0,0,0,0,0.147722,0,0,0,0
"MtrNatGas",11,1,7,"",3.27459,0,0,0,2.97915,0,0,0,0,0,0,0,0,0,0,0,0,0,0,0,0.295444,0,0,0,0
"MtrNatGas",11,1,8,"",12.6603,0,0,0,11.8626,0,0,0,0,0,0,0,0,0,0,0,0,0,0,0,0.797697,0,0,0,0
"MtrNatGas",11,1,9,"",21.9966,0,0,0,20.5785,0,0,0,0,0,0,0,0,0,0,0,0,0,0,0,1.41813,0,0,0,0
"MtrNatGas",11,1,10,"",25.8488,0,0,0,24.4306,0,0,0,0,0,0,0,0,0,0,0,0,0,0,0,1.41813,0,0,0,0
"MtrNatGas",11,1,11,"",23.9165,0,0,0,11.4167,0,0,0,0,0,0,0,0,0,0,0,0,0,11.1407,0,1.35904,0,0,0,0
"MtrNatGas",11,1,12,"",22.7941,0,0,0,6.0683,0,0,0,0,0,0,0,0,0,0,0,0,0,15.1008,0,1.62494,0,0,0,0
"MtrNatGas",11,1,13,"",11.7562,0,0,0,5.32662,0,0,0,0,0,0,0,0,0,0,0,0,0,4.56828,0,1.86129,0,0,0,0
"MtrNatGas",11,1,14,"",14.3646,0,0,0,4.91993,0,0,0,0,0,0,0,0,0,0,0,0,0,7.70154,0,1.74312,0,0,0,0
"MtrNatGas",11,1,15,"",5.23867,0,0,0,3.40692,0,0,0,0,0,0,0,0,0,0,0,0,0,0,0,1.83175,0,0,0,0
"MtrNatGas",11,1,16,"",5.00659,0,0,0,2.99758,0,0,0,0,0,0,0,0,0,0,0,0,0,0,0,2.00902,0,0,0,0
"MtrNatGas",11,1,17,"",5.93432,0,0,0,3.24578,0,0,0,0,0,0,0,0,0,0,0,0,0,0,0,2.68854,0,0,0,0
"MtrNatGas",11,1,18,"",8.13826,0,0,0,4.03159,0,0,0,0,0,0,0,0,0,0,0,0,0,0,0,4.10666,0,0,0,0
"MtrNatGas",11,1,19,"",18.6198,0,0,0,14.8086,0,0,0,0,0,0,0,0,0,0,0,0,0,0,0,3.81122,0,0,0,0
"MtrNatGas",11,1,20,"",9.50742,0,0,0,7.38023,0,0,0,0,0,0,0,0,0,0,0,0,0,0,0,2.12719,0,0,0,0
"MtrNatGas",11,1,21,"",14.6183,0,0,0,13.6729,0,0,0,0,0,0,0,0,0,0,0,0,0,0,0,0.945419,0,0,0,0
"MtrNatGas",11,1,22,"",10.6833,0,0,0,10.2697,0,0,0,0,0,0,0,0,0,0,0,0,0,0,0,0.413621,0,0,0,0
"MtrNatGas",11,1,23,"",4.05492,0,0,0,3.78902,0,0,0,0,0,0,0,0,0,0,0,0,0,0,0,0.265899,0,0,0,0
"MtrNatGas",11,1,24,"",3.78097,0,0,0,3.63325,0,0,0,0,0,0,0,0,0,0,0,0,0,0,0,0.147722,0,0,0,0
"MtrNatGas",11,2,1,"",6.45848,0,0,0,6.31076,0,0,0,0,0,0,0,0,0,0,0,0,0,0,0,0.147722,0,0,0,0
"MtrNatGas",11,2,2,"",3.09154,0,0,0,2.97336,0,0,0,0,0,0,0,0,0,0,0,0,0,0,0,0.118177,0,0,0,0
"MtrNatGas",11,2,3,"",4.26979,0,0,0,4.15162,0,0,0,0,0,0,0,0,0,0,0,0,0,0,0,0.118177,0,0,0,0
"MtrNatGas",11,2,4,"",2.94492,0,0,0,2.82674,0,0,0,0,0,0,0,0,0,0,0,0,0,0,0,0.118177,0,0,0,0
"MtrNatGas",11,2,5,"",2.94623,0,0,0,2.82805,0,0,0,0,0,0,0,0,0,0,0,0,0,0,0,0.118177,0,0,0,0
"MtrNatGas",11,2,6,"",4.57312,0,0,0,4.1595,0,0,0,0,0,0,0,0,0,0,0,0,0,0,0,0.413621,0,0,0,0
"MtrNatGas",11,2,7,"",13.0697,0,0,0,12.5084,0,0,0,0,0,0,0,0,0,0,0,0,0,0,0,0.561343,0,0,0,0
"MtrNatGas",11,2,8,"",40.8724,0,0,0,40.1338,0,0,0,0,0,0,0,0,0,0,0,0,0,0,0,0.738609,0,0,0,0
"MtrNatGas",11,2,9,"",47.9527,0,0,0,39.484,0,0,0,0,0,0,0,0,0,0,0,0,0,7.70058,0,0.768153,0,0,0,0
"MtrNatGas",11,2,10,"",20.8941,0,0,0,17.7358,0,0,0,0,0,0,0,0,0,0,0,0,0,2.50833,0,0.649976,0,0,0,0
"MtrNatGas",11,2,11,"",17.8766,0,0,0,12.062,0,0,0,0,0,0,0,0,0,0,0,0,0,5.19421,0,0.620431,0,0,0,0
"MtrNatGas",11,2,12,"",12.6759,0,0,0,4.1182,0,0,0,0,0,0,0,0,0,0,0,0,0,7.70093,0,0.856786,0,0,0,0
"MtrNatGas",11,2,13,"",4.23328,0,0,0,3.19922,0,0,0,0,0,0,0,0,0,0,0,0,0,0,0,1.03405,0,0,0,0
"MtrNatGas",11,2,14,"",5.661,0,0,0,4.71558,0,0,0,0,0,0,0,0,0,0,0,0,0,0,0,0.945419,0,0,0,0
"MtrNatGas",11,2,15,"",15.7373,0,0,0,7.03212,0,0,0,0,0,0,0,0,0,0,0,0,0,7.7007,0,1.00451,0,0,0,0
"MtrNatGas",11,2,16,"",24.8389,0,0,0,23.3026,0,0,0,0,0,0,0,0,0,0,0,0,0,0,0,1.53631,0,0,0,0
"MtrNatGas",11,2,17,"",26.9134,0,0,0,15.8134,0,0,0,0,0,0,0,0,0,0,0,0,0,7.70248,0,3.3976,0,0,0,0
"MtrNatGas",11,2,18,"",27.7717,0,0,0,14.3692,0,0,0,0,0,0,0,0,0,0,0,0,0,7.70039,0,5.70206,0,0,0,0
"MtrNatGas",11,2,19,"",25.6173,0,0,0,12.5978,0,0,0,0,0,0,0,0,0,0,0,0,0,7.70148,0,5.31798,0,0,0,0
"MtrNatGas",11,2,20,"",14.8684,0,0,0,11.973,0,0,0,0,0,0,0,0,0,0,0,0,0,0,0,2.89535,0,0,0,0
"MtrNatGas",11,2,21,"",16.0354,0,0,0,11.8189,0,0,0,0,0,0,0,0,0,0,0,0,0,2.9756,0,1.24086,0,0,0,0
"MtrNatGas",11,2,22,"",26.4229,0,0,0,21.1062,0,0,0,0,0,0,0,0,0,0,0,0,0,4.72578,0,0.590887,0,0,0,0
"MtrNatGas",11,2,23,"",23.3724,0,0,0,9.36172,0,0,0,0,0,0,0,0,0,0,0,0,0,13.6561,0,0.354532,0,0,0,0
"MtrNatGas",11,2,24,"",13.4053,0,0,0,9.39956,0,0,0,0,0,0,0,0,0,0,0,0,0,3.71033,0,0.295444,0,0,0,0
"MtrNatGas",11,3,1,"",9.3165,0,0,0,3.43333,0,0,0,0,0,0,0,0,0,0,0,0,0,5.73545,0,0.147722,0,0,0,0
"MtrNatGas",11,3,2,"",3.2587,0,0,0,3.14052,0,0,0,0,0,0,0,0,0,0,0,0,0,0,0,0.118177,0,0,0,0
"MtrNatGas",11,3,3,"",3.65989,0,0,0,3.54171,0,0,0,0,0,0,0,0,0,0,0,0,0,0,0,0.118177,0,0,0,0
"MtrNatGas",11,3,4,"",3.38454,0,0,0,3.26636,0,0,0,0,0,0,0,0,0,0,0,0,0,0,0,0.118177,0,0,0,0
"MtrNatGas",11,3,5,"",4.76283,0,0,0,4.64465,0,0,0,0,0,0,0,0,0,0,0,0,0,0,0,0.118177,0,0,0,0
"MtrNatGas",11,3,6,"",6.97416,0,0,0,6.56053,0,0,0,0,0,0,0,0,0,0,0,0,0,0,0,0.413621,0,0,0,0
"MtrNatGas",11,3,7,"",15.9797,0,0,0,15.4184,0,0,0,0,0,0,0,0,0,0,0,0,0,0,0,0.561343,0,0,0,0
"MtrNatGas",11,3,8,"",53.442,0,0,0,52.7034,0,0,0,0,0,0,0,0,0,0,0,0,0,0,0,0.738609,0,0,0,0
"MtrNatGas",11,3,9,"",23.8611,0,0,0,23.0929,0,0,0,0,0,0,0,0,0,0,0,0,0,0,0,0.768153,0,0,0,0
"MtrNatGas",11,3,10,"",17.3879,0,0,0,14.2296,0,0,0,0,0,0,0,0,0,0,0,0,0,2.50833,0,0.649976,0,0,0,0
"MtrNatGas",11,3,11,"",15.4896,0,0,0,5.5132,0,0,0,0,0,0,0,0,0,0,0,0,0,9.35601,0,0.620431,0,0,0,0
"MtrNatGas",11,3,12,"",8.14973,0,0,0,3.75359,0,0,0,0,0,0,0,0,0,0,0,0,0,3.53936,0,0.856786,0,0,0,0
"MtrNatGas",11,3,13,"",4.76326,0,0,0,3.72921,0,0,0,0,0,0,0,0,0,0,0,0,0,0,0,1.03405,0,0,0,0
"MtrNatGas",11,3,14,"",3.84933,0,0,0,2.90392,0,0,0,0,0,0,0,0,0,0,0,0,0,0,0,0.945419,0,0,0,0
"MtrNatGas",11,3,15,"",3.98635,0,0,0,2.98185,0,0,0,0,0,0,0,0,0,0,0,0,0,0,0,1.00451,0,0,0,0
"MtrNatGas",11,3,16,"",24.9132,0,0,0,23.3769,0,0,0,0,0,0,0,0,0,0,0,0,0,0,0,1.53631,0,0,0,0
"MtrNatGas",11,3,17,"",11.9144,0,0,0,8.51676,0,0,0,0,0,0,0,0,0,0,0,0,0,0,0,3.3976,0,0,0,0
"MtrNatGas",11,3,18,"",17.4032,0,0,0,11.7012,0,0,0,0,0,0,0,0,0,0,0,0,0,0,0,5.70206,0,0,0,0
"MtrNatGas",11,3,19,"",18.3415,0,0,0,13.0235,0,0,0,0,0,0,0,0,0,0,0,0,0,0,0,5.31798,0,0,0,0
"MtrNatGas",11,3,20,"",16.9583,0,0,0,14.0629,0,0,0,0,0,0,0,0,0,0,0,0,0,0,0,2.89535,0,0,0,0
"MtrNatGas",11,3,21,"",25.5895,0,0,0,21.373,0,0,0,0,0,0,0,0,0,0,0,0,0,2.9756,0,1.24086,0,0,0,0
"MtrNatGas",11,3,22,"",39.8959,0,0,0,34.5792,0,0,0,0,0,0,0,0,0,0,0,0,0,4.72578,0,0.590887,0,0,0,0
"MtrNatGas",11,3,23,"",27.5614,0,0,0,13.5508,0,0,0,0,0,0,0,0,0,0,0,0,0,13.6561,0,0.354532,0,0,0,0
"MtrNatGas",11,3,24,"",7.1897,0,0,0,5.14871,0,0,0,0,0,0,0,0,0,0,0,0,0,1.74554,0,0.295444,0,0,0,0
"MtrNatGas",11,4,1,"",3.29275,0,0,0,3.14503,0,0,0,0,0,0,0,0,0,0,0,0,0,0,0,0.147722,0,0,0,0
"MtrNatGas",11,4,2,"",7.6134,0,0,0,7.49523,0,0,0,0,0,0,0,0,0,0,0,0,0,0,0,0.118177,0,0,0,0
"MtrNatGas",11,4,3,"",5.30972,0,0,0,5.19154,0,0,0,0,0,0,0,0,0,0,0,0,0,0,0,0.118177,0,0,0,0
"MtrNatGas",11,4,4,"",2.96459,0,0,0,2.84642,0,0,0,0,0,0,0,0,0,0,0,0,0,0,0,0.118177,0,0,0,0
"MtrNatGas",11,4,5,"",2.96635,0,0,0,2.84817,0,0,0,0,0,0,0,0,0,0,0,0,0,0,0,0.118177,0,0,0,0
"MtrNatGas",11,4,6,"",3.42182,0,0,0,3.0082,0,0,0,0,0,0,0,0,0,0,0,0,0,0,0,0.413621,0,0,0,0
"MtrNatGas",11,4,7,"",22.3007,0,0,0,21.7393,0,0,0,0,0,0,0,0,0,0,0,0,0,0,0,0.561343,0,0,0,0
"MtrNatGas",11,4,8,"",27.3788,0,0,0,26.6402,0,0,0,0,0,0,0,0,0,0,0,0,0,0,0,0.738609,0,0,0,0
"MtrNatGas",11,4,9,"",32.7256,0,0,0,24.2569,0,0,0,0,0,0,0,0,0,0,0,0,0,7.70058,0,0.768153,0,0,0,0
"MtrNatGas",11,4,10,"",12.1972,0,0,0,9.03889,0,0,0,0,0,0,0,0,0,0,0,0,0,2.50833,0,0.649976,0,0,0,0
"MtrNatGas",11,4,11,"",13.0115,0,0,0,7.19683,0,0,0,0,0,0,0,0,0,0,0,0,0,5.19421,0,0.620431,0,0,0,0
"MtrNatGas",11,4,12,"",16.4803,0,0,0,7.92262,0,0,0,0,0,0,0,0,0,0,0,0,0,7.70093,0,0.856786,0,0,0,0
"MtrNatGas",11,4,13,"",16.3879,0,0,0,7.65228,0,0,0,0,0,0,0,0,0,0,0,0,0,7.70155,0,1.03405,0,0,0,0
"MtrNatGas",11,4,14,"",17.9756,0,0,0,5.46111,0,0,0,0,0,0,0,0,0,0,0,0,0,11.5691,0,0.945419,0,0,0,0
"MtrNatGas",11,4,15,"",10.8894,0,0,0,6.05104,0,0,0,0,0,0,0,0,0,0,0,0,0,3.83381,0,1.00451,0,0,0,0
"MtrNatGas",11,4,16,"",5.08531,0,0,0,3.549,0,0,0,0,0,0,0,0,0,0,0,0,0,0,0,1.53631,0,0,0,0
"MtrNatGas",11,4,17,"",10.8534,0,0,0,7.45583,0,0,0,0,0,0,0,0,0,0,0,0,0,0,0,3.3976,0,0,0,0
"MtrNatGas",11,4,18,"",11.0317,0,0,0,5.32964,0,0,0,0,0,0,0,0,0,0,0,0,0,0,0,5.70206,0,0,0,0
"MtrNatGas",11,4,19,"",29.8715,0,0,0,24.5535,0,0,0,0,0,0,0,0,0,0,0,0,0,0,0,5.31798,0,0,0,0
"MtrNatGas",11,4,20,"",11.824,0,0,0,8.92865,0,0,0,0,0,0,0,0,0,0,0,0,0,0,0,2.89535,0,0,0,0
"MtrNatGas",11,4,21,"",29.4495,0,0,0,28.2086,0,0,0,0,0,0,0,0,0,0,0,0,0,0,0,1.24086,0,0,0,0
"MtrNatGas",11,4,22,"",22.995,0,0,0,6.99873,0,0,0,0,0,0,0,0,0,0,0,0,0,15.4054,0,0.590887,0,0,0,0
"MtrNatGas",11,4,23,"",24.042,0,0,0,23.6875,0,0,0,0,0,0,0,0,0,0,0,0,0,0,0,0.354532,0,0,0,0
"MtrNatGas",11,4,24,"",6.15743,0,0,0,5.86199,0,0,0,0,0,0,0,0,0,0,0,0,0,0,0,0.295444,0,0,0,0
"MtrNatGas",11,5,1,"",4.03841,0,0,0,3.89069,0,0,0,0,0,0,0,0,0,0,0,0,0,0,0,0.147722,0,0,0,0
"MtrNatGas",11,5,2,"",3.11968,0,0,0,3.00151,0,0,0,0,0,0,0,0,0,0,0,0,0,0,0,0.118177,0,0,0,0
"MtrNatGas",11,5,3,"",3.46169,0,0,0,3.34352,0,0,0,0,0,0,0,0,0,0,0,0,0,0,0,0.118177,0,0,0,0
"MtrNatGas",11,5,4,"",3.31946,0,0,0,3.20128,0,0,0,0,0,0,0,0,0,0,0,0,0,0,0,0.118177,0,0,0,0
"MtrNatGas",11,5,5,"",4.92634,0,0,0,4.80816,0,0,0,0,0,0,0,0,0,0,0,0,0,0,0,0.118177,0,0,0,0
"MtrNatGas",11,5,6,"",8.28437,0,0,0,7.87075,0,0,0,0,0,0,0,0,0,0,0,0,0,0,0,0.413621,0,0,0,0
"MtrNatGas",11,5,7,"",14.0842,0,0,0,13.5229,0,0,0,0,0,0,0,0,0,0,0,0,0,0,0,0.561343,0,0,0,0
"MtrNatGas",11,5,8,"",69.6094,0,0,0,61.1677,0,0,0,0,0,0,0,0,0,0,0,0,0,7.70312,0,0.738609,0,0,0,0
"MtrNatGas",11,5,9,"",31.1117,0,0,0,30.3436,0,0,0,0,0,0,0,0,0,0,0,0,0,0,0,0.768153,0,0,0,0
"MtrNatGas",11,5,10,"",14.5533,0,0,0,8.41803,0,0,0,0,0,0,0,0,0,0,0,0,0,5.48529,0,0.649976,0,0,0,0
"MtrNatGas",11,5,11,"",9.79668,0,0,0,6.95865,0,0,0,0,0,0,0,0,0,0,0,0,0,2.2176,0,0.620431,0,0,0,0
"MtrNatGas",11,5,12,"",4.38976,0,0,0,3.53297,0,0,0,0,0,0,0,0,0,0,0,0,0,0,0,0.856786,0,0,0,0
"MtrNatGas",11,5,13,"",4.37681,0,0,0,3.34275,0,0,0,0,0,0,0,0,0,0,0,0,0,0,0,1.03405,0,0,0,0
"MtrNatGas",11,5,14,"",3.56316,0,0,0,2.61775,0,0,0,0,0,0,0,0,0,0,0,0,0,0,0,0.945419,0,0,0,0
"MtrNatGas",11,5,15,"",4.70069,0,0,0,3.69618,0,0,0,0,0,0,0,0,0,0,0,0,0,0,0,1.00451,0,0,0,0
"MtrNatGas",11,5,16,"",39.322,0,0,0,33.9511,0,0,0,0,0,0,0,0,0,0,0,0,0,3.83464,0,1.53631,0,0,0,0
"MtrNatGas",11,5,17,"",17.767,0,0,0,10.5037,0,0,0,0,0,0,0,0,0,0,0,0,0,3.86561,0,3.3976,0,0,0,0
"MtrNatGas",11,5,18,"",18.6959,0,0,0,12.9938,0,0,0,0,0,0,0,0,0,0,0,0,0,0,0,5.70206,0,0,0,0
"MtrNatGas",11,5,19,"",24.1495,0,0,0,18.8315,0,0,0,0,0,0,0,0,0,0,0,0,0,0,0,5.31798,0,0,0,0
"MtrNatGas",11,5,20,"",40.3046,0,0,0,29.7085,0,0,0,0,0,0,0,0,0,0,0,0,0,7.70077,0,2.89535,0,0,0,0
"MtrNatGas",11,5,21,"",22.5512,0,0,0,18.3347,0,0,0,0,0,0,0,0,0,0,0,0,0,2.9756,0,1.24086,0,0,0,0
"MtrNatGas",11,5,22,"",46.5547,0,0,0,41.238,0,0,0,0,0,0,0,0,0,0,0,0,0,4.72578,0,0.590887,0,0,0,0
"MtrNatGas",11,5,23,"",26.3272,0,0,0,12.3165,0,0,0,0,0,0,0,0,0,0,0,0,0,13.6561,0,0.354532,0,0,0,0
"MtrNatGas",11,5,24,"",8.26624,0,0,0,6.22526,0,0,0,0,0,0,0,0,0,0,0,0,0,1.74554,0,0.295444,0,0,0,0
"MtrNatGas",11,6,1,"",2.98408,0,0,0,2.83636,0,0,0,0,0,0,0,0,0,0,0,0,0,0,0,0.147722,0,0,0,0
"MtrNatGas",11,6,2,"",7.47847,0,0,0,7.3603,0,0,0,0,0,0,0,0,0,0,0,0,0,0,0,0.118177,0,0,0,0
"MtrNatGas",11,6,3,"",5.31437,0,0,0,5.19619,0,0,0,0,0,0,0,0,0,0,0,0,0,0,0,0.118177,0,0,0,0
"MtrNatGas",11,6,4,"",2.9576,0,0,0,2.83942,0,0,0,0,0,0,0,0,0,0,0,0,0,0,0,0.118177,0,0,0,0
"MtrNatGas",11,6,5,"",2.95847,0,0,0,2.8403,0,0,0,0,0,0,0,0,0,0,0,0,0,0,0,0.118177,0,0,0,0
"MtrNatGas",11,6,6,"",4.04242,0,0,0,3.6288,0,0,0,0,0,0,0,0,0,0,0,0,0,0,0,0.413621,0,0,0,0
"MtrNatGas",11,6,7,"",43.4031,0,0,0,42.8418,0,0,0,0,0,0,0,0,0,0,0,0,0,0,0,0.561343,0,0,0,0
"MtrNatGas",11,6,8,"",29.3441,0,0,0,28.6055,0,0,0,0,0,0,0,0,0,0,0,0,0,0,0,0.738609,0,0,0,0
"MtrNatGas",11,6,9,"",13.6044,0,0,0,12.8362,0,0,0,0,0,0,0,0,0,0,0,0,0,0,0,0.768153,0,0,0,0
"MtrNatGas",11,6,10,"",21.502,0,0,0,20.852,0,0,0,0,0,0,0,0,0,0,0,0,0,0,0,0.649976,0,0,0,0
"MtrNatGas",11,6,11,"",7.2666,0,0,0,6.64617,0,0,0,0,0,0,0,0,0,0,0,0,0,0,0,0.620431,0,0,0,0
"MtrNatGas",11,6,12,"",10.1715,0,0,0,4.02406,0,0,0,0,0,0,0,0,0,0,0,0,0,5.29063,0,0.856786,0,0,0,0
"MtrNatGas",11,6,13,"",7.91966,0,0,0,4.47562,0,0,0,0,0,0,0,0,0,0,0,0,0,2.40999,0,1.03405,0,0,0,0
"MtrNatGas",11,6,14,"",4.56216,0,0,0,3.61674,0,0,0,0,0,0,0,0,0,0,0,0,0,0,0,0.945419,0,0,0,0
"MtrNatGas",11,6,15,"",11.1783,0,0,0,10.1738,0,0,0,0,0,0,0,0,0,0,0,0,0,0,0,1.00451,0,0,0,0
"MtrNatGas",11,6,16,"",13.9277,0,0,0,12.3914,0,0,0,0,0,0,0,0,0,0,0,0,0,0,0,1.53631,0,0,0,0
"MtrNatGas",11,6,17,"",14.1927,0,0,0,8.88367,0,0,0,0,0,0,0,0,0,0,0,0,0,1.91139,0,3.3976,0,0,0,0
"MtrNatGas",11,6,18,"",22.6149,0,0,0,13.1391,0,0,0,0,0,0,0,0,0,0,0,0,0,3.77373,0,5.70206,0,0,0,0
"MtrNatGas",11,6,19,"",25.1357,0,0,0,17.8024,0,0,0,0,0,0,0,0,0,0,0,0,0,2.01533,0,5.31798,0,0,0,0
"MtrNatGas",11,6,20,"",15.3016,0,0,0,12.4062,0,0,0,0,0,0,0,0,0,0,0,0,0,0,0,2.89535,0,0,0,0
"MtrNatGas",11,6,21,"",32.0326,0,0,0,23.0898,0,0,0,0,0,0,0,0,0,0,0,0,0,7.70188,0,1.24086,0,0,0,0
"MtrNatGas",11,6,22,"",15.1431,0,0,0,8.99236,0,0,0,0,0,0,0,0,0,0,0,0,0,5.55984,0,0.590887,0,0,0,0
"MtrNatGas",11,6,23,"",31.4073,0,0,0,28.9109,0,0,0,0,0,0,0,0,0,0,0,0,0,2.14188,0,0.354532,0,0,0,0
"MtrNatGas",11,6,24,"",6.24169,0,0,0,5.94625,0,0,0,0,0,0,0,0,0,0,0,0,0,0,0,0.295444,0,0,0,0
"MtrNatGas",11,7,1,"",4.86565,0,0,0,4.71793,0,0,0,0,0,0,0,0,0,0,0,0,0,0,0,0.147722,0,0,0,0
"MtrNatGas",11,7,2,"",2.94667,0,0,0,2.82849,0,0,0,0,0,0,0,0,0,0,0,0,0,0,0,0.118177,0,0,0,0
"MtrNatGas",11,7,3,"",7.29361,0,0,0,7.20498,0,0,0,0,0,0,0,0,0,0,0,0,0,0,0,0.0886331,0,0,0,0
"MtrNatGas",11,7,4,"",5.74704,0,0,0,5.6584,0,0,0,0,0,0,0,0,0,0,0,0,0,0,0,0.0886331,0,0,0,0
"MtrNatGas",11,7,5,"",2.91799,0,0,0,2.82936,0,0,0,0,0,0,0,0,0,0,0,0,0,0,0,0.0886331,0,0,0,0
"MtrNatGas",11,7,6,"",3.67429,0,0,0,3.52657,0,0,0,0,0,0,0,0,0,0,0,0,0,0,0,0.147722,0,0,0,0
"MtrNatGas",11,7,7,"",3.26225,0,0,0,2.96681,0,0,0,0,0,0,0,0,0,0,0,0,0,0,0,0.295444,0,0,0,0
"MtrNatGas",11,7,8,"",19.2875,0,0,0,18.4898,0,0,0,0,0,0,0,0,0,0,0,0,0,0,0,0.797697,0,0,0,0
"MtrNatGas",11,7,9,"",11.3117,0,0,0,9.89355,0,0,0,0,0,0,0,0,0,0,0,0,0,0,0,1.41813,0,0,0,0
"MtrNatGas",11,7,10,"",30.6549,0,0,0,25.0689,0,0,0,0,0,0,0,0,0,0,0,0,0,4.16788,0,1.41813,0,0,0,0
"MtrNatGas",11,7,11,"",38.9097,0,0,0,10.9108,0,0,0,0,0,0,0,0,0,0,0,0,0,26.6399,0,1.35904,0,0,0,0
"MtrNatGas",11,7,12,"",28.9481,0,0,0,20.1126,0,0,0,0,0,0,0,0,0,0,0,0,0,7.21058,0,1.62494,0,0,0,0
"MtrNatGas",11,7,13,"",27.3845,0,0,0,7.33644,0,0,0,0,0,0,0,0,0,0,0,0,0,18.1867,0,1.86129,0,0,0,0
"MtrNatGas",11,7,14,"",14.516,0,0,0,7.35967,0,0,0,0,0,0,0,0,0,0,0,0,0,5.41325,0,1.74312,0,0,0,0
"MtrNatGas",11,7,15,"",13.4962,0,0,0,3.96321,0,0,0,0,0,0,0,0,0,0,0,0,0,7.70123,0,1.83175,0,0,0,0
"MtrNatGas",11,7,16,"",10.9757,0,0,0,8.96666,0,0,0,0,0,0,0,0,0,0,0,0,0,0,0,2.00902,0,0,0,0
"MtrNatGas",11,7,17,"",16.0608,0,0,0,5.67135,0,0,0,0,0,0,0,0,0,0,0,0,0,7.70089,0,2.68854,0,0,0,0
"MtrNatGas",11,7,18,"",9.16847,0,0,0,5.06181,0,0,0,0,0,0,0,0,0,0,0,0,0,0,0,4.10666,0,0,0,0
"MtrNatGas",11,7,19,"",27.9647,0,0,0,24.1535,0,0,0,0,0,0,0,0,0,0,0,0,0,0,0,3.81122,0,0,0,0
"MtrNatGas",11,7,20,"",21.1594,0,0,0,19.0322,0,0,0,0,0,0,0,0,0,0,0,0,0,0,0,2.12719,0,0,0,0
"MtrNatGas",11,7,21,"",27.8811,0,0,0,19.2333,0,0,0,0,0,0,0,0,0,0,0,0,0,7.7023,0,0.945419,0,0,0,0
"MtrNatGas",11,7,22,"",8.08753,0,0,0,7.67391,0,0,0,0,0,0,0,0,0,0,0,0,0,0,0,0.413621,0,0,0,0
"MtrNatGas",11,7,23,"",11.1266,0,0,0,3.15992,0,0,0,0,0,0,0,0,0,0,0,0,0,7.70077,0,0.265899,0,0,0,0
"MtrNatGas",11,7,24,"",4.56295,0,0,0,4.41523,0,0,0,0,0,0,0,0,0,0,0,0,0,0,0,0.147722,0,0,0,0
"MtrNatGas",11,8,1,"",4.32752,0,0,0,4.17979,0,0,0,0,0,0,0,0,0,0,0,0,0,0,0,0.147722,0,0,0,0
"MtrNatGas",11,8,2,"",3.52629,0,0,0,3.40812,0,0,0,0,0,0,0,0,0,0,0,0,0,0,0,0.118177,0,0,0,0
"MtrNatGas",11,8,3,"",5.28,0,0,0,5.19137,0,0,0,0,0,0,0,0,0,0,0,0,0,0,0,0.0886331,0,0,0,0
"MtrNatGas",11,8,4,"",3.83725,0,0,0,3.74861,0,0,0,0,0,0,0,0,0,0,0,0,0,0,0,0.0886331,0,0,0,0
"MtrNatGas",11,8,5,"",3.86947,0,0,0,3.78083,0,0,0,0,0,0,0,0,0,0,0,0,0,0,0,0.0886331,0,0,0,0
"MtrNatGas",11,8,6,"",3.43558,0,0,0,3.28786,0,0,0,0,0,0,0,0,0,0,0,0,0,0,0,0.147722,0,0,0,0
"MtrNatGas",11,8,7,"",4.6996,0,0,0,4.40416,0,0,0,0,0,0,0,0,0,0,0,0,0,0,0,0.295444,0,0,0,0
"MtrNatGas",11,8,8,"",5.76466,0,0,0,4.96696,0,0,0,0,0,0,0,0,0,0,0,0,0,0,0,0.797697,0,0,0,0
"MtrNatGas",11,8,9,"",17.9015,0,0,0,16.4834,0,0,0,0,0,0,0,0,0,0,0,0,0,0,0,1.41813,0,0,0,0
"MtrNatGas",11,8,10,"",12.5801,0,0,0,11.162,0,0,0,0,0,0,0,0,0,0,0,0,0,0,0,1.41813,0,0,0,0
"MtrNatGas",11,8,11,"",33.1226,0,0,0,31.7635,0,0,0,0,0,0,0,0,0,0,0,0,0,0,0,1.35904,0,0,0,0
"MtrNatGas",11,8,12,"",32.5738,0,0,0,7.84109,0,0,0,0,0,0,0,0,0,0,0,0,0,23.1078,0,1.62494,0,0,0,0
"MtrNatGas",11,8,13,"",14.9605,0,0,0,13.0992,0,0,0,0,0,0,0,0,0,0,0,0,0,0,0,1.86129,0,0,0,0
"MtrNatGas",11,8,14,"",13.0633,0,0,0,11.3202,0,0,0,0,0,0,0,0,0,0,0,0,0,0,0,1.74312,0,0,0,0
"MtrNatGas",11,8,15,"",11.2854,0,0,0,9.45362,0,0,0,0,0,0,0,0,0,0,0,0,0,0,0,1.83175,0,0,0,0
"MtrNatGas",11,8,16,"",16.567,0,0,0,14.558,0,0,0,0,0,0,0,0,0,0,0,0,0,0,0,2.00902,0,0,0,0
"MtrNatGas",11,8,17,"",34.8784,0,0,0,32.1898,0,0,0,0,0,0,0,0,0,0,0,0,0,0,0,2.68854,0,0,0,0
"MtrNatGas",11,8,18,"",59.3168,0,0,0,55.2101,0,0,0,0,0,0,0,0,0,0,0,0,0,0,0,4.10666,0,0,0,0
"MtrNatGas",11,8,19,"",24.3076,0,0,0,20.4964,0,0,0,0,0,0,0,0,0,0,0,0,0,0,0,3.81122,0,0,0,0
"MtrNatGas",11,8,20,"",18.1723,0,0,0,8.34307,0,0,0,0,0,0,0,0,0,0,0,0,0,7.70199,0,2.12719,0,0,0,0
"MtrNatGas",11,8,21,"",12.6903,0,0,0,10.8485,0,0,0,0,0,0,0,0,0,0,0,0,0,0.896423,0,0.945419,0,0,0,0
"MtrNatGas",11,8,22,"",28.7659,0,0,0,21.5467,0,0,0,0,0,0,0,0,0,0,0,0,0,6.80559,0,0.413621,0,0,0,0
"MtrNatGas",11,8,23,"",6.89363,0,0,0,6.62773,0,0,0,0,0,0,0,0,0,0,0,0,0,0,0,0.265899,0,0,0,0
"MtrNatGas",11,8,24,"",17.4364,0,0,0,17.2886,0,0,0,0,0,0,0,0,0,0,0,0,0,0,0,0.147722,0,0,0,0
"MtrNatGas",11,9,1,"",3.53355,0,0,0,3.38583,0,0,0,0,0,0,0,0,0,0,0,0,0,0,0,0.147722,0,0,0,0
"MtrNatGas",11,9,2,"",5.36408,0,0,0,5.2459,0,0,0,0,0,0,0,0,0,0,0,0,0,0,0,0.118177,0,0,0,0
"MtrNatGas",11,9,3,"",4.12922,0,0,0,4.01105,0,0,0,0,0,0,0,0,0,0,0,0,0,0,0,0.118177,0,0,0,0
"MtrNatGas",11,9,4,"",3.60081,0,0,0,3.48264,0,0,0,0,0,0,0,0,0,0,0,0,0,0,0,0.118177,0,0,0,0
"MtrNatGas",11,9,5,"",3.18855,0,0,0,3.07038,0,0,0,0,0,0,0,0,0,0,0,0,0,0,0,0.118177,0,0,0,0
"MtrNatGas",11,9,6,"",8.284,0,0,0,7.87038,0,0,0,0,0,0,0,0,0,0,0,0,0,0,0,0.413621,0,0,0,0
"MtrNatGas",11,9,7,"",6.54808,0,0,0,5.98674,0,0,0,0,0,0,0,0,0,0,0,0,0,0,0,0.561343,0,0,0,0
"MtrNatGas",11,9,8,"",46.0359,0,0,0,45.2973,0,0,0,0,0,0,0,0,0,0,0,0,0,0,0,0.738609,0,0,0,0
"MtrNatGas",11,9,9,"",22.8923,0,0,0,14.4235,0,0,0,0,0,0,0,0,0,0,0,0,0,7.70058,0,0.768153,0,0,0,0
"MtrNatGas",11,9,10,"",38.9244,0,0,0,30.5751,0,0,0,0,0,0,0,0,0,0,0,0,0,7.69937,0,0.649976,0,0,0,0
"MtrNatGas",11,9,11,"",27.6675,0,0,0,19.344,0,0,0,0,0,0,0,0,0,0,0,0,0,7.70308,0,0.620431,0,0,0,0
"MtrNatGas",11,9,12,"",23.3533,0,0,0,10.9236,0,0,0,0,0,0,0,0,0,0,0,0,0,11.5729,0,0.856786,0,0,0,0
"MtrNatGas",11,9,13,"",18.0284,0,0,0,13.168,0,0,0,0,0,0,0,0,0,0,0,0,0,3.82636,0,1.03405,0,0,0,0
"MtrNatGas",11,9,14,"",15.7401,0,0,0,11.1929,0,0,0,0,0,0,0,0,0,0,0,0,0,3.60176,0,0.945419,0,0,0,0
"MtrNatGas",11,9,15,"",19.4363,0,0,0,6.63136,0,0,0,0,0,0,0,0,0,0,0,0,0,11.8004,0,1.00451,0,0,0,0
"MtrNatGas",11,9,16,"",15.0258,0,0,0,13.4895,0,0,0,0,0,0,0,0,0,0,0,0,0,0,0,1.53631,0,0,0,0
"MtrNatGas",11,9,17,"",16.4084,0,0,0,13.0108,0,0,0,0,0,0,0,0,0,0,0,0,0,0,0,3.3976,0,0,0,0
"MtrNatGas",11,9,18,"",26.6221,0,0,0,20.9201,0,0,0,0,0,0,0,0,0,0,0,0,0,0,0,5.70206,0,0,0,0
"MtrNatGas",11,9,19,"",32.7541,0,0,0,23.3913,0,0,0,0,0,0,0,0,0,0,0,0,0,4.04487,0,5.31798,0,0,0,0
"MtrNatGas",11,9,20,"",14.5439,0,0,0,7.99025,0,0,0,0,0,0,0,0,0,0,0,0,0,3.65827,0,2.89535,0,0,0,0
"MtrNatGas",11,9,21,"",16.6241,0,0,0,15.3832,0,0,0,0,0,0,0,0,0,0,0,0,0,0,0,1.24086,0,0,0,0
"MtrNatGas",11,9,22,"",14.6404,0,0,0,14.0495,0,0,0,0,0,0,0,0,0,0,0,0,0,0,0,0.590887,0,0,0,0
"MtrNatGas",11,9,23,"",18.8662,0,0,0,17.0989,0,0,0,0,0,0,0,0,0,0,0,0,0,1.41278,0,0.354532,0,0,0,0
"MtrNatGas",11,9,24,"",16.414,0,0,0,12.4031,0,0,0,0,0,0,0,0,0,0,0,0,0,3.71548,0,0.295444,0,0,0,0
"MtrNatGas",11,10,1,"",9.01893,0,0,0,6.29643,0,0,0,0,0,0,0,0,0,0,0,0,0,2.57478,0,0.147722,0,0,0,0
"MtrNatGas",11,10,2,"",5.22635,0,0,0,5.10817,0,0,0,0,0,0,0,0,0,0,0,0,0,0,0,0.118177,0,0,0,0
"MtrNatGas",11,10,3,"",4.32851,0,0,0,4.21033,0,0,0,0,0,0,0,0,0,0,0,0,0,0,0,0.118177,0,0,0,0
"MtrNatGas",11,10,4,"",3.09649,0,0,0,2.97831,0,0,0,0,0,0,0,0,0,0,0,0,0,0,0,0.118177,0,0,0,0
"MtrNatGas",11,10,5,"",3.4058,0,0,0,3.28763,0,0,0,0,0,0,0,0,0,0,0,0,0,0,0,0.118177,0,0,0,0
"MtrNatGas",11,10,6,"",3.56302,0,0,0,3.1494,0,0,0,0,0,0,0,0,0,0,0,0,0,0,0,0.413621,0,0,0,0
"MtrNatGas",11,10,7,"",5.48042,0,0,0,4.91907,0,0,0,0,0,0,0,0,0,0,0,0,0,0,0,0.561343,0,0,0,0
"MtrNatGas",11,10,8,"",29.1194,0,0,0,28.3808,0,0,0,0,0,0,0,0,0,0,0,0,0,0,0,0.738609,0,0,0,0
"MtrNatGas",11,10,9,"",15.2223,0,0,0,14.4542,0,0,0,0,0,0,0,0,0,0,0,0,0,0,0,0.768153,0,0,0,0
"MtrNatGas",11,10,10,"",40.9678,0,0,0,40.3178,0,0,0,0,0,0,0,0,0,0,0,0,0,0,0,0.649976,0,0,0,0
"MtrNatGas",11,10,11,"",50.3806,0,0,0,26.6509,0,0,0,0,0,0,0,0,0,0,0,0,0,23.1092,0,0.620431,0,0,0,0
"MtrNatGas",11,10,12,"",7.18147,0,0,0,6.32469,0,0,0,0,0,0,0,0,0,0,0,0,0,0,0,0.856786,0,0,0,0
"MtrNatGas",11,10,13,"",9.40067,0,0,0,8.36662,0,0,0,0,0,0,0,0,0,0,0,0,0,0,0,1.03405,0,0,0,0
"MtrNatGas",11,10,14,"",9.88899,0,0,0,8.94357,0,0,0,0,0,0,0,0,0,0,0,0,0,0,0,0.945419,0,0,0,0
"MtrNatGas",11,10,15,"",21.8325,0,0,0,13.1273,0,0,0,0,0,0,0,0,0,0,0,0,0,7.7007,0,1.00451,0,0,0,0
"MtrNatGas",11,10,16,"",12.0505,0,0,0,10.5142,0,0,0,0,0,0,0,0,0,0,0,0,0,0,0,1.53631,0,0,0,0
"MtrNatGas",11,10,17,"",15.0367,0,0,0,11.6391,0,0,0,0,0,0,0,0,0,0,0,0,0,0,0,3.3976,0,0,0,0
"MtrNatGas",11,10,18,"",17.4719,0,0,0,11.7698,0,0,0,0,0,0,0,0,0,0,0,0,0,0,0,5.70206,0,0,0,0
"MtrNatGas",11,10,19,"",18.6611,0,0,0,13.3431,0,0,0,0,0,0,0,0,0,0,0,0,0,0,0,5.31798,0,0,0,0
"MtrNatGas",11,10,20,"",15.3995,0,0,0,12.5041,0,0,0,0,0,0,0,0,0,0,0,0,0,0,0,2.89535,0,0,0,0
"MtrNatGas",11,10,21,"",12.1227,0,0,0,10.8818,0,0,0,0,0,0,0,0,0,0,0,0,0,0,0,1.24086,0,0,0,0
"MtrNatGas",11,10,22,"",11.7937,0,0,0,11.2029,0,0,0,0,0,0,0,0,0,0,0,0,0,0,0,0.590887,0,0,0,0
"MtrNatGas",11,10,23,"",29.1985,0,0,0,24.6057,0,0,0,0,0,0,0,0,0,0,0,0,0,4.23835,0,0.354532,0,0,0,0
"MtrNatGas",11,10,24,"",30.2405,0,0,0,16.8339,0,0,0,0,0,0,0,0,0,0,0,0,0,13.1112,0,0.295444,0,0,0,0
"MtrNatGas",11,11,1,"",17.1376,0,0,0,3.53013,0,0,0,0,0,0,0,0,0,0,0,0,0,13.4598,0,0.147722,0,0,0,0
"MtrNatGas",11,11,2,"",4.4164,0,0,0,4.29822,0,0,0,0,0,0,0,0,0,0,0,0,0,0,0,0.118177,0,0,0,0
"MtrNatGas",11,11,3,"",2.92981,0,0,0,2.84117,0,0,0,0,0,0,0,0,0,0,0,0,0,0,0,0.0886331,0,0,0,0
"MtrNatGas",11,11,4,"",2.93155,0,0,0,2.84292,0,0,0,0,0,0,0,0,0,0,0,0,0,0,0,0.0886331,0,0,0,0
"MtrNatGas",11,11,5,"",2.93286,0,0,0,2.84423,0,0,0,0,0,0,0,0,0,0,0,0,0,0,0,0.0886331,0,0,0,0
"MtrNatGas",11,11,6,"",4.10528,0,0,0,3.95756,0,0,0,0,0,0,0,0,0,0,0,0,0,0,0,0.147722,0,0,0,0
"MtrNatGas",11,11,7,"",15.9421,0,0,0,15.6466,0,0,0,0,0,0,0,0,0,0,0,0,0,0,0,0.295444,0,0,0,0
"MtrNatGas",11,11,8,"",18.3589,0,0,0,17.5612,0,0,0,0,0,0,0,0,0,0,0,0,0,0,0,0.797697,0,0,0,0
"MtrNatGas",11,11,9,"",26.7111,0,0,0,25.2929,0,0,0,0,0,0,0,0,0,0,0,0,0,0,0,1.41813,0,0,0,0
"MtrNatGas",11,11,10,"",20.019,0,0,0,18.6009,0,0,0,0,0,0,0,0,0,0,0,0,0,0,0,1.41813,0,0,0,0
"MtrNatGas",11,11,11,"",38.2133,0,0,0,13.759,0,0,0,0,0,0,0,0,0,0,0,0,0,23.0952,0,1.35904,0,0,0,0
"MtrNatGas",11,11,12,"",33.6721,0,0,0,10.5345,0,0,0,0,0,0,0,0,0,0,0,0,0,21.5127,0,1.62494,0,0,0,0
"MtrNatGas",11,11,13,"",16.6766,0,0,0,7.41798,0,0,0,0,0,0,0,0,0,0,0,0,0,7.39734,0,1.86129,0,0,0,0
"MtrNatGas",11,11,14,"",9.76695,0,0,0,4.77431,0,0,0,0,0,0,0,0,0,0,0,0,0,3.24953,0,1.74312,0,0,0,0
"MtrNatGas",11,11,15,"",19.5861,0,0,0,9.18035,0,0,0,0,0,0,0,0,0,0,0,0,0,8.57403,0,1.83175,0,0,0,0
"MtrNatGas",11,11,16,"",11.7683,0,0,0,4.2866,0,0,0,0,0,0,0,0,0,0,0,0,0,5.4727,0,2.00902,0,0,0,0
"MtrNatGas",11,11,17,"",8.11659,0,0,0,5.42806,0,0,0,0,0,0,0,0,0,0,0,0,0,0,0,2.68854,0,0,0,0
"MtrNatGas",11,11,18,"",22.9032,0,0,0,11.0936,0,0,0,0,0,0,0,0,0,0,0,0,0,7.70294,0,4.10666,0,0,0,0
"MtrNatGas",11,11,19,"",34.0405,0,0,0,14.8272,0,0,0,0,0,0,0,0,0,0,0,0,0,15.402,0,3.81122,0,0,0,0
"MtrNatGas",11,11,20,"",16.8629,0,0,0,14.7357,0,0,0,0,0,0,0,0,0,0,0,0,0,0,0,2.12719,0,0,0,0
"MtrNatGas",11,11,21,"",7.56361,0,0,0,6.61819,0,0,0,0,0,0,0,0,0,0,0,0,0,0,0,0.945419,0,0,0,0
"MtrNatGas",11,11,22,"",14.3074,0,0,0,13.8938,0,0,0,0,0,0,0,0,0,0,0,0,0,0,0,0.413621,0,0,0,0
"MtrNatGas",11,11,23,"",17.4074,0,0,0,9.44069,0,0,0,0,0,0,0,0,0,0,0,0,0,7.70077,0,0.265899,0,0,0,0
"MtrNatGas",11,11,24,"",12.0284,0,0,0,4.17969,0,0,0,0,0,0,0,0,0,0,0,0,0,7.70096,0,0.147722,0,0,0,0
"MtrNatGas",11,12,1,"",5.07395,0,0,0,4.92622,0,0,0,0,0,0,0,0,0,0,0,0,0,0,0,0.147722,0,0,0,0
"MtrNatGas",11,12,2,"",3.4328,0,0,0,3.31463,0,0,0,0,0,0,0,0,0,0,0,0,0,0,0,0.118177,0,0,0,0
"MtrNatGas",11,12,3,"",3.60649,0,0,0,3.48831,0,0,0,0,0,0,0,0,0,0,0,0,0,0,0,0.118177,0,0,0,0
"MtrNatGas",11,12,4,"",2.96591,0,0,0,2.84773,0,0,0,0,0,0,0,0,0,0,0,0,0,0,0,0.118177,0,0,0,0
"MtrNatGas",11,12,5,"",2.96722,0,0,0,2.84904,0,0,0,0,0,0,0,0,0,0,0,0,0,0,0,0.118177,0,0,0,0
"MtrNatGas",11,12,6,"",3.42623,0,0,0,3.01261,0,0,0,0,0,0,0,0,0,0,0,0,0,0,0,0.413621,0,0,0,0
"MtrNatGas",11,12,7,"",4.21625,0,0,0,3.6549,0,0,0,0,0,0,0,0,0,0,0,0,0,0,0,0.561343,0,0,0,0
"MtrNatGas",11,12,8,"",6.4827,0,0,0,5.74409,0,0,0,0,0,0,0,0,0,0,0,0,0,0,0,0.738609,0,0,0,0
"MtrNatGas",11,12,9,"",27.4611,0,0,0,26.693,0,0,0,0,0,0,0,0,0,0,0,0,0,0,0,0.768153,0,0,0,0
"MtrNatGas",11,12,10,"",34.5798,0,0,0,28.9132,0,0,0,0,0,0,0,0,0,0,0,0,0,5.01665,0,0.649976,0,0,0,0
"MtrNatGas",11,12,11,"",26.9174,0,0,0,7.58491,0,0,0,0,0,0,0,0,0,0,0,0,0,18.712,0,0.620431,0,0,0,0
"MtrNatGas",11,12,12,"",11.7251,0,0,0,3.78955,0,0,0,0,0,0,0,0,0,0,0,0,0,7.07872,0,0.856786,0,0,0,0
"MtrNatGas",11,12,13,"",4.89157,0,0,0,3.85751,0,0,0,0,0,0,0,0,0,0,0,0,0,0,0,1.03405,0,0,0,0
"MtrNatGas",11,12,14,"",4.18812,0,0,0,3.2427,0,0,0,0,0,0,0,0,0,0,0,0,0,0,0,0.945419,0,0,0,0
"MtrNatGas",11,12,15,"",6.04992,0,0,0,5.04542,0,0,0,0,0,0,0,0,0,0,0,0,0,0,0,1.00451,0,0,0,0
"MtrNatGas",11,12,16,"",7.46007,0,0,0,5.92377,0,0,0,0,0,0,0,0,0,0,0,0,0,0,0,1.53631,0,0,0,0
"MtrNatGas",11,12,17,"",10.3803,0,0,0,6.98269,0,0,0,0,0,0,0,0,0,0,0,0,0,0,0,3.3976,0,0,0,0
"MtrNatGas",11,12,18,"",14.1811,0,0,0,8.47904,0,0,0,0,0,0,0,0,0,0,0,0,0,0,0,5.70206,0,0,0,0
"MtrNatGas",11,12,19,"",16.1568,0,0,0,10.8388,0,0,0,0,0,0,0,0,0,0,0,0,0,0,0,5.31798,0,0,0,0
"MtrNatGas",11,12,20,"",11.9293,0,0,0,9.03392,0,0,0,0,0,0,0,0,0,0,0,0,0,0,0,2.89535,0,0,0,0
"MtrNatGas",11,12,21,"",7.70952,0,0,0,6.46865,0,0,0,0,0,0,0,0,0,0,0,0,0,0,0,1.24086,0,0,0,0
"MtrNatGas",11,12,22,"",18.777,0,0,0,18.1861,0,0,0,0,0,0,0,0,0,0,0,0,0,0,0,0.590887,0,0,0,0
"MtrNatGas",11,12,23,"",16.1574,0,0,0,8.36715,0,0,0,0,0,0,0,0,0,0,0,0,0,7.43576,0,0.354532,0,0,0,0
"MtrNatGas",11,12,24,"",4.75104,0,0,0,4.18921,0,0,0,0,0,0,0,0,0,0,0,0,0,0.266395,0,0.295444,0,0,0,0
"MtrNatGas",11,13,1,"",7.55416,0,0,0,7.40644,0,0,0,0,0,0,0,0,0,0,0,0,0,0,0,0.147722,0,0,0,0
"MtrNatGas",11,13,2,"",2.96241,0,0,0,2.84423,0,0,0,0,0,0,0,0,0,0,0,0,0,0,0,0.118177,0,0,0,0
"MtrNatGas",11,13,3,"",3.16178,0,0,0,3.04361,0,0,0,0,0,0,0,0,0,0,0,0,0,0,0,0.118177,0,0,0,0
"MtrNatGas",11,13,4,"",3.11777,0,0,0,2.9996,0,0,0,0,0,0,0,0,0,0,0,0,0,0,0,0.118177,0,0,0,0
"MtrNatGas",11,13,5,"",2.96678,0,0,0,2.8486,0,0,0,0,0,0,0,0,0,0,0,0,0,0,0,0.118177,0,0,0,0
"MtrNatGas",11,13,6,"",4.54103,0,0,0,4.12741,0,0,0,0,0,0,0,0,0,0,0,0,0,0,0,0.413621,0,0,0,0
"MtrNatGas",11,13,7,"",16.6476,0,0,0,16.0862,0,0,0,0,0,0,0,0,0,0,0,0,0,0,0,0.561343,0,0,0,0
"MtrNatGas",11,13,8,"",39.0084,0,0,0,38.2698,0,0,0,0,0,0,0,0,0,0,0,0,0,0,0,0.738609,0,0,0,0
"MtrNatGas",11,13,9,"",31.0067,0,0,0,22.538,0,0,0,0,0,0,0,0,0,0,0,0,0,7.70058,0,0.768153,0,0,0,0
"MtrNatGas",11,13,10,"",11.7841,0,0,0,11.1341,0,0,0,0,0,0,0,0,0,0,0,0,0,0,0,0.649976,0,0,0,0
"MtrNatGas",11,13,11,"",11.4973,0,0,0,10.8769,0,0,0,0,0,0,0,0,0,0,0,0,0,0,0,0.620431,0,0,0,0
"MtrNatGas",11,13,12,"",20.6609,0,0,0,12.1032,0,0,0,0,0,0,0,0,0,0,0,0,0,7.70093,0,0.856786,0,0,0,0
"MtrNatGas",11,13,13,"",16.3705,0,0,0,7.63489,0,0,0,0,0,0,0,0,0,0,0,0,0,7.70155,0,1.03405,0,0,0,0
"MtrNatGas",11,13,14,"",8.54477,0,0,0,5.1024,0,0,0,0,0,0,0,0,0,0,0,0,0,2.49695,0,0.945419,0,0,0,0
"MtrNatGas",11,13,15,"",16.2837,0,0,0,10.0727,0,0,0,0,0,0,0,0,0,0,0,0,0,5.20652,0,1.00451,0,0,0,0
"MtrNatGas",11,13,16,"",10.6378,0,0,0,9.10146,0,0,0,0,0,0,0,0,0,0,0,0,0,0,0,1.53631,0,0,0,0
"MtrNatGas",11,13,17,"",14.2346,0,0,0,10.837,0,0,0,0,0,0,0,0,0,0,0,0,0,0,0,3.3976,0,0,0,0
"MtrNatGas",11,13,18,"",18.478,0,0,0,12.7759,0,0,0,0,0,0,0,0,0,0,0,0,0,0,0,5.70206,0,0,0,0
"MtrNatGas",11,13,19,"",28.1315,0,0,0,22.8135,0,0,0,0,0,0,0,0,0,0,0,0,0,0,0,5.31798,0,0,0,0
"MtrNatGas",11,13,20,"",17.6024,0,0,0,14.707,0,0,0,0,0,0,0,0,0,0,0,0,0,0,0,2.89535,0,0,0,0
"MtrNatGas",11,13,21,"",30.4708,0,0,0,29.2299,0,0,0,0,0,0,0,0,0,0,0,0,0,0,0,1.24086,0,0,0,0
"MtrNatGas",11,13,22,"",15.9714,0,0,0,15.3805,0,0,0,0,0,0,0,0,0,0,0,0,0,0,0,0.590887,0,0,0,0
"MtrNatGas",11,13,23,"",9.44013,0,0,0,9.0856,0,0,0,0,0,0,0,0,0,0,0,0,0,0,0,0.354532,0,0,0,0
"MtrNatGas",11,13,24,"",11.6248,0,0,0,9.36461,0,0,0,0,0,0,0,0,0,0,0,0,0,1.96479,0,0.295444,0,0,0,0
"MtrNatGas",11,14,1,"",10.4802,0,0,0,4.59703,0,0,0,0,0,0,0,0,0,0,0,0,0,5.73545,0,0.147722,0,0,0,0
"MtrNatGas",11,14,2,"",2.95891,0,0,0,2.84073,0,0,0,0,0,0,0,0,0,0,0,0,0,0,0,0.118177,0,0,0,0
"MtrNatGas",11,14,3,"",2.93068,0,0,0,2.84204,0,0,0,0,0,0,0,0,0,0,0,0,0,0,0,0.0886331,0,0,0,0
"MtrNatGas",11,14,4,"",3.11303,0,0,0,3.0244,0,0,0,0,0,0,0,0,0,0,0,0,0,0,0,0.0886331,0,0,0,0
"MtrNatGas",11,14,5,"",2.9333,0,0,0,2.84467,0,0,0,0,0,0,0,0,0,0,0,0,0,0,0,0.0886331,0,0,0,0
"MtrNatGas",11,14,6,"",3.14355,0,0,0,2.99583,0,0,0,0,0,0,0,0,0,0,0,0,0,0,0,0.147722,0,0,0,0
"MtrNatGas",11,14,7,"",5.44769,0,0,0,5.15225,0,0,0,0,0,0,0,0,0,0,0,0,0,0,0,0.295444,0,0,0,0
"MtrNatGas",11,14,8,"",8.21836,0,0,0,7.42067,0,0,0,0,0,0,0,0,0,0,0,0,0,0,0,0.797697,0,0,0,0
"MtrNatGas",11,14,9,"",16.1257,0,0,0,14.7075,0,0,0,0,0,0,0,0,0,0,0,0,0,0,0,1.41813,0,0,0,0
"MtrNatGas",11,14,10,"",32.5493,0,0,0,23.4297,0,0,0,0,0,0,0,0,0,0,0,0,0,7.70149,0,1.41813,0,0,0,0
"MtrNatGas",11,14,11,"",31.1394,0,0,0,26.5985,0,0,0,0,0,0,0,0,0,0,0,0,0,3.18183,0,1.35904,0,0,0,0
"MtrNatGas",11,14,12,"",34.9154,0,0,0,25.7183,0,0,0,0,0,0,0,0,0,0,0,0,0,7.57219,0,1.62494,0,0,0,0
"MtrNatGas",11,14,13,"",30.9763,0,0,0,13.5562,0,0,0,0,0,0,0,0,0,0,0,0,0,15.5588,0,1.86129,0,0,0,0
"MtrNatGas",11,14,14,"",25.71,0,0,0,10.0093,0,0,0,0,0,0,0,0,0,0,0,0,0,13.9576,0,1.74312,0,0,0,0
"MtrNatGas",11,14,15,"",16.4386,0,0,0,8.66515,0,0,0,0,0,0,0,0,0,0,0,0,0,5.94167,0,1.83175,0,0,0,0
"MtrNatGas",11,14,16,"",10.3694,0,0,0,8.36042,0,0,0,0,0,0,0,0,0,0,0,0,0,0,0,2.00902,0,0,0,0
"MtrNatGas",11,14,17,"",12.4352,0,0,0,6.16663,0,0,0,0,0,0,0,0,0,0,0,0,0,3.58002,0,2.68854,0,0,0,0
"MtrNatGas",11,14,18,"",15.198,0,0,0,6.96855,0,0,0,0,0,0,0,0,0,0,0,0,0,4.12283,0,4.10666,0,0,0,0
"MtrNatGas",11,14,19,"",9.62127,0,0,0,5.81005,0,0,0,0,0,0,0,0,0,0,0,0,0,0,0,3.81122,0,0,0,0
"MtrNatGas",11,14,20,"",16.4042,0,0,0,14.2771,0,0,0,0,0,0,0,0,0,0,0,0,0,0,0,2.12719,0,0,0,0
"MtrNatGas",11,14,21,"",34.5148,0,0,0,30.4096,0,0,0,0,0,0,0,0,0,0,0,0,0,3.15976,0,0.945419,0,0,0,0
"MtrNatGas",11,14,22,"",11.6018,0,0,0,6.64733,0,0,0,0,0,0,0,0,0,0,0,0,0,4.54086,0,0.413621,0,0,0,0
"MtrNatGas",11,14,23,"",5.82581,0,0,0,5.55992,0,0,0,0,0,0,0,0,0,0,0,0,0,0,0,0.265899,0,0,0,0
"MtrNatGas",11,14,24,"",7.63156,0,0,0,7.48384,0,0,0,0,0,0,0,0,0,0,0,0,0,0,0,0.147722,0,0,0,0
"MtrNatGas",11,15,1,"",3.20779,0,0,0,3.06007,0,0,0,0,0,0,0,0,0,0,0,0,0,0,0,0.147722,0,0,0,0
"MtrNatGas",11,15,2,"",3.15493,0,0,0,3.03675,0,0,0,0,0,0,0,0,0,0,0,0,0,0,0,0.118177,0,0,0,0
"MtrNatGas",11,15,3,"",3.73468,0,0,0,3.64605,0,0,0,0,0,0,0,0,0,0,0,0,0,0,0,0.0886331,0,0,0,0
"MtrNatGas",11,15,4,"",3.24172,0,0,0,3.15308,0,0,0,0,0,0,0,0,0,0,0,0,0,0,0,0.0886331,0,0,0,0
"MtrNatGas",11,15,5,"",3.25336,0,0,0,3.16472,0,0,0,0,0,0,0,0,0,0,0,0,0,0,0,0.0886331,0,0,0,0
"MtrNatGas",11,15,6,"",3.14539,0,0,0,2.99767,0,0,0,0,0,0,0,0,0,0,0,0,0,0,0,0.147722,0,0,0,0
"MtrNatGas",11,15,7,"",15.2321,0,0,0,14.9366,0,0,0,0,0,0,0,0,0,0,0,0,0,0,0,0.295444,0,0,0,0
"MtrNatGas",11,15,8,"",14.0793,0,0,0,13.2816,0,0,0,0,0,0,0,0,0,0,0,0,0,0,0,0.797697,0,0,0,0
"MtrNatGas",11,15,9,"",11.0673,0,0,0,9.64919,0,0,0,0,0,0,0,0,0,0,0,0,0,0,0,1.41813,0,0,0,0
"MtrNatGas",11,15,10,"",38.8982,0,0,0,37.4801,0,0,0,0,0,0,0,0,0,0,0,0,0,0,0,1.41813,0,0,0,0
"MtrNatGas",11,15,11,"",10.6134,0,0,0,9.25434,0,0,0,0,0,0,0,0,0,0,0,0,0,0,0,1.35904,0,0,0,0
"MtrNatGas",11,15,12,"",20.4605,0,0,0,11.133,0,0,0,0,0,0,0,0,0,0,0,0,0,7.70259,0,1.62494,0,0,0,0
"MtrNatGas",11,15,13,"",30.6835,0,0,0,28.8223,0,0,0,0,0,0,0,0,0,0,0,0,0,0,0,1.86129,0,0,0,0
"MtrNatGas",11,15,14,"",17.242,0,0,0,15.4989,0,0,0,0,0,0,0,0,0,0,0,0,0,0,0,1.74312,0,0,0,0
"MtrNatGas",11,15,15,"",24.8657,0,0,0,23.034,0,0,0,0,0,0,0,0,0,0,0,0,0,0,0,1.83175,0,0,0,0
"MtrNatGas",11,15,16,"",29.8332,0,0,0,12.4211,0,0,0,0,0,0,0,0,0,0,0,0,0,15.4031,0,2.00902,0,0,0,0
"MtrNatGas",11,15,17,"",21.6001,0,0,0,18.9116,0,0,0,0,0,0,0,0,0,0,0,0,0,0,0,2.68854,0,0,0,0
"MtrNatGas",11,15,18,"",33.2861,0,0,0,29.1795,0,0,0,0,0,0,0,0,0,0,0,0,0,0,0,4.10666,0,0,0,0
"MtrNatGas",11,15,19,"",50.8262,0,0,0,31.6093,0,0,0,0,0,0,0,0,0,0,0,0,0,15.4057,0,3.81122,0,0,0,0
"MtrNatGas",11,15,20,"",22.0671,0,0,0,12.7992,0,0,0,0,0,0,0,0,0,0,0,0,0,7.1407,0,2.12719,0,0,0,0
"MtrNatGas",11,15,21,"",22.7407,0,0,0,13.533,0,0,0,0,0,0,0,0,0,0,0,0,0,8.26228,0,0.945419,0,0,0,0
"MtrNatGas",11,15,22,"",16.5571,0,0,0,16.1435,0,0,0,0,0,0,0,0,0,0,0,0,0,0,0,0.413621,0,0,0,0
"MtrNatGas",11,15,23,"",11.1492,0,0,0,10.8833,0,0,0,0,0,0,0,0,0,0,0,0,0,0,0,0.265899,0,0,0,0
"MtrNatGas",11,15,24,"",8.79483,0,0,0,8.64711,0,0,0,0,0,0,0,0,0,0,0,0,0,0,0,0.147722,0,0,0,0
"MtrNatGas",11,16,1,"",2.97053,0,0,0,2.82281,0,0,0,0,0,0,0,0,0,0,0,0,0,0,0,0.147722,0,0,0,0
"MtrNatGas",11,16,2,"",2.94492,0,0,0,2.82674,0,0,0,0,0,0,0,0,0,0,0,0,0,0,0,0.118177,0,0,0,0
"MtrNatGas",11,16,3,"",3.18372,0,0,0,3.06554,0,0,0,0,0,0,0,0,0,0,0,0,0,0,0,0.118177,0,0,0,0
"MtrNatGas",11,16,4,"",2.95235,0,0,0,2.83417,0,0,0,0,0,0,0,0,0,0,0,0,0,0,0,0.118177,0,0,0,0
"MtrNatGas",11,16,5,"",2.95585,0,0,0,2.83767,0,0,0,0,0,0,0,0,0,0,0,0,0,0,0,0.118177,0,0,0,0
"MtrNatGas",11,16,6,"",10.39,0,0,0,9.97634,0,0,0,0,0,0,0,0,0,0,0,0,0,0,0,0.413621,0,0,0,0
"MtrNatGas",11,16,7,"",22.8184,0,0,0,22.257,0,0,0,0,0,0,0,0,0,0,0,0,0,0,0,0.561343,0,0,0,0
"MtrNatGas",11,16,8,"",30.0785,0,0,0,21.6368,0,0,0,0,0,0,0,0,0,0,0,0,0,7.70312,0,0.738609,0,0,0,0
"MtrNatGas",11,16,9,"",11.0327,0,0,0,10.2646,0,0,0,0,0,0,0,0,0,0,0,0,0,0,0,0.768153,0,0,0,0
"MtrNatGas",11,16,10,"",11.1296,0,0,0,10.4797,0,0,0,0,0,0,0,0,0,0,0,0,0,0,0,0.649976,0,0,0,0
"MtrNatGas",11,16,11,"",11.4139,0,0,0,6.63167,0,0,0,0,0,0,0,0,0,0,0,0,0,4.16181,0,0.620431,0,0,0,0
"MtrNatGas",11,16,12,"",7.26926,0,0,0,2.87311,0,0,0,0,0,0,0,0,0,0,0,0,0,3.53936,0,0.856786,0,0,0,0
"MtrNatGas",11,16,13,"",4.33114,0,0,0,3.29709,0,0,0,0,0,0,0,0,0,0,0,0,0,0,0,1.03405,0,0,0,0
"MtrNatGas",11,16,14,"",2.59037,0,0,0,1.64495,0,0,0,0,0,0,0,0,0,0,0,0,0,0,0,0.945419,0,0,0,0
"MtrNatGas",11,16,15,"",2.42849,0,0,0,1.42398,0,0,0,0,0,0,0,0,0,0,0,0,0,0,0,1.00451,0,0,0,0
"MtrNatGas",11,16,16,"",9.71064,0,0,0,1.39838,0,0,0,0,0,0,0,0,0,0,0,0,0,6.77595,0,1.53631,0,0,0,0
"MtrNatGas",11,16,17,"",13.2986,0,0,0,1.27644,0,0,0,0,0,0,0,0,0,0,0,0,0,8.62455,0,3.3976,0,0,0,0
"MtrNatGas",11,16,18,"",7.02308,0,0,0,1.32102,0,0,0,0,0,0,0,0,0,0,0,0,0,0,0,5.70206,0,0,0,0
"MtrNatGas",11,16,19,"",9.12638,0,0,0,3.8084,0,0,0,0,0,0,0,0,0,0,0,0,0,0,0,5.31798,0,0,0,0
"MtrNatGas",11,16,20,"",19.1305,0,0,0,8.53438,0,0,0,0,0,0,0,0,0,0,0,0,0,7.70077,0,2.89535,0,0,0,0
"MtrNatGas",11,16,21,"",12.2774,0,0,0,11.0366,0,0,0,0,0,0,0,0,0,0,0,0,0,0,0,1.24086,0,0,0,0
"MtrNatGas",11,16,22,"",7.26878,0,0,0,6.67789,0,0,0,0,0,0,0,0,0,0,0,0,0,0,0,0.590887,0,0,0,0
"MtrNatGas",11,16,23,"",5.21804,0,0,0,4.86351,0,0,0,0,0,0,0,0,0,0,0,0,0,0,0,0.354532,0,0,0,0
"MtrNatGas",11,16,24,"",3.97232,0,0,0,3.67687,0,0,0,0,0,0,0,0,0,0,0,0,0,0,0,0.295444,0,0,0,0
"MtrNatGas",11,17,1,"",2.97971,0,0,0,2.83199,0,0,0,0,0,0,0,0,0,0,0,0,0,0,0,0.147722,0,0,0,0
"MtrNatGas",11,17,2,"",2.95323,0,0,0,2.83505,0,0,0,0,0,0,0,0,0,0,0,0,0,0,0,0.118177,0,0,0,0
"MtrNatGas",11,17,3,"",3.18642,0,0,0,3.06824,0,0,0,0,0,0,0,0,0,0,0,0,0,0,0,0.118177,0,0,0,0
"MtrNatGas",11,17,4,"",2.95847,0,0,0,2.84029,0,0,0,0,0,0,0,0,0,0,0,0,0,0,0,0.118177,0,0,0,0
"MtrNatGas",11,17,5,"",4.45133,0,0,0,4.33315,0,0,0,0,0,0,0,0,0,0,0,0,0,0,0,0.118177,0,0,0,0
"MtrNatGas",11,17,6,"",7.80675,0,0,0,7.39313,0,0,0,0,0,0,0,0,0,0,0,0,0,0,0,0.413621,0,0,0,0
"MtrNatGas",11,17,7,"",24.5061,0,0,0,23.9448,0,0,0,0,0,0,0,0,0,0,0,0,0,0,0,0.561343,0,0,0,0
"MtrNatGas",11,17,8,"",21.4589,0,0,0,20.7203,0,0,0,0,0,0,0,0,0,0,0,0,0,0,0,0.738609,0,0,0,0
"MtrNatGas",11,17,9,"",16.3248,0,0,0,15.5567,0,0,0,0,0,0,0,0,0,0,0,0,0,0,0,0.768153,0,0,0,0
"MtrNatGas",11,17,10,"",38.1019,0,0,0,33.1395,0,0,0,0,0,0,0,0,0,0,0,0,0,4.31242,0,0.649976,0,0,0,0
"MtrNatGas",11,17,11,"",36.9537,0,0,0,13.3754,0,0,0,0,0,0,0,0,0,0,0,0,0,22.9578,0,0.620431,0,0,0,0
"MtrNatGas",11,17,12,"",10.2724,0,0,0,5.87627,0,0,0,0,0,0,0,0,0,0,0,0,0,3.53936,0,0.856786,0,0,0,0
"MtrNatGas",11,17,13,"",6.93769,0,0,0,5.90363,0,0,0,0,0,0,0,0,0,0,0,0,0,0,0,1.03405,0,0,0,0
"MtrNatGas",11,17,14,"",8.07476,0,0,0,4.63239,0,0,0,0,0,0,0,0,0,0,0,0,0,2.49695,0,0.945419,0,0,0,0
"MtrNatGas",11,17,15,"",9.70366,0,0,0,3.49263,0,0,0,0,0,0,0,0,0,0,0,0,0,5.20652,0,1.00451,0,0,0,0
"MtrNatGas",11,17,16,"",4.76941,0,0,0,3.2331,0,0,0,0,0,0,0,0,0,0,0,0,0,0,0,1.53631,0,0,0,0
"MtrNatGas",11,17,17,"",6.73042,0,0,0,3.33282,0,0,0,0,0,0,0,0,0,0,0,0,0,0,0,3.3976,0,0,0,0
"MtrNatGas",11,17,18,"",8.99359,0,0,0,3.29153,0,0,0,0,0,0,0,0,0,0,0,0,0,0,0,5.70206,0,0,0,0
"MtrNatGas",11,17,19,"",10.3972,0,0,0,5.07918,0,0,0,0,0,0,0,0,0,0,0,0,0,0,0,5.31798,0,0,0,0
"MtrNatGas",11,17,20,"",11.0636,0,0,0,8.16824,0,0,0,0,0,0,0,0,0,0,0,0,0,0,0,2.89535,0,0,0,0
"MtrNatGas",11,17,21,"",15.6527,0,0,0,14.4118,0,0,0,0,0,0,0,0,0,0,0,0,0,0,0,1.24086,0,0,0,0
"MtrNatGas",11,17,22,"",14.7393,0,0,0,14.1484,0,0,0,0,0,0,0,0,0,0,0,0,0,0,0,0.590887,0,0,0,0
"MtrNatGas",11,17,23,"",12.405,0,0,0,9.22486,0,0,0,0,0,0,0,0,0,0,0,0,0,2.82556,0,0.354532,0,0,0,0
"MtrNatGas",11,17,24,"",17.2794,0,0,0,9.55304,0,0,0,0,0,0,0,0,0,0,0,0,0,7.43096,0,0.295444,0,0,0,0
"MtrNatGas",11,18,1,"",9.01183,0,0,0,3.71455,0,0,0,0,0,0,0,0,0,0,0,0,0,5.14956,0,0.147722,0,0,0,0
"MtrNatGas",11,18,2,"",3.12224,0,0,0,3.00406,0,0,0,0,0,0,0,0,0,0,0,0,0,0,0,0.118177,0,0,0,0
"MtrNatGas",11,18,3,"",3.71221,0,0,0,3.59403,0,0,0,0,0,0,0,0,0,0,0,0,0,0,0,0.118177,0,0,0,0
"MtrNatGas",11,18,4,"",3.18191,0,0,0,3.06373,0,0,0,0,0,0,0,0,0,0,0,0,0,0,0,0.118177,0,0,0,0
"MtrNatGas",11,18,5,"",3.10073,0,0,0,2.98255,0,0,0,0,0,0,0,0,0,0,0,0,0,0,0,0.118177,0,0,0,0
"MtrNatGas",11,18,6,"",7.70511,0,0,0,7.29149,0,0,0,0,0,0,0,0,0,0,0,0,0,0,0,0.413621,0,0,0,0
"MtrNatGas",11,18,7,"",15.8891,0,0,0,7.62771,0,0,0,0,0,0,0,0,0,0,0,0,0,7.70002,0,0.561343,0,0,0,0
"MtrNatGas",11,18,8,"",32.1836,0,0,0,31.445,0,0,0,0,0,0,0,0,0,0,0,0,0,0,0,0.738609,0,0,0,0
"MtrNatGas",11,18,9,"",21.1517,0,0,0,12.683,0,0,0,0,0,0,0,0,0,0,0,0,0,7.70058,0,0.768153,0,0,0,0
"MtrNatGas",11,18,10,"",19.0329,0,0,0,12.8976,0,0,0,0,0,0,0,0,0,0,0,0,0,5.48529,0,0.649976,0,0,0,0
"MtrNatGas",11,18,11,"",16.572,0,0,0,13.734,0,0,0,0,0,0,0,0,0,0,0,0,0,2.2176,0,0.620431,0,0,0,0
"MtrNatGas",11,18,12,"",23.6157,0,0,0,7.53364,0,0,0,0,0,0,0,0,0,0,0,0,0,15.2253,0,0.856786,0,0,0,0
"MtrNatGas",11,18,13,"",8.26946,0,0,0,7.05934,0,0,0,0,0,0,0,0,0,0,0,0,0,0.176068,0,1.03405,0,0,0,0
"MtrNatGas",11,18,14,"",5.74152,0,0,0,4.7961,0,0,0,0,0,0,0,0,0,0,0,0,0,0,0,0.945419,0,0,0,0
"MtrNatGas",11,18,15,"",16.349,0,0,0,11.42,0,0,0,0,0,0,0,0,0,0,0,0,0,3.92445,0,1.00451,0,0,0,0
"MtrNatGas",11,18,16,"",18.9802,0,0,0,9.86482,0,0,0,0,0,0,0,0,0,0,0,0,0,7.57911,0,1.53631,0,0,0,0
"MtrNatGas",11,18,17,"",18.9996,0,0,0,11.7024,0,0,0,0,0,0,0,0,0,0,0,0,0,3.89952,0,3.3976,0,0,0,0
"MtrNatGas",11,18,18,"",17.1444,0,0,0,11.4424,0,0,0,0,0,0,0,0,0,0,0,0,0,0,0,5.70206,0,0,0,0
"MtrNatGas",11,18,19,"",25.2959,0,0,0,19.9779,0,0,0,0,0,0,0,0,0,0,0,0,0,0,0,5.31798,0,0,0,0
"MtrNatGas",11,18,20,"",35.1852,0,0,0,32.2899,0,0,0,0,0,0,0,0,0,0,0,0,0,0,0,2.89535,0,0,0,0
"MtrNatGas",11,18,21,"",24.6471,0,0,0,23.4062,0,0,0,0,0,0,0,0,0,0,0,0,0,0,0,1.24086,0,0,0,0
"MtrNatGas",11,18,22,"",11.9147,0,0,0,11.3238,0,0,0,0,0,0,0,0,0,0,0,0,0,0,0,0.590887,0,0,0,0
"MtrNatGas",11,18,23,"",10.9491,0,0,0,10.5946,0,0,0,0,0,0,0,0,0,0,0,0,0,0,0,0.354532,0,0,0,0
"MtrNatGas",11,18,24,"",7.05229,0,0,0,6.75684,0,0,0,0,0,0,0,0,0,0,0,0,0,0,0,0.295444,0,0,0,0
"MtrNatGas",11,19,1,"",3.29035,0,0,0,3.14263,0,0,0,0,0,0,0,0,0,0,0,0,0,0,0,0.147722,0,0,0,0
"MtrNatGas",11,19,2,"",3.10559,0,0,0,2.98741,0,0,0,0,0,0,0,0,0,0,0,0,0,0,0,0.118177,0,0,0,0
"MtrNatGas",11,19,3,"",4.00338,0,0,0,3.8852,0,0,0,0,0,0,0,0,0,0,0,0,0,0,0,0.118177,0,0,0,0
"MtrNatGas",11,19,4,"",2.95541,0,0,0,2.83724,0,0,0,0,0,0,0,0,0,0,0,0,0,0,0,0.118177,0,0,0,0
"MtrNatGas",11,19,5,"",3.11277,0,0,0,2.99459,0,0,0,0,0,0,0,0,0,0,0,0,0,0,0,0.118177,0,0,0,0
"MtrNatGas",11,19,6,"",3.25391,0,0,0,2.84029,0,0,0,0,0,0,0,0,0,0,0,0,0,0,0,0.413621,0,0,0,0
"MtrNatGas",11,19,7,"",13.3687,0,0,0,12.8073,0,0,0,0,0,0,0,0,0,0,0,0,0,0,0,0.561343,0,0,0,0
"MtrNatGas",11,19,8,"",18.6735,0,0,0,17.9348,0,0,0,0,0,0,0,0,0,0,0,0,0,0,0,0.738609,0,0,0,0
"MtrNatGas",11,19,9,"",30.8934,0,0,0,22.4246,0,0,0,0,0,0,0,0,0,0,0,0,0,7.70058,0,0.768153,0,0,0,0
"MtrNatGas",11,19,10,"",39.8765,0,0,0,29.0188,0,0,0,0,0,0,0,0,0,0,0,0,0,10.2077,0,0.649976,0,0,0,0
"MtrNatGas",11,19,11,"",25.2859,0,0,0,11.7682,0,0,0,0,0,0,0,0,0,0,0,0,0,12.8973,0,0.620431,0,0,0,0
"MtrNatGas",11,19,12,"",19.8696,0,0,0,11.3118,0,0,0,0,0,0,0,0,0,0,0,0,0,7.70093,0,0.856786,0,0,0,0
"MtrNatGas",11,19,13,"",17.678,0,0,0,8.94237,0,0,0,0,0,0,0,0,0,0,0,0,0,7.70155,0,1.03405,0,0,0,0
"MtrNatGas",11,19,14,"",12.7498,0,0,0,5.70569,0,0,0,0,0,0,0,0,0,0,0,0,0,6.09871,0,0.945419,0,0,0,0
"MtrNatGas",11,19,15,"",13.8368,0,0,0,3.52608,0,0,0,0,0,0,0,0,0,0,0,0,0,9.30622,0,1.00451,0,0,0,0
"MtrNatGas",11,19,16,"",4.67355,0,0,0,3.13724,0,0,0,0,0,0,0,0,0,0,0,0,0,0,0,1.53631,0,0,0,0
"MtrNatGas",11,19,17,"",7.48448,0,0,0,4.08688,0,0,0,0,0,0,0,0,0,0,0,0,0,0,0,3.3976,0,0,0,0
"MtrNatGas",11,19,18,"",10.8614,0,0,0,5.15934,0,0,0,0,0,0,0,0,0,0,0,0,0,0,0,5.70206,0,0,0,0
"MtrNatGas",11,19,19,"",24.5612,0,0,0,15.1983,0,0,0,0,0,0,0,0,0,0,0,0,0,4.04487,0,5.31798,0,0,0,0
"MtrNatGas",11,19,20,"",16.4324,0,0,0,9.87877,0,0,0,0,0,0,0,0,0,0,0,0,0,3.65827,0,2.89535,0,0,0,0
"MtrNatGas",11,19,21,"",21.7995,0,0,0,20.5586,0,0,0,0,0,0,0,0,0,0,0,0,0,0,0,1.24086,0,0,0,0
"MtrNatGas",11,19,22,"",19.1354,0,0,0,18.5445,0,0,0,0,0,0,0,0,0,0,0,0,0,0,0,0.590887,0,0,0,0
"MtrNatGas",11,19,23,"",8.97708,0,0,0,7.20977,0,0,0,0,0,0,0,0,0,0,0,0,0,1.41278,0,0.354532,0,0,0,0
"MtrNatGas",11,19,24,"",15.0002,0,0,0,10.9892,0,0,0,0,0,0,0,0,0,0,0,0,0,3.71548,0,0.295444,0,0,0,0
"MtrNatGas",11,20,1,"",9.38795,0,0,0,6.66544,0,0,0,0,0,0,0,0,0,0,0,0,0,2.57478,0,0.147722,0,0,0,0
"MtrNatGas",11,20,2,"",12.9794,0,0,0,5.15959,0,0,0,0,0,0,0,0,0,0,0,0,0,7.7016,0,0.118177,0,0,0,0
"MtrNatGas",11,20,3,"",5.24432,0,0,0,5.12614,0,0,0,0,0,0,0,0,0,0,0,0,0,0,0,0.118177,0,0,0,0
"MtrNatGas",11,20,4,"",2.9506,0,0,0,2.83242,0,0,0,0,0,0,0,0,0,0,0,0,0,0,0,0.118177,0,0,0,0
"MtrNatGas",11,20,5,"",2.9506,0,0,0,2.83242,0,0,0,0,0,0,0,0,0,0,0,0,0,0,0,0.118177,0,0,0,0
"MtrNatGas",11,20,6,"",4.59835,0,0,0,4.18473,0,0,0,0,0,0,0,0,0,0,0,0,0,0,0,0.413621,0,0,0,0
"MtrNatGas",11,20,7,"",11.6692,0,0,0,11.1078,0,0,0,0,0,0,0,0,0,0,0,0,0,0,0,0.561343,0,0,0,0
"MtrNatGas",11,20,8,"",32.9151,0,0,0,32.1765,0,0,0,0,0,0,0,0,0,0,0,0,0,0,0,0.738609,0,0,0,0
"MtrNatGas",11,20,9,"",17.5116,0,0,0,9.0429,0,0,0,0,0,0,0,0,0,0,0,0,0,7.70058,0,0.768153,0,0,0,0
"MtrNatGas",11,20,10,"",12.007,0,0,0,11.3571,0,0,0,0,0,0,0,0,0,0,0,0,0,0,0,0.649976,0,0,0,0
"MtrNatGas",11,20,11,"",7.56237,0,0,0,6.94194,0,0,0,0,0,0,0,0,0,0,0,0,0,0,0,0.620431,0,0,0,0
"MtrNatGas",11,20,12,"",15.2143,0,0,0,6.65658,0,0,0,0,0,0,0,0,0,0,0,0,0,7.70093,0,0.856786,0,0,0,0
"MtrNatGas",11,20,13,"",4.78137,0,0,0,3.74732,0,0,0,0,0,0,0,0,0,0,0,0,0,0,0,1.03405,0,0,0,0
"MtrNatGas",11,20,14,"",3.89643,0,0,0,2.95101,0,0,0,0,0,0,0,0,0,0,0,0,0,0,0,0.945419,0,0,0,0
"MtrNatGas",11,20,15,"",3.51599,0,0,0,2.51148,0,0,0,0,0,0,0,0,0,0,0,0,0,0,0,1.00451,0,0,0,0
"MtrNatGas",11,20,16,"",3.53461,0,0,0,1.9983,0,0,0,0,0,0,0,0,0,0,0,0,0,0,0,1.53631,0,0,0,0
"MtrNatGas",11,20,17,"",6.50408,0,0,0,3.10648,0,0,0,0,0,0,0,0,0,0,0,0,0,0,0,3.3976,0,0,0,0
"MtrNatGas",11,20,18,"",9.18026,0,0,0,3.4782,0,0,0,0,0,0,0,0,0,0,0,0,0,0,0,5.70206,0,0,0,0
"MtrNatGas",11,20,19,"",10.2374,0,0,0,4.91938,0,0,0,0,0,0,0,0,0,0,0,0,0,0,0,5.31798,0,0,0,0
"MtrNatGas",11,20,20,"",6.04738,0,0,0,3.15203,0,0,0,0,0,0,0,0,0,0,0,0,0,0,0,2.89535,0,0,0,0
"MtrNatGas",11,20,21,"",7.41163,0,0,0,6.17077,0,0,0,0,0,0,0,0,0,0,0,0,0,0,0,1.24086,0,0,0,0
"MtrNatGas",11,20,22,"",13.5028,0,0,0,12.9119,0,0,0,0,0,0,0,0,0,0,0,0,0,0,0,0.590887,0,0,0,0
"MtrNatGas",11,20,23,"",21.8689,0,0,0,13.8127,0,0,0,0,0,0,0,0,0,0,0,0,0,7.7016,0,0.354532,0,0,0,0
"MtrNatGas",11,20,24,"",5.01457,0,0,0,4.71912,0,0,0,0,0,0,0,0,0,0,0,0,0,0,0,0.295444,0,0,0,0
"MtrNatGas",11,21,1,"",2.97315,0,0,0,2.82543,0,0,0,0,0,0,0,0,0,0,0,0,0,0,0,0.147722,0,0,0,0
"MtrNatGas",11,21,2,"",2.94492,0,0,0,2.82674,0,0,0,0,0,0,0,0,0,0,0,0,0,0,0,0.118177,0,0,0,0
"MtrNatGas",11,21,3,"",2.91712,0,0,0,2.82849,0,0,0,0,0,0,0,0,0,0,0,0,0,0,0,0.0886331,0,0,0,0
"MtrNatGas",11,21,4,"",2.91843,0,0,0,2.8298,0,0,0,0,0,0,0,0,0,0,0,0,0,0,0,0.0886331,0,0,0,0
"MtrNatGas",11,21,5,"",2.91975,0,0,0,2.83111,0,0,0,0,0,0,0,0,0,0,0,0,0,0,0,0.0886331,0,0,0,0
"MtrNatGas",11,21,6,"",2.97927,0,0,0,2.83155,0,0,0,0,0,0,0,0,0,0,0,0,0,0,0,0.147722,0,0,0,0
"MtrNatGas",11,21,7,"",6.25881,0,0,0,5.96337,0,0,0,0,0,0,0,0,0,0,0,0,0,0,0,0.295444,0,0,0,0
"MtrNatGas",11,21,8,"",10.4324,0,0,0,9.63473,0,0,0,0,0,0,0,0,0,0,0,0,0,0,0,0.797697,0,0,0,0
"MtrNatGas",11,21,9,"",13.6127,0,0,0,12.1946,0,0,0,0,0,0,0,0,0,0,0,0,0,0,0,1.41813,0,0,0,0
"MtrNatGas",11,21,10,"",36.8986,0,0,0,35.4804,0,0,0,0,0,0,0,0,0,0,0,0,0,0,0,1.41813,0,0,0,0
"MtrNatGas",11,21,11,"",21.384,0,0,0,20.0249,0,0,0,0,0,0,0,0,0,0,0,0,0,0,0,1.35904,0,0,0,0
"MtrNatGas",11,21,12,"",22.888,0,0,0,13.112,0,0,0,0,0,0,0,0,0,0,0,0,0,8.15112,0,1.62494,0,0,0,0
"MtrNatGas",11,21,13,"",31.1662,0,0,0,22.0512,0,0,0,0,0,0,0,0,0,0,0,0,0,7.25377,0,1.86129,0,0,0,0
"MtrNatGas",11,21,14,"",31.3037,0,0,0,11.5902,0,0,0,0,0,0,0,0,0,0,0,0,0,17.9703,0,1.74312,0,0,0,0
"MtrNatGas",11,21,15,"",24.3801,0,0,0,17.4144,0,0,0,0,0,0,0,0,0,0,0,0,0,5.13393,0,1.83175,0,0,0,0
"MtrNatGas",11,21,16,"",18.1678,0,0,0,8.45728,0,0,0,0,0,0,0,0,0,0,0,0,0,7.70154,0,2.00902,0,0,0,0
"MtrNatGas",11,21,17,"",13.3703,0,0,0,10.6817,0,0,0,0,0,0,0,0,0,0,0,0,0,0,0,2.68854,0,0,0,0
"MtrNatGas",11,21,18,"",17.4865,0,0,0,13.3799,0,0,0,0,0,0,0,0,0,0,0,0,0,0,0,4.10666,0,0,0,0
"MtrNatGas",11,21,19,"",40.7548,0,0,0,29.2407,0,0,0,0,0,0,0,0,0,0,0,0,0,7.70286,0,3.81122,0,0,0,0
"MtrNatGas",11,21,20,"",26.1608,0,0,0,12.7617,0,0,0,0,0,0,0,0,0,0,0,0,0,11.2719,0,2.12719,0,0,0,0
"MtrNatGas",11,21,21,"",23.5408,0,0,0,18.4643,0,0,0,0,0,0,0,0,0,0,0,0,0,4.13114,0,0.945419,0,0,0,0
"MtrNatGas",11,21,22,"",23.941,0,0,0,23.5274,0,0,0,0,0,0,0,0,0,0,0,0,0,0,0,0.413621,0,0,0,0
"MtrNatGas",11,21,23,"",23.5431,0,0,0,15.5765,0,0,0,0,0,0,0,0,0,0,0,0,0,7.70077,0,0.265899,0,0,0,0
"MtrNatGas",11,21,24,"",5.98255,0,0,0,5.83483,0,0,0,0,0,0,0,0,0,0,0,0,0,0,0,0.147722,0,0,0,0
"MtrNatGas",11,22,1,"",3.52654,0,0,0,3.37881,0,0,0,0,0,0,0,0,0,0,0,0,0,0,0,0.147722,0,0,0,0
"MtrNatGas",11,22,2,"",2.94404,0,0,0,2.82586,0,0,0,0,0,0,0,0,0,0,0,0,0,0,0,0.118177,0,0,0,0
"MtrNatGas",11,22,3,"",2.91756,0,0,0,2.82893,0,0,0,0,0,0,0,0,0,0,0,0,0,0,0,0.0886331,0,0,0,0
"MtrNatGas",11,22,4,"",5.38218,0,0,0,5.29355,0,0,0,0,0,0,0,0,0,0,0,0,0,0,0,0.0886331,0,0,0,0
"MtrNatGas",11,22,5,"",2.92281,0,0,0,2.83417,0,0,0,0,0,0,0,0,0,0,0,0,0,0,0,0.0886331,0,0,0,0
"MtrNatGas",11,22,6,"",15.6706,0,0,0,15.5229,0,0,0,0,0,0,0,0,0,0,0,0,0,0,0,0.147722,0,0,0,0
"MtrNatGas",11,22,7,"",8.24535,0,0,0,7.94991,0,0,0,0,0,0,0,0,0,0,0,0,0,0,0,0.295444,0,0,0,0
"MtrNatGas",11,22,8,"",22.917,0,0,0,13.3216,0,0,0,0,0,0,0,0,0,0,0,0,0,8.79771,0,0.797697,0,0,0,0
"MtrNatGas",11,22,9,"",46.5071,0,0,0,31.6664,0,0,0,0,0,0,0,0,0,0,0,0,0,13.4226,0,1.41813,0,0,0,0
"MtrNatGas",11,22,10,"",34.3608,0,0,0,24.3512,0,0,0,0,0,0,0,0,0,0,0,0,0,8.59145,0,1.41813,0,0,0,0
"MtrNatGas",11,22,11,"",13.7505,0,0,0,12.3915,0,0,0,0,0,0,0,0,0,0,0,0,0,0,0,1.35904,0,0,0,0
"MtrNatGas",11,22,12,"",24.9881,0,0,0,18.3466,0,0,0,0,0,0,0,0,0,0,0,0,0,5.01664,0,1.62494,0,0,0,0
"MtrNatGas",11,22,13,"",12.0775,0,0,0,7.53076,0,0,0,0,0,0,0,0,0,0,0,0,0,2.68549,0,1.86129,0,0,0,0
"MtrNatGas",11,22,14,"",8.60471,0,0,0,6.86159,0,0,0,0,0,0,0,0,0,0,0,0,0,0,0,1.74312,0,0,0,0
"MtrNatGas",11,22,15,"",8.75424,0,0,0,6.92249,0,0,0,0,0,0,0,0,0,0,0,0,0,0,0,1.83175,0,0,0,0
"MtrNatGas",11,22,16,"",6.04169,0,0,0,4.03267,0,0,0,0,0,0,0,0,0,0,0,0,0,0,0,2.00902,0,0,0,0
"MtrNatGas",11,22,17,"",11.6765,0,0,0,8.98799,0,0,0,0,0,0,0,0,0,0,0,0,0,0,0,2.68854,0,0,0,0
"MtrNatGas",11,22,18,"",12.6001,0,0,0,8.49345,0,0,0,0,0,0,0,0,0,0,0,0,0,0,0,4.10666,0,0,0,0
"MtrNatGas",11,22,19,"",33.4662,0,0,0,29.655,0,0,0,0,0,0,0,0,0,0,0,0,0,0,0,3.81122,0,0,0,0
"MtrNatGas",11,22,20,"",27.9906,0,0,0,18.1615,0,0,0,0,0,0,0,0,0,0,0,0,0,7.70199,0,2.12719,0,0,0,0
"MtrNatGas",11,22,21,"",32.4615,0,0,0,30.6197,0,0,0,0,0,0,0,0,0,0,0,0,0,0.896423,0,0.945419,0,0,0,0
"MtrNatGas",11,22,22,"",37.7043,0,0,0,27.3261,0,0,0,0,0,0,0,0,0,0,0,0,0,9.96462,0,0.413621,0,0,0,0
"MtrNatGas",11,22,23,"",16.201,0,0,0,3.69241,0,0,0,0,0,0,0,0,0,0,0,0,0,12.2427,0,0.265899,0,0,0,0
"MtrNatGas",11,22,24,"",3.3031,0,0,0,3.15538,0,0,0,0,0,0,0,0,0,0,0,0,0,0,0,0.147722,0,0,0,0
"MtrNatGas",11,23,1,"",2.98102,0,0,0,2.8333,0,0,0,0,0,0,0,0,0,0,0,0,0,0,0,0.147722,0,0,0,0
"MtrNatGas",11,23,2,"",2.95279,0,0,0,2.83461,0,0,0,0,0,0,0,0,0,0,0,0,0,0,0,0.118177,0,0,0,0
"MtrNatGas",11,23,3,"",2.9541,0,0,0,2.83592,0,0,0,0,0,0,0,0,0,0,0,0,0,0,0,0.118177,0,0,0,0
"MtrNatGas",11,23,4,"",2.95585,0,0,0,2.83768,0,0,0,0,0,0,0,0,0,0,0,0,0,0,0,0.118177,0,0,0,0
"MtrNatGas",11,23,5,"",3.11427,0,0,0,2.9961,0,0,0,0,0,0,0,0,0,0,0,0,0,0,0,0.118177,0,0,0,0
"MtrNatGas",11,23,6,"",5.22524,0,0,0,4.81162,0,0,0,0,0,0,0,0,0,0,0,0,0,0,0,0.413621,0,0,0,0
"MtrNatGas",11,23,7,"",11.5545,0,0,0,10.9931,0,0,0,0,0,0,0,0,0,0,0,0,0,0,0,0.561343,0,0,0,0
"MtrNatGas",11,23,8,"",30.1863,0,0,0,29.4477,0,0,0,0,0,0,0,0,0,0,0,0,0,0,0,0.738609,0,0,0,0
"MtrNatGas",11,23,9,"",17.3351,0,0,0,8.86634,0,0,0,0,0,0,0,0,0,0,0,0,0,7.70058,0,0.768153,0,0,0,0
"MtrNatGas",11,23,10,"",14.7309,0,0,0,14.081,0,0,0,0,0,0,0,0,0,0,0,0,0,0,0,0.649976,0,0,0,0
"MtrNatGas",11,23,11,"",23.426,0,0,0,15.1025,0,0,0,0,0,0,0,0,0,0,0,0,0,7.70308,0,0.620431,0,0,0,0
"MtrNatGas",11,23,12,"",11.9056,0,0,0,3.34785,0,0,0,0,0,0,0,0,0,0,0,0,0,7.70093,0,0.856786,0,0,0,0
"MtrNatGas",11,23,13,"",5.71115,0,0,0,4.6771,0,0,0,0,0,0,0,0,0,0,0,0,0,0,0,1.03405,0,0,0,0
"MtrNatGas",11,23,14,"",5.3675,0,0,0,4.42208,0,0,0,0,0,0,0,0,0,0,0,0,0,0,0,0.945419,0,0,0,0
"MtrNatGas",11,23,15,"",6.06412,0,0,0,5.05961,0,0,0,0,0,0,0,0,0,0,0,0,0,0,0,1.00451,0,0,0,0
"MtrNatGas",11,23,16,"",17.0581,0,0,0,9.6392,0,0,0,0,0,0,0,0,0,0,0,0,0,5.88264,0,1.53631,0,0,0,0
"MtrNatGas",11,23,17,"",16.6634,0,0,0,3.74794,0,0,0,0,0,0,0,0,0,0,0,0,0,9.51787,0,3.3976,0,0,0,0
"MtrNatGas",11,23,18,"",9.31241,0,0,0,3.61035,0,0,0,0,0,0,0,0,0,0,0,0,0,0,0,5.70206,0,0,0,0
"MtrNatGas",11,23,19,"",10.1837,0,0,0,4.86575,0,0,0,0,0,0,0,0,0,0,0,0,0,0,0,5.31798,0,0,0,0
"MtrNatGas",11,23,20,"",6.63701,0,0,0,3.74166,0,0,0,0,0,0,0,0,0,0,0,0,0,0,0,2.89535,0,0,0,0
"MtrNatGas",11,23,21,"",9.67712,0,0,0,8.43626,0,0,0,0,0,0,0,0,0,0,0,0,0,0,0,1.24086,0,0,0,0
"MtrNatGas",11,23,22,"",7.27155,0,0,0,6.68066,0,0,0,0,0,0,0,0,0,0,0,0,0,0,0,0.590887,0,0,0,0
"MtrNatGas",11,23,23,"",7.77409,0,0,0,6.00677,0,0,0,0,0,0,0,0,0,0,0,0,0,1.41278,0,0.354532,0,0,0,0
"MtrNatGas",11,23,24,"",11.7257,0,0,0,7.71476,0,0,0,0,0,0,0,0,0,0,0,0,0,3.71548,0,0.295444,0,0,0,0
"MtrNatGas",11,24,1,"",6.47149,0,0,0,3.74899,0,0,0,0,0,0,0,0,0,0,0,0,0,2.57478,0,0.147722,0,0,0,0
"MtrNatGas",11,24,2,"",3.25507,0,0,0,3.1369,0,0,0,0,0,0,0,0,0,0,0,0,0,0,0,0.118177,0,0,0,0
"MtrNatGas",11,24,3,"",4.41567,0,0,0,4.29749,0,0,0,0,0,0,0,0,0,0,0,0,0,0,0,0.118177,0,0,0,0
"MtrNatGas",11,24,4,"",3.92879,0,0,0,3.81062,0,0,0,0,0,0,0,0,0,0,0,0,0,0,0,0.118177,0,0,0,0
"MtrNatGas",11,24,5,"",3.05302,0,0,0,2.93484,0,0,0,0,0,0,0,0,0,0,0,0,0,0,0,0.118177,0,0,0,0
"MtrNatGas",11,24,6,"",10.53,0,0,0,10.1164,0,0,0,0,0,0,0,0,0,0,0,0,0,0,0,0.413621,0,0,0,0
"MtrNatGas",11,24,7,"",9.60544,0,0,0,9.0441,0,0,0,0,0,0,0,0,0,0,0,0,0,0,0,0.561343,0,0,0,0
"MtrNatGas",11,24,8,"",43.3952,0,0,0,42.6566,0,0,0,0,0,0,0,0,0,0,0,0,0,0,0,0.738609,0,0,0,0
"MtrNatGas",11,24,9,"",36.072,0,0,0,35.3038,0,0,0,0,0,0,0,0,0,0,0,0,0,0,0,0.768153,0,0,0,0
"MtrNatGas",11,24,10,"",19.3413,0,0,0,16.183,0,0,0,0,0,0,0,0,0,0,0,0,0,2.50833,0,0.649976,0,0,0,0
"MtrNatGas",11,24,11,"",13.032,0,0,0,7.21735,0,0,0,0,0,0,0,0,0,0,0,0,0,5.19421,0,0.620431,0,0,0,0
"MtrNatGas",11,24,12,"",5.94633,0,0,0,5.08955,0,0,0,0,0,0,0,0,0,0,0,0,0,0,0,0.856786,0,0,0,0
"MtrNatGas",11,24,13,"",5.62089,0,0,0,4.58684,0,0,0,0,0,0,0,0,0,0,0,0,0,0,0,1.03405,0,0,0,0
"MtrNatGas",11,24,14,"",5.0159,0,0,0,4.07048,0,0,0,0,0,0,0,0,0,0,0,0,0,0,0,0.945419,0,0,0,0
"MtrNatGas",11,24,15,"",4.73282,0,0,0,3.72831,0,0,0,0,0,0,0,0,0,0,0,0,0,0,0,1.00451,0,0,0,0
"MtrNatGas",11,24,16,"",10.0874,0,0,0,5.60973,0,0,0,0,0,0,0,0,0,0,0,0,0,2.94132,0,1.53631,0,0,0,0
"MtrNatGas",11,24,17,"",23.6585,0,0,0,7.79949,0,0,0,0,0,0,0,0,0,0,0,0,0,12.4614,0,3.3976,0,0,0,0
"MtrNatGas",11,24,18,"",25.1376,0,0,0,11.7351,0,0,0,0,0,0,0,0,0,0,0,0,0,7.70039,0,5.70206,0,0,0,0
"MtrNatGas",11,24,19,"",26.3935,0,0,0,13.374,0,0,0,0,0,0,0,0,0,0,0,0,0,7.70148,0,5.31798,0,0,0,0
"MtrNatGas",11,24,20,"",13.9955,0,0,0,11.1002,0,0,0,0,0,0,0,0,0,0,0,0,0,0,0,2.89535,0,0,0,0
"MtrNatGas",11,24,21,"",13.6898,0,0,0,12.449,0,0,0,0,0,0,0,0,0,0,0,0,0,0,0,1.24086,0,0,0,0
"MtrNatGas",11,24,22,"",13.297,0,0,0,12.7061,0,0,0,0,0,0,0,0,0,0,0,0,0,0,0,0.590887,0,0,0,0
"MtrNatGas",11,24,23,"",10.7621,0,0,0,10.4076,0,0,0,0,0,0,0,0,0,0,0,0,0,0,0,0.354532,0,0,0,0
"MtrNatGas",11,24,24,"",9.13557,0,0,0,8.84013,0,0,0,0,0,0,0,0,0,0,0,0,0,0,0,0.295444,0,0,0,0
"MtrNatGas",11,25,1,"",5.01386,0,0,0,4.86614,0,0,0,0,0,0,0,0,0,0,0,0,0,0,0,0.147722,0,0,0,0
"MtrNatGas",11,25,2,"",3.10833,0,0,0,2.99015,0,0,0,0,0,0,0,0,0,0,0,0,0,0,0,0.118177,0,0,0,0
"MtrNatGas",11,25,3,"",2.95279,0,0,0,2.83461,0,0,0,0,0,0,0,0,0,0,0,0,0,0,0,0.118177,0,0,0,0
"MtrNatGas",11,25,4,"",2.95279,0,0,0,2.83461,0,0,0,0,0,0,0,0,0,0,0,0,0,0,0,0.118177,0,0,0,0
"MtrNatGas",11,25,5,"",2.95279,0,0,0,2.83461,0,0,0,0,0,0,0,0,0,0,0,0,0,0,0,0.118177,0,0,0,0
"MtrNatGas",11,25,6,"",4.39204,0,0,0,3.97842,0,0,0,0,0,0,0,0,0,0,0,0,0,0,0,0.413621,0,0,0,0
"MtrNatGas",11,25,7,"",7.38839,0,0,0,6.82705,0,0,0,0,0,0,0,0,0,0,0,0,0,0,0,0.561343,0,0,0,0
"MtrNatGas",11,25,8,"",20.7287,0,0,0,19.9901,0,0,0,0,0,0,0,0,0,0,0,0,0,0,0,0.738609,0,0,0,0
"MtrNatGas",11,25,9,"",54.8741,0,0,0,54.106,0,0,0,0,0,0,0,0,0,0,0,0,0,0,0,0.768153,0,0,0,0
"MtrNatGas",11,25,10,"",24.9411,0,0,0,21.7828,0,0,0,0,0,0,0,0,0,0,0,0,0,2.50833,0,0.649976,0,0,0,0
"MtrNatGas",11,25,11,"",16.2683,0,0,0,10.4537,0,0,0,0,0,0,0,0,0,0,0,0,0,5.19421,0,0.620431,0,0,0,0
"MtrNatGas",11,25,12,"",13.0381,0,0,0,8.30937,0,0,0,0,0,0,0,0,0,0,0,0,0,3.87198,0,0.856786,0,0,0,0
"MtrNatGas",11,25,13,"",8.13564,0,0,0,3.27522,0,0,0,0,0,0,0,0,0,0,0,0,0,3.82636,0,1.03405,0,0,0,0
"MtrNatGas",11,25,14,"",5.11444,0,0,0,4.16902,0,0,0,0,0,0,0,0,0,0,0,0,0,0,0,0.945419,0,0,0,0
"MtrNatGas",11,25,15,"",10.4272,0,0,0,9.42269,0,0,0,0,0,0,0,0,0,0,0,0,0,0,0,1.00451,0,0,0,0
"MtrNatGas",11,25,16,"",18.2027,0,0,0,16.6664,0,0,0,0,0,0,0,0,0,0,0,0,0,0,0,1.53631,0,0,0,0
"MtrNatGas",11,25,17,"",40.4028,0,0,0,21.6003,0,0,0,0,0,0,0,0,0,0,0,0,0,15.405,0,3.3976,0,0,0,0
"MtrNatGas",11,25,18,"",48.6081,0,0,0,27.5053,0,0,0,0,0,0,0,0,0,0,0,0,0,15.4008,0,5.70206,0,0,0,0
"MtrNatGas",11,25,19,"",33.1617,0,0,0,12.4408,0,0,0,0,0,0,0,0,0,0,0,0,0,15.403,0,5.31798,0,0,0,0
"MtrNatGas",11,25,20,"",13.6267,0,0,0,10.7314,0,0,0,0,0,0,0,0,0,0,0,0,0,0,0,2.89535,0,0,0,0
"MtrNatGas",11,25,21,"",12.5579,0,0,0,11.317,0,0,0,0,0,0,0,0,0,0,0,0,0,0,0,1.24086,0,0,0,0
"MtrNatGas",11,25,22,"",26.1475,0,0,0,25.5566,0,0,0,0,0,0,0,0,0,0,0,0,0,0,0,0.590887,0,0,0,0
"MtrNatGas",11,25,23,"",5.03876,0,0,0,4.68423,0,0,0,0,0,0,0,0,0,0,0,0,0,0,0,0.354532,0,0,0,0
"MtrNatGas",11,25,24,"",8.83945,0,0,0,8.54401,0,0,0,0,0,0,0,0,0,0,0,0,0,0,0,0.295444,0,0,0,0
"MtrNatGas",11,26,1,"",2.9749,0,0,0,2.82718,0,0,0,0,0,0,0,0,0,0,0,0,0,0,0,0.147722,0,0,0,0
"MtrNatGas",11,26,2,"",2.94667,0,0,0,2.82849,0,0,0,0,0,0,0,0,0,0,0,0,0,0,0,0.118177,0,0,0,0
"MtrNatGas",11,26,3,"",4.38066,0,0,0,4.29203,0,0,0,0,0,0,0,0,0,0,0,0,0,0,0,0.0886331,0,0,0,0
"MtrNatGas",11,26,4,"",3.08533,0,0,0,2.99669,0,0,0,0,0,0,0,0,0,0,0,0,0,0,0,0.0886331,0,0,0,0
"MtrNatGas",11,26,5,"",9.50185,0,0,0,9.41322,0,0,0,0,0,0,0,0,0,0,0,0,0,0,0,0.0886331,0,0,0,0
"MtrNatGas",11,26,6,"",5.83021,0,0,0,5.68249,0,0,0,0,0,0,0,0,0,0,0,0,0,0,0,0.147722,0,0,0,0
"MtrNatGas",11,26,7,"",7.12738,0,0,0,6.83194,0,0,0,0,0,0,0,0,0,0,0,0,0,0,0,0.295444,0,0,0,0
"MtrNatGas",11,26,8,"",12.5572,0,0,0,11.7595,0,0,0,0,0,0,0,0,0,0,0,0,0,0,0,0.797697,0,0,0,0
"MtrNatGas",11,26,9,"",25.9583,0,0,0,24.5401,0,0,0,0,0,0,0,0,0,0,0,0,0,0,0,1.41813,0,0,0,0
"MtrNatGas",11,26,10,"",19.9203,0,0,0,10.7998,0,0,0,0,0,0,0,0,0,0,0,0,0,7.70237,0,1.41813,0,0,0,0
"MtrNatGas",11,26,11,"",22.9045,0,0,0,13.8477,0,0,0,0,0,0,0,0,0,0,0,0,0,7.69782,0,1.35904,0,0,0,0
"MtrNatGas",11,26,12,"",98.7861,0,0,0,74.537,0,0,0,0,0,0,0,0,0,0,0,0,0,22.6242,0,1.62494,0,0,0,0
"MtrNatGas",11,26,13,"",89.0655,0,0,0,23.4306,0,0,0,0,0,0,0,0,0,0,0,0,0,63.7736,0,1.86129,0,0,0,0
"MtrNatGas",11,26,14,"",37.8205,0,0,0,11.1027,0,0,0,0,0,0,0,0,0,0,0,0,0,24.9747,0,1.74312,0,0,0,0
"MtrNatGas",11,26,15,"",23.1844,0,0,0,9.51962,0,0,0,0,0,0,0,0,0,0,0,0,0,11.8331,0,1.83175,0,0,0,0
"MtrNatGas",11,26,16,"",26.0116,0,0,0,15.9763,0,0,0,0,0,0,0,0,0,0,0,0,0,8.02625,0,2.00902,0,0,0,0
"MtrNatGas",11,26,17,"",36.4095,0,0,0,10.9563,0,0,0,0,0,0,0,0,0,0,0,0,0,22.7647,0,2.68854,0,0,0,0
"MtrNatGas",11,26,18,"",29.6346,0,0,0,17.8267,0,0,0,0,0,0,0,0,0,0,0,0,0,7.70123,0,4.10666,0,0,0,0
"MtrNatGas",11,26,19,"",52.1812,0,0,0,40.6669,0,0,0,0,0,0,0,0,0,0,0,0,0,7.70306,0,3.81122,0,0,0,0
"MtrNatGas",11,26,20,"",10.6056,0,0,0,8.47838,0,0,0,0,0,0,0,0,0,0,0,0,0,0,0,2.12719,0,0,0,0
"MtrNatGas",11,26,21,"",17.1802,0,0,0,16.2348,0,0,0,0,0,0,0,0,0,0,0,0,0,0,0,0.945419,0,0,0,0
"MtrNatGas",11,26,22,"",10.5465,0,0,0,10.1328,0,0,0,0,0,0,0,0,0,0,0,0,0,0,0,0.413621,0,0,0,0
"MtrNatGas",11,26,23,"",7.2053,0,0,0,6.9394,0,0,0,0,0,0,0,0,0,0,0,0,0,0,0,0.265899,0,0,0,0
"MtrNatGas",11,26,24,"",2.98977,0,0,0,2.84205,0,0,0,0,0,0,0,0,0,0,0,0,0,0,0,0.147722,0,0,0,0
"MtrNatGas",11,27,1,"",3.71746,0,0,0,3.56974,0,0,0,0,0,0,0,0,0,0,0,0,0,0,0,0.147722,0,0,0,0
"MtrNatGas",11,27,2,"",4.80019,0,0,0,4.68201,0,0,0,0,0,0,0,0,0,0,0,0,0,0,0,0.118177,0,0,0,0
"MtrNatGas",11,27,3,"",3.11109,0,0,0,3.02246,0,0,0,0,0,0,0,0,0,0,0,0,0,0,0,0.0886331,0,0,0,0
"MtrNatGas",11,27,4,"",2.94379,0,0,0,2.85516,0,0,0,0,0,0,0,0,0,0,0,0,0,0,0,0.0886331,0,0,0,0
"MtrNatGas",11,27,5,"",2.94686,0,0,0,2.85823,0,0,0,0,0,0,0,0,0,0,0,0,0,0,0,0.0886331,0,0,0,0
"MtrNatGas",11,27,6,"",5.62794,0,0,0,5.48022,0,0,0,0,0,0,0,0,0,0,0,0,0,0,0,0.147722,0,0,0,0
"MtrNatGas",11,27,7,"",5.31973,0,0,0,5.02428,0,0,0,0,0,0,0,0,0,0,0,0,0,0,0,0.295444,0,0,0,0
"MtrNatGas",11,27,8,"",7.07731,0,0,0,6.27961,0,0,0,0,0,0,0,0,0,0,0,0,0,0,0,0.797697,0,0,0,0
"MtrNatGas",11,27,9,"",21.2607,0,0,0,19.8425,0,0,0,0,0,0,0,0,0,0,0,0,0,0,0,1.41813,0,0,0,0
"MtrNatGas",11,27,10,"",18.6266,0,0,0,17.2084,0,0,0,0,0,0,0,0,0,0,0,0,0,0,0,1.41813,0,0,0,0
"MtrNatGas",11,27,11,"",23.9954,0,0,0,14.9385,0,0,0,0,0,0,0,0,0,0,0,0,0,7.69782,0,1.35904,0,0,0,0
"MtrNatGas",11,27,12,"",43.1915,0,0,0,18.9424,0,0,0,0,0,0,0,0,0,0,0,0,0,22.6242,0,1.62494,0,0,0,0
"MtrNatGas",11,27,13,"",43.8949,0,0,0,22.2106,0,0,0,0,0,0,0,0,0,0,0,0,0,19.823,0,1.86129,0,0,0,0
"MtrNatGas",11,27,14,"",21.17,0,0,0,7.98292,0,0,0,0,0,0,0,0,0,0,0,0,0,11.444,0,1.74312,0,0,0,0
"MtrNatGas",11,27,15,"",17.5931,0,0,0,15.7614,0,0,0,0,0,0,0,0,0,0,0,0,0,0,0,1.83175,0,0,0,0
"MtrNatGas",11,27,16,"",21.8023,0,0,0,15.7952,0,0,0,0,0,0,0,0,0,0,0,0,0,3.9981,0,2.00902,0,0,0,0
"MtrNatGas",11,27,17,"",40.6379,0,0,0,8.67632,0,0,0,0,0,0,0,0,0,0,0,0,0,29.273,0,2.68854,0,0,0,0
"MtrNatGas",11,27,18,"",36.5038,0,0,0,19.4704,0,0,0,0,0,0,0,0,0,0,0,0,0,12.9267,0,4.10666,0,0,0,0
"MtrNatGas",11,27,19,"",53.3535,0,0,0,29.0554,0,0,0,0,0,0,0,0,0,0,0,0,0,20.4869,0,3.81122,0,0,0,0
"MtrNatGas",11,27,20,"",27.9908,0,0,0,15.5448,0,0,0,0,0,0,0,0,0,0,0,0,0,10.3188,0,2.12719,0,0,0,0
"MtrNatGas",11,27,21,"",7.06024,0,0,0,6.11482,0,0,0,0,0,0,0,0,0,0,0,0,0,0,0,0.945419,0,0,0,0
"MtrNatGas",11,27,22,"",17.4826,0,0,0,17.069,0,0,0,0,0,0,0,0,0,0,0,0,0,0,0,0.413621,0,0,0,0
"MtrNatGas",11,27,23,"",22.3464,0,0,0,14.3797,0,0,0,0,0,0,0,0,0,0,0,0,0,7.70077,0,0.265899,0,0,0,0
"MtrNatGas",11,27,24,"",18.8856,0,0,0,3.33371,0,0,0,0,0,0,0,0,0,0,0,0,0,15.4042,0,0.147722,0,0,0,0
"MtrNatGas",11,28,1,"",3.64768,0,0,0,3.49995,0,0,0,0,0,0,0,0,0,0,0,0,0,0,0,0.147722,0,0,0,0
"MtrNatGas",11,28,2,"",3.12951,0,0,0,3.01133,0,0,0,0,0,0,0,0,0,0,0,0,0,0,0,0.118177,0,0,0,0
"MtrNatGas",11,28,3,"",5.13885,0,0,0,5.05022,0,0,0,0,0,0,0,0,0,0,0,0,0,0,0,0.0886331,0,0,0,0
"MtrNatGas",11,28,4,"",4.3464,0,0,0,4.25776,0,0,0,0,0,0,0,0,0,0,0,0,0,0,0,0.0886331,0,0,0,0
"MtrNatGas",11,28,5,"",2.9486,0,0,0,2.85997,0,0,0,0,0,0,0,0,0,0,0,0,0,0,0,0.0886331,0,0,0,0
"MtrNatGas",11,28,6,"",3.00988,0,0,0,2.86216,0,0,0,0,0,0,0,0,0,0,0,0,0,0,0,0.147722,0,0,0,0
"MtrNatGas",11,28,7,"",12.6475,0,0,0,12.352,0,0,0,0,0,0,0,0,0,0,0,0,0,0,0,0.295444,0,0,0,0
"MtrNatGas",11,28,8,"",16.5742,0,0,0,14.9321,0,0,0,0,0,0,0,0,0,0,0,0,0,0.84443,0,0.797697,0,0,0,0
"MtrNatGas",11,28,9,"",35.9811,0,0,0,30.9432,0,0,0,0,0,0,0,0,0,0,0,0,0,3.61978,0,1.41813,0,0,0,0
"MtrNatGas",11,28,10,"",29.2778,0,0,0,24.6218,0,0,0,0,0,0,0,0,0,0,0,0,0,3.23787,0,1.41813,0,0,0,0
"MtrNatGas",11,28,11,"",37.3859,0,0,0,25.4981,0,0,0,0,0,0,0,0,0,0,0,0,0,10.5288,0,1.35904,0,0,0,0
"MtrNatGas",11,28,12,"",26.4234,0,0,0,16.1964,0,0,0,0,0,0,0,0,0,0,0,0,0,8.60206,0,1.62494,0,0,0,0
"MtrNatGas",11,28,13,"",9.19179,0,0,0,3.35721,0,0,0,0,0,0,0,0,0,0,0,0,0,3.97329,0,1.86129,0,0,0,0
"MtrNatGas",11,28,14,"",8.52626,0,0,0,6.78314,0,0,0,0,0,0,0,0,0,0,0,0,0,0,0,1.74312,0,0,0,0
"MtrNatGas",11,28,15,"",6.51699,0,0,0,4.68524,0,0,0,0,0,0,0,0,0,0,0,0,0,0,0,1.83175,0,0,0,0
"MtrNatGas",11,28,16,"",10.1034,0,0,0,5.58486,0,0,0,0,0,0,0,0,0,0,0,0,0,2.50955,0,2.00902,0,0,0,0
"MtrNatGas",11,28,17,"",11.4682,0,0,0,3.58796,0,0,0,0,0,0,0,0,0,0,0,0,0,5.19166,0,2.68854,0,0,0,0
"MtrNatGas",11,28,18,"",15.9245,0,0,0,11.8179,0,0,0,0,0,0,0,0,0,0,0,0,0,0,0,4.10666,0,0,0,0
"MtrNatGas",11,28,19,"",29.3376,0,0,0,25.5264,0,0,0,0,0,0,0,0,0,0,0,0,0,0,0,3.81122,0,0,0,0
"MtrNatGas",11,28,20,"",15.8329,0,0,0,6.00368,0,0,0,0,0,0,0,0,0,0,0,0,0,7.70199,0,2.12719,0,0,0,0
"MtrNatGas",11,28,21,"",15.5135,0,0,0,13.6717,0,0,0,0,0,0,0,0,0,0,0,0,0,0.896423,0,0.945419,0,0,0,0
"MtrNatGas",11,28,22,"",25.1073,0,0,0,17.8881,0,0,0,0,0,0,0,0,0,0,0,0,0,6.80559,0,0.413621,0,0,0,0
"MtrNatGas",11,28,23,"",3.9102,0,0,0,3.6443,0,0,0,0,0,0,0,0,0,0,0,0,0,0,0,0.265899,0,0,0,0
"MtrNatGas",11,28,24,"",4.61219,0,0,0,4.46446,0,0,0,0,0,0,0,0,0,0,0,0,0,0,0,0.147722,0,0,0,0
"MtrNatGas",11,29,1,"",6.84955,0,0,0,6.70183,0,0,0,0,0,0,0,0,0,0,0,0,0,0,0,0.147722,0,0,0,0
"MtrNatGas",11,29,2,"",4.48549,0,0,0,4.36731,0,0,0,0,0,0,0,0,0,0,0,0,0,0,0,0.118177,0,0,0,0
"MtrNatGas",11,29,3,"",3.7697,0,0,0,3.68107,0,0,0,0,0,0,0,0,0,0,0,0,0,0,0,0.0886331,0,0,0,0
"MtrNatGas",11,29,4,"",3.26489,0,0,0,3.17625,0,0,0,0,0,0,0,0,0,0,0,0,0,0,0,0.0886331,0,0,0,0
"MtrNatGas",11,29,5,"",3.27819,0,0,0,3.18955,0,0,0,0,0,0,0,0,0,0,0,0,0,0,0,0.0886331,0,0,0,0
"MtrNatGas",11,29,6,"",7.84571,0,0,0,7.69799,0,0,0,0,0,0,0,0,0,0,0,0,0,0,0,0.147722,0,0,0,0
"MtrNatGas",11,29,7,"",9.1674,0,0,0,8.87196,0,0,0,0,0,0,0,0,0,0,0,0,0,0,0,0.295444,0,0,0,0
"MtrNatGas",11,29,8,"",36.6927,0,0,0,27.0973,0,0,0,0,0,0,0,0,0,0,0,0,0,8.79771,0,0.797697,0,0,0,0
"MtrNatGas",11,29,9,"",36.3784,0,0,0,21.5377,0,0,0,0,0,0,0,0,0,0,0,0,0,13.4226,0,1.41813,0,0,0,0
"MtrNatGas",11,29,10,"",32.3368,0,0,0,22.3272,0,0,0,0,0,0,0,0,0,0,0,0,0,8.59145,0,1.41813,0,0,0,0
"MtrNatGas",11,29,11,"",32.5814,0,0,0,24.3462,0,0,0,0,0,0,0,0,0,0,0,0,0,6.8762,0,1.35904,0,0,0,0
"MtrNatGas",11,29,12,"",47.767,0,0,0,14.5067,0,0,0,0,0,0,0,0,0,0,0,0,0,31.6353,0,1.62494,0,0,0,0
"MtrNatGas",11,29,13,"",17.5007,0,0,0,7.93831,0,0,0,0,0,0,0,0,0,0,0,0,0,7.70112,0,1.86129,0,0,0,0
"MtrNatGas",11,29,14,"",6.24238,0,0,0,4.49926,0,0,0,0,0,0,0,0,0,0,0,0,0,0,0,1.74312,0,0,0,0
"MtrNatGas",11,29,15,"",11.2222,0,0,0,9.39041,0,0,0,0,0,0,0,0,0,0,0,0,0,0,0,1.83175,0,0,0,0
"MtrNatGas",11,29,16,"",7.45837,0,0,0,5.44935,0,0,0,0,0,0,0,0,0,0,0,0,0,0,0,2.00902,0,0,0,0
"MtrNatGas",11,29,17,"",22.758,0,0,0,20.0695,0,0,0,0,0,0,0,0,0,0,0,0,0,0,0,2.68854,0,0,0,0
"MtrNatGas",11,29,18,"",44.6284,0,0,0,40.5217,0,0,0,0,0,0,0,0,0,0,0,0,0,0,0,4.10666,0,0,0,0
"MtrNatGas",11,29,19,"",44.3584,0,0,0,25.1416,0,0,0,0,0,0,0,0,0,0,0,0,0,15.4056,0,3.81122,0,0,0,0
"MtrNatGas",11,29,20,"",24.1869,0,0,0,18.4893,0,0,0,0,0,0,0,0,0,0,0,0,0,3.57035,0,2.12719,0,0,0,0
"MtrNatGas",11,29,21,"",23.1022,0,0,0,15.1574,0,0,0,0,0,0,0,0,0,0,0,0,0,6.99931,0,0.945419,0,0,0,0
"MtrNatGas",11,29,22,"",21.3468,0,0,0,16.0994,0,0,0,0,0,0,0,0,0,0,0,0,0,4.83381,0,0.413621,0,0,0,0
"MtrNatGas",11,29,23,"",5.79966,0,0,0,5.53376,0,0,0,0,0,0,0,0,0,0,0,0,0,0,0,0.265899,0,0,0,0
"MtrNatGas",11,29,24,"",11.8157,0,0,0,11.6679,0,0,0,0,0,0,0,0,0,0,0,0,0,0,0,0.147722,0,0,0,0
"MtrNatGas",11,30,1,"",3.29162,0,0,0,3.1439,0,0,0,0,0,0,0,0,0,0,0,0,0,0,0,0.147722,0,0,0,0
"MtrNatGas",11,30,2,"",2.94798,0,0,0,2.8298,0,0,0,0,0,0,0,0,0,0,0,0,0,0,0,0.118177,0,0,0,0
"MtrNatGas",11,30,3,"",4.22124,0,0,0,4.10306,0,0,0,0,0,0,0,0,0,0,0,0,0,0,0,0.118177,0,0,0,0
"MtrNatGas",11,30,4,"",3.10455,0,0,0,2.98637,0,0,0,0,0,0,0,0,0,0,0,0,0,0,0,0.118177,0,0,0,0
"MtrNatGas",11,30,5,"",2.94754,0,0,0,2.82936,0,0,0,0,0,0,0,0,0,0,0,0,0,0,0,0.118177,0,0,0,0
"MtrNatGas",11,30,6,"",3.57902,0,0,0,3.1654,0,0,0,0,0,0,0,0,0,0,0,0,0,0,0,0.413621,0,0,0,0
"MtrNatGas",11,30,7,"",25.8176,0,0,0,25.2562,0,0,0,0,0,0,0,0,0,0,0,0,0,0,0,0.561343,0,0,0,0
"MtrNatGas",11,30,8,"",21.2709,0,0,0,20.5323,0,0,0,0,0,0,0,0,0,0,0,0,0,0,0,0.738609,0,0,0,0
"MtrNatGas",11,30,9,"",24.2497,0,0,0,23.4815,0,0,0,0,0,0,0,0,0,0,0,0,0,0,0,0.768153,0,0,0,0
"MtrNatGas",11,30,10,"",18.3908,0,0,0,13.4284,0,0,0,0,0,0,0,0,0,0,0,0,0,4.31242,0,0.649976,0,0,0,0
"MtrNatGas",11,30,11,"",8.4684,0,0,0,4.45816,0,0,0,0,0,0,0,0,0,0,0,0,0,3.38981,0,0.620431,0,0,0,0
"MtrNatGas",11,30,12,"",4.56335,0,0,0,3.70656,0,0,0,0,0,0,0,0,0,0,0,0,0,0,0,0.856786,0,0,0,0
"MtrNatGas",11,30,13,"",6.29863,0,0,0,5.26458,0,0,0,0,0,0,0,0,0,0,0,0,0,0,0,1.03405,0,0,0,0
"MtrNatGas",11,30,14,"",4.96014,0,0,0,4.01472,0,0,0,0,0,0,0,0,0,0,0,0,0,0,0,0.945419,0,0,0,0
"MtrNatGas",11,30,15,"",4.58372,0,0,0,3.57921,0,0,0,0,0,0,0,0,0,0,0,0,0,0,0,1.00451,0,0,0,0
"MtrNatGas",11,30,16,"",8.0876,0,0,0,3.60997,0,0,0,0,0,0,0,0,0,0,0,0,0,2.94132,0,1.53631,0,0,0,0
"MtrNatGas",11,30,17,"",11.8214,0,0,0,3.66488,0,0,0,0,0,0,0,0,0,0,0,0,0,4.75893,0,3.3976,0,0,0,0
"MtrNatGas",11,30,18,"",10.8636,0,0,0,5.16153,0,0,0,0,0,0,0,0,0,0,0,0,0,0,0,5.70206,0,0,0,0
"MtrNatGas",11,30,19,"",17.3106,0,0,0,11.9926,0,0,0,0,0,0,0,0,0,0,0,0,0,0,0,5.31798,0,0,0,0
"MtrNatGas",11,30,20,"",18.1722,0,0,0,15.2768,0,0,0,0,0,0,0,0,0,0,0,0,0,0,0,2.89535,0,0,0,0
"MtrNatGas",11,30,21,"",38.6388,0,0,0,29.6961,0,0,0,0,0,0,0,0,0,0,0,0,0,7.70188,0,1.24086,0,0,0,0
"MtrNatGas",11,30,22,"",19.3809,0,0,0,13.2302,0,0,0,0,0,0,0,0,0,0,0,0,0,5.55984,0,0.590887,0,0,0,0
"MtrNatGas",11,30,23,"",19.1762,0,0,0,16.6797,0,0,0,0,0,0,0,0,0,0,0,0,0,2.14188,0,0.354532,0,0,0,0
"MtrNatGas",11,30,24,"",11.7175,0,0,0,11.4221,0,0,0,0,0,0,0,0,0,0,0,0,0,0,0,0.295444,0,0,0,0
"MtrNatGas",12,1,1,"",4.14916,0,0,0,3.9962,0,0,0,0,0,0,0,0,0,0,0,0,0,0,0,0.15296,0,0,0,0
"MtrNatGas",12,1,2,"",2.98059,0,0,0,2.85822,0,0,0,0,0,0,0,0,0,0,0,0,0,0,0,0.122368,0,0,0,0
"MtrNatGas",12,1,3,"",3.22951,0,0,0,3.10714,0,0,0,0,0,0,0,0,0,0,0,0,0,0,0,0.122368,0,0,0,0
"MtrNatGas",12,1,4,"",2.99327,0,0,0,2.8709,0,0,0,0,0,0,0,0,0,0,0,0,0,0,0,0.122368,0,0,0,0
"MtrNatGas",12,1,5,"",2.99983,0,0,0,2.87746,0,0,0,0,0,0,0,0,0,0,0,0,0,0,0,0.122368,0,0,0,0
"MtrNatGas",12,1,6,"",7.53644,0,0,0,7.10815,0,0,0,0,0,0,0,0,0,0,0,0,0,0,0,0.428288,0,0,0,0
"MtrNatGas",12,1,7,"",20.6498,0,0,0,20.0685,0,0,0,0,0,0,0,0,0,0,0,0,0,0,0,0.581248,0,0,0,0
"MtrNatGas",12,1,8,"",36.3589,0,0,0,27.891,0,0,0,0,0,0,0,0,0,0,0,0,0,7.70312,0,0.764801,0,0,0,0
"MtrNatGas",12,1,9,"",20.9794,0,0,0,12.4835,0,0,0,0,0,0,0,0,0,0,0,0,0,7.70058,0,0.795393,0,0,0,0
"MtrNatGas",12,1,10,"",15.1882,0,0,0,14.5152,0,0,0,0,0,0,0,0,0,0,0,0,0,0,0,0.673024,0,0,0,0
"MtrNatGas",12,1,11,"",16.3471,0,0,0,11.5429,0,0,0,0,0,0,0,0,0,0,0,0,0,4.16181,0,0.642433,0,0,0,0
"MtrNatGas",12,1,12,"",18.122,0,0,0,5.99455,0,0,0,0,0,0,0,0,0,0,0,0,0,11.2403,0,0.887169,0,0,0,0
"MtrNatGas",12,1,13,"",6.80781,0,0,0,5.73709,0,0,0,0,0,0,0,0,0,0,0,0,0,0,0,1.07072,0,0,0,0
"MtrNatGas",12,1,14,"",7.50775,0,0,0,4.03186,0,0,0,0,0,0,0,0,0,0,0,0,0,2.49695,0,0.978945,0,0,0,0
"MtrNatGas",12,1,15,"",11.1824,0,0,0,4.93575,0,0,0,0,0,0,0,0,0,0,0,0,0,5.20652,0,1.04013,0,0,0,0
"MtrNatGas",12,1,16,"",11.6455,0,0,0,6.22011,0,0,0,0,0,0,0,0,0,0,0,0,0,3.83464,0,1.59079,0,0,0,0
"MtrNatGas",12,1,17,"",12.247,0,0,0,4.86326,0,0,0,0,0,0,0,0,0,0,0,0,0,3.86561,0,3.51808,0,0,0,0
"MtrNatGas",12,1,18,"",11.821,0,0,0,5.9167,0,0,0,0,0,0,0,0,0,0,0,0,0,0,0,5.90426,0,0,0,0
"MtrNatGas",12,1,19,"",22.9631,0,0,0,17.4566,0,0,0,0,0,0,0,0,0,0,0,0,0,0,0,5.50656,0,0,0,0
"MtrNatGas",12,1,20,"",27.3052,0,0,0,16.6064,0,0,0,0,0,0,0,0,0,0,0,0,0,7.70077,0,2.99802,0,0,0,0
"MtrNatGas",12,1,21,"",18.9384,0,0,0,17.6536,0,0,0,0,0,0,0,0,0,0,0,0,0,0,0,1.28487,0,0,0,0
"MtrNatGas",12,1,22,"",15.3983,0,0,0,14.7864,0,0,0,0,0,0,0,0,0,0,0,0,0,0,0,0.61184,0,0,0,0
"MtrNatGas",12,1,23,"",7.27248,0,0,0,6.90538,0,0,0,0,0,0,0,0,0,0,0,0,0,0,0,0.367104,0,0,0,0
"MtrNatGas",12,1,24,"",8.26287,0,0,0,7.95695,0,0,0,0,0,0,0,0,0,0,0,0,0,0,0,0.30592,0,0,0,0
"MtrNatGas",12,2,1,"",3.49409,0,0,0,3.34113,0,0,0,0,0,0,0,0,0,0,0,0,0,0,0,0.15296,0,0,0,0
"MtrNatGas",12,2,2,"",5.53348,0,0,0,5.41111,0,0,0,0,0,0,0,0,0,0,0,0,0,0,0,0.122368,0,0,0,0
"MtrNatGas",12,2,3,"",4.23916,0,0,0,4.11679,0,0,0,0,0,0,0,0,0,0,0,0,0,0,0,0.122368,0,0,0,0
"MtrNatGas",12,2,4,"",3.00202,0,0,0,2.87965,0,0,0,0,0,0,0,0,0,0,0,0,0,0,0,0.122368,0,0,0,0
"MtrNatGas",12,2,5,"",3.00464,0,0,0,2.88227,0,0,0,0,0,0,0,0,0,0,0,0,0,0,0,0.122368,0,0,0,0
"MtrNatGas",12,2,6,"",7.33706,0,0,0,6.90877,0,0,0,0,0,0,0,0,0,0,0,0,0,0,0,0.428288,0,0,0,0
"MtrNatGas",12,2,7,"",12.0883,0,0,0,11.507,0,0,0,0,0,0,0,0,0,0,0,0,0,0,0,0.581248,0,0,0,0
"MtrNatGas",12,2,8,"",24.772,0,0,0,16.3041,0,0,0,0,0,0,0,0,0,0,0,0,0,7.70312,0,0.764801,0,0,0,0
"MtrNatGas",12,2,9,"",20.1977,0,0,0,19.4023,0,0,0,0,0,0,0,0,0,0,0,0,0,0,0,0.795393,0,0,0,0
"MtrNatGas",12,2,10,"",22.8663,0,0,0,19.6849,0,0,0,0,0,0,0,0,0,0,0,0,0,2.50833,0,0.673024,0,0,0,0
"MtrNatGas",12,2,11,"",13.7153,0,0,0,7.87867,0,0,0,0,0,0,0,0,0,0,0,0,0,5.19421,0,0.642433,0,0,0,0
"MtrNatGas",12,2,12,"",4.61162,0,0,0,3.72445,0,0,0,0,0,0,0,0,0,0,0,0,0,0,0,0.887169,0,0,0,0
"MtrNatGas",12,2,13,"",4.25463,0,0,0,3.18391,0,0,0,0,0,0,0,0,0,0,0,0,0,0,0,1.07072,0,0,0,0
"MtrNatGas",12,2,14,"",3.87087,0,0,0,2.89192,0,0,0,0,0,0,0,0,0,0,0,0,0,0,0,0.978945,0,0,0,0
"MtrNatGas",12,2,15,"",13.8143,0,0,0,12.7742,0,0,0,0,0,0,0,0,0,0,0,0,0,0,0,1.04013,0,0,0,0
"MtrNatGas",12,2,16,"",18.5286,0,0,0,13.1032,0,0,0,0,0,0,0,0,0,0,0,0,0,3.83464,0,1.59079,0,0,0,0
"MtrNatGas",12,2,17,"",13.8129,0,0,0,6.42923,0,0,0,0,0,0,0,0,0,0,0,0,0,3.86561,0,3.51808,0,0,0,0
"MtrNatGas",12,2,18,"",13.8054,0,0,0,7.90114,0,0,0,0,0,0,0,0,0,0,0,0,0,0,0,5.90426,0,0,0,0
"MtrNatGas",12,2,19,"",28.6052,0,0,0,23.0987,0,0,0,0,0,0,0,0,0,0,0,0,0,0,0,5.50656,0,0,0,0
"MtrNatGas",12,2,20,"",41.5134,0,0,0,18.9811,0,0,0,0,0,0,0,0,0,0,0,0,0,19.5342,0,2.99802,0,0,0,0
"MtrNatGas",12,2,21,"",9.08696,0,0,0,4.23618,0,0,0,0,0,0,0,0,0,0,0,0,0,3.56591,0,1.28487,0,0,0,0
"MtrNatGas",12,2,22,"",12.1334,0,0,0,11.5216,0,0,0,0,0,0,0,0,0,0,0,0,0,0,0,0.61184,0,0,0,0
"MtrNatGas",12,2,23,"",16.19,0,0,0,15.8229,0,0,0,0,0,0,0,0,0,0,0,0,0,0,0,0.367104,0,0,0,0
"MtrNatGas",12,2,24,"",7.62248,0,0,0,7.31656,0,0,0,0,0,0,0,0,0,0,0,0,0,0,0,0.30592,0,0,0,0
"MtrNatGas",12,3,1,"",3.37052,0,0,0,3.21756,0,0,0,0,0,0,0,0,0,0,0,0,0,0,0,0.15296,0,0,0,0
"MtrNatGas",12,3,2,"",3.14746,0,0,0,3.02509,0,0,0,0,0,0,0,0,0,0,0,0,0,0,0,0.122368,0,0,0,0
"MtrNatGas",12,3,3,"",2.99589,0,0,0,2.87353,0,0,0,0,0,0,0,0,0,0,0,0,0,0,0,0.122368,0,0,0,0
"MtrNatGas",12,3,4,"",3.39728,0,0,0,3.27491,0,0,0,0,0,0,0,0,0,0,0,0,0,0,0,0.122368,0,0,0,0
"MtrNatGas",12,3,5,"",3.7302,0,0,0,3.60783,0,0,0,0,0,0,0,0,0,0,0,0,0,0,0,0.122368,0,0,0,0
"MtrNatGas",12,3,6,"",3.64746,0,0,0,3.21917,0,0,0,0,0,0,0,0,0,0,0,0,0,0,0,0.428288,0,0,0,0
"MtrNatGas",12,3,7,"",11.1421,0,0,0,10.5608,0,0,0,0,0,0,0,0,0,0,0,0,0,0,0,0.581248,0,0,0,0
"MtrNatGas",12,3,8,"",20.9881,0,0,0,20.2233,0,0,0,0,0,0,0,0,0,0,0,0,0,0,0,0.764801,0,0,0,0
"MtrNatGas",12,3,9,"",15.3649,0,0,0,14.5695,0,0,0,0,0,0,0,0,0,0,0,0,0,0,0,0.795393,0,0,0,0
"MtrNatGas",12,3,10,"",26.4461,0,0,0,25.7731,0,0,0,0,0,0,0,0,0,0,0,0,0,0,0,0.673024,0,0,0,0
"MtrNatGas",12,3,11,"",36.1585,0,0,0,12.4106,0,0,0,0,0,0,0,0,0,0,0,0,0,23.1055,0,0.642433,0,0,0,0
"MtrNatGas",12,3,12,"",4.95505,0,0,0,4.06788,0,0,0,0,0,0,0,0,0,0,0,0,0,0,0,0.887169,0,0,0,0
"MtrNatGas",12,3,13,"",10.7451,0,0,0,5.66755,0,0,0,0,0,0,0,0,0,0,0,0,0,4.00679,0,1.07072,0,0,0,0
"MtrNatGas",12,3,14,"",15.3964,0,0,0,3.02162,0,0,0,0,0,0,0,0,0,0,0,0,0,11.3958,0,0.978945,0,0,0,0
"MtrNatGas",12,3,15,"",3.85721,0,0,0,2.81708,0,0,0,0,0,0,0,0,0,0,0,0,0,0,0,1.04013,0,0,0,0
"MtrNatGas",12,3,16,"",3.70576,0,0,0,2.11498,0,0,0,0,0,0,0,0,0,0,0,0,0,0,0,1.59079,0,0,0,0
"MtrNatGas",12,3,17,"",5.70988,0,0,0,2.1918,0,0,0,0,0,0,0,0,0,0,0,0,0,0,0,3.51808,0,0,0,0
"MtrNatGas",12,3,18,"",8.57984,0,0,0,2.67558,0,0,0,0,0,0,0,0,0,0,0,0,0,0,0,5.90426,0,0,0,0
"MtrNatGas",12,3,19,"",14.3779,0,0,0,5.02757,0,0,0,0,0,0,0,0,0,0,0,0,0,3.84377,0,5.50656,0,0,0,0
"MtrNatGas",12,3,20,"",23.4449,0,0,0,8.89558,0,0,0,0,0,0,0,0,0,0,0,0,0,11.5513,0,2.99802,0,0,0,0
"MtrNatGas",12,3,21,"",6.12057,0,0,0,4.8357,0,0,0,0,0,0,0,0,0,0,0,0,0,0,0,1.28487,0,0,0,0
"MtrNatGas",12,3,22,"",6.70188,0,0,0,6.09004,0,0,0,0,0,0,0,0,0,0,0,0,0,0,0,0.61184,0,0,0,0
"MtrNatGas",12,3,23,"",14.0156,0,0,0,10.823,0,0,0,0,0,0,0,0,0,0,0,0,0,2.82556,0,0.367104,0,0,0,0
"MtrNatGas",12,3,24,"",18.7007,0,0,0,10.9638,0,0,0,0,0,0,0,0,0,0,0,0,0,7.43096,0,0.30592,0,0,0,0
"MtrNatGas",12,4,1,"",10.0091,0,0,0,4.7066,0,0,0,0,0,0,0,0,0,0,0,0,0,5.14956,0,0.15296,0,0,0,0
"MtrNatGas",12,4,2,"",3.46522,0,0,0,3.34285,0,0,0,0,0,0,0,0,0,0,0,0,0,0,0,0.122368,0,0,0,0
"MtrNatGas",12,4,3,"",4.26301,0,0,0,4.14064,0,0,0,0,0,0,0,0,0,0,0,0,0,0,0,0.122368,0,0,0,0
"MtrNatGas",12,4,4,"",3.78851,0,0,0,3.66614,0,0,0,0,0,0,0,0,0,0,0,0,0,0,0,0.122368,0,0,0,0
"MtrNatGas",12,4,5,"",3.80886,0,0,0,3.6865,0,0,0,0,0,0,0,0,0,0,0,0,0,0,0,0.122368,0,0,0,0
"MtrNatGas",12,4,6,"",4.13518,0,0,0,3.70689,0,0,0,0,0,0,0,0,0,0,0,0,0,0,0,0.428288,0,0,0,0
"MtrNatGas",12,4,7,"",18.8834,0,0,0,18.3022,0,0,0,0,0,0,0,0,0,0,0,0,0,0,0,0.581248,0,0,0,0
"MtrNatGas",12,4,8,"",14.6641,0,0,0,13.8993,0,0,0,0,0,0,0,0,0,0,0,0,0,0,0,0.764801,0,0,0,0
"MtrNatGas",12,4,9,"",63.059,0,0,0,62.2636,0,0,0,0,0,0,0,0,0,0,0,0,0,0,0,0.795393,0,0,0,0
"MtrNatGas",12,4,10,"",30.8997,0,0,0,30.2267,0,0,0,0,0,0,0,0,0,0,0,0,0,0,0,0.673024,0,0,0,0
"MtrNatGas",12,4,11,"",22.0638,0,0,0,6.02273,0,0,0,0,0,0,0,0,0,0,0,0,0,15.3987,0,0.642433,0,0,0,0
"MtrNatGas",12,4,12,"",17.3032,0,0,0,16.416,0,0,0,0,0,0,0,0,0,0,0,0,0,0,0,0.887169,0,0,0,0
"MtrNatGas",12,4,13,"",19.413,0,0,0,10.6407,0,0,0,0,0,0,0,0,0,0,0,0,0,7.70155,0,1.07072,0,0,0,0
"MtrNatGas",12,4,14,"",10.7914,0,0,0,7.31554,0,0,0,0,0,0,0,0,0,0,0,0,0,2.49695,0,0.978945,0,0,0,0
"MtrNatGas",12,4,15,"",15.2883,0,0,0,9.04165,0,0,0,0,0,0,0,0,0,0,0,0,0,5.20652,0,1.04013,0,0,0,0
"MtrNatGas",12,4,16,"",6.25139,0,0,0,4.66061,0,0,0,0,0,0,0,0,0,0,0,0,0,0,0,1.59079,0,0,0,0
"MtrNatGas",12,4,17,"",10.7269,0,0,0,7.20878,0,0,0,0,0,0,0,0,0,0,0,0,0,0,0,3.51808,0,0,0,0
"MtrNatGas",12,4,18,"",15.3958,0,0,0,9.49155,0,0,0,0,0,0,0,0,0,0,0,0,0,0,0,5.90426,0,0,0,0
"MtrNatGas",12,4,19,"",25.0782,0,0,0,19.5717,0,0,0,0,0,0,0,0,0,0,0,0,0,0,0,5.50656,0,0,0,0
"MtrNatGas",12,4,20,"",13.1233,0,0,0,10.1253,0,0,0,0,0,0,0,0,0,0,0,0,0,0,0,2.99802,0,0,0,0
"MtrNatGas",12,4,21,"",22.9077,0,0,0,21.6228,0,0,0,0,0,0,0,0,0,0,0,0,0,0,0,1.28487,0,0,0,0
"MtrNatGas",12,4,22,"",21.559,0,0,0,20.9472,0,0,0,0,0,0,0,0,0,0,0,0,0,0,0,0.61184,0,0,0,0
"MtrNatGas",12,4,23,"",16.3153,0,0,0,8.51245,0,0,0,0,0,0,0,0,0,0,0,0,0,7.43576,0,0.367104,0,0,0,0
"MtrNatGas",12,4,24,"",5.21001,0,0,0,4.63769,0,0,0,0,0,0,0,0,0,0,0,0,0,0.266395,0,0.30592,0,0,0,0
"MtrNatGas",12,5,1,"",3.85176,0,0,0,3.6988,0,0,0,0,0,0,0,0,0,0,0,0,0,0,0,0.15296,0,0,0,0
"MtrNatGas",12,5,2,"",2.97753,0,0,0,2.85516,0,0,0,0,0,0,0,0,0,0,0,0,0,0,0,0.122368,0,0,0,0
"MtrNatGas",12,5,3,"",2.94738,0,0,0,2.8556,0,0,0,0,0,0,0,0,0,0,0,0,0,0,0,0.0917761,0,0,0,0
"MtrNatGas",12,5,4,"",2.94825,0,0,0,2.85647,0,0,0,0,0,0,0,0,0,0,0,0,0,0,0,0.0917761,0,0,0,0
"MtrNatGas",12,5,5,"",2.94869,0,0,0,2.85691,0,0,0,0,0,0,0,0,0,0,0,0,0,0,0,0.0917761,0,0,0,0
"MtrNatGas",12,5,6,"",3.40116,0,0,0,3.2482,0,0,0,0,0,0,0,0,0,0,0,0,0,0,0,0.15296,0,0,0,0
"MtrNatGas",12,5,7,"",13.2811,0,0,0,12.9752,0,0,0,0,0,0,0,0,0,0,0,0,0,0,0,0.30592,0,0,0,0
"MtrNatGas",12,5,8,"",23.8851,0,0,0,23.0591,0,0,0,0,0,0,0,0,0,0,0,0,0,0,0,0.825985,0,0,0,0
"MtrNatGas",12,5,9,"",22.4792,0,0,0,13.3109,0,0,0,0,0,0,0,0,0,0,0,0,0,7.69983,0,1.46842,0,0,0,0
"MtrNatGas",12,5,10,"",46.0032,0,0,0,44.5348,0,0,0,0,0,0,0,0,0,0,0,0,0,0,0,1.46842,0,0,0,0
"MtrNatGas",12,5,11,"",25.695,0,0,0,16.5858,0,0,0,0,0,0,0,0,0,0,0,0,0,7.70197,0,1.40723,0,0,0,0
"MtrNatGas",12,5,12,"",24.1808,0,0,0,22.4983,0,0,0,0,0,0,0,0,0,0,0,0,0,0,0,1.68256,0,0,0,0
"MtrNatGas",12,5,13,"",17.1091,0,0,0,15.1818,0,0,0,0,0,0,0,0,0,0,0,0,0,0,0,1.9273,0,0,0,0
"MtrNatGas",12,5,14,"",36.354,0,0,0,31.9814,0,0,0,0,0,0,0,0,0,0,0,0,0,2.56769,0,1.80493,0,0,0,0
"MtrNatGas",12,5,15,"",24.7624,0,0,0,13.1645,0,0,0,0,0,0,0,0,0,0,0,0,0,9.70112,0,1.89671,0,0,0,0
"MtrNatGas",12,5,16,"",14.3493,0,0,0,9.13426,0,0,0,0,0,0,0,0,0,0,0,0,0,3.13481,0,2.08026,0,0,0,0
"MtrNatGas",12,5,17,"",9.89057,0,0,0,7.10669,0,0,0,0,0,0,0,0,0,0,0,0,0,0,0,2.78387,0,0,0,0
"MtrNatGas",12,5,18,"",29.1737,0,0,0,24.9215,0,0,0,0,0,0,0,0,0,0,0,0,0,0,0,4.25229,0,0,0,0
"MtrNatGas",12,5,19,"",33.4827,0,0,0,21.8335,0,0,0,0,0,0,0,0,0,0,0,0,0,7.70286,0,3.94637,0,0,0,0
"MtrNatGas",12,5,20,"",24.1488,0,0,0,10.6742,0,0,0,0,0,0,0,0,0,0,0,0,0,11.2719,0,2.20263,0,0,0,0
"MtrNatGas",12,5,21,"",21.1881,0,0,0,16.078,0,0,0,0,0,0,0,0,0,0,0,0,0,4.13114,0,0.978945,0,0,0,0
"MtrNatGas",12,5,22,"",9.53899,0,0,0,9.11071,0,0,0,0,0,0,0,0,0,0,0,0,0,0,0,0.428288,0,0,0,0
"MtrNatGas",12,5,23,"",9.77803,0,0,0,9.5027,0,0,0,0,0,0,0,0,0,0,0,0,0,0,0,0.275328,0,0,0,0
"MtrNatGas",12,5,24,"",6.78183,0,0,0,6.62887,0,0,0,0,0,0,0,0,0,0,0,0,0,0,0,0.15296,0,0,0,0
"MtrNatGas",12,6,1,"",3.95171,0,0,0,3.79875,0,0,0,0,0,0,0,0,0,0,0,0,0,0,0,0.15296,0,0,0,0
"MtrNatGas",12,6,2,"",2.99153,0,0,0,2.86916,0,0,0,0,0,0,0,0,0,0,0,0,0,0,0,0.122368,0,0,0,0
"MtrNatGas",12,6,3,"",7.46059,0,0,0,7.36882,0,0,0,0,0,0,0,0,0,0,0,0,0,0,0,0.0917761,0,0,0,0
"MtrNatGas",12,6,4,"",5.83423,0,0,0,5.74245,0,0,0,0,0,0,0,0,0,0,0,0,0,0,0,0.0917761,0,0,0,0
"MtrNatGas",12,6,5,"",2.96749,0,0,0,2.87571,0,0,0,0,0,0,0,0,0,0,0,0,0,0,0,0.0917761,0,0,0,0
"MtrNatGas",12,6,6,"",3.82294,0,0,0,3.66998,0,0,0,0,0,0,0,0,0,0,0,0,0,0,0,0.15296,0,0,0,0
"MtrNatGas",12,6,7,"",4.24511,0,0,0,3.93919,0,0,0,0,0,0,0,0,0,0,0,0,0,0,0,0.30592,0,0,0,0
"MtrNatGas",12,6,8,"",5.20632,0,0,0,4.38034,0,0,0,0,0,0,0,0,0,0,0,0,0,0,0,0.825985,0,0,0,0
"MtrNatGas",12,6,9,"",11.0703,0,0,0,9.60189,0,0,0,0,0,0,0,0,0,0,0,0,0,0,0,1.46842,0,0,0,0
"MtrNatGas",12,6,10,"",24.3688,0,0,0,22.9004,0,0,0,0,0,0,0,0,0,0,0,0,0,0,0,1.46842,0,0,0,0
"MtrNatGas",12,6,11,"",27.828,0,0,0,11.0156,0,0,0,0,0,0,0,0,0,0,0,0,0,15.4051,0,1.40723,0,0,0,0
"MtrNatGas",12,6,12,"",7.78614,0,0,0,6.10358,0,0,0,0,0,0,0,0,0,0,0,0,0,0,0,1.68256,0,0,0,0
"MtrNatGas",12,6,13,"",8.27723,0,0,0,6.34994,0,0,0,0,0,0,0,0,0,0,0,0,0,0,0,1.9273,0,0,0,0
"MtrNatGas",12,6,14,"",16.6439,0,0,0,12.2713,0,0,0,0,0,0,0,0,0,0,0,0,0,2.56769,0,1.80493,0,0,0,0
"MtrNatGas",12,6,15,"",12.0056,0,0,0,4.97496,0,0,0,0,0,0,0,0,0,0,0,0,0,5.13393,0,1.89671,0,0,0,0
"MtrNatGas",12,6,16,"",10.0703,0,0,0,7.99001,0,0,0,0,0,0,0,0,0,0,0,0,0,0,0,2.08026,0,0,0,0
"MtrNatGas",12,6,17,"",8.88399,0,0,0,6.10011,0,0,0,0,0,0,0,0,0,0,0,0,0,0,0,2.78387,0,0,0,0
"MtrNatGas",12,6,18,"",12.9504,0,0,0,8.69812,0,0,0,0,0,0,0,0,0,0,0,0,0,0,0,4.25229,0,0,0,0
"MtrNatGas",12,6,19,"",18.8447,0,0,0,14.8983,0,0,0,0,0,0,0,0,0,0,0,0,0,0,0,3.94637,0,0,0,0
"MtrNatGas",12,6,20,"",23.7463,0,0,0,6.14012,0,0,0,0,0,0,0,0,0,0,0,0,0,15.4036,0,2.20263,0,0,0,0
"MtrNatGas",12,6,21,"",17.9704,0,0,0,16.095,0,0,0,0,0,0,0,0,0,0,0,0,0,0.896423,0,0.978945,0,0,0,0
"MtrNatGas",12,6,22,"",14.6477,0,0,0,7.4138,0,0,0,0,0,0,0,0,0,0,0,0,0,6.80559,0,0.428288,0,0,0,0
"MtrNatGas",12,6,23,"",7.36005,0,0,0,7.08472,0,0,0,0,0,0,0,0,0,0,0,0,0,0,0,0.275328,0,0,0,0
"MtrNatGas",12,6,24,"",5.38538,0,0,0,5.23242,0,0,0,0,0,0,0,0,0,0,0,0,0,0,0,0.15296,0,0,0,0
"MtrNatGas",12,7,1,"",3.43584,0,0,0,3.28288,0,0,0,0,0,0,0,0,0,0,0,0,0,0,0,0.15296,0,0,0,0
"MtrNatGas",12,7,2,"",3.29211,0,0,0,3.16974,0,0,0,0,0,0,0,0,0,0,0,0,0,0,0,0.122368,0,0,0,0
"MtrNatGas",12,7,3,"",6.53369,0,0,0,6.41132,0,0,0,0,0,0,0,0,0,0,0,0,0,0,0,0.122368,0,0,0,0
"MtrNatGas",12,7,4,"",2.98365,0,0,0,2.86128,0,0,0,0,0,0,0,0,0,0,0,0,0,0,0,0.122368,0,0,0,0
"MtrNatGas",12,7,5,"",2.98453,0,0,0,2.86216,0,0,0,0,0,0,0,0,0,0,0,0,0,0,0,0.122368,0,0,0,0
"MtrNatGas",12,7,6,"",10.5136,0,0,0,10.0853,0,0,0,0,0,0,0,0,0,0,0,0,0,0,0,0.428288,0,0,0,0
"MtrNatGas",12,7,7,"",5.74746,0,0,0,5.16621,0,0,0,0,0,0,0,0,0,0,0,0,0,0,0,0.581248,0,0,0,0
"MtrNatGas",12,7,8,"",8.02126,0,0,0,7.25646,0,0,0,0,0,0,0,0,0,0,0,0,0,0,0,0.764801,0,0,0,0
"MtrNatGas",12,7,9,"",16.3088,0,0,0,15.5134,0,0,0,0,0,0,0,0,0,0,0,0,0,0,0,0.795393,0,0,0,0
"MtrNatGas",12,7,10,"",44.0197,0,0,0,43.3467,0,0,0,0,0,0,0,0,0,0,0,0,0,0,0,0.673024,0,0,0,0
"MtrNatGas",12,7,11,"",22.2839,0,0,0,17.4796,0,0,0,0,0,0,0,0,0,0,0,0,0,4.16181,0,0.642433,0,0,0,0
"MtrNatGas",12,7,12,"",20.2616,0,0,0,10.7632,0,0,0,0,0,0,0,0,0,0,0,0,0,8.61117,0,0.887169,0,0,0,0
"MtrNatGas",12,7,13,"",9.33521,0,0,0,5.63488,0,0,0,0,0,0,0,0,0,0,0,0,0,2.62961,0,1.07072,0,0,0,0
"MtrNatGas",12,7,14,"",5.51479,0,0,0,4.53584,0,0,0,0,0,0,0,0,0,0,0,0,0,0,0,0.978945,0,0,0,0
"MtrNatGas",12,7,15,"",8.40917,0,0,0,7.36904,0,0,0,0,0,0,0,0,0,0,0,0,0,0,0,1.04013,0,0,0,0
"MtrNatGas",12,7,16,"",12.0924,0,0,0,7.56034,0,0,0,0,0,0,0,0,0,0,0,0,0,2.94132,0,1.59079,0,0,0,0
"MtrNatGas",12,7,17,"",16.9008,0,0,0,8.62374,0,0,0,0,0,0,0,0,0,0,0,0,0,4.75893,0,3.51808,0,0,0,0
"MtrNatGas",12,7,18,"",9.19106,0,0,0,3.2868,0,0,0,0,0,0,0,0,0,0,0,0,0,0,0,5.90426,0,0,0,0
"MtrNatGas",12,7,19,"",14.9499,0,0,0,9.44333,0,0,0,0,0,0,0,0,0,0,0,0,0,0,0,5.50656,0,0,0,0
"MtrNatGas",12,7,20,"",15.6899,0,0,0,12.6919,0,0,0,0,0,0,0,0,0,0,0,0,0,0,0,2.99802,0,0,0,0
"MtrNatGas",12,7,21,"",4.48237,0,0,0,3.1975,0,0,0,0,0,0,0,0,0,0,0,0,0,0,0,1.28487,0,0,0,0
"MtrNatGas",12,7,22,"",5.68663,0,0,0,5.07479,0,0,0,0,0,0,0,0,0,0,0,0,0,0,0,0.61184,0,0,0,0
"MtrNatGas",12,7,23,"",5.35887,0,0,0,4.99176,0,0,0,0,0,0,0,0,0,0,0,0,0,0,0,0.367104,0,0,0,0
"MtrNatGas",12,7,24,"",3.85016,0,0,0,3.54424,0,0,0,0,0,0,0,0,0,0,0,0,0,0,0,0.30592,0,0,0,0
"MtrNatGas",12,8,1,"",3.61255,0,0,0,3.45959,0,0,0,0,0,0,0,0,0,0,0,0,0,0,0,0.15296,0,0,0,0
"MtrNatGas",12,8,2,"",5.38981,0,0,0,5.26744,0,0,0,0,0,0,0,0,0,0,0,0,0,0,0,0.122368,0,0,0,0
"MtrNatGas",12,8,3,"",4.95954,0,0,0,4.83717,0,0,0,0,0,0,0,0,0,0,0,0,0,0,0,0.122368,0,0,0,0
"MtrNatGas",12,8,4,"",2.97228,0,0,0,2.84991,0,0,0,0,0,0,0,0,0,0,0,0,0,0,0,0.122368,0,0,0,0
"MtrNatGas",12,8,5,"",3.50434,0,0,0,3.38197,0,0,0,0,0,0,0,0,0,0,0,0,0,0,0,0.122368,0,0,0,0
"MtrNatGas",12,8,6,"",5.37227,0,0,0,4.94398,0,0,0,0,0,0,0,0,0,0,0,0,0,0,0,0.428288,0,0,0,0
"MtrNatGas",12,8,7,"",13.6365,0,0,0,13.0552,0,0,0,0,0,0,0,0,0,0,0,0,0,0,0,0.581248,0,0,0,0
"MtrNatGas",12,8,8,"",40.927,0,0,0,40.1622,0,0,0,0,0,0,0,0,0,0,0,0,0,0,0,0.764801,0,0,0,0
"MtrNatGas",12,8,9,"",27.1261,0,0,0,26.3307,0,0,0,0,0,0,0,0,0,0,0,0,0,0,0,0.795393,0,0,0,0
"MtrNatGas",12,8,10,"",49.1142,0,0,0,48.4411,0,0,0,0,0,0,0,0,0,0,0,0,0,0,0,0.673024,0,0,0,0
"MtrNatGas",12,8,11,"",28.2827,0,0,0,15.1549,0,0,0,0,0,0,0,0,0,0,0,0,0,12.4854,0,0.642433,0,0,0,0
"MtrNatGas",12,8,12,"",33.3494,0,0,0,17.9722,0,0,0,0,0,0,0,0,0,0,0,0,0,14.4901,0,0.887169,0,0,0,0
"MtrNatGas",12,8,13,"",34.9025,0,0,0,14.6023,0,0,0,0,0,0,0,0,0,0,0,0,0,19.2295,0,1.07072,0,0,0,0
"MtrNatGas",12,8,14,"",12.2565,0,0,0,11.2776,0,0,0,0,0,0,0,0,0,0,0,0,0,0,0,0.978945,0,0,0,0
"MtrNatGas",12,8,15,"",10.1871,0,0,0,9.14698,0,0,0,0,0,0,0,0,0,0,0,0,0,0,0,1.04013,0,0,0,0
"MtrNatGas",12,8,16,"",11.624,0,0,0,10.0332,0,0,0,0,0,0,0,0,0,0,0,0,0,0,0,1.59079,0,0,0,0
"MtrNatGas",12,8,17,"",10.5888,0,0,0,7.07073,0,0,0,0,0,0,0,0,0,0,0,0,0,0,0,3.51808,0,0,0,0
"MtrNatGas",12,8,18,"",17.029,0,0,0,11.1248,0,0,0,0,0,0,0,0,0,0,0,0,0,0,0,5.90426,0,0,0,0
"MtrNatGas",12,8,19,"",38.1335,0,0,0,32.627,0,0,0,0,0,0,0,0,0,0,0,0,0,0,0,5.50656,0,0,0,0
"MtrNatGas",12,8,20,"",16.7011,0,0,0,13.7031,0,0,0,0,0,0,0,0,0,0,0,0,0,0,0,2.99802,0,0,0,0
"MtrNatGas",12,8,21,"",27.0314,0,0,0,25.7466,0,0,0,0,0,0,0,0,0,0,0,0,0,0,0,1.28487,0,0,0,0
"MtrNatGas",12,8,22,"",22.2649,0,0,0,21.653,0,0,0,0,0,0,0,0,0,0,0,0,0,0,0,0.61184,0,0,0,0
"MtrNatGas",12,8,23,"",21.8932,0,0,0,21.5261,0,0,0,0,0,0,0,0,0,0,0,0,0,0,0,0.367104,0,0,0,0
"MtrNatGas",12,8,24,"",38.29,0,0,0,37.9841,0,0,0,0,0,0,0,0,0,0,0,0,0,0,0,0.30592,0,0,0,0
"MtrNatGas",12,9,1,"",4.4519,0,0,0,4.29894,0,0,0,0,0,0,0,0,0,0,0,0,0,0,0,0.15296,0,0,0,0
"MtrNatGas",12,9,2,"",3.13226,0,0,0,3.00989,0,0,0,0,0,0,0,0,0,0,0,0,0,0,0,0.122368,0,0,0,0
"MtrNatGas",12,9,3,"",2.97229,0,0,0,2.84992,0,0,0,0,0,0,0,0,0,0,0,0,0,0,0,0.122368,0,0,0,0
"MtrNatGas",12,9,4,"",2.97403,0,0,0,2.85166,0,0,0,0,0,0,0,0,0,0,0,0,0,0,0,0.122368,0,0,0,0
"MtrNatGas",12,9,5,"",4.2172,0,0,0,4.09483,0,0,0,0,0,0,0,0,0,0,0,0,0,0,0,0.122368,0,0,0,0
"MtrNatGas",12,9,6,"",8.75931,0,0,0,8.33103,0,0,0,0,0,0,0,0,0,0,0,0,0,0,0,0.428288,0,0,0,0
"MtrNatGas",12,9,7,"",16.028,0,0,0,15.4467,0,0,0,0,0,0,0,0,0,0,0,0,0,0,0,0.581248,0,0,0,0
"MtrNatGas",12,9,8,"",31.2581,0,0,0,30.4933,0,0,0,0,0,0,0,0,0,0,0,0,0,0,0,0.764801,0,0,0,0
"MtrNatGas",12,9,9,"",59.9741,0,0,0,59.1787,0,0,0,0,0,0,0,0,0,0,0,0,0,0,0,0.795393,0,0,0,0
"MtrNatGas",12,9,10,"",31.5904,0,0,0,20.7097,0,0,0,0,0,0,0,0,0,0,0,0,0,10.2077,0,0.673024,0,0,0,0
"MtrNatGas",12,9,11,"",12.7024,0,0,0,6.86572,0,0,0,0,0,0,0,0,0,0,0,0,0,5.19421,0,0.642433,0,0,0,0
"MtrNatGas",12,9,12,"",19.3689,0,0,0,18.4817,0,0,0,0,0,0,0,0,0,0,0,0,0,0,0,0.887169,0,0,0,0
"MtrNatGas",12,9,13,"",28.6873,0,0,0,12.2135,0,0,0,0,0,0,0,0,0,0,0,0,0,15.4031,0,1.07072,0,0,0,0
"MtrNatGas",12,9,14,"",14.9801,0,0,0,7.90245,0,0,0,0,0,0,0,0,0,0,0,0,0,6.09871,0,0.978945,0,0,0,0
"MtrNatGas",12,9,15,"",17.0299,0,0,0,6.6836,0,0,0,0,0,0,0,0,0,0,0,0,0,9.30622,0,1.04013,0,0,0,0
"MtrNatGas",12,9,16,"",8.6066,0,0,0,7.01581,0,0,0,0,0,0,0,0,0,0,0,0,0,0,0,1.59079,0,0,0,0
"MtrNatGas",12,9,17,"",25.1795,0,0,0,13.959,0,0,0,0,0,0,0,0,0,0,0,0,0,7.70248,0,3.51808,0,0,0,0
"MtrNatGas",12,9,18,"",36.3439,0,0,0,22.7392,0,0,0,0,0,0,0,0,0,0,0,0,0,7.70039,0,5.90426,0,0,0,0
"MtrNatGas",12,9,19,"",50.1357,0,0,0,32.8828,0,0,0,0,0,0,0,0,0,0,0,0,0,11.7463,0,5.50656,0,0,0,0
"MtrNatGas",12,9,20,"",19.1587,0,0,0,12.5024,0,0,0,0,0,0,0,0,0,0,0,0,0,3.65827,0,2.99802,0,0,0,0
"MtrNatGas",12,9,21,"",27.3926,0,0,0,26.1077,0,0,0,0,0,0,0,0,0,0,0,0,0,0,0,1.28487,0,0,0,0
"MtrNatGas",12,9,22,"",24.2107,0,0,0,23.5988,0,0,0,0,0,0,0,0,0,0,0,0,0,0,0,0.61184,0,0,0,0
"MtrNatGas",12,9,23,"",7.19898,0,0,0,6.83188,0,0,0,0,0,0,0,0,0,0,0,0,0,0,0,0.367104,0,0,0,0
"MtrNatGas",12,9,24,"",8.3525,0,0,0,8.04658,0,0,0,0,0,0,0,0,0,0,0,0,0,0,0,0.30592,0,0,0,0
"MtrNatGas",12,10,1,"",7.13721,0,0,0,6.98425,0,0,0,0,0,0,0,0,0,0,0,0,0,0,0,0.15296,0,0,0,0
"MtrNatGas",12,10,2,"",3.2947,0,0,0,3.17234,0,0,0,0,0,0,0,0,0,0,0,0,0,0,0,0.122368,0,0,0,0
"MtrNatGas",12,10,3,"",4.78144,0,0,0,4.65907,0,0,0,0,0,0,0,0,0,0,0,0,0,0,0,0.122368,0,0,0,0
"MtrNatGas",12,10,4,"",2.97141,0,0,0,2.84904,0,0,0,0,0,0,0,0,0,0,0,0,0,0,0,0.122368,0,0,0,0
"MtrNatGas",12,10,5,"",2.97184,0,0,0,2.84947,0,0,0,0,0,0,0,0,0,0,0,0,0,0,0,0.122368,0,0,0,0
"MtrNatGas",12,10,6,"",4.90291,0,0,0,4.47462,0,0,0,0,0,0,0,0,0,0,0,0,0,0,0,0.428288,0,0,0,0
"MtrNatGas",12,10,7,"",10.4729,0,0,0,9.89162,0,0,0,0,0,0,0,0,0,0,0,0,0,0,0,0.581248,0,0,0,0
"MtrNatGas",12,10,8,"",24.6634,0,0,0,23.8986,0,0,0,0,0,0,0,0,0,0,0,0,0,0,0,0.764801,0,0,0,0
"MtrNatGas",12,10,9,"",44.7013,0,0,0,36.2053,0,0,0,0,0,0,0,0,0,0,0,0,0,7.70058,0,0.795393,0,0,0,0
"MtrNatGas",12,10,10,"",17.9736,0,0,0,12.2839,0,0,0,0,0,0,0,0,0,0,0,0,0,5.01665,0,0.673024,0,0,0,0
"MtrNatGas",12,10,11,"",22.608,0,0,0,11.5772,0,0,0,0,0,0,0,0,0,0,0,0,0,10.3884,0,0.642433,0,0,0,0
"MtrNatGas",12,10,12,"",13.6641,0,0,0,5.076,0,0,0,0,0,0,0,0,0,0,0,0,0,7.70093,0,0.887169,0,0,0,0
"MtrNatGas",12,10,13,"",4.84498,0,0,0,3.77426,0,0,0,0,0,0,0,0,0,0,0,0,0,0,0,1.07072,0,0,0,0
"MtrNatGas",12,10,14,"",5.62645,0,0,0,4.6475,0,0,0,0,0,0,0,0,0,0,0,0,0,0,0,0.978945,0,0,0,0
"MtrNatGas",12,10,15,"",14.6848,0,0,0,5.94397,0,0,0,0,0,0,0,0,0,0,0,0,0,7.7007,0,1.04013,0,0,0,0
"MtrNatGas",12,10,16,"",7.24676,0,0,0,5.65597,0,0,0,0,0,0,0,0,0,0,0,0,0,0,0,1.59079,0,0,0,0
"MtrNatGas",12,10,17,"",20.6259,0,0,0,9.40531,0,0,0,0,0,0,0,0,0,0,0,0,0,7.70248,0,3.51808,0,0,0,0
"MtrNatGas",12,10,18,"",23.9484,0,0,0,10.3438,0,0,0,0,0,0,0,0,0,0,0,0,0,7.70039,0,5.90426,0,0,0,0
"MtrNatGas",12,10,19,"",27.0596,0,0,0,13.8515,0,0,0,0,0,0,0,0,0,0,0,0,0,7.70148,0,5.50656,0,0,0,0
"MtrNatGas",12,10,20,"",15.2074,0,0,0,12.2094,0,0,0,0,0,0,0,0,0,0,0,0,0,0,0,2.99802,0,0,0,0
"MtrNatGas",12,10,21,"",18.7026,0,0,0,17.4177,0,0,0,0,0,0,0,0,0,0,0,0,0,0,0,1.28487,0,0,0,0
"MtrNatGas",12,10,22,"",21.3905,0,0,0,20.7786,0,0,0,0,0,0,0,0,0,0,0,0,0,0,0,0.61184,0,0,0,0
"MtrNatGas",12,10,23,"",22.2166,0,0,0,10.4997,0,0,0,0,0,0,0,0,0,0,0,0,0,11.3498,0,0.367104,0,0,0,0
"MtrNatGas",12,10,24,"",19.5211,0,0,0,13.1968,0,0,0,0,0,0,0,0,0,0,0,0,0,6.01834,0,0.30592,0,0,0,0
"MtrNatGas",12,11,1,"",8.71122,0,0,0,2.8228,0,0,0,0,0,0,0,0,0,0,0,0,0,5.73545,0,0.15296,0,0,0,0
"MtrNatGas",12,11,2,"",2.94605,0,0,0,2.82368,0,0,0,0,0,0,0,0,0,0,0,0,0,0,0,0.122368,0,0,0,0
"MtrNatGas",12,11,3,"",3.19006,0,0,0,3.06769,0,0,0,0,0,0,0,0,0,0,0,0,0,0,0,0.122368,0,0,0,0
"MtrNatGas",12,11,4,"",2.9478,0,0,0,2.82543,0,0,0,0,0,0,0,0,0,0,0,0,0,0,0,0.122368,0,0,0,0
"MtrNatGas",12,11,5,"",2.94911,0,0,0,2.82674,0,0,0,0,0,0,0,0,0,0,0,0,0,0,0,0.122368,0,0,0,0
"MtrNatGas",12,11,6,"",4.4381,0,0,0,4.00981,0,0,0,0,0,0,0,0,0,0,0,0,0,0,0,0.428288,0,0,0,0
"MtrNatGas",12,11,7,"",23.7905,0,0,0,23.2093,0,0,0,0,0,0,0,0,0,0,0,0,0,0,0,0.581248,0,0,0,0
"MtrNatGas",12,11,8,"",38.8537,0,0,0,38.089,0,0,0,0,0,0,0,0,0,0,0,0,0,0,0,0.764801,0,0,0,0
"MtrNatGas",12,11,9,"",15.4604,0,0,0,14.665,0,0,0,0,0,0,0,0,0,0,0,0,0,0,0,0.795393,0,0,0,0
"MtrNatGas",12,11,10,"",22.7422,0,0,0,17.7567,0,0,0,0,0,0,0,0,0,0,0,0,0,4.31242,0,0.673024,0,0,0,0
"MtrNatGas",12,11,11,"",13.1966,0,0,0,5.00256,0,0,0,0,0,0,0,0,0,0,0,0,0,7.55162,0,0.642433,0,0,0,0
"MtrNatGas",12,11,12,"",7.42825,0,0,0,3.00172,0,0,0,0,0,0,0,0,0,0,0,0,0,3.53936,0,0.887169,0,0,0,0
"MtrNatGas",12,11,13,"",4.96342,0,0,0,3.8927,0,0,0,0,0,0,0,0,0,0,0,0,0,0,0,1.07072,0,0,0,0
"MtrNatGas",12,11,14,"",4.1117,0,0,0,3.13276,0,0,0,0,0,0,0,0,0,0,0,0,0,0,0,0.978945,0,0,0,0
"MtrNatGas",12,11,15,"",4.04093,0,0,0,3.0008,0,0,0,0,0,0,0,0,0,0,0,0,0,0,0,1.04013,0,0,0,0
"MtrNatGas",12,11,16,"",12.9855,0,0,0,11.3947,0,0,0,0,0,0,0,0,0,0,0,0,0,0,0,1.59079,0,0,0,0
"MtrNatGas",12,11,17,"",10.0423,0,0,0,6.52423,0,0,0,0,0,0,0,0,0,0,0,0,0,0,0,3.51808,0,0,0,0
"MtrNatGas",12,11,18,"",13.2975,0,0,0,7.39327,0,0,0,0,0,0,0,0,0,0,0,0,0,0,0,5.90426,0,0,0,0
"MtrNatGas",12,11,19,"",27.4494,0,0,0,21.9429,0,0,0,0,0,0,0,0,0,0,0,0,0,0,0,5.50656,0,0,0,0
"MtrNatGas",12,11,20,"",24.2395,0,0,0,15.3247,0,0,0,0,0,0,0,0,0,0,0,0,0,5.91673,0,2.99802,0,0,0,0
"MtrNatGas",12,11,21,"",12.9605,0,0,0,9.89269,0,0,0,0,0,0,0,0,0,0,0,0,0,1.78296,0,1.28487,0,0,0,0
"MtrNatGas",12,11,22,"",7.26464,0,0,0,6.6528,0,0,0,0,0,0,0,0,0,0,0,0,0,0,0,0.61184,0,0,0,0
"MtrNatGas",12,11,23,"",17.2334,0,0,0,16.8663,0,0,0,0,0,0,0,0,0,0,0,0,0,0,0,0.367104,0,0,0,0
"MtrNatGas",12,11,24,"",8.70866,0,0,0,8.40274,0,0,0,0,0,0,0,0,0,0,0,0,0,0,0,0.30592,0,0,0,0
"MtrNatGas",12,12,1,"",3.82882,0,0,0,3.67586,0,0,0,0,0,0,0,0,0,0,0,0,0,0,0,0.15296,0,0,0,0
"MtrNatGas",12,12,2,"",2.96223,0,0,0,2.83986,0,0,0,0,0,0,0,0,0,0,0,0,0,0,0,0.122368,0,0,0,0
"MtrNatGas",12,12,3,"",2.93295,0,0,0,2.84117,0,0,0,0,0,0,0,0,0,0,0,0,0,0,0,0.0917761,0,0,0,0
"MtrNatGas",12,12,4,"",2.93426,0,0,0,2.84248,0,0,0,0,0,0,0,0,0,0,0,0,0,0,0,0.0917761,0,0,0,0
"MtrNatGas",12,12,5,"",2.93601,0,0,0,2.84423,0,0,0,0,0,0,0,0,0,0,0,0,0,0,0,0.0917761,0,0,0,0
"MtrNatGas",12,12,6,"",2.99719,0,0,0,2.84423,0,0,0,0,0,0,0,0,0,0,0,0,0,0,0,0.15296,0,0,0,0
"MtrNatGas",12,12,7,"",5.02213,0,0,0,4.71621,0,0,0,0,0,0,0,0,0,0,0,0,0,0,0,0.30592,0,0,0,0
"MtrNatGas",12,12,8,"",20.942,0,0,0,20.116,0,0,0,0,0,0,0,0,0,0,0,0,0,0,0,0.825985,0,0,0,0
"MtrNatGas",12,12,9,"",39.818,0,0,0,38.3496,0,0,0,0,0,0,0,0,0,0,0,0,0,0,0,1.46842,0,0,0,0
"MtrNatGas",12,12,10,"",36.2065,0,0,0,34.7381,0,0,0,0,0,0,0,0,0,0,0,0,0,0,0,1.46842,0,0,0,0
"MtrNatGas",12,12,11,"",24.6106,0,0,0,23.2034,0,0,0,0,0,0,0,0,0,0,0,0,0,0,0,1.40723,0,0,0,0
"MtrNatGas",12,12,12,"",16.0183,0,0,0,14.3357,0,0,0,0,0,0,0,0,0,0,0,0,0,0,0,1.68256,0,0,0,0
"MtrNatGas",12,12,13,"",12.9123,0,0,0,10.985,0,0,0,0,0,0,0,0,0,0,0,0,0,0,0,1.9273,0,0,0,0
"MtrNatGas",12,12,14,"",15.4374,0,0,0,13.6324,0,0,0,0,0,0,0,0,0,0,0,0,0,0,0,1.80493,0,0,0,0
"MtrNatGas",12,12,15,"",12.5395,0,0,0,10.6428,0,0,0,0,0,0,0,0,0,0,0,0,0,0,0,1.89671,0,0,0,0
"MtrNatGas",12,12,16,"",15.5878,0,0,0,9.10628,0,0,0,0,0,0,0,0,0,0,0,0,0,4.40128,0,2.08026,0,0,0,0
"MtrNatGas",12,12,17,"",18.6126,0,0,0,8.25037,0,0,0,0,0,0,0,0,0,0,0,0,0,7.57834,0,2.78387,0,0,0,0
"MtrNatGas",12,12,18,"",29.8221,0,0,0,17.9281,0,0,0,0,0,0,0,0,0,0,0,0,0,7.64172,0,4.25229,0,0,0,0
"MtrNatGas",12,12,19,"",36.575,0,0,0,13.7428,0,0,0,0,0,0,0,0,0,0,0,0,0,18.8858,0,3.94637,0,0,0,0
"MtrNatGas",12,12,20,"",23.2209,0,0,0,9.74595,0,0,0,0,0,0,0,0,0,0,0,0,0,11.2723,0,2.20263,0,0,0,0
"MtrNatGas",12,12,21,"",21.9041,0,0,0,15.8976,0,0,0,0,0,0,0,0,0,0,0,0,0,5.02756,0,0.978945,0,0,0,0
"MtrNatGas",12,12,22,"",25.062,0,0,0,17.8281,0,0,0,0,0,0,0,0,0,0,0,0,0,6.80559,0,0.428288,0,0,0,0
"MtrNatGas",12,12,23,"",6.76699,0,0,0,6.49166,0,0,0,0,0,0,0,0,0,0,0,0,0,0,0,0.275328,0,0,0,0
"MtrNatGas",12,12,24,"",5.13243,0,0,0,4.97947,0,0,0,0,0,0,0,0,0,0,0,0,0,0,0,0.15296,0,0,0,0
"MtrNatGas",12,13,1,"",3.45701,0,0,0,3.30405,0,0,0,0,0,0,0,0,0,0,0,0,0,0,0,0.15296,0,0,0,0
"MtrNatGas",12,13,2,"",3.37425,0,0,0,3.25188,0,0,0,0,0,0,0,0,0,0,0,0,0,0,0,0.122368,0,0,0,0
"MtrNatGas",12,13,3,"",4.62952,0,0,0,4.53774,0,0,0,0,0,0,0,0,0,0,0,0,0,0,0,0.0917761,0,0,0,0
"MtrNatGas",12,13,4,"",3.58403,0,0,0,3.49225,0,0,0,0,0,0,0,0,0,0,0,0,0,0,0,0.0917761,0,0,0,0
"MtrNatGas",12,13,5,"",3.6064,0,0,0,3.51462,0,0,0,0,0,0,0,0,0,0,0,0,0,0,0,0.0917761,0,0,0,0
"MtrNatGas",12,13,6,"",6.11923,0,0,0,5.96627,0,0,0,0,0,0,0,0,0,0,0,0,0,0,0,0.15296,0,0,0,0
"MtrNatGas",12,13,7,"",6.8081,0,0,0,6.50218,0,0,0,0,0,0,0,0,0,0,0,0,0,0,0,0.30592,0,0,0,0
"MtrNatGas",12,13,8,"",21.399,0,0,0,16.1742,0,0,0,0,0,0,0,0,0,0,0,0,0,4.39885,0,0.825985,0,0,0,0
"MtrNatGas",12,13,9,"",31.6439,0,0,0,23.4642,0,0,0,0,0,0,0,0,0,0,0,0,0,6.7113,0,1.46842,0,0,0,0
"MtrNatGas",12,13,10,"",32.9232,0,0,0,27.159,0,0,0,0,0,0,0,0,0,0,0,0,0,4.29572,0,1.46842,0,0,0,0
"MtrNatGas",12,13,11,"",24.5027,0,0,0,19.6573,0,0,0,0,0,0,0,0,0,0,0,0,0,3.4381,0,1.40723,0,0,0,0
"MtrNatGas",12,13,12,"",41.616,0,0,0,12.5619,0,0,0,0,0,0,0,0,0,0,0,0,0,27.3716,0,1.68256,0,0,0,0
"MtrNatGas",12,13,13,"",10.1792,0,0,0,8.2519,0,0,0,0,0,0,0,0,0,0,0,0,0,0,0,1.9273,0,0,0,0
"MtrNatGas",12,13,14,"",9.02095,0,0,0,7.21602,0,0,0,0,0,0,0,0,0,0,0,0,0,0,0,1.80493,0,0,0,0
"MtrNatGas",12,13,15,"",9.68598,0,0,0,7.78927,0,0,0,0,0,0,0,0,0,0,0,0,0,0,0,1.89671,0,0,0,0
"MtrNatGas",12,13,16,"",9.9011,0,0,0,7.82084,0,0,0,0,0,0,0,0,0,0,0,0,0,0,0,2.08026,0,0,0,0
"MtrNatGas",12,13,17,"",26.462,0,0,0,23.6781,0,0,0,0,0,0,0,0,0,0,0,0,0,0,0,2.78387,0,0,0,0
"MtrNatGas",12,13,18,"",38.0168,0,0,0,33.7645,0,0,0,0,0,0,0,0,0,0,0,0,0,0,0,4.25229,0,0,0,0
"MtrNatGas",12,13,19,"",16.3379,0,0,0,12.3915,0,0,0,0,0,0,0,0,0,0,0,0,0,0,0,3.94637,0,0,0,0
"MtrNatGas",12,13,20,"",10.0058,0,0,0,7.80321,0,0,0,0,0,0,0,0,0,0,0,0,0,0,0,2.20263,0,0,0,0
"MtrNatGas",12,13,21,"",8.90452,0,0,0,7.92557,0,0,0,0,0,0,0,0,0,0,0,0,0,0,0,0.978945,0,0,0,0
"MtrNatGas",12,13,22,"",24.4359,0,0,0,24.0076,0,0,0,0,0,0,0,0,0,0,0,0,0,0,0,0.428288,0,0,0,0
"MtrNatGas",12,13,23,"",4.72237,0,0,0,4.44704,0,0,0,0,0,0,0,0,0,0,0,0,0,0,0,0.275328,0,0,0,0
"MtrNatGas",12,13,24,"",13.4541,0,0,0,13.3012,0,0,0,0,0,0,0,0,0,0,0,0,0,0,0,0.15296,0,0,0,0
"MtrNatGas",12,14,1,"",7.50309,0,0,0,7.35013,0,0,0,0,0,0,0,0,0,0,0,0,0,0,0,0.15296,0,0,0,0
"MtrNatGas",12,14,2,"",11.1671,0,0,0,3.34315,0,0,0,0,0,0,0,0,0,0,0,0,0,7.7016,0,0.122368,0,0,0,0
"MtrNatGas",12,14,3,"",3.33495,0,0,0,3.21258,0,0,0,0,0,0,0,0,0,0,0,0,0,0,0,0.122368,0,0,0,0
"MtrNatGas",12,14,4,"",3.37491,0,0,0,3.25254,0,0,0,0,0,0,0,0,0,0,0,0,0,0,0,0.122368,0,0,0,0
"MtrNatGas",12,14,5,"",3.38449,0,0,0,3.26212,0,0,0,0,0,0,0,0,0,0,0,0,0,0,0,0.122368,0,0,0,0
"MtrNatGas",12,14,6,"",3.66804,0,0,0,3.23976,0,0,0,0,0,0,0,0,0,0,0,0,0,0,0,0.428288,0,0,0,0
"MtrNatGas",12,14,7,"",17.7151,0,0,0,17.1338,0,0,0,0,0,0,0,0,0,0,0,0,0,0,0,0.581248,0,0,0,0
"MtrNatGas",12,14,8,"",35.3735,0,0,0,34.6087,0,0,0,0,0,0,0,0,0,0,0,0,0,0,0,0.764801,0,0,0,0
"MtrNatGas",12,14,9,"",18.3141,0,0,0,17.5187,0,0,0,0,0,0,0,0,0,0,0,0,0,0,0,0.795393,0,0,0,0
"MtrNatGas",12,14,10,"",19.1177,0,0,0,15.9363,0,0,0,0,0,0,0,0,0,0,0,0,0,2.50833,0,0.673024,0,0,0,0
"MtrNatGas",12,14,11,"",24.2082,0,0,0,10.6722,0,0,0,0,0,0,0,0,0,0,0,0,0,12.8935,0,0.642433,0,0,0,0
"MtrNatGas",12,14,12,"",18.6749,0,0,0,10.2634,0,0,0,0,0,0,0,0,0,0,0,0,0,7.52434,0,0.887169,0,0,0,0
"MtrNatGas",12,14,13,"",8.99213,0,0,0,7.74534,0,0,0,0,0,0,0,0,0,0,0,0,0,0.176068,0,1.07072,0,0,0,0
"MtrNatGas",12,14,14,"",6.38627,0,0,0,5.40732,0,0,0,0,0,0,0,0,0,0,0,0,0,0,0,0.978945,0,0,0,0
"MtrNatGas",12,14,15,"",10.7003,0,0,0,5.73573,0,0,0,0,0,0,0,0,0,0,0,0,0,3.92445,0,1.04013,0,0,0,0
"MtrNatGas",12,14,16,"",17.9318,0,0,0,8.76189,0,0,0,0,0,0,0,0,0,0,0,0,0,7.57911,0,1.59079,0,0,0,0
"MtrNatGas",12,14,17,"",25.5167,0,0,0,18.0991,0,0,0,0,0,0,0,0,0,0,0,0,0,3.89952,0,3.51808,0,0,0,0
"MtrNatGas",12,14,18,"",13.791,0,0,0,7.88676,0,0,0,0,0,0,0,0,0,0,0,0,0,0,0,5.90426,0,0,0,0
"MtrNatGas",12,14,19,"",23.4844,0,0,0,17.9778,0,0,0,0,0,0,0,0,0,0,0,0,0,0,0,5.50656,0,0,0,0
"MtrNatGas",12,14,20,"",20.9989,0,0,0,18.0009,0,0,0,0,0,0,0,0,0,0,0,0,0,0,0,2.99802,0,0,0,0
"MtrNatGas",12,14,21,"",22.6124,0,0,0,21.3275,0,0,0,0,0,0,0,0,0,0,0,0,0,0,0,1.28487,0,0,0,0
"MtrNatGas",12,14,22,"",18.5056,0,0,0,17.8938,0,0,0,0,0,0,0,0,0,0,0,0,0,0,0,0.61184,0,0,0,0
"MtrNatGas",12,14,23,"",15.3124,0,0,0,7.24365,0,0,0,0,0,0,0,0,0,0,0,0,0,7.7016,0,0.367104,0,0,0,0
"MtrNatGas",12,14,24,"",5.0147,0,0,0,4.70878,0,0,0,0,0,0,0,0,0,0,0,0,0,0,0,0.30592,0,0,0,0
"MtrNatGas",12,15,1,"",4.1726,0,0,0,4.01964,0,0,0,0,0,0,0,0,0,0,0,0,0,0,0,0.15296,0,0,0,0
"MtrNatGas",12,15,2,"",5.40753,0,0,0,5.28516,0,0,0,0,0,0,0,0,0,0,0,0,0,0,0,0.122368,0,0,0,0
"MtrNatGas",12,15,3,"",5.37557,0,0,0,5.25321,0,0,0,0,0,0,0,0,0,0,0,0,0,0,0,0.122368,0,0,0,0
"MtrNatGas",12,15,4,"",2.97228,0,0,0,2.84991,0,0,0,0,0,0,0,0,0,0,0,0,0,0,0,0.122368,0,0,0,0
"MtrNatGas",12,15,5,"",2.97447,0,0,0,2.8521,0,0,0,0,0,0,0,0,0,0,0,0,0,0,0,0.122368,0,0,0,0
"MtrNatGas",12,15,6,"",5.49409,0,0,0,5.0658,0,0,0,0,0,0,0,0,0,0,0,0,0,0,0,0.428288,0,0,0,0
"MtrNatGas",12,15,7,"",14.1945,0,0,0,13.6133,0,0,0,0,0,0,0,0,0,0,0,0,0,0,0,0.581248,0,0,0,0
"MtrNatGas",12,15,8,"",19.6338,0,0,0,18.869,0,0,0,0,0,0,0,0,0,0,0,0,0,0,0,0.764801,0,0,0,0
"MtrNatGas",12,15,9,"",25.5653,0,0,0,24.7699,0,0,0,0,0,0,0,0,0,0,0,0,0,0,0,0.795393,0,0,0,0
"MtrNatGas",12,15,10,"",22.6101,0,0,0,21.9371,0,0,0,0,0,0,0,0,0,0,0,0,0,0,0,0.673024,0,0,0,0
"MtrNatGas",12,15,11,"",6.19762,0,0,0,5.55519,0,0,0,0,0,0,0,0,0,0,0,0,0,0,0,0.642433,0,0,0,0
"MtrNatGas",12,15,12,"",8.87126,0,0,0,7.98409,0,0,0,0,0,0,0,0,0,0,0,0,0,0,0,0.887169,0,0,0,0
"MtrNatGas",12,15,13,"",14.0328,0,0,0,5.26056,0,0,0,0,0,0,0,0,0,0,0,0,0,7.70155,0,1.07072,0,0,0,0
"MtrNatGas",12,15,14,"",5.39209,0,0,0,4.41315,0,0,0,0,0,0,0,0,0,0,0,0,0,0,0,0.978945,0,0,0,0
"MtrNatGas",12,15,15,"",13.4395,0,0,0,4.6987,0,0,0,0,0,0,0,0,0,0,0,0,0,7.7007,0,1.04013,0,0,0,0
"MtrNatGas",12,15,16,"",4.5586,0,0,0,2.96782,0,0,0,0,0,0,0,0,0,0,0,0,0,0,0,1.59079,0,0,0,0
"MtrNatGas",12,15,17,"",7.71698,0,0,0,4.1989,0,0,0,0,0,0,0,0,0,0,0,0,0,0,0,3.51808,0,0,0,0
"MtrNatGas",12,15,18,"",10.5956,0,0,0,4.69133,0,0,0,0,0,0,0,0,0,0,0,0,0,0,0,5.90426,0,0,0,0
"MtrNatGas",12,15,19,"",22.7254,0,0,0,17.2189,0,0,0,0,0,0,0,0,0,0,0,0,0,0,0,5.50656,0,0,0,0
"MtrNatGas",12,15,20,"",10.3465,0,0,0,7.34849,0,0,0,0,0,0,0,0,0,0,0,0,0,0,0,2.99802,0,0,0,0
"MtrNatGas",12,15,21,"",18.6487,0,0,0,17.3638,0,0,0,0,0,0,0,0,0,0,0,0,0,0,0,1.28487,0,0,0,0
"MtrNatGas",12,15,22,"",12.4334,0,0,0,11.8215,0,0,0,0,0,0,0,0,0,0,0,0,0,0,0,0.61184,0,0,0,0
"MtrNatGas",12,15,23,"",16.4482,0,0,0,16.0811,0,0,0,0,0,0,0,0,0,0,0,0,0,0,0,0.367104,0,0,0,0
"MtrNatGas",12,15,24,"",3.46403,0,0,0,3.15811,0,0,0,0,0,0,0,0,0,0,0,0,0,0,0,0.30592,0,0,0,0
"MtrNatGas",12,16,1,"",3.3214,0,0,0,3.16844,0,0,0,0,0,0,0,0,0,0,0,0,0,0,0,0.15296,0,0,0,0
"MtrNatGas",12,16,2,"",5.4095,0,0,0,5.28713,0,0,0,0,0,0,0,0,0,0,0,0,0,0,0,0.122368,0,0,0,0
"MtrNatGas",12,16,3,"",4.45165,0,0,0,4.32929,0,0,0,0,0,0,0,0,0,0,0,0,0,0,0,0.122368,0,0,0,0
"MtrNatGas",12,16,4,"",3.13221,0,0,0,3.00984,0,0,0,0,0,0,0,0,0,0,0,0,0,0,0,0.122368,0,0,0,0
"MtrNatGas",12,16,5,"",2.97141,0,0,0,2.84904,0,0,0,0,0,0,0,0,0,0,0,0,0,0,0,0.122368,0,0,0,0
"MtrNatGas",12,16,6,"",4.47651,0,0,0,4.04823,0,0,0,0,0,0,0,0,0,0,0,0,0,0,0,0.428288,0,0,0,0
"MtrNatGas",12,16,7,"",39.8602,0,0,0,39.2789,0,0,0,0,0,0,0,0,0,0,0,0,0,0,0,0.581248,0,0,0,0
"MtrNatGas",12,16,8,"",38.4779,0,0,0,37.7131,0,0,0,0,0,0,0,0,0,0,0,0,0,0,0,0.764801,0,0,0,0
"MtrNatGas",12,16,9,"",34.1363,0,0,0,17.9397,0,0,0,0,0,0,0,0,0,0,0,0,0,15.4012,0,0.795393,0,0,0,0
"MtrNatGas",12,16,10,"",31.5494,0,0,0,23.177,0,0,0,0,0,0,0,0,0,0,0,0,0,7.69937,0,0.673024,0,0,0,0
"MtrNatGas",12,16,11,"",16.4187,0,0,0,15.7762,0,0,0,0,0,0,0,0,0,0,0,0,0,0,0,0.642433,0,0,0,0
"MtrNatGas",12,16,12,"",27.5377,0,0,0,5.95806,0,0,0,0,0,0,0,0,0,0,0,0,0,20.6925,0,0.887169,0,0,0,0
"MtrNatGas",12,16,13,"",11.7089,0,0,0,8.22822,0,0,0,0,0,0,0,0,0,0,0,0,0,2.40999,0,1.07072,0,0,0,0
"MtrNatGas",12,16,14,"",9.03431,0,0,0,4.4536,0,0,0,0,0,0,0,0,0,0,0,0,0,3.60176,0,0.978945,0,0,0,0
"MtrNatGas",12,16,15,"",10.2865,0,0,0,5.14664,0,0,0,0,0,0,0,0,0,0,0,0,0,4.0997,0,1.04013,0,0,0,0
"MtrNatGas",12,16,16,"",5.3147,0,0,0,3.72391,0,0,0,0,0,0,0,0,0,0,0,0,0,0,0,1.59079,0,0,0,0
"MtrNatGas",12,16,17,"",12.2106,0,0,0,6.78112,0,0,0,0,0,0,0,0,0,0,0,0,0,1.91139,0,3.51808,0,0,0,0
"MtrNatGas",12,16,18,"",22.2958,0,0,0,12.6178,0,0,0,0,0,0,0,0,0,0,0,0,0,3.77373,0,5.90426,0,0,0,0
"MtrNatGas",12,16,19,"",24.431,0,0,0,12.8643,0,0,0,0,0,0,0,0,0,0,0,0,0,6.0602,0,5.50656,0,0,0,0
"MtrNatGas",12,16,20,"",15.1305,0,0,0,8.4742,0,0,0,0,0,0,0,0,0,0,0,0,0,3.65827,0,2.99802,0,0,0,0
"MtrNatGas",12,16,21,"",15.9981,0,0,0,14.7132,0,0,0,0,0,0,0,0,0,0,0,0,0,0,0,1.28487,0,0,0,0
"MtrNatGas",12,16,22,"",23.7193,0,0,0,23.1075,0,0,0,0,0,0,0,0,0,0,0,0,0,0,0,0.61184,0,0,0,0
"MtrNatGas",12,16,23,"",19.8992,0,0,0,19.5321,0,0,0,0,0,0,0,0,0,0,0,0,0,0,0,0.367104,0,0,0,0
"MtrNatGas",12,16,24,"",11.5544,0,0,0,11.2485,0,0,0,0,0,0,0,0,0,0,0,0,0,0,0,0.30592,0,0,0,0
"MtrNatGas",12,17,1,"",2.98757,0,0,0,2.83461,0,0,0,0,0,0,0,0,0,0,0,0,0,0,0,0.15296,0,0,0,0
"MtrNatGas",12,17,2,"",3.1162,0,0,0,2.99384,0,0,0,0,0,0,0,0,0,0,0,0,0,0,0,0.122368,0,0,0,0
"MtrNatGas",12,17,3,"",4.09806,0,0,0,3.97569,0,0,0,0,0,0,0,0,0,0,0,0,0,0,0,0.122368,0,0,0,0
"MtrNatGas",12,17,4,"",3.67285,0,0,0,3.55048,0,0,0,0,0,0,0,0,0,0,0,0,0,0,0,0.122368,0,0,0,0
"MtrNatGas",12,17,5,"",3.06994,0,0,0,2.94757,0,0,0,0,0,0,0,0,0,0,0,0,0,0,0,0.122368,0,0,0,0
"MtrNatGas",12,17,6,"",10.0754,0,0,0,9.64714,0,0,0,0,0,0,0,0,0,0,0,0,0,0,0,0.428288,0,0,0,0
"MtrNatGas",12,17,7,"",8.74359,0,0,0,8.16234,0,0,0,0,0,0,0,0,0,0,0,0,0,0,0,0.581248,0,0,0,0
"MtrNatGas",12,17,8,"",26.9123,0,0,0,26.1475,0,0,0,0,0,0,0,0,0,0,0,0,0,0,0,0.764801,0,0,0,0
"MtrNatGas",12,17,9,"",27.4388,0,0,0,18.9428,0,0,0,0,0,0,0,0,0,0,0,0,0,7.70058,0,0.795393,0,0,0,0
"MtrNatGas",12,17,10,"",13.5413,0,0,0,12.8682,0,0,0,0,0,0,0,0,0,0,0,0,0,0,0,0.673024,0,0,0,0
"MtrNatGas",12,17,11,"",8.31307,0,0,0,7.67064,0,0,0,0,0,0,0,0,0,0,0,0,0,0,0,0.642433,0,0,0,0
"MtrNatGas",12,17,12,"",11.5865,0,0,0,2.99837,0,0,0,0,0,0,0,0,0,0,0,0,0,7.70093,0,0.887169,0,0,0,0
"MtrNatGas",12,17,13,"",4.06173,0,0,0,2.99101,0,0,0,0,0,0,0,0,0,0,0,0,0,0,0,1.07072,0,0,0,0
"MtrNatGas",12,17,14,"",3.73252,0,0,0,2.75358,0,0,0,0,0,0,0,0,0,0,0,0,0,0,0,0.978945,0,0,0,0
"MtrNatGas",12,17,15,"",10.9096,0,0,0,2.16876,0,0,0,0,0,0,0,0,0,0,0,0,0,7.7007,0,1.04013,0,0,0,0
"MtrNatGas",12,17,16,"",5.91195,0,0,0,1.37985,0,0,0,0,0,0,0,0,0,0,0,0,0,2.94132,0,1.59079,0,0,0,0
"MtrNatGas",12,17,17,"",9.68124,0,0,0,1.40422,0,0,0,0,0,0,0,0,0,0,0,0,0,4.75893,0,3.51808,0,0,0,0
"MtrNatGas",12,17,18,"",7.71927,0,0,0,1.81501,0,0,0,0,0,0,0,0,0,0,0,0,0,0,0,5.90426,0,0,0,0
"MtrNatGas",12,17,19,"",9.30733,0,0,0,3.80076,0,0,0,0,0,0,0,0,0,0,0,0,0,0,0,5.50656,0,0,0,0
"MtrNatGas",12,17,20,"",7.45137,0,0,0,4.45335,0,0,0,0,0,0,0,0,0,0,0,0,0,0,0,2.99802,0,0,0,0
"MtrNatGas",12,17,21,"",7.47695,0,0,0,6.19208,0,0,0,0,0,0,0,0,0,0,0,0,0,0,0,1.28487,0,0,0,0
"MtrNatGas",12,17,22,"",14.2888,0,0,0,13.6769,0,0,0,0,0,0,0,0,0,0,0,0,0,0,0,0.61184,0,0,0,0
"MtrNatGas",12,17,23,"",11.2507,0,0,0,3.18082,0,0,0,0,0,0,0,0,0,0,0,0,0,7.70279,0,0.367104,0,0,0,0
"MtrNatGas",12,17,24,"",5.06517,0,0,0,4.75925,0,0,0,0,0,0,0,0,0,0,0,0,0,0,0,0.30592,0,0,0,0
"MtrNatGas",12,18,1,"",3.654,0,0,0,3.50104,0,0,0,0,0,0,0,0,0,0,0,0,0,0,0,0.15296,0,0,0,0
"MtrNatGas",12,18,2,"",5.72123,0,0,0,5.59886,0,0,0,0,0,0,0,0,0,0,0,0,0,0,0,0.122368,0,0,0,0
"MtrNatGas",12,18,3,"",4.24462,0,0,0,4.12226,0,0,0,0,0,0,0,0,0,0,0,0,0,0,0,0.122368,0,0,0,0
"MtrNatGas",12,18,4,"",2.97928,0,0,0,2.85691,0,0,0,0,0,0,0,0,0,0,0,0,0,0,0,0.122368,0,0,0,0
"MtrNatGas",12,18,5,"",3.14656,0,0,0,3.02419,0,0,0,0,0,0,0,0,0,0,0,0,0,0,0,0.122368,0,0,0,0
"MtrNatGas",12,18,6,"",3.29045,0,0,0,2.86216,0,0,0,0,0,0,0,0,0,0,0,0,0,0,0,0.428288,0,0,0,0
"MtrNatGas",12,18,7,"",4.69894,0,0,0,4.11769,0,0,0,0,0,0,0,0,0,0,0,0,0,0,0,0.581248,0,0,0,0
"MtrNatGas",12,18,8,"",5.96375,0,0,0,5.19895,0,0,0,0,0,0,0,0,0,0,0,0,0,0,0,0.764801,0,0,0,0
"MtrNatGas",12,18,9,"",13.2064,0,0,0,12.411,0,0,0,0,0,0,0,0,0,0,0,0,0,0,0,0.795393,0,0,0,0
"MtrNatGas",12,18,10,"",25.169,0,0,0,19.4794,0,0,0,0,0,0,0,0,0,0,0,0,0,5.01665,0,0.673024,0,0,0,0
"MtrNatGas",12,18,11,"",27.3537,0,0,0,8.61973,0,0,0,0,0,0,0,0,0,0,0,0,0,18.0915,0,0.642433,0,0,0,0
"MtrNatGas",12,18,12,"",4.10991,0,0,0,3.22274,0,0,0,0,0,0,0,0,0,0,0,0,0,0,0,0.887169,0,0,0,0
"MtrNatGas",12,18,13,"",5.13161,0,0,0,4.06089,0,0,0,0,0,0,0,0,0,0,0,0,0,0,0,1.07072,0,0,0,0
"MtrNatGas",12,18,14,"",5.51507,0,0,0,4.53613,0,0,0,0,0,0,0,0,0,0,0,0,0,0,0,0.978945,0,0,0,0
"MtrNatGas",12,18,15,"",12.1989,0,0,0,3.45807,0,0,0,0,0,0,0,0,0,0,0,0,0,7.7007,0,1.04013,0,0,0,0
"MtrNatGas",12,18,16,"",7.8996,0,0,0,3.3675,0,0,0,0,0,0,0,0,0,0,0,0,0,2.94132,0,1.59079,0,0,0,0
"MtrNatGas",12,18,17,"",11.4783,0,0,0,3.20128,0,0,0,0,0,0,0,0,0,0,0,0,0,4.75893,0,3.51808,0,0,0,0
"MtrNatGas",12,18,18,"",9.04335,0,0,0,3.13909,0,0,0,0,0,0,0,0,0,0,0,0,0,0,0,5.90426,0,0,0,0
"MtrNatGas",12,18,19,"",10.5263,0,0,0,5.01971,0,0,0,0,0,0,0,0,0,0,0,0,0,0,0,5.50656,0,0,0,0
"MtrNatGas",12,18,20,"",7.2952,0,0,0,4.29718,0,0,0,0,0,0,0,0,0,0,0,0,0,0,0,2.99802,0,0,0,0
"MtrNatGas",12,18,21,"",4.74011,0,0,0,3.45524,0,0,0,0,0,0,0,0,0,0,0,0,0,0,0,1.28487,0,0,0,0
"MtrNatGas",12,18,22,"",10.9486,0,0,0,10.3367,0,0,0,0,0,0,0,0,0,0,0,0,0,0,0,0.61184,0,0,0,0
"MtrNatGas",12,18,23,"",19.2281,0,0,0,17.4482,0,0,0,0,0,0,0,0,0,0,0,0,0,1.41278,0,0.367104,0,0,0,0
"MtrNatGas",12,18,24,"",14.1993,0,0,0,10.1779,0,0,0,0,0,0,0,0,0,0,0,0,0,3.71548,0,0.30592,0,0,0,0
"MtrNatGas",12,19,1,"",6.04043,0,0,0,3.3127,0,0,0,0,0,0,0,0,0,0,0,0,0,2.57478,0,0.15296,0,0,0,0
"MtrNatGas",12,19,2,"",3.12925,0,0,0,3.00688,0,0,0,0,0,0,0,0,0,0,0,0,0,0,0,0.122368,0,0,0,0
"MtrNatGas",12,19,3,"",3.09527,0,0,0,3.00349,0,0,0,0,0,0,0,0,0,0,0,0,0,0,0,0.0917761,0,0,0,0
"MtrNatGas",12,19,4,"",3.08327,0,0,0,2.9915,0,0,0,0,0,0,0,0,0,0,0,0,0,0,0,0.0917761,0,0,0,0
"MtrNatGas",12,19,5,"",2.93951,0,0,0,2.84773,0,0,0,0,0,0,0,0,0,0,0,0,0,0,0,0.0917761,0,0,0,0
"MtrNatGas",12,19,6,"",3.92164,0,0,0,3.76868,0,0,0,0,0,0,0,0,0,0,0,0,0,0,0,0.15296,0,0,0,0
"MtrNatGas",12,19,7,"",12.2617,0,0,0,11.9558,0,0,0,0,0,0,0,0,0,0,0,0,0,0,0,0.30592,0,0,0,0
"MtrNatGas",12,19,8,"",29.5453,0,0,0,28.7193,0,0,0,0,0,0,0,0,0,0,0,0,0,0,0,0.825985,0,0,0,0
"MtrNatGas",12,19,9,"",17.7552,0,0,0,16.2868,0,0,0,0,0,0,0,0,0,0,0,0,0,0,0,1.46842,0,0,0,0
"MtrNatGas",12,19,10,"",29.5476,0,0,0,23.9113,0,0,0,0,0,0,0,0,0,0,0,0,0,4.16788,0,1.46842,0,0,0,0
"MtrNatGas",12,19,11,"",52.473,0,0,0,44.3516,0,0,0,0,0,0,0,0,0,0,0,0,0,6.71418,0,1.40723,0,0,0,0
"MtrNatGas",12,19,12,"",64.7905,0,0,0,45.0317,0,0,0,0,0,0,0,0,0,0,0,0,0,18.0762,0,1.68256,0,0,0,0
"MtrNatGas",12,19,13,"",31.1598,0,0,0,14.7607,0,0,0,0,0,0,0,0,0,0,0,0,0,14.4718,0,1.9273,0,0,0,0
"MtrNatGas",12,19,14,"",15.3391,0,0,0,10.7568,0,0,0,0,0,0,0,0,0,0,0,0,0,2.77742,0,1.80493,0,0,0,0
"MtrNatGas",12,19,15,"",7.48928,0,0,0,5.59258,0,0,0,0,0,0,0,0,0,0,0,0,0,0,0,1.89671,0,0,0,0
"MtrNatGas",12,19,16,"",15.6183,0,0,0,13.5381,0,0,0,0,0,0,0,0,0,0,0,0,0,0,0,2.08026,0,0,0,0
"MtrNatGas",12,19,17,"",35.163,0,0,0,28.7991,0,0,0,0,0,0,0,0,0,0,0,0,0,3.58002,0,2.78387,0,0,0,0
"MtrNatGas",12,19,18,"",25.8831,0,0,0,17.508,0,0,0,0,0,0,0,0,0,0,0,0,0,4.12283,0,4.25229,0,0,0,0
"MtrNatGas",12,19,19,"",32.1948,0,0,0,28.2484,0,0,0,0,0,0,0,0,0,0,0,0,0,0,0,3.94637,0,0,0,0
"MtrNatGas",12,19,20,"",35.6097,0,0,0,25.7051,0,0,0,0,0,0,0,0,0,0,0,0,0,7.70199,0,2.20263,0,0,0,0
"MtrNatGas",12,19,21,"",38.9145,0,0,0,26.1771,0,0,0,0,0,0,0,0,0,0,0,0,0,11.7585,0,0.978945,0,0,0,0
"MtrNatGas",12,19,22,"",28.6746,0,0,0,16.8998,0,0,0,0,0,0,0,0,0,0,0,0,0,11.3465,0,0.428288,0,0,0,0
"MtrNatGas",12,19,23,"",11.1925,0,0,0,3.21639,0,0,0,0,0,0,0,0,0,0,0,0,0,7.70077,0,0.275328,0,0,0,0
"MtrNatGas",12,19,24,"",3.40003,0,0,0,3.24707,0,0,0,0,0,0,0,0,0,0,0,0,0,0,0,0.15296,0,0,0,0
"MtrNatGas",12,20,1,"",6.75811,0,0,0,6.60515,0,0,0,0,0,0,0,0,0,0,0,0,0,0,0,0.15296,0,0,0,0
"MtrNatGas",12,20,2,"",4.49515,0,0,0,4.37278,0,0,0,0,0,0,0,0,0,0,0,0,0,0,0,0.122368,0,0,0,0
"MtrNatGas",12,20,3,"",3.96554,0,0,0,3.87376,0,0,0,0,0,0,0,0,0,0,0,0,0,0,0,0.0917761,0,0,0,0
"MtrNatGas",12,20,4,"",2.94257,0,0,0,2.85079,0,0,0,0,0,0,0,0,0,0,0,0,0,0,0,0.0917761,0,0,0,0
"MtrNatGas",12,20,5,"",2.9465,0,0,0,2.85472,0,0,0,0,0,0,0,0,0,0,0,0,0,0,0,0.0917761,0,0,0,0
"MtrNatGas",12,20,6,"",3.41643,0,0,0,3.26347,0,0,0,0,0,0,0,0,0,0,0,0,0,0,0,0.15296,0,0,0,0
"MtrNatGas",12,20,7,"",3.16108,0,0,0,2.85516,0,0,0,0,0,0,0,0,0,0,0,0,0,0,0,0.30592,0,0,0,0
"MtrNatGas",12,20,8,"",5.8499,0,0,0,5.02391,0,0,0,0,0,0,0,0,0,0,0,0,0,0,0,0.825985,0,0,0,0
"MtrNatGas",12,20,9,"",7.04848,0,0,0,5.58006,0,0,0,0,0,0,0,0,0,0,0,0,0,0,0,1.46842,0,0,0,0
"MtrNatGas",12,20,10,"",16.8992,0,0,0,15.4308,0,0,0,0,0,0,0,0,0,0,0,0,0,0,0,1.46842,0,0,0,0
"MtrNatGas",12,20,11,"",22.4052,0,0,0,20.9979,0,0,0,0,0,0,0,0,0,0,0,0,0,0,0,1.40723,0,0,0,0
"MtrNatGas",12,20,12,"",46.5288,0,0,0,28.4002,0,0,0,0,0,0,0,0,0,0,0,0,0,16.446,0,1.68256,0,0,0,0
"MtrNatGas",12,20,13,"",21.5411,0,0,0,5.25389,0,0,0,0,0,0,0,0,0,0,0,0,0,14.3599,0,1.9273,0,0,0,0
"MtrNatGas",12,20,14,"",14.7025,0,0,0,9.15764,0,0,0,0,0,0,0,0,0,0,0,0,0,3.73998,0,1.80493,0,0,0,0
"MtrNatGas",12,20,15,"",11.911,0,0,0,6.05418,0,0,0,0,0,0,0,0,0,0,0,0,0,3.96011,0,1.89671,0,0,0,0
"MtrNatGas",12,20,16,"",7.7176,0,0,0,5.63734,0,0,0,0,0,0,0,0,0,0,0,0,0,0,0,2.08026,0,0,0,0
"MtrNatGas",12,20,17,"",10.1965,0,0,0,7.41264,0,0,0,0,0,0,0,0,0,0,0,0,0,0,0,2.78387,0,0,0,0
"MtrNatGas",12,20,18,"",16.5327,0,0,0,12.2804,0,0,0,0,0,0,0,0,0,0,0,0,0,0,0,4.25229,0,0,0,0
"MtrNatGas",12,20,19,"",37.9398,0,0,0,26.2908,0,0,0,0,0,0,0,0,0,0,0,0,0,7.7027,0,3.94637,0,0,0,0
"MtrNatGas",12,20,20,"",26.4787,0,0,0,16.5741,0,0,0,0,0,0,0,0,0,0,0,0,0,7.70199,0,2.20263,0,0,0,0
"MtrNatGas",12,20,21,"",25.8725,0,0,0,21.129,0,0,0,0,0,0,0,0,0,0,0,0,0,3.7646,0,0.978945,0,0,0,0
"MtrNatGas",12,20,22,"",26.7006,0,0,0,14.6329,0,0,0,0,0,0,0,0,0,0,0,0,0,11.6394,0,0.428288,0,0,0,0
"MtrNatGas",12,20,23,"",11.3559,0,0,0,3.37983,0,0,0,0,0,0,0,0,0,0,0,0,0,7.70077,0,0.275328,0,0,0,0
"MtrNatGas",12,20,24,"",6.83206,0,0,0,6.6791,0,0,0,0,0,0,0,0,0,0,0,0,0,0,0,0.15296,0,0,0,0
"MtrNatGas",12,21,1,"",3.3248,0,0,0,3.17184,0,0,0,0,0,0,0,0,0,0,0,0,0,0,0,0.15296,0,0,0,0
"MtrNatGas",12,21,2,"",5.76647,0,0,0,5.6441,0,0,0,0,0,0,0,0,0,0,0,0,0,0,0,0.122368,0,0,0,0
"MtrNatGas",12,21,3,"",4.61707,0,0,0,4.4947,0,0,0,0,0,0,0,0,0,0,0,0,0,0,0,0.122368,0,0,0,0
"MtrNatGas",12,21,4,"",2.96922,0,0,0,2.84686,0,0,0,0,0,0,0,0,0,0,0,0,0,0,0,0.122368,0,0,0,0
"MtrNatGas",12,21,5,"",3.13518,0,0,0,3.01281,0,0,0,0,0,0,0,0,0,0,0,0,0,0,0,0.122368,0,0,0,0
"MtrNatGas",12,21,6,"",4.1335,0,0,0,3.70521,0,0,0,0,0,0,0,0,0,0,0,0,0,0,0,0.428288,0,0,0,0
"MtrNatGas",12,21,7,"",39.0876,0,0,0,38.5064,0,0,0,0,0,0,0,0,0,0,0,0,0,0,0,0.581248,0,0,0,0
"MtrNatGas",12,21,8,"",17.2648,0,0,0,16.5,0,0,0,0,0,0,0,0,0,0,0,0,0,0,0,0.764801,0,0,0,0
"MtrNatGas",12,21,9,"",12.8536,0,0,0,12.0582,0,0,0,0,0,0,0,0,0,0,0,0,0,0,0,0.795393,0,0,0,0
"MtrNatGas",12,21,10,"",38.127,0,0,0,34.9456,0,0,0,0,0,0,0,0,0,0,0,0,0,2.50833,0,0.673024,0,0,0,0
"MtrNatGas",12,21,11,"",27.2768,0,0,0,13.737,0,0,0,0,0,0,0,0,0,0,0,0,0,12.8973,0,0.642433,0,0,0,0
"MtrNatGas",12,21,12,"",11.7935,0,0,0,5.61566,0,0,0,0,0,0,0,0,0,0,0,0,0,5.29063,0,0.887169,0,0,0,0
"MtrNatGas",12,21,13,"",10.0395,0,0,0,6.55883,0,0,0,0,0,0,0,0,0,0,0,0,0,2.40999,0,1.07072,0,0,0,0
"MtrNatGas",12,21,14,"",6.10008,0,0,0,5.12114,0,0,0,0,0,0,0,0,0,0,0,0,0,0,0,0.978945,0,0,0,0
"MtrNatGas",12,21,15,"",18.0935,0,0,0,13.1289,0,0,0,0,0,0,0,0,0,0,0,0,0,3.92445,0,1.04013,0,0,0,0
"MtrNatGas",12,21,16,"",19.8963,0,0,0,10.7264,0,0,0,0,0,0,0,0,0,0,0,0,0,7.57911,0,1.59079,0,0,0,0
"MtrNatGas",12,21,17,"",17.3721,0,0,0,8.04307,0,0,0,0,0,0,0,0,0,0,0,0,0,5.81091,0,3.51808,0,0,0,0
"MtrNatGas",12,21,18,"",18.6253,0,0,0,8.94728,0,0,0,0,0,0,0,0,0,0,0,0,0,3.77373,0,5.90426,0,0,0,0
"MtrNatGas",12,21,19,"",16.5362,0,0,0,9.01428,0,0,0,0,0,0,0,0,0,0,0,0,0,2.01533,0,5.50656,0,0,0,0
"MtrNatGas",12,21,20,"",11.3536,0,0,0,8.35561,0,0,0,0,0,0,0,0,0,0,0,0,0,0,0,2.99802,0,0,0,0
"MtrNatGas",12,21,21,"",9.85484,0,0,0,8.56997,0,0,0,0,0,0,0,0,0,0,0,0,0,0,0,1.28487,0,0,0,0
"MtrNatGas",12,21,22,"",13.0595,0,0,0,12.4476,0,0,0,0,0,0,0,0,0,0,0,0,0,0,0,0.61184,0,0,0,0
"MtrNatGas",12,21,23,"",19.2392,0,0,0,17.4593,0,0,0,0,0,0,0,0,0,0,0,0,0,1.41278,0,0.367104,0,0,0,0
"MtrNatGas",12,21,24,"",10.6878,0,0,0,6.66641,0,0,0,0,0,0,0,0,0,0,0,0,0,3.71548,0,0.30592,0,0,0,0
"MtrNatGas",12,22,1,"",7.12949,0,0,0,4.40175,0,0,0,0,0,0,0,0,0,0,0,0,0,2.57478,0,0.15296,0,0,0,0
"MtrNatGas",12,22,2,"",4.01712,0,0,0,3.89475,0,0,0,0,0,0,0,0,0,0,0,0,0,0,0,0.122368,0,0,0,0
"MtrNatGas",12,22,3,"",4.09324,0,0,0,3.97088,0,0,0,0,0,0,0,0,0,0,0,0,0,0,0,0.122368,0,0,0,0
"MtrNatGas",12,22,4,"",2.98103,0,0,0,2.85866,0,0,0,0,0,0,0,0,0,0,0,0,0,0,0,0.122368,0,0,0,0
"MtrNatGas",12,22,5,"",3.68783,0,0,0,3.56546,0,0,0,0,0,0,0,0,0,0,0,0,0,0,0,0.122368,0,0,0,0
"MtrNatGas",12,22,6,"",11.9687,0,0,0,11.5404,0,0,0,0,0,0,0,0,0,0,0,0,0,0,0,0.428288,0,0,0,0
"MtrNatGas",12,22,7,"",14.9255,0,0,0,14.3442,0,0,0,0,0,0,0,0,0,0,0,0,0,0,0,0.581248,0,0,0,0
"MtrNatGas",12,22,8,"",48.1606,0,0,0,47.3958,0,0,0,0,0,0,0,0,0,0,0,0,0,0,0,0.764801,0,0,0,0
"MtrNatGas",12,22,9,"",21.25,0,0,0,20.4546,0,0,0,0,0,0,0,0,0,0,0,0,0,0,0,0.795393,0,0,0,0
"MtrNatGas",12,22,10,"",17.2495,0,0,0,16.5765,0,0,0,0,0,0,0,0,0,0,0,0,0,0,0,0.673024,0,0,0,0
"MtrNatGas",12,22,11,"",12.6785,0,0,0,12.0361,0,0,0,0,0,0,0,0,0,0,0,0,0,0,0,0.642433,0,0,0,0
"MtrNatGas",12,22,12,"",30.5594,0,0,0,24.6004,0,0,0,0,0,0,0,0,0,0,0,0,0,5.07181,0,0.887169,0,0,0,0
"MtrNatGas",12,22,13,"",21.978,0,0,0,10.5761,0,0,0,0,0,0,0,0,0,0,0,0,0,10.3312,0,1.07072,0,0,0,0
"MtrNatGas",12,22,14,"",12.5093,0,0,0,9.03344,0,0,0,0,0,0,0,0,0,0,0,0,0,2.49695,0,0.978945,0,0,0,0
"MtrNatGas",12,22,15,"",20.0731,0,0,0,6.12574,0,0,0,0,0,0,0,0,0,0,0,0,0,12.9072,0,1.04013,0,0,0,0
"MtrNatGas",12,22,16,"",11.8038,0,0,0,10.213,0,0,0,0,0,0,0,0,0,0,0,0,0,0,0,1.59079,0,0,0,0
"MtrNatGas",12,22,17,"",18.0584,0,0,0,9.51154,0,0,0,0,0,0,0,0,0,0,0,0,0,5.0288,0,3.51808,0,0,0,0
"MtrNatGas",12,22,18,"",12.7691,0,0,0,4.19017,0,0,0,0,0,0,0,0,0,0,0,0,0,2.67465,0,5.90426,0,0,0,0
"MtrNatGas",12,22,19,"",22.3499,0,0,0,16.8433,0,0,0,0,0,0,0,0,0,0,0,0,0,0,0,5.50656,0,0,0,0
"MtrNatGas",12,22,20,"",28.3275,0,0,0,25.3295,0,0,0,0,0,0,0,0,0,0,0,0,0,0,0,2.99802,0,0,0,0
"MtrNatGas",12,22,21,"",19.6114,0,0,0,18.3265,0,0,0,0,0,0,0,0,0,0,0,0,0,0,0,1.28487,0,0,0,0
"MtrNatGas",12,22,22,"",30.5634,0,0,0,29.9515,0,0,0,0,0,0,0,0,0,0,0,0,0,0,0,0.61184,0,0,0,0
"MtrNatGas",12,22,23,"",11.1888,0,0,0,10.8217,0,0,0,0,0,0,0,0,0,0,0,0,0,0,0,0.367104,0,0,0,0
"MtrNatGas",12,22,24,"",7.06464,0,0,0,6.75872,0,0,0,0,0,0,0,0,0,0,0,0,0,0,0,0.30592,0,0,0,0
"MtrNatGas",12,23,1,"",3.34563,0,0,0,3.19267,0,0,0,0,0,0,0,0,0,0,0,0,0,0,0,0.15296,0,0,0,0
"MtrNatGas",12,23,2,"",3.15003,0,0,0,3.02766,0,0,0,0,0,0,0,0,0,0,0,0,0,0,0,0.122368,0,0,0,0
"MtrNatGas",12,23,3,"",2.98759,0,0,0,2.86522,0,0,0,0,0,0,0,0,0,0,0,0,0,0,0,0.122368,0,0,0,0
"MtrNatGas",12,23,4,"",2.98977,0,0,0,2.8674,0,0,0,0,0,0,0,0,0,0,0,0,0,0,0,0.122368,0,0,0,0
"MtrNatGas",12,23,5,"",2.99196,0,0,0,2.86959,0,0,0,0,0,0,0,0,0,0,0,0,0,0,0,0.122368,0,0,0,0
"MtrNatGas",12,23,6,"",5.23932,0,0,0,4.81103,0,0,0,0,0,0,0,0,0,0,0,0,0,0,0,0.428288,0,0,0,0
"MtrNatGas",12,23,7,"",20.9402,0,0,0,20.359,0,0,0,0,0,0,0,0,0,0,0,0,0,0,0,0.581248,0,0,0,0
"MtrNatGas",12,23,8,"",41.435,0,0,0,40.6702,0,0,0,0,0,0,0,0,0,0,0,0,0,0,0,0.764801,0,0,0,0
"MtrNatGas",12,23,9,"",34.8696,0,0,0,18.6731,0,0,0,0,0,0,0,0,0,0,0,0,0,15.4012,0,0.795393,0,0,0,0
"MtrNatGas",12,23,10,"",9.5301,0,0,0,6.34875,0,0,0,0,0,0,0,0,0,0,0,0,0,2.50833,0,0.673024,0,0,0,0
"MtrNatGas",12,23,11,"",15.3658,0,0,0,9.52913,0,0,0,0,0,0,0,0,0,0,0,0,0,5.19421,0,0.642433,0,0,0,0
"MtrNatGas",12,23,12,"",21.7124,0,0,0,5.42337,0,0,0,0,0,0,0,0,0,0,0,0,0,15.4019,0,0.887169,0,0,0,0
"MtrNatGas",12,23,13,"",5.30712,0,0,0,4.2364,0,0,0,0,0,0,0,0,0,0,0,0,0,0,0,1.07072,0,0,0,0
"MtrNatGas",12,23,14,"",7.26419,0,0,0,3.7883,0,0,0,0,0,0,0,0,0,0,0,0,0,2.49695,0,0.978945,0,0,0,0
"MtrNatGas",12,23,15,"",9.50624,0,0,0,3.25959,0,0,0,0,0,0,0,0,0,0,0,0,0,5.20652,0,1.04013,0,0,0,0
"MtrNatGas",12,23,16,"",4.73313,0,0,0,3.14235,0,0,0,0,0,0,0,0,0,0,0,0,0,0,0,1.59079,0,0,0,0
"MtrNatGas",12,23,17,"",6.48326,0,0,0,2.96517,0,0,0,0,0,0,0,0,0,0,0,0,0,0,0,3.51808,0,0,0,0
"MtrNatGas",12,23,18,"",9.01514,0,0,0,3.11088,0,0,0,0,0,0,0,0,0,0,0,0,0,0,0,5.90426,0,0,0,0
"MtrNatGas",12,23,19,"",10.1566,0,0,0,4.65002,0,0,0,0,0,0,0,0,0,0,0,0,0,0,0,5.50656,0,0,0,0
"MtrNatGas",12,23,20,"",8.14092,0,0,0,5.1429,0,0,0,0,0,0,0,0,0,0,0,0,0,0,0,2.99802,0,0,0,0
"MtrNatGas",12,23,21,"",18.7532,0,0,0,17.4683,0,0,0,0,0,0,0,0,0,0,0,0,0,0,0,1.28487,0,0,0,0
"MtrNatGas",12,23,22,"",6.45937,0,0,0,5.84753,0,0,0,0,0,0,0,0,0,0,0,0,0,0,0,0.61184,0,0,0,0
"MtrNatGas",12,23,23,"",3.37645,0,0,0,3.00934,0,0,0,0,0,0,0,0,0,0,0,0,0,0,0,0.367104,0,0,0,0
"MtrNatGas",12,23,24,"",7.74177,0,0,0,7.43585,0,0,0,0,0,0,0,0,0,0,0,0,0,0,0,0.30592,0,0,0,0
"MtrNatGas",12,24,1,"",3.01206,0,0,0,2.8591,0,0,0,0,0,0,0,0,0,0,0,0,0,0,0,0.15296,0,0,0,0
"MtrNatGas",12,24,2,"",2.98409,0,0,0,2.86172,0,0,0,0,0,0,0,0,0,0,0,0,0,0,0,0.122368,0,0,0,0
"MtrNatGas",12,24,3,"",4.10493,0,0,0,3.98256,0,0,0,0,0,0,0,0,0,0,0,0,0,0,0,0.122368,0,0,0,0
"MtrNatGas",12,24,4,"",2.9889,0,0,0,2.86653,0,0,0,0,0,0,0,0,0,0,0,0,0,0,0,0.122368,0,0,0,0
"MtrNatGas",12,24,5,"",4.26024,0,0,0,4.13787,0,0,0,0,0,0,0,0,0,0,0,0,0,0,0,0.122368,0,0,0,0
"MtrNatGas",12,24,6,"",8.70736,0,0,0,8.27907,0,0,0,0,0,0,0,0,0,0,0,0,0,0,0,0.428288,0,0,0,0
"MtrNatGas",12,24,7,"",5.6507,0,0,0,5.06946,0,0,0,0,0,0,0,0,0,0,0,0,0,0,0,0.581248,0,0,0,0
"MtrNatGas",12,24,8,"",23.0639,0,0,0,22.2991,0,0,0,0,0,0,0,0,0,0,0,0,0,0,0,0.764801,0,0,0,0
"MtrNatGas",12,24,9,"",27.086,0,0,0,18.5901,0,0,0,0,0,0,0,0,0,0,0,0,0,7.70058,0,0.795393,0,0,0,0
"MtrNatGas",12,24,10,"",14.8613,0,0,0,14.1883,0,0,0,0,0,0,0,0,0,0,0,0,0,0,0,0.673024,0,0,0,0
"MtrNatGas",12,24,11,"",8.40082,0,0,0,7.75839,0,0,0,0,0,0,0,0,0,0,0,0,0,0,0,0.642433,0,0,0,0
"MtrNatGas",12,24,12,"",12.0577,0,0,0,3.46958,0,0,0,0,0,0,0,0,0,0,0,0,0,7.70093,0,0.887169,0,0,0,0
"MtrNatGas",12,24,13,"",4.71348,0,0,0,3.64276,0,0,0,0,0,0,0,0,0,0,0,0,0,0,0,1.07072,0,0,0,0
"MtrNatGas",12,24,14,"",4.74085,0,0,0,3.7619,0,0,0,0,0,0,0,0,0,0,0,0,0,0,0,0.978945,0,0,0,0
"MtrNatGas",12,24,15,"",14.6941,0,0,0,5.95327,0,0,0,0,0,0,0,0,0,0,0,0,0,7.7007,0,1.04013,0,0,0,0
"MtrNatGas",12,24,16,"",11.0975,0,0,0,6.56537,0,0,0,0,0,0,0,0,0,0,0,0,0,2.94132,0,1.59079,0,0,0,0
"MtrNatGas",12,24,17,"",14.1777,0,0,0,5.90066,0,0,0,0,0,0,0,0,0,0,0,0,0,4.75893,0,3.51808,0,0,0,0
"MtrNatGas",12,24,18,"",11.8948,0,0,0,5.99053,0,0,0,0,0,0,0,0,0,0,0,0,0,0,0,5.90426,0,0,0,0
"MtrNatGas",12,24,19,"",14.3784,0,0,0,8.87179,0,0,0,0,0,0,0,0,0,0,0,0,0,0,0,5.50656,0,0,0,0
"MtrNatGas",12,24,20,"",13.3541,0,0,0,10.3561,0,0,0,0,0,0,0,0,0,0,0,0,0,0,0,2.99802,0,0,0,0
"MtrNatGas",12,24,21,"",6.97312,0,0,0,5.68825,0,0,0,0,0,0,0,0,0,0,0,0,0,0,0,1.28487,0,0,0,0
"MtrNatGas",12,24,22,"",14.2861,0,0,0,13.6743,0,0,0,0,0,0,0,0,0,0,0,0,0,0,0,0.61184,0,0,0,0
"MtrNatGas",12,24,23,"",13.9485,0,0,0,5.87858,0,0,0,0,0,0,0,0,0,0,0,0,0,7.70279,0,0.367104,0,0,0,0
"MtrNatGas",12,24,24,"",7.83814,0,0,0,7.53222,0,0,0,0,0,0,0,0,0,0,0,0,0,0,0,0.30592,0,0,0,0
"MtrNatGas",12,25,1,"",9.03803,0,0,0,8.88507,0,0,0,0,0,0,0,0,0,0,0,0,0,0,0,0.15296,0,0,0,0
"MtrNatGas",12,25,2,"",5.98731,0,0,0,5.86494,0,0,0,0,0,0,0,0,0,0,0,0,0,0,0,0.122368,0,0,0,0
"MtrNatGas",12,25,3,"",4.43524,0,0,0,4.34347,0,0,0,0,0,0,0,0,0,0,0,0,0,0,0,0.0917761,0,0,0,0
"MtrNatGas",12,25,4,"",3.27274,0,0,0,3.18096,0,0,0,0,0,0,0,0,0,0,0,0,0,0,0,0.0917761,0,0,0,0
"MtrNatGas",12,25,5,"",2.96311,0,0,0,2.87134,0,0,0,0,0,0,0,0,0,0,0,0,0,0,0,0.0917761,0,0,0,0
"MtrNatGas",12,25,6,"",3.33929,0,0,0,3.18633,0,0,0,0,0,0,0,0,0,0,0,0,0,0,0,0.15296,0,0,0,0
"MtrNatGas",12,25,7,"",28.6831,0,0,0,28.3772,0,0,0,0,0,0,0,0,0,0,0,0,0,0,0,0.30592,0,0,0,0
"MtrNatGas",12,25,8,"",9.89092,0,0,0,9.06494,0,0,0,0,0,0,0,0,0,0,0,0,0,0,0,0.825985,0,0,0,0
"MtrNatGas",12,25,9,"",47.825,0,0,0,46.3566,0,0,0,0,0,0,0,0,0,0,0,0,0,0,0,1.46842,0,0,0,0
"MtrNatGas",12,25,10,"",24.5875,0,0,0,14.3865,0,0,0,0,0,0,0,0,0,0,0,0,0,8.73263,0,1.46842,0,0,0,0
"MtrNatGas",12,25,11,"",29.2539,0,0,0,13.4789,0,0,0,0,0,0,0,0,0,0,0,0,0,14.3678,0,1.40723,0,0,0,0
"MtrNatGas",12,25,12,"",16.8708,0,0,0,9.5512,0,0,0,0,0,0,0,0,0,0,0,0,0,5.63708,0,1.68256,0,0,0,0
"MtrNatGas",12,25,13,"",17.4962,0,0,0,5.79879,0,0,0,0,0,0,0,0,0,0,0,0,0,9.77015,0,1.9273,0,0,0,0
"MtrNatGas",12,25,14,"",8.80999,0,0,0,7.00506,0,0,0,0,0,0,0,0,0,0,0,0,0,0,0,1.80493,0,0,0,0
"MtrNatGas",12,25,15,"",6.89805,0,0,0,5.00135,0,0,0,0,0,0,0,0,0,0,0,0,0,0,0,1.89671,0,0,0,0
"MtrNatGas",12,25,16,"",7.42334,0,0,0,5.34309,0,0,0,0,0,0,0,0,0,0,0,0,0,0,0,2.08026,0,0,0,0
"MtrNatGas",12,25,17,"",5.73107,0,0,0,2.9472,0,0,0,0,0,0,0,0,0,0,0,0,0,0,0,2.78387,0,0,0,0
"MtrNatGas",12,25,18,"",8.7069,0,0,0,4.45461,0,0,0,0,0,0,0,0,0,0,0,0,0,0,0,4.25229,0,0,0,0
"MtrNatGas",12,25,19,"",12.1237,0,0,0,8.17735,0,0,0,0,0,0,0,0,0,0,0,0,0,0,0,3.94637,0,0,0,0
"MtrNatGas",12,25,20,"",8.06643,0,0,0,5.86381,0,0,0,0,0,0,0,0,0,0,0,0,0,0,0,2.20263,0,0,0,0
"MtrNatGas",12,25,21,"",110.07,0,0,0,109.091,0,0,0,0,0,0,0,0,0,0,0,0,0,0,0,0.978945,0,0,0,0
"MtrNatGas",12,25,22,"",10.7364,0,0,0,10.3082,0,0,0,0,0,0,0,0,0,0,0,0,0,0,0,0.428288,0,0,0,0
"MtrNatGas",12,25,23,"",13.3187,0,0,0,13.0434,0,0,0,0,0,0,0,0,0,0,0,0,0,0,0,0.275328,0,0,0,0
"MtrNatGas",12,25,24,"",7.14309,0,0,0,6.99013,0,0,0,0,0,0,0,0,0,0,0,0,0,0,0,0.15296,0,0,0,0
"MtrNatGas",12,26,1,"",3.52541,0,0,0,3.37245,0,0,0,0,0,0,0,0,0,0,0,0,0,0,0,0.15296,0,0,0,0
"MtrNatGas",12,26,2,"",2.97797,0,0,0,2.8556,0,0,0,0,0,0,0,0,0,0,0,0,0,0,0,0.122368,0,0,0,0
"MtrNatGas",12,26,3,"",2.94912,0,0,0,2.85735,0,0,0,0,0,0,0,0,0,0,0,0,0,0,0,0.0917761,0,0,0,0
"MtrNatGas",12,26,4,"",2.95131,0,0,0,2.85954,0,0,0,0,0,0,0,0,0,0,0,0,0,0,0,0.0917761,0,0,0,0
"MtrNatGas",12,26,5,"",2.95306,0,0,0,2.86128,0,0,0,0,0,0,0,0,0,0,0,0,0,0,0,0.0917761,0,0,0,0
"MtrNatGas",12,26,6,"",5.47246,0,0,0,5.3195,0,0,0,0,0,0,0,0,0,0,0,0,0,0,0,0.15296,0,0,0,0
"MtrNatGas",12,26,7,"",14.9487,0,0,0,14.6428,0,0,0,0,0,0,0,0,0,0,0,0,0,0,0,0.30592,0,0,0,0
"MtrNatGas",12,26,8,"",24.2642,0,0,0,19.0394,0,0,0,0,0,0,0,0,0,0,0,0,0,4.39885,0,0.825985,0,0,0,0
"MtrNatGas",12,26,9,"",19.5837,0,0,0,11.404,0,0,0,0,0,0,0,0,0,0,0,0,0,6.7113,0,1.46842,0,0,0,0
"MtrNatGas",12,26,10,"",11.408,0,0,0,5.64384,0,0,0,0,0,0,0,0,0,0,0,0,0,4.29572,0,1.46842,0,0,0,0
"MtrNatGas",12,26,11,"",7.04102,0,0,0,5.63379,0,0,0,0,0,0,0,0,0,0,0,0,0,0,0,1.40723,0,0,0,0
"MtrNatGas",12,26,12,"",17.0245,0,0,0,15.3419,0,0,0,0,0,0,0,0,0,0,0,0,0,0,0,1.68256,0,0,0,0
"MtrNatGas",12,26,13,"",4.95784,0,0,0,3.03054,0,0,0,0,0,0,0,0,0,0,0,0,0,0,0,1.9273,0,0,0,0
"MtrNatGas",12,26,14,"",6.09708,0,0,0,4.29215,0,0,0,0,0,0,0,0,0,0,0,0,0,0,0,1.80493,0,0,0,0
"MtrNatGas",12,26,15,"",10.5305,0,0,0,8.63382,0,0,0,0,0,0,0,0,0,0,0,0,0,0,0,1.89671,0,0,0,0
"MtrNatGas",12,26,16,"",7.86551,0,0,0,5.78525,0,0,0,0,0,0,0,0,0,0,0,0,0,0,0,2.08026,0,0,0,0
"MtrNatGas",12,26,17,"",13.0357,0,0,0,10.2518,0,0,0,0,0,0,0,0,0,0,0,0,0,0,0,2.78387,0,0,0,0
"MtrNatGas",12,26,18,"",8.44145,0,0,0,4.18916,0,0,0,0,0,0,0,0,0,0,0,0,0,0,0,4.25229,0,0,0,0
"MtrNatGas",12,26,19,"",21.1872,0,0,0,17.2408,0,0,0,0,0,0,0,0,0,0,0,0,0,0,0,3.94637,0,0,0,0
"MtrNatGas",12,26,20,"",7.70974,0,0,0,5.50712,0,0,0,0,0,0,0,0,0,0,0,0,0,0,0,2.20263,0,0,0,0
"MtrNatGas",12,26,21,"",11.1344,0,0,0,10.1554,0,0,0,0,0,0,0,0,0,0,0,0,0,0,0,0.978945,0,0,0,0
"MtrNatGas",12,26,22,"",6.00595,0,0,0,5.57766,0,0,0,0,0,0,0,0,0,0,0,0,0,0,0,0.428288,0,0,0,0
"MtrNatGas",12,26,23,"",3.11562,0,0,0,2.84029,0,0,0,0,0,0,0,0,0,0,0,0,0,0,0,0.275328,0,0,0,0
"MtrNatGas",12,26,24,"",3.94834,0,0,0,3.79538,0,0,0,0,0,0,0,0,0,0,0,0,0,0,0,0.15296,0,0,0,0
"MtrNatGas",12,27,1,"",4.88211,0,0,0,4.72915,0,0,0,0,0,0,0,0,0,0,0,0,0,0,0,0.15296,0,0,0,0
"MtrNatGas",12,27,2,"",3.45922,0,0,0,3.33685,0,0,0,0,0,0,0,0,0,0,0,0,0,0,0,0.122368,0,0,0,0
"MtrNatGas",12,27,3,"",3.08907,0,0,0,2.99729,0,0,0,0,0,0,0,0,0,0,0,0,0,0,0,0.0917761,0,0,0,0
"MtrNatGas",12,27,4,"",3.70394,0,0,0,3.61216,0,0,0,0,0,0,0,0,0,0,0,0,0,0,0,0.0917761,0,0,0,0
"MtrNatGas",12,27,5,"",3.24248,0,0,0,3.1507,0,0,0,0,0,0,0,0,0,0,0,0,0,0,0,0.0917761,0,0,0,0
"MtrNatGas",12,27,6,"",3.5321,0,0,0,3.37914,0,0,0,0,0,0,0,0,0,0,0,0,0,0,0,0.15296,0,0,0,0
"MtrNatGas",12,27,7,"",5.1296,0,0,0,4.82368,0,0,0,0,0,0,0,0,0,0,0,0,0,0,0,0.30592,0,0,0,0
"MtrNatGas",12,27,8,"",7.54289,0,0,0,6.7169,0,0,0,0,0,0,0,0,0,0,0,0,0,0,0,0.825985,0,0,0,0
"MtrNatGas",12,27,9,"",8.37871,0,0,0,6.9103,0,0,0,0,0,0,0,0,0,0,0,0,0,0,0,1.46842,0,0,0,0
"MtrNatGas",12,27,10,"",64.025,0,0,0,62.5565,0,0,0,0,0,0,0,0,0,0,0,0,0,0,0,1.46842,0,0,0,0
"MtrNatGas",12,27,11,"",25.8,0,0,0,22.5843,0,0,0,0,0,0,0,0,0,0,0,0,0,1.80846,0,1.40723,0,0,0,0
"MtrNatGas",12,27,12,"",40.0688,0,0,0,28.7658,0,0,0,0,0,0,0,0,0,0,0,0,0,9.62046,0,1.68256,0,0,0,0
"MtrNatGas",12,27,13,"",33.999,0,0,0,28.0984,0,0,0,0,0,0,0,0,0,0,0,0,0,3.97329,0,1.9273,0,0,0,0
"MtrNatGas",12,27,14,"",16.1123,0,0,0,14.3074,0,0,0,0,0,0,0,0,0,0,0,0,0,0,0,1.80493,0,0,0,0
"MtrNatGas",12,27,15,"",20.0569,0,0,0,18.1602,0,0,0,0,0,0,0,0,0,0,0,0,0,0,0,1.89671,0,0,0,0
"MtrNatGas",12,27,16,"",19.807,0,0,0,10.0252,0,0,0,0,0,0,0,0,0,0,0,0,0,7.70154,0,2.08026,0,0,0,0
"MtrNatGas",12,27,17,"",12.4929,0,0,0,9.70901,0,0,0,0,0,0,0,0,0,0,0,0,0,0,0,2.78387,0,0,0,0
"MtrNatGas",12,27,18,"",19.6237,0,0,0,15.3714,0,0,0,0,0,0,0,0,0,0,0,0,0,0,0,4.25229,0,0,0,0
"MtrNatGas",12,27,19,"",42.8257,0,0,0,31.1765,0,0,0,0,0,0,0,0,0,0,0,0,0,7.70286,0,3.94637,0,0,0,0
"MtrNatGas",12,27,20,"",14.8458,0,0,0,9.07288,0,0,0,0,0,0,0,0,0,0,0,0,0,3.57035,0,2.20263,0,0,0,0
"MtrNatGas",12,27,21,"",19.818,0,0,0,14.7079,0,0,0,0,0,0,0,0,0,0,0,0,0,4.13114,0,0.978945,0,0,0,0
"MtrNatGas",12,27,22,"",16.616,0,0,0,16.1877,0,0,0,0,0,0,0,0,0,0,0,0,0,0,0,0.428288,0,0,0,0
"MtrNatGas",12,27,23,"",8.98266,0,0,0,8.70733,0,0,0,0,0,0,0,0,0,0,0,0,0,0,0,0.275328,0,0,0,0
"MtrNatGas",12,27,24,"",8.40485,0,0,0,8.25189,0,0,0,0,0,0,0,0,0,0,0,0,0,0,0,0.15296,0,0,0,0
"MtrNatGas",12,28,1,"",2.98888,0,0,0,2.83592,0,0,0,0,0,0,0,0,0,0,0,0,0,0,0,0.15296,0,0,0,0
"MtrNatGas",12,28,2,"",2.95917,0,0,0,2.8368,0,0,0,0,0,0,0,0,0,0,0,0,0,0,0,0.122368,0,0,0,0
"MtrNatGas",12,28,3,"",3.21524,0,0,0,3.09288,0,0,0,0,0,0,0,0,0,0,0,0,0,0,0,0.122368,0,0,0,0
"MtrNatGas",12,28,4,"",2.96092,0,0,0,2.83855,0,0,0,0,0,0,0,0,0,0,0,0,0,0,0,0.122368,0,0,0,0
"MtrNatGas",12,28,5,"",2.96179,0,0,0,2.83942,0,0,0,0,0,0,0,0,0,0,0,0,0,0,0,0.122368,0,0,0,0
"MtrNatGas",12,28,6,"",3.88415,0,0,0,3.45586,0,0,0,0,0,0,0,0,0,0,0,0,0,0,0,0.428288,0,0,0,0
"MtrNatGas",12,28,7,"",7.15021,0,0,0,6.56896,0,0,0,0,0,0,0,0,0,0,0,0,0,0,0,0.581248,0,0,0,0
"MtrNatGas",12,28,8,"",28.9374,0,0,0,28.1726,0,0,0,0,0,0,0,0,0,0,0,0,0,0,0,0.764801,0,0,0,0
"MtrNatGas",12,28,9,"",48.2428,0,0,0,47.4474,0,0,0,0,0,0,0,0,0,0,0,0,0,0,0,0.795393,0,0,0,0
"MtrNatGas",12,28,10,"",18.6137,0,0,0,17.9407,0,0,0,0,0,0,0,0,0,0,0,0,0,0,0,0.673024,0,0,0,0
"MtrNatGas",12,28,11,"",15.2318,0,0,0,10.4275,0,0,0,0,0,0,0,0,0,0,0,0,0,4.16181,0,0.642433,0,0,0,0
"MtrNatGas",12,28,12,"",15.7904,0,0,0,11.3639,0,0,0,0,0,0,0,0,0,0,0,0,0,3.53936,0,0.887169,0,0,0,0
"MtrNatGas",12,28,13,"",14.0547,0,0,0,5.28244,0,0,0,0,0,0,0,0,0,0,0,0,0,7.70155,0,1.07072,0,0,0,0
"MtrNatGas",12,28,14,"",7.49262,0,0,0,6.51367,0,0,0,0,0,0,0,0,0,0,0,0,0,0,0,0.978945,0,0,0,0
"MtrNatGas",12,28,15,"",22.027,0,0,0,20.9869,0,0,0,0,0,0,0,0,0,0,0,0,0,0,0,1.04013,0,0,0,0
"MtrNatGas",12,28,16,"",40.1335,0,0,0,32.66,0,0,0,0,0,0,0,0,0,0,0,0,0,5.88264,0,1.59079,0,0,0,0
"MtrNatGas",12,28,17,"",35.551,0,0,0,14.8126,0,0,0,0,0,0,0,0,0,0,0,0,0,17.2203,0,3.51808,0,0,0,0
"MtrNatGas",12,28,18,"",27.7777,0,0,0,14.173,0,0,0,0,0,0,0,0,0,0,0,0,0,7.70039,0,5.90426,0,0,0,0
"MtrNatGas",12,28,19,"",31.7191,0,0,0,18.511,0,0,0,0,0,0,0,0,0,0,0,0,0,7.70148,0,5.50656,0,0,0,0
"MtrNatGas",12,28,20,"",12.4981,0,0,0,9.5001,0,0,0,0,0,0,0,0,0,0,0,0,0,0,0,2.99802,0,0,0,0
"MtrNatGas",12,28,21,"",12.2214,0,0,0,10.9366,0,0,0,0,0,0,0,0,0,0,0,0,0,0,0,1.28487,0,0,0,0
"MtrNatGas",12,28,22,"",7.99557,0,0,0,7.38373,0,0,0,0,0,0,0,0,0,0,0,0,0,0,0,0.61184,0,0,0,0
"MtrNatGas",12,28,23,"",4.73439,0,0,0,4.36729,0,0,0,0,0,0,0,0,0,0,0,0,0,0,0,0.367104,0,0,0,0
"MtrNatGas",12,28,24,"",4.85506,0,0,0,4.54914,0,0,0,0,0,0,0,0,0,0,0,0,0,0,0,0.30592,0,0,0,0
"MtrNatGas",12,29,1,"",3.65615,0,0,0,3.50319,0,0,0,0,0,0,0,0,0,0,0,0,0,0,0,0.15296,0,0,0,0
"MtrNatGas",12,29,2,"",5.46389,0,0,0,5.34153,0,0,0,0,0,0,0,0,0,0,0,0,0,0,0,0.122368,0,0,0,0
"MtrNatGas",12,29,3,"",4.69683,0,0,0,4.57446,0,0,0,0,0,0,0,0,0,0,0,0,0,0,0,0.122368,0,0,0,0
"MtrNatGas",12,29,4,"",3.29488,0,0,0,3.17251,0,0,0,0,0,0,0,0,0,0,0,0,0,0,0,0.122368,0,0,0,0
"MtrNatGas",12,29,5,"",2.9631,0,0,0,2.84073,0,0,0,0,0,0,0,0,0,0,0,0,0,0,0,0.122368,0,0,0,0
"MtrNatGas",12,29,6,"",4.85284,0,0,0,4.42455,0,0,0,0,0,0,0,0,0,0,0,0,0,0,0,0.428288,0,0,0,0
"MtrNatGas",12,29,7,"",46.3339,0,0,0,45.7527,0,0,0,0,0,0,0,0,0,0,0,0,0,0,0,0.581248,0,0,0,0
"MtrNatGas",12,29,8,"",38.204,0,0,0,37.4392,0,0,0,0,0,0,0,0,0,0,0,0,0,0,0,0.764801,0,0,0,0
"MtrNatGas",12,29,9,"",25.4398,0,0,0,24.6444,0,0,0,0,0,0,0,0,0,0,0,0,0,0,0,0.795393,0,0,0,0
"MtrNatGas",12,29,10,"",26.8337,0,0,0,26.1607,0,0,0,0,0,0,0,0,0,0,0,0,0,0,0,0.673024,0,0,0,0
"MtrNatGas",12,29,11,"",10.664,0,0,0,10.0216,0,0,0,0,0,0,0,0,0,0,0,0,0,0,0,0.642433,0,0,0,0
"MtrNatGas",12,29,12,"",16.7115,0,0,0,10.5337,0,0,0,0,0,0,0,0,0,0,0,0,0,5.29063,0,0.887169,0,0,0,0
"MtrNatGas",12,29,13,"",12.3229,0,0,0,8.84218,0,0,0,0,0,0,0,0,0,0,0,0,0,2.40999,0,1.07072,0,0,0,0
"MtrNatGas",12,29,14,"",13.5332,0,0,0,10.0573,0,0,0,0,0,0,0,0,0,0,0,0,0,2.49695,0,0.978945,0,0,0,0
"MtrNatGas",12,29,15,"",22.2959,0,0,0,8.34854,0,0,0,0,0,0,0,0,0,0,0,0,0,12.9072,0,1.04013,0,0,0,0
"MtrNatGas",12,29,16,"",13.9885,0,0,0,9.45643,0,0,0,0,0,0,0,0,0,0,0,0,0,2.94132,0,1.59079,0,0,0,0
"MtrNatGas",12,29,17,"",19.4483,0,0,0,9.25991,0,0,0,0,0,0,0,0,0,0,0,0,0,6.67033,0,3.51808,0,0,0,0
"MtrNatGas",12,29,18,"",20.1287,0,0,0,10.4507,0,0,0,0,0,0,0,0,0,0,0,0,0,3.77373,0,5.90426,0,0,0,0
"MtrNatGas",12,29,19,"",23.8734,0,0,0,16.3515,0,0,0,0,0,0,0,0,0,0,0,0,0,2.01533,0,5.50656,0,0,0,0
"MtrNatGas",12,29,20,"",19.7147,0,0,0,16.7167,0,0,0,0,0,0,0,0,0,0,0,0,0,0,0,2.99802,0,0,0,0
"MtrNatGas",12,29,21,"",21.4919,0,0,0,20.2071,0,0,0,0,0,0,0,0,0,0,0,0,0,0,0,1.28487,0,0,0,0
"MtrNatGas",12,29,22,"",13.5375,0,0,0,12.9257,0,0,0,0,0,0,0,0,0,0,0,0,0,0,0,0.61184,0,0,0,0
"MtrNatGas",12,29,23,"",22.247,0,0,0,21.8799,0,0,0,0,0,0,0,0,0,0,0,0,0,0,0,0.367104,0,0,0,0
"MtrNatGas",12,29,24,"",7.18725,0,0,0,6.88133,0,0,0,0,0,0,0,0,0,0,0,0,0,0,0,0.30592,0,0,0,0
"MtrNatGas",12,30,1,"",4.78833,0,0,0,4.63537,0,0,0,0,0,0,0,0,0,0,0,0,0,0,0,0.15296,0,0,0,0
"MtrNatGas",12,30,2,"",3.87283,0,0,0,3.75046,0,0,0,0,0,0,0,0,0,0,0,0,0,0,0,0.122368,0,0,0,0
"MtrNatGas",12,30,3,"",3.44841,0,0,0,3.32605,0,0,0,0,0,0,0,0,0,0,0,0,0,0,0,0.122368,0,0,0,0
"MtrNatGas",12,30,4,"",3.57105,0,0,0,3.44868,0,0,0,0,0,0,0,0,0,0,0,0,0,0,0,0.122368,0,0,0,0
"MtrNatGas",12,30,5,"",3.59984,0,0,0,3.47747,0,0,0,0,0,0,0,0,0,0,0,0,0,0,0,0.122368,0,0,0,0
"MtrNatGas",12,30,6,"",5.52116,0,0,0,5.09287,0,0,0,0,0,0,0,0,0,0,0,0,0,0,0,0.428288,0,0,0,0
"MtrNatGas",12,30,7,"",8.94981,0,0,0,8.36856,0,0,0,0,0,0,0,0,0,0,0,0,0,0,0,0.581248,0,0,0,0
"MtrNatGas",12,30,8,"",29.7154,0,0,0,28.9506,0,0,0,0,0,0,0,0,0,0,0,0,0,0,0,0.764801,0,0,0,0
"MtrNatGas",12,30,9,"",36.6941,0,0,0,35.8987,0,0,0,0,0,0,0,0,0,0,0,0,0,0,0,0.795393,0,0,0,0
"MtrNatGas",12,30,10,"",28.1964,0,0,0,27.5234,0,0,0,0,0,0,0,0,0,0,0,0,0,0,0,0.673024,0,0,0,0
"MtrNatGas",12,30,11,"",20.8126,0,0,0,8.30904,0,0,0,0,0,0,0,0,0,0,0,0,0,11.8611,0,0.642433,0,0,0,0
"MtrNatGas",12,30,12,"",14.2439,0,0,0,9.81737,0,0,0,0,0,0,0,0,0,0,0,0,0,3.53936,0,0.887169,0,0,0,0
"MtrNatGas",12,30,13,"",6.11414,0,0,0,5.04342,0,0,0,0,0,0,0,0,0,0,0,0,0,0,0,1.07072,0,0,0,0
"MtrNatGas",12,30,14,"",5.08492,0,0,0,4.10598,0,0,0,0,0,0,0,0,0,0,0,0,0,0,0,0.978945,0,0,0,0
"MtrNatGas",12,30,15,"",35.8269,0,0,0,34.7867,0,0,0,0,0,0,0,0,0,0,0,0,0,0,0,1.04013,0,0,0,0
"MtrNatGas",12,30,16,"",17.8386,0,0,0,16.2478,0,0,0,0,0,0,0,0,0,0,0,0,0,0,0,1.59079,0,0,0,0
"MtrNatGas",12,30,17,"",21.9341,0,0,0,13.3872,0,0,0,0,0,0,0,0,0,0,0,0,0,5.0288,0,3.51808,0,0,0,0
"MtrNatGas",12,30,18,"",21.9012,0,0,0,13.3223,0,0,0,0,0,0,0,0,0,0,0,0,0,2.67465,0,5.90426,0,0,0,0
"MtrNatGas",12,30,19,"",26.4282,0,0,0,20.9217,0,0,0,0,0,0,0,0,0,0,0,0,0,0,0,5.50656,0,0,0,0
"MtrNatGas",12,30,20,"",27.238,0,0,0,18.3233,0,0,0,0,0,0,0,0,0,0,0,0,0,5.91673,0,2.99802,0,0,0,0
"MtrNatGas",12,30,21,"",15.4362,0,0,0,12.3684,0,0,0,0,0,0,0,0,0,0,0,0,0,1.78296,0,1.28487,0,0,0,0
"MtrNatGas",12,30,22,"",14.2253,0,0,0,13.6134,0,0,0,0,0,0,0,0,0,0,0,0,0,0,0,0.61184,0,0,0,0
"MtrNatGas",12,30,23,"",12.9379,0,0,0,12.5708,0,0,0,0,0,0,0,0,0,0,0,0,0,0,0,0.367104,0,0,0,0
"MtrNatGas",12,30,24,"",9.11848,0,0,0,8.81256,0,0,0,0,0,0,0,0,0,0,0,0,0,0,0,0.30592,0,0,0,0
"MtrNatGas",12,31,1,"",5.7208,0,0,0,5.56784,0,0,0,0,0,0,0,0,0,0,0,0,0,0,0,0.15296,0,0,0,0
"MtrNatGas",12,31,2,"",5.65162,0,0,0,5.52925,0,0,0,0,0,0,0,0,0,0,0,0,0,0,0,0.122368,0,0,0,0
"MtrNatGas",12,31,3,"",4.72706,0,0,0,4.6047,0,0,0,0,0,0,0,0,0,0,0,0,0,0,0,0.122368,0,0,0,0
"MtrNatGas",12,31,4,"",2.96354,0,0,0,2.84117,0,0,0,0,0,0,0,0,0,0,0,0,0,0,0,0.122368,0,0,0,0
"MtrNatGas",12,31,5,"",2.96354,0,0,0,2.84117,0,0,0,0,0,0,0,0,0,0,0,0,0,0,0,0.122368,0,0,0,0
"MtrNatGas",12,31,6,"",4.19687,0,0,0,3.76858,0,0,0,0,0,0,0,0,0,0,0,0,0,0,0,0.428288,0,0,0,0
"MtrNatGas",12,31,7,"",15.3515,0,0,0,14.7702,0,0,0,0,0,0,0,0,0,0,0,0,0,0,0,0.581248,0,0,0,0
"MtrNatGas",12,31,8,"",21.7975,0,0,0,21.0327,0,0,0,0,0,0,0,0,0,0,0,0,0,0,0,0.764801,0,0,0,0
"MtrNatGas",12,31,9,"",65.6978,0,0,0,64.9024,0,0,0,0,0,0,0,0,0,0,0,0,0,0,0,0.795393,0,0,0,0
"MtrNatGas",12,31,10,"",34.9984,0,0,0,34.3254,0,0,0,0,0,0,0,0,0,0,0,0,0,0,0,0.673024,0,0,0,0
"MtrNatGas",12,31,11,"",17.0283,0,0,0,12.2241,0,0,0,0,0,0,0,0,0,0,0,0,0,4.16181,0,0.642433,0,0,0,0
"MtrNatGas",12,31,12,"",12.4466,0,0,0,8.02007,0,0,0,0,0,0,0,0,0,0,0,0,0,3.53936,0,0.887169,0,0,0,0
"MtrNatGas",12,31,13,"",9.47567,0,0,0,8.40495,0,0,0,0,0,0,0,0,0,0,0,0,0,0,0,1.07072,0,0,0,0
"MtrNatGas",12,31,14,"",6.30516,0,0,0,5.32622,0,0,0,0,0,0,0,0,0,0,0,0,0,0,0,0.978945,0,0,0,0
"MtrNatGas",12,31,15,"",15.6175,0,0,0,14.5774,0,0,0,0,0,0,0,0,0,0,0,0,0,0,0,1.04013,0,0,0,0
"MtrNatGas",12,31,16,"",15.0283,0,0,0,13.4375,0,0,0,0,0,0,0,0,0,0,0,0,0,0,0,1.59079,0,0,0,0
"MtrNatGas",12,31,17,"",36.7138,0,0,0,25.4932,0,0,0,0,0,0,0,0,0,0,0,0,0,7.70248,0,3.51808,0,0,0,0
"MtrNatGas",12,31,18,"",31.8594,0,0,0,18.2548,0,0,0,0,0,0,0,0,0,0,0,0,0,7.70039,0,5.90426,0,0,0,0
"MtrNatGas",12,31,19,"",33.9201,0,0,0,20.712,0,0,0,0,0,0,0,0,0,0,0,0,0,7.70148,0,5.50656,0,0,0,0
"MtrNatGas",12,31,20,"",18.139,0,0,0,9.22428,0,0,0,0,0,0,0,0,0,0,0,0,0,5.91673,0,2.99802,0,0,0,0
"MtrNatGas",12,31,21,"",15.86,0,0,0,12.7921,0,0,0,0,0,0,0,0,0,0,0,0,0,1.78296,0,1.28487,0,0,0,0
"MtrNatGas",12,31,22,"",30.1185,0,0,0,29.5067,0,0,0,0,0,0,0,0,0,0,0,0,0,0,0,0.61184,0,0,0,0
"MtrNatGas",12,31,23,"",27.1391,0,0,0,19.3362,0,0,0,0,0,0,0,0,0,0,0,0,0,7.43576,0,0.367104,0,0,0,0
"MtrNatGas",12,31,24,"",6.84764,0,0,0,6.27533,0,0,0,0,0,0,0,0,0,0,0,0,0,0.266395,0,0.30592,0,0,0,0

